sample_id, N_active, N_A_1, N_B_1, N_A_0, N_B_0, N_A_*, N_B_*, seed
15, 3418816, 724778, 731242, 644252, 637302, 340621, 340621, 2622983048
1, 3412027, 716672, 731323, 644097, 629957, 344989, 344989, 356076180
11, 3415413, 729413, 721293, 634779, 642484, 343722, 343722, 3010319278
7, 3414480, 717973, 732065, 645480, 631296, 343833, 343833, 272012680
3, 3407322, 718700, 728756, 640441, 631515, 343955, 343955, 2558360524
10, 3406010, 727581, 721343, 634115, 640501, 341235, 341235, 1154982260
2, 3409770, 720598, 725731, 636532, 633391, 346759, 346759, 2239184612
14, 3421410, 725982, 725137, 638963, 639608, 345860, 345860, 3705835092
0, 3414025, 732696, 721769, 634221, 644463, 340438, 340438, 1563504002
4, 3415809, 714129, 736809, 649080, 627671, 344060, 344060, 563986025
16, 3410622, 721179, 726621, 640391, 634295, 344068, 344068, 221572492
18, 3415616, 716256, 729802, 642582, 629726, 348625, 348625, 2762385751
19, 3414723, 708530, 742376, 655310, 621523, 343492, 343492, 4287964958
21, 3405615, 713573, 733719, 645664, 626187, 343236, 343236, 4111033621
22, 3412291, 725954, 716514, 630522, 638297, 350502, 350502, 395367898
24, 3412589, 753822, 697040, 611359, 665208, 342580, 342580, 2709624298
23, 3415622, 714781, 738270, 649916, 627885, 342385, 342385, 3552317200
25, 3415037, 716943, 736234, 648702, 630210, 341474, 341474, 75487491
26, 3416795, 714939, 734727, 647298, 628265, 345783, 345783, 3193065613
28, 3411647, 714744, 731182, 643742, 627081, 347449, 347449, 1390437207
29, 3410012, 733166, 712698, 625707, 645155, 346643, 346643, 3019577960
31, 3418282, 738165, 713293, 626950, 650892, 344491, 344491, 2274984207
30, 3415862, 720467, 731332, 643991, 633202, 343435, 343435, 1300461151
33, 3410209, 737024, 710026, 624081, 648282, 345398, 345398, 3871655148
34, 3418605, 713111, 735474, 648639, 626535, 347423, 347423, 1715076258
35, 3409563, 739469, 702921, 616258, 650789, 350063, 350063, 1991927366
36, 3411538, 729524, 723990, 636051, 642103, 339935, 339935, 1226615059
38, 3411242, 730324, 721309, 634216, 641985, 341704, 341704, 1800066196
37, 3413109, 720566, 727373, 639509, 634335, 345663, 345663, 3413793331
41, 3411843, 714984, 731616, 643563, 627786, 346947, 346947, 15948880
42, 3414221, 737387, 709671, 624455, 647944, 347382, 347382, 1142794452
44, 3417053, 742393, 709318, 623272, 654586, 343742, 343742, 2036507469
43, 3414167, 718916, 729018, 641461, 632360, 346206, 346206, 2327917303
9, 3406021, 715887, 731126, 643552, 628330, 343563, 343563, 2961479041
5, 3409770, 712945, 729747, 642189, 625881, 349504, 349504, 3814696292
45, 3418370, 712293, 739347, 652905, 626503, 343661, 343661, 3512250157
8, 3404276, 717390, 729350, 641865, 629341, 343165, 343165, 851355832
13, 3412576, 725839, 721261, 634477, 638395, 346302, 346302, 576666864
6, 3412457, 725399, 722193, 634797, 637568, 346250, 346250, 508909597
12, 3410100, 711682, 735499, 647118, 624559, 345621, 345621, 2927219598
48, 3416107, 716322, 729640, 642352, 628919, 349437, 349437, 1862831393
47, 3411408, 703795, 740411, 652883, 618215, 348052, 348052, 3450377052
17, 3416890, 741884, 705898, 619349, 654979, 347390, 347390, 46008180
49, 3419354, 748701, 698116, 612159, 661290, 349544, 349544, 1355612302
20, 3406958, 726991, 716030, 629445, 639366, 347563, 347563, 1210734462
52, 3407918, 715882, 734574, 645358, 629280, 341412, 341412, 668141499
54, 3413154, 720857, 725497, 638971, 633289, 347270, 347270, 1778125948
55, 3415685, 740575, 709043, 623065, 652388, 345307, 345307, 2392410364
57, 3415909, 734190, 712010, 625235, 646444, 349015, 349015, 3165285509
59, 3404396, 730466, 716264, 628541, 642125, 343500, 343500, 3050600638
27, 3412899, 735001, 710524, 623796, 647068, 348255, 348255, 3218181594
60, 3412114, 716217, 729984, 642172, 629105, 347318, 347318, 20366762
61, 3411276, 719334, 724003, 636676, 632095, 349584, 349584, 3984570716
62, 3418630, 733549, 717440, 631657, 646964, 344510, 344510, 1740669894
63, 3409469, 719475, 718545, 631474, 632845, 353565, 353565, 1033999616
64, 3415480, 714029, 734657, 647361, 627249, 346092, 346092, 1685749682
32, 3410133, 736150, 711333, 624973, 648521, 344578, 344578, 62863804
65, 3416155, 723596, 727667, 640099, 637197, 343798, 343798, 4000258230
66, 3408465, 724246, 713815, 626625, 636147, 353816, 353816, 1242894310
67, 3412254, 712343, 728168, 641315, 625390, 352519, 352519, 404800425
68, 3420995, 736776, 720986, 634432, 649489, 339656, 339656, 1704285394
39, 3414166, 716871, 733293, 645309, 630433, 344130, 344130, 3720440385
72, 3412613, 729162, 713552, 627095, 641210, 350797, 350797, 3097438719
40, 3407909, 724499, 711414, 624389, 636331, 355638, 355638, 1348566437
73, 3406734, 728609, 724886, 636894, 641029, 337658, 337658, 1757460317
74, 3411824, 717861, 731724, 644667, 631972, 342800, 342800, 3627633545
76, 3410610, 721579, 724368, 638083, 633868, 346356, 346356, 3404570157
77, 3406693, 752460, 692638, 607255, 663834, 345253, 345253, 2682368255
78, 3411321, 735328, 716876, 629370, 648555, 340596, 340596, 3596037117
46, 3412668, 732877, 718375, 630775, 644979, 342831, 342831, 602971904
79, 3410010, 732893, 711696, 625073, 644630, 347859, 347859, 1089651390
80, 3412163, 733389, 716212, 629265, 645953, 343672, 343672, 3626736881
81, 3410281, 706091, 738471, 650906, 620505, 347154, 347154, 3067701859
83, 3413407, 734125, 712156, 625991, 646273, 347431, 347431, 2138987921
84, 3419592, 724582, 729230, 642217, 637471, 343046, 343046, 2541089859
85, 3407657, 726961, 714261, 627127, 638746, 350281, 350281, 2424369251
50, 3406974, 701809, 739522, 651280, 615139, 349612, 349612, 390342731
51, 3415204, 735609, 713271, 627041, 647029, 346127, 346127, 3563880530
86, 3410999, 728488, 719198, 632580, 640679, 345027, 345027, 122953490
53, 3408270, 711117, 732831, 645450, 624562, 347155, 347155, 2363227704
88, 3417270, 726006, 716943, 629988, 638865, 352734, 352734, 2174799037
87, 3415034, 721088, 725796, 637708, 634778, 347832, 347832, 4867980
56, 3413030, 738789, 707262, 621274, 649599, 348053, 348053, 1853841047
58, 3413208, 712653, 731806, 644704, 625071, 349487, 349487, 1244305412
92, 3413020, 717831, 732826, 645621, 630412, 343165, 343165, 2957052416
93, 3406608, 753221, 692144, 605771, 664390, 345541, 345541, 3736014042
94, 3407013, 691888, 753747, 665935, 604971, 345236, 345236, 2718827586
96, 3407442, 708901, 734492, 646405, 622110, 347767, 347767, 191401626
95, 3410754, 710611, 734394, 647438, 622221, 348045, 348045, 1930309146
99, 3417568, 712794, 729179, 642053, 626200, 353671, 353671, 1129019618
100, 3414255, 716792, 731522, 643867, 629774, 346150, 346150, 3817507579
101, 3416971, 729372, 723846, 636465, 641466, 342911, 342911, 4192179610
102, 3417491, 710520, 743360, 655425, 624270, 341958, 341958, 3430122501
69, 3419441, 729127, 719745, 633894, 641369, 347653, 347653, 4082808255
104, 3411371, 725929, 724631, 637597, 639468, 341873, 341873, 979149127
70, 3416825, 732383, 716400, 629683, 644623, 346868, 346868, 3629098647
71, 3409558, 709794, 735260, 646759, 623705, 347020, 347020, 1429228216
75, 3403311, 726689, 712537, 626178, 637685, 350111, 350111, 2322815119
107, 3409398, 723646, 726807, 638666, 636665, 341807, 341807, 1629098381
109, 3411871, 724328, 723404, 635599, 636632, 345954, 345954, 2128711502
108, 3410932, 755194, 684595, 599467, 666896, 352390, 352390, 434558705
110, 3412644, 709637, 734598, 647440, 623241, 348864, 348864, 692612606
111, 3416880, 737138, 712613, 626510, 649307, 345656, 345656, 3330336119
112, 3412937, 717994, 727144, 639846, 631541, 348206, 348206, 607875077
113, 3411120, 731903, 719882, 632675, 643482, 341589, 341589, 4105825584
82, 3418383, 700390, 744952, 657430, 614395, 350608, 350608, 4204467888
114, 3408030, 711837, 731384, 642682, 624733, 348697, 348697, 3341360341
116, 3419388, 721205, 727487, 640466, 635392, 347419, 347419, 444238779
118, 3413549, 713682, 732513, 644928, 626756, 347835, 347835, 4206727503
120, 3410522, 713221, 730897, 642248, 626808, 348674, 348674, 2859195322
121, 3407571, 729984, 717286, 630631, 640978, 344346, 344346, 918812872
122, 3419718, 719312, 730803, 644644, 631653, 346653, 346653, 2663041979
123, 3411989, 718380, 726550, 639627, 629844, 348794, 348794, 28012111
124, 3416497, 719476, 728663, 641377, 633095, 346943, 346943, 3278720171
89, 3409367, 704207, 737479, 650272, 616441, 350484, 350484, 638191419
91, 3412140, 734824, 713774, 626971, 647121, 344725, 344725, 151822831
90, 3410162, 707788, 735647, 647275, 620644, 349404, 349404, 1378455093
126, 3422524, 711487, 732034, 646102, 625369, 353766, 353766, 2961972706
129, 3411450, 732688, 715593, 629264, 644763, 344571, 344571, 3098381093
97, 3414237, 724019, 722685, 635502, 636981, 347525, 347525, 2878203273
98, 3415460, 748680, 705871, 619080, 661041, 340394, 340394, 975862831
130, 3405613, 721308, 723260, 636020, 633985, 345520, 345520, 236373004
131, 3404978, 723944, 721363, 633759, 636156, 344878, 344878, 1382696493
132, 3416762, 736080, 711922, 625585, 648801, 347187, 347187, 2125100884
133, 3416724, 725706, 722466, 635199, 638959, 347197, 347197, 2357877430
103, 3416885, 740150, 713533, 626533, 652573, 342048, 342048, 3191370833
134, 3418584, 732146, 713463, 627390, 644945, 350320, 350320, 3749502160
135, 3410081, 740668, 703761, 616955, 652547, 348075, 348075, 2095572713
136, 3411685, 711277, 725062, 638050, 624076, 356610, 356610, 3550396627
137, 3411707, 732558, 710083, 622528, 644956, 350791, 350791, 3278421817
105, 3406968, 724592, 725470, 637805, 637383, 340859, 340859, 3343415187
139, 3412081, 740143, 709939, 623041, 652414, 343272, 343272, 2820720423
106, 3415924, 706375, 744930, 656613, 620102, 343952, 343952, 3726178060
143, 3410221, 724878, 722059, 634985, 636873, 345713, 345713, 363253685
144, 3415269, 725648, 725737, 637752, 638106, 344013, 344013, 2669682877
146, 3413580, 690373, 755734, 667735, 604394, 347672, 347672, 3195324982
147, 3410399, 726211, 720717, 633794, 638191, 345743, 345743, 2500060524
115, 3413480, 733271, 719226, 631601, 646334, 341524, 341524, 774108615
149, 3406874, 719474, 724729, 636807, 632826, 346519, 346519, 237650160
117, 3421683, 727038, 725651, 639290, 638892, 345406, 345406, 3502368088
119, 3410853, 737624, 707857, 621121, 649407, 347422, 347422, 593483777
150, 3411909, 716427, 732918, 645811, 630125, 343314, 343314, 2608990676
151, 3420041, 730042, 727154, 640094, 643053, 339849, 339849, 2892032407
154, 3406714, 723156, 719663, 631193, 635442, 348630, 348630, 4252812263
156, 3415364, 715485, 726002, 639342, 629251, 352642, 352642, 30270051
158, 3411795, 720818, 723811, 636832, 633700, 348317, 348317, 461067387
125, 3409584, 718921, 728749, 641210, 631936, 344384, 344384, 674198834
127, 3408371, 723705, 723426, 635868, 636294, 344539, 344539, 2518532814
128, 3410477, 716612, 730329, 642907, 629887, 345371, 345371, 2094199923
160, 3414203, 720396, 726967, 640153, 632641, 347023, 347023, 930683596
159, 3407388, 710639, 732673, 644353, 622807, 348458, 348458, 1364842443
162, 3416190, 713535, 732971, 645320, 627238, 348563, 348563, 1333615977
164, 3410182, 710686, 739943, 650822, 624315, 342208, 342208, 3755779313
166, 3408527, 718704, 730136, 641135, 632468, 343042, 343042, 2043987483
138, 3410690, 719120, 724237, 637594, 631427, 349156, 349156, 260907897
169, 3405681, 732127, 712898, 626046, 644082, 345264, 345264, 2950345356
140, 3409049, 733254, 709984, 623337, 645878, 348298, 348298, 4207814352
141, 3412653, 708560, 739430, 651527, 622148, 345494, 345494, 1092489380
170, 3413229, 703750, 749162, 660975, 618370, 340486, 340486, 3587769092
171, 3407152, 734542, 710255, 623008, 646271, 346538, 346538, 2730422287
142, 3406438, 714288, 726560, 638189, 627579, 349911, 349911, 3348567988
145, 3409633, 717408, 732392, 644169, 629966, 342849, 342849, 1791491277
148, 3408990, 723522, 724497, 636820, 636173, 343989, 343989, 531550951
172, 3415083, 722833, 719851, 633005, 635658, 351868, 351868, 1303036747
175, 3410562, 739803, 715288, 627045, 652500, 337963, 337963, 1256560473
176, 3416623, 723551, 732660, 645207, 636701, 339252, 339252, 2664357363
177, 3407366, 729020, 719758, 632211, 640881, 342748, 342748, 4275577467
152, 3413550, 733297, 709931, 622764, 645506, 351026, 351026, 2184506951
178, 3411307, 715649, 733380, 645495, 628411, 344186, 344186, 2699045026
153, 3410651, 702927, 746045, 656676, 617291, 343856, 343856, 836172703
180, 3414516, 720418, 726788, 638623, 634631, 347028, 347028, 3822546542
181, 3405769, 719171, 725901, 637757, 632444, 345248, 345248, 3851328098
155, 3416459, 729777, 718993, 631924, 642249, 346758, 346758, 3507682487
182, 3412302, 729269, 712423, 625895, 641387, 351664, 351664, 2381146596
157, 3417652, 713551, 738084, 651038, 627213, 343883, 343883, 4150552240
183, 3412705, 736312, 706425, 619966, 649326, 350338, 350338, 3454002122
185, 3413337, 731070, 714587, 627225, 644591, 347932, 347932, 3292659701
161, 3406885, 739588, 704010, 617914, 650867, 347253, 347253, 4113161023
186, 3413988, 735249, 710789, 625372, 647928, 347325, 347325, 687881517
187, 3409423, 714856, 729835, 642606, 627632, 347247, 347247, 2756422016
189, 3411682, 730592, 712610, 625742, 643280, 349729, 349729, 109468648
190, 3403387, 726966, 715201, 627904, 639362, 346977, 346977, 967502785
188, 3411647, 736719, 706910, 620307, 649059, 349326, 349326, 3029230147
163, 3415683, 743760, 706388, 619780, 656633, 344561, 344561, 4091955196
165, 3416982, 736807, 708790, 622443, 649690, 349626, 349626, 2463030452
192, 3410035, 706755, 738459, 650108, 621065, 346824, 346824, 4008461953
167, 3418043, 707134, 737767, 650562, 621186, 350697, 350697, 3786238805
193, 3422728, 694565, 755489, 667296, 611226, 347076, 347076, 2803166587
194, 3410641, 730600, 714484, 628391, 643316, 346925, 346925, 2763283340
168, 3409671, 736634, 707131, 620516, 648382, 348504, 348504, 195737525
195, 3415936, 725519, 718692, 632215, 639026, 350242, 350242, 4179964796
197, 3416724, 723079, 717449, 630272, 637164, 354380, 354380, 2117084158
198, 3416829, 735813, 711375, 625684, 647957, 348000, 348000, 3238339753
199, 3410291, 710255, 736591, 648617, 623644, 345592, 345592, 3215611962
201, 3411026, 708680, 739185, 651193, 622366, 344801, 344801, 3967724503
202, 3411745, 733440, 718976, 632239, 645146, 340972, 340972, 69308658
203, 3416107, 716636, 737221, 650149, 630079, 341011, 341011, 1685468757
173, 3413969, 713039, 734009, 645700, 625941, 347640, 347640, 2145918686
204, 3410034, 725295, 726894, 639063, 637762, 340510, 340510, 1701067093
206, 3413171, 742777, 709249, 624289, 653504, 341676, 341676, 72735280
208, 3412858, 709208, 735399, 646542, 622977, 349366, 349366, 3410565295
174, 3406917, 698315, 744759, 656222, 611605, 348008, 348008, 3977916918
207, 3418592, 735776, 711666, 625480, 648254, 348708, 348708, 2122607962
179, 3411557, 718136, 732579, 645640, 630378, 342412, 342412, 2588309168
210, 3409849, 729442, 716784, 629201, 641224, 346599, 346599, 2322704973
213, 3410945, 722507, 727264, 639795, 634993, 343193, 343193, 3566768418
212, 3415499, 713942, 730268, 643216, 627717, 350178, 350178, 1393699961
215, 3409317, 710604, 739260, 650965, 623396, 342546, 342546, 3853184311
217, 3412192, 729481, 720784, 633353, 641988, 343293, 343293, 1288878234
218, 3418422, 735796, 709089, 622280, 649883, 350687, 350687, 714181534
184, 3417116, 727484, 725890, 638495, 640929, 342159, 342159, 2326130815
219, 3410897, 727109, 721693, 634668, 639401, 344013, 344013, 2283694413
220, 3414914, 728374, 718968, 632649, 640733, 347095, 347095, 3992700655
221, 3407135, 732980, 714922, 627646, 644589, 343499, 343499, 1539730672
222, 3417707, 764460, 682964, 598351, 676622, 347655, 347655, 3544622782
223, 3414426, 734633, 716625, 629481, 647049, 343319, 343319, 80150291
191, 3415285, 735916, 719278, 632741, 647748, 339801, 339801, 639955770
227, 3416561, 737095, 708542, 622284, 649634, 349503, 349503, 2052757595
229, 3413676, 719136, 733114, 646109, 631779, 341769, 341769, 3768623423
196, 3409726, 703053, 745240, 657290, 616889, 343627, 343627, 3615188468
230, 3420707, 719859, 726589, 639751, 633438, 350535, 350535, 2478873440
231, 3408686, 721011, 729119, 640392, 633036, 342564, 342564, 79524673
233, 3403137, 741976, 699593, 612093, 653117, 348179, 348179, 2625325008
200, 3412572, 719165, 729154, 642681, 631580, 344996, 344996, 173466144
234, 3413221, 712487, 731746, 644741, 625713, 349267, 349267, 2415657442
236, 3420197, 723879, 722881, 636867, 637372, 349599, 349599, 1174234148
237, 3410045, 718513, 723996, 636233, 631115, 350094, 350094, 3181383381
238, 3409486, 715721, 731867, 644330, 627818, 344875, 344875, 1152231666
205, 3413011, 712973, 735372, 647980, 626446, 345120, 345120, 896437194
239, 3415136, 724828, 719535, 632922, 637651, 350100, 350100, 919190367
209, 3417137, 732147, 717657, 630790, 644553, 345995, 345995, 1627663052
240, 3411992, 707821, 734116, 646835, 620506, 351357, 351357, 3675810595
242, 3406240, 708312, 736277, 648463, 621740, 345724, 345724, 652174699
243, 3417199, 717349, 736902, 649219, 631411, 341159, 341159, 1909639259
244, 3414243, 726137, 723180, 636021, 639039, 344933, 344933, 2004285688
211, 3416423, 720732, 730015, 642298, 633444, 344967, 344967, 66340772
245, 3414099, 724150, 725507, 637902, 637190, 344675, 344675, 2821953270
246, 3410654, 718520, 730204, 642447, 631549, 343967, 343967, 515707605
247, 3399798, 716162, 725757, 637374, 628413, 346046, 346046, 3065903205
214, 3420772, 736460, 715344, 628375, 648489, 346052, 346052, 1233310763
248, 3416856, 740989, 706948, 621773, 653490, 346828, 346828, 3275368993
216, 3413424, 719595, 726441, 640635, 632583, 347085, 347085, 3258194565
249, 3408391, 719731, 728840, 640729, 633287, 342902, 342902, 2335339280
250, 3412662, 740114, 706085, 619437, 651974, 347526, 347526, 1404078915
252, 3417327, 724156, 724678, 638300, 636537, 346828, 346828, 3500617863
254, 3419149, 726259, 720632, 634431, 639965, 348931, 348931, 3621373118
253, 3416054, 711330, 737076, 649487, 624555, 346803, 346803, 2394119337
255, 3414576, 716371, 725089, 638868, 629042, 352603, 352603, 1075448962
256, 3403291, 721159, 725728, 637842, 633356, 342603, 342603, 3507538374
257, 3409400, 722717, 721156, 634323, 634932, 348136, 348136, 1370340857
224, 3412523, 736422, 712154, 625506, 648195, 345123, 345123, 237483597
226, 3413889, 728535, 717655, 630318, 641997, 347692, 347692, 3934584698
259, 3409649, 715957, 732303, 644108, 629113, 344084, 344084, 2526685906
225, 3415263, 704927, 738807, 651311, 618380, 350919, 350919, 2414409744
228, 3414793, 715023, 729360, 641301, 628901, 350104, 350104, 2447239961
260, 3410715, 716303, 729082, 640948, 629576, 347403, 347403, 502832537
232, 3425965, 721482, 730112, 643561, 635436, 347687, 347687, 2554012711
261, 3420094, 716868, 735747, 648748, 630655, 344038, 344038, 1291228376
262, 3407085, 730112, 715863, 628725, 641579, 345403, 345403, 261770083
235, 3411855, 733414, 716073, 629752, 646480, 343068, 343068, 2541976555
263, 3418753, 740035, 712486, 626174, 652504, 343777, 343777, 1290362536
265, 3409110, 718496, 730943, 643202, 629911, 343279, 343279, 816526683
266, 3416930, 710078, 739024, 652135, 623299, 346197, 346197, 3875351540
267, 3413949, 729693, 726102, 638636, 641010, 339254, 339254, 4116950481
268, 3405467, 732925, 709687, 621941, 644674, 348120, 348120, 46127205
269, 3415215, 726750, 730615, 643052, 639756, 337521, 337521, 2283698191
270, 3409949, 727807, 713334, 626045, 640099, 351332, 351332, 2314489925
241, 3410175, 713972, 731570, 643658, 626529, 347223, 347223, 3994588111
271, 3411662, 718928, 724625, 637974, 632597, 348769, 348769, 1403125681
272, 3410278, 742873, 700779, 614622, 653640, 349182, 349182, 245704478
273, 3411125, 734595, 706758, 621101, 646243, 351214, 351214, 1650864241
274, 3415058, 723548, 724310, 637531, 636613, 346528, 346528, 571595116
275, 3410885, 721346, 730260, 643254, 633765, 341130, 341130, 3991329858
278, 3410381, 733302, 714807, 627937, 644969, 344683, 344683, 252192687
277, 3409334, 711795, 724885, 637334, 624272, 355524, 355524, 2457434909
279, 3413961, 707105, 740834, 652990, 620696, 346168, 346168, 3955289652
280, 3411978, 734665, 715896, 629459, 647170, 342394, 342394, 2048336037
282, 3415363, 735747, 711634, 625420, 647764, 347399, 347399, 2575460024
281, 3413424, 728722, 721342, 634412, 641374, 343787, 343787, 3704778180
251, 3414884, 713944, 739991, 652286, 626747, 340958, 340958, 155824680
283, 3406363, 715919, 729871, 642758, 628033, 344891, 344891, 1706680314
284, 3414012, 746495, 701285, 614514, 657758, 346980, 346980, 5505027
285, 3420214, 728770, 719715, 633910, 642113, 347853, 347853, 2197999334
258, 3412415, 727876, 717385, 630911, 640599, 347822, 347822, 2385003077
286, 3408424, 705706, 742312, 655017, 619467, 342961, 342961, 57291356
287, 3415981, 722481, 724705, 637980, 635071, 347872, 347872, 3480845173
288, 3411475, 728267, 722704, 634722, 641124, 342329, 342329, 1016923094
289, 3414375, 742259, 708189, 621275, 654376, 344138, 344138, 1780664051
292, 3407477, 717803, 730972, 643214, 630948, 342270, 342270, 2429372577
293, 3417592, 726813, 722973, 636404, 639630, 345886, 345886, 835085683
295, 3412517, 717820, 725940, 639201, 630600, 349478, 349478, 214448119
264, 3415959, 732086, 717329, 630998, 645214, 345166, 345166, 618920111
294, 3416349, 708501, 748012, 660805, 621319, 338856, 338856, 927793467
296, 3415399, 728877, 723657, 636276, 641183, 342703, 342703, 19952230
298, 3414854, 712073, 737250, 649430, 626011, 345045, 345045, 1797759801
299, 3412911, 720792, 722293, 634745, 633403, 350839, 350839, 298684779
300, 3416080, 728735, 721503, 634937, 641065, 344920, 344920, 3416534699
301, 3416994, 714425, 735039, 647667, 628553, 345655, 345655, 1195292590
302, 3416763, 723196, 728324, 641681, 636468, 343547, 343547, 1825590609
303, 3413569, 724581, 730283, 642773, 636360, 339786, 339786, 1504111872
304, 3403906, 723892, 721527, 633291, 636606, 344295, 344295, 2079434858
305, 3408516, 726295, 711318, 623806, 639193, 353952, 353952, 1126201146
276, 3415638, 729427, 717209, 630158, 641678, 348583, 348583, 2316438250
307, 3415764, 720480, 722470, 634681, 634293, 351920, 351920, 1527311484
308, 3414396, 716052, 727219, 639822, 629161, 351071, 351071, 3609880551
309, 3413724, 732959, 717420, 630653, 645116, 343788, 343788, 4212823304
306, 3410730, 727507, 715114, 627918, 639693, 350249, 350249, 2212990111
311, 3411903, 724348, 719181, 632134, 636354, 349943, 349943, 4264266818
312, 3413958, 705612, 745260, 657659, 619221, 343103, 343103, 2109683383
313, 3415279, 719182, 730377, 642480, 632846, 345197, 345197, 3373648242
315, 3412439, 743351, 703744, 616578, 655554, 346606, 346606, 1983169809
316, 3414488, 718874, 725040, 638042, 631724, 350404, 350404, 3953674381
317, 3411582, 747713, 696594, 611328, 659025, 348461, 348461, 2936452594
319, 3415870, 716554, 728879, 641419, 629160, 349929, 349929, 1974947886
322, 3413726, 697103, 756644, 667503, 611676, 340400, 340400, 523941675
321, 3410000, 718554, 731189, 643269, 631814, 342587, 342587, 4132596625
324, 3416026, 748285, 701602, 615324, 661017, 344899, 344899, 1822328824
325, 3412909, 713917, 737983, 649965, 626928, 342058, 342058, 3034933347
291, 3410440, 712706, 728767, 640890, 625259, 351409, 351409, 2316475307
290, 3413792, 714347, 738762, 650233, 627372, 341539, 341539, 1510703054
326, 3414555, 720328, 728545, 640908, 634086, 345344, 345344, 1667931048
327, 3410617, 733821, 705337, 618440, 646587, 353216, 353216, 1230950953
328, 3414155, 721201, 728110, 640219, 634069, 345278, 345278, 2142408165
297, 3418642, 723339, 721534, 634817, 636148, 351402, 351402, 80954422
330, 3412315, 726111, 723971, 636516, 639165, 343276, 343276, 3888984603
331, 3410337, 748067, 703408, 617372, 658930, 341280, 341280, 1636661730
332, 3419636, 728525, 722300, 635703, 640956, 346076, 346076, 4064425428
334, 3414647, 729667, 714373, 628216, 642291, 350050, 350050, 1082579181
335, 3420710, 724701, 728474, 641460, 638291, 343892, 343892, 1200046051
336, 3413457, 734414, 710539, 624664, 647188, 348326, 348326, 404198076
337, 3414360, 727812, 726405, 638881, 639206, 341028, 341028, 2758316384
338, 3413145, 725588, 721023, 633203, 638463, 347434, 347434, 2834668839
339, 3406919, 730845, 717486, 629678, 643064, 342923, 342923, 528873013
340, 3407697, 726933, 712943, 625922, 639463, 351218, 351218, 2734065345
341, 3417725, 694076, 754471, 665932, 609040, 347103, 347103, 3715755078
344, 3412359, 721811, 723613, 636752, 634405, 347889, 347889, 4277190420
345, 3412894, 715171, 731229, 643472, 628222, 347400, 347400, 2879376897
310, 3413251, 740112, 710649, 623730, 651862, 343449, 343449, 1613256003
346, 3408366, 742140, 702597, 616625, 653442, 346781, 346781, 226380472
347, 3407933, 727322, 714428, 627833, 639800, 349275, 349275, 908453356
348, 3412508, 729111, 717299, 630476, 641878, 346872, 346872, 2382536841
314, 3405130, 711131, 733595, 645047, 624839, 345259, 345259, 3643772464
351, 3411434, 723069, 720672, 633610, 635651, 349216, 349216, 4138986569
353, 3408871, 723901, 718846, 631613, 635723, 349394, 349394, 2194157512
354, 3411731, 747818, 701457, 615056, 659352, 344024, 344024, 1147055237
355, 3417951, 747639, 704670, 618592, 659536, 343757, 343757, 2090393387
356, 3410198, 730393, 711670, 624708, 642833, 350297, 350297, 1248853591
318, 3419643, 715507, 733783, 647180, 629275, 346949, 346949, 2350991238
320, 3409450, 723347, 723771, 636364, 635366, 345301, 345301, 2697662797
323, 3411283, 729852, 715637, 628087, 643173, 347267, 347267, 3329621277
357, 3418016, 732844, 718092, 632433, 645173, 344737, 344737, 509174641
358, 3413097, 700887, 745660, 657152, 614336, 347531, 347531, 3796173091
359, 3419249, 716064, 727568, 640620, 630053, 352472, 352472, 2523282780
362, 3411523, 737706, 706227, 618444, 650436, 349355, 349355, 115440506
363, 3412953, 732668, 713412, 627097, 644138, 347819, 347819, 4256679443
364, 3421194, 712181, 740331, 653418, 626006, 344629, 344629, 1937826360
365, 3417634, 721366, 729197, 642011, 634362, 345349, 345349, 2239388420
329, 3409605, 732260, 713270, 625582, 644827, 346833, 346833, 486762455
367, 3407435, 730755, 713850, 627623, 641695, 346756, 346756, 3363430477
366, 3408974, 728045, 719805, 633057, 640257, 343905, 343905, 1216858467
333, 3414510, 709136, 736921, 648287, 622794, 348686, 348686, 1335131045
370, 3411495, 734113, 716634, 630326, 646748, 341837, 341837, 2658875736
369, 3415427, 698753, 749956, 662544, 613314, 345430, 345430, 2642416029
371, 3406499, 726401, 714198, 627397, 639269, 349617, 349617, 2759538176
372, 3417105, 707659, 739116, 651751, 622265, 348157, 348157, 3648744934
373, 3406527, 708875, 726925, 639670, 621673, 354692, 354692, 3559987076
375, 3413495, 735739, 711475, 625000, 647999, 346641, 346641, 4195695336
374, 3417482, 732688, 714086, 627463, 645615, 348815, 348815, 3944212438
376, 3410727, 720731, 726624, 638970, 633306, 345548, 345548, 56209554
342, 3414150, 721605, 726081, 639075, 634567, 346411, 346411, 348090400
343, 3417345, 732264, 717588, 630325, 644846, 346161, 346161, 1328705901
377, 3418606, 726833, 717409, 632564, 640268, 350766, 350766, 3205692552
378, 3407624, 749724, 695755, 609548, 661009, 345794, 345794, 3596648014
379, 3409782, 728229, 719205, 631772, 639774, 345401, 345401, 2638515620
380, 3418716, 697198, 747661, 659391, 611954, 351256, 351256, 2797411177
350, 3411479, 723003, 723432, 636088, 636152, 346402, 346402, 1653533698
349, 3416987, 741028, 704656, 619284, 653715, 349152, 349152, 1054669906
382, 3409144, 724054, 720851, 633234, 635881, 347562, 347562, 2122834278
383, 3416643, 721182, 725032, 637972, 634589, 348934, 348934, 443293260
352, 3411035, 715076, 731204, 642953, 628388, 346707, 346707, 2082647402
385, 3413384, 728862, 716843, 630494, 641443, 347871, 347871, 334049318
384, 3415248, 725827, 714251, 627871, 638841, 354229, 354229, 716992175
386, 3412418, 692693, 747693, 659140, 606756, 353068, 353068, 1986482027
387, 3404241, 729035, 713838, 626055, 641225, 347044, 347044, 1619780653
388, 3418042, 730966, 718663, 632746, 643437, 346115, 346115, 3968380523
390, 3413719, 724669, 714466, 627126, 637530, 354964, 354964, 3926997627
360, 3409804, 731021, 711459, 624235, 643353, 349868, 349868, 755285324
392, 3416378, 727151, 720182, 633299, 640314, 347716, 347716, 1523249528
393, 3410541, 721876, 721588, 634195, 634662, 349110, 349110, 1409427011
361, 3415872, 727323, 717351, 631034, 639440, 350362, 350362, 3305624857
394, 3411119, 735422, 713080, 625722, 647849, 344523, 344523, 2484550980
395, 3412832, 731467, 723602, 636163, 645390, 338105, 338105, 2937369870
397, 3408607, 743195, 707289, 620171, 655344, 341304, 341304, 3256245050
398, 3412627, 719478, 720055, 632674, 632356, 354032, 354032, 1399333
368, 3413983, 744474, 705553, 619336, 656380, 344120, 344120, 1484426158
400, 3412103, 722867, 719377, 633134, 636307, 350209, 350209, 3735679946
399, 3412943, 717339, 729629, 642677, 631224, 346037, 346037, 890418131
401, 3415115, 737126, 710578, 624177, 649674, 346780, 346780, 2689066524
403, 3410269, 728355, 717971, 631550, 640823, 345785, 345785, 1590144671
405, 3404478, 712914, 727395, 639688, 627257, 348612, 348612, 2382094692
407, 3409004, 718866, 730121, 642540, 631777, 342850, 342850, 2855545151
406, 3416767, 743793, 708579, 623056, 655105, 343117, 343117, 3865843967
409, 3406286, 696421, 747667, 658569, 610041, 346794, 346794, 2972006645
408, 3403146, 725092, 718815, 630655, 636556, 346014, 346014, 2284186101
410, 3414207, 718083, 732088, 644514, 630500, 344511, 344511, 1224445279
412, 3417762, 728477, 724168, 637062, 642617, 342719, 342719, 786439174
411, 3413611, 732966, 718777, 630840, 645980, 342524, 342524, 956098503
381, 3407422, 715179, 724837, 637542, 627284, 351290, 351290, 1391510210
414, 3407055, 724042, 720419, 633027, 636343, 346612, 346612, 3027373052
416, 3414824, 726036, 715401, 628707, 638462, 353109, 353109, 276598461
418, 3405591, 715017, 725484, 637423, 627353, 350157, 350157, 1323415467
420, 3414663, 727124, 721204, 634849, 640056, 345715, 345715, 3386285562
419, 3410413, 710591, 736287, 648066, 623781, 345844, 345844, 3685921967
421, 3406005, 726133, 721499, 634628, 637743, 343001, 343001, 480698170
422, 3410594, 743879, 702035, 614998, 655646, 347018, 347018, 2466982044
423, 3408691, 728224, 715480, 627361, 641426, 348100, 348100, 2600285706
389, 3414294, 716233, 730066, 642069, 630264, 347831, 347831, 3770084193
391, 3410300, 722428, 729023, 641318, 634485, 341523, 341523, 4137469292
426, 3418321, 744123, 708633, 623006, 655651, 343454, 343454, 2102545649
428, 3408085, 712184, 732980, 644474, 625667, 346390, 346390, 1607488512
427, 3408142, 714828, 730600, 641984, 628006, 346362, 346362, 364765757
429, 3410894, 735681, 715727, 628774, 647754, 341479, 341479, 4275148398
430, 3409828, 712020, 730139, 642752, 624137, 350390, 350390, 3205300080
431, 3410387, 724535, 724305, 636986, 637783, 343389, 343389, 709512256
396, 3413311, 712136, 733010, 645163, 626076, 348463, 348463, 3187986477
433, 3414251, 739324, 707993, 621899, 651541, 346747, 346747, 1855251839
434, 3411200, 743198, 696339, 609478, 654953, 353616, 353616, 2750606528
436, 3411328, 713728, 736050, 647922, 626766, 343431, 343431, 3529681887
435, 3413969, 722211, 731215, 643510, 634885, 341074, 341074, 1059036252
437, 3412457, 725494, 719635, 632057, 638075, 348598, 348598, 3800753705
438, 3413525, 732893, 716126, 629363, 645769, 344687, 344687, 1344160490
402, 3409722, 722889, 722577, 635750, 635164, 346671, 346671, 1634510079
404, 3409520, 718269, 730384, 642866, 630705, 343648, 343648, 368371985
442, 3408162, 730502, 719434, 632105, 642143, 341989, 341989, 792496028
443, 3403176, 728929, 724180, 635452, 640597, 337009, 337009, 2998423907
446, 3421122, 720140, 734778, 647778, 634266, 342080, 342080, 1025269678
447, 3420186, 712213, 739714, 651693, 626420, 345073, 345073, 3308489455
448, 3418474, 711466, 731151, 644581, 625542, 352867, 352867, 2341801444
413, 3417592, 742101, 709589, 622777, 653983, 344571, 344571, 948105896
450, 3402843, 731346, 713473, 626046, 642728, 344625, 344625, 4175203963
451, 3410658, 697185, 750432, 661680, 611093, 345134, 345134, 4163593561
415, 3421038, 712238, 740660, 652973, 626187, 344490, 344490, 1538024036
452, 3409369, 719104, 724764, 637138, 631457, 348453, 348453, 4207211127
417, 3412947, 726183, 722478, 635497, 638753, 345018, 345018, 602818563
453, 3411655, 705448, 737645, 649761, 619775, 349513, 349513, 1757430147
454, 3418348, 726001, 722873, 636713, 639639, 346561, 346561, 598036756
455, 3409718, 712031, 727177, 639067, 625363, 353040, 353040, 329623453
456, 3416659, 740609, 712929, 625703, 653008, 342205, 342205, 2745677643
424, 3416903, 694435, 749071, 662337, 607768, 351646, 351646, 2331665442
458, 3409981, 704480, 740423, 653084, 617938, 347028, 347028, 396875224
425, 3416677, 724214, 726479, 640080, 636656, 344624, 344624, 1181539311
459, 3407270, 755323, 688765, 603482, 666314, 346693, 346693, 1762283370
461, 3413322, 713531, 737475, 649223, 626649, 343222, 343222, 3234687513
462, 3410389, 747237, 691266, 605840, 658484, 353781, 353781, 3691110390
463, 3414586, 732220, 712881, 625177, 645168, 349570, 349570, 631183272
432, 3412172, 734326, 709239, 622999, 646258, 349675, 349675, 2805185149
465, 3407989, 735935, 708811, 621624, 648547, 346536, 346536, 899496722
467, 3408833, 727573, 726421, 638862, 640229, 337874, 337874, 902469811
468, 3419945, 722836, 727278, 639713, 635862, 347128, 347128, 1415358927
469, 3411615, 707358, 736288, 649105, 621878, 348493, 348493, 2584351430
470, 3421691, 718307, 731894, 645403, 631221, 347433, 347433, 2076869119
471, 3415624, 717981, 727096, 640382, 630611, 349777, 349777, 645125129
472, 3412869, 726043, 718205, 631238, 637995, 349694, 349694, 1309023138
440, 3410815, 705105, 743122, 654841, 618391, 344678, 344678, 2735657590
439, 3412134, 735801, 710711, 624497, 647201, 346962, 346962, 1377221394
441, 3414469, 720072, 728643, 640823, 633455, 345738, 345738, 2097050327
473, 3413516, 715919, 730988, 642614, 630665, 346665, 346665, 4153092017
475, 3404220, 749617, 697066, 610349, 660128, 343530, 343530, 1116313864
444, 3417470, 716295, 737031, 649310, 628664, 343085, 343085, 3166448109
445, 3408681, 733682, 713674, 626136, 645601, 344794, 344794, 3993702129
476, 3413162, 725650, 724695, 638086, 637967, 343382, 343382, 3163203394
479, 3406722, 717086, 727174, 638411, 630567, 346742, 346742, 3937331327
480, 3415455, 733172, 713661, 626994, 645536, 348046, 348046, 783819754
478, 3425135, 700777, 754622, 666455, 615767, 343757, 343757, 403616846
449, 3409604, 699087, 749193, 661356, 612348, 343810, 343810, 2385280969
482, 3412485, 703715, 743423, 655799, 616948, 346300, 346300, 2212037176
481, 3407594, 701243, 731072, 643633, 615108, 358269, 358269, 3850293596
483, 3426189, 721908, 729151, 642915, 636505, 347855, 347855, 792866006
484, 3418591, 738689, 709064, 622120, 651774, 348472, 348472, 2448987022
486, 3414124, 700346, 741001, 654556, 614421, 351900, 351900, 2618850573
457, 3405324, 721493, 725493, 637963, 633079, 343648, 343648, 616188446
490, 3417564, 725777, 720491, 633326, 639192, 349389, 349389, 1758022144
460, 3415198, 732125, 708750, 622925, 645182, 353108, 353108, 112784489
491, 3418419, 708949, 732311, 644921, 623008, 354615, 354615, 938262199
492, 3417455, 749101, 699531, 613740, 660791, 347146, 347146, 700414652
493, 3416470, 727888, 717342, 630750, 641138, 349676, 349676, 3775794963
494, 3408001, 713759, 725780, 637648, 626430, 352192, 352192, 1741082679
495, 3411186, 714734, 731972, 644792, 626792, 346448, 346448, 4090697460
464, 3409209, 728471, 720873, 633761, 640606, 342749, 342749, 1568947345
496, 3418914, 714339, 730078, 642720, 628137, 351820, 351820, 2908584499
466, 3412702, 722299, 722636, 636231, 635844, 347846, 347846, 1559458346
497, 3413817, 754274, 694132, 608590, 666077, 345372, 345372, 187453627
498, 3407553, 736170, 718196, 630848, 648633, 336853, 336853, 2886449145
499, 3414853, 731330, 718310, 630803, 643334, 345538, 345538, 3524551378
500, 3412025, 746586, 702736, 617751, 658814, 343069, 343069, 596195437
501, 3414922, 724041, 725961, 639031, 636785, 344552, 344552, 2997432344
503, 3407429, 733042, 716043, 628818, 644220, 342653, 342653, 4285344154
504, 3412206, 733822, 707589, 621453, 646604, 351369, 351369, 392724601
474, 3409810, 719884, 727108, 639240, 632300, 345639, 345639, 704005717
505, 3420920, 722703, 728093, 641857, 635999, 346134, 346134, 288172777
506, 3413674, 703455, 744665, 656816, 617520, 345609, 345609, 1057287412
507, 3415415, 718491, 725951, 638731, 631892, 350175, 350175, 566158328
508, 3419409, 711199, 741191, 654557, 626068, 343197, 343197, 2076593484
510, 3415644, 713258, 735832, 648763, 626475, 345658, 345658, 594948721
477, 3407944, 705161, 746290, 657036, 618859, 340299, 340299, 1787124333
514, 3408907, 720631, 723309, 636505, 631960, 348251, 348251, 4180226524
513, 3408111, 728404, 717795, 631085, 641723, 344552, 344552, 2882781529
515, 3408213, 724693, 715271, 627573, 637722, 351477, 351477, 3412662853
516, 3413364, 716048, 733447, 646118, 629945, 343903, 343903, 2280118726
518, 3409339, 730508, 718267, 631562, 643194, 342904, 342904, 289365971
519, 3404911, 733651, 707226, 619789, 646049, 349098, 349098, 257032238
520, 3414594, 724498, 724191, 637477, 637652, 345388, 345388, 3360444721
485, 3413985, 719516, 729155, 641749, 632127, 345719, 345719, 1975347479
521, 3414271, 705873, 736478, 648313, 619329, 352139, 352139, 4182064491
488, 3410263, 734937, 713224, 626846, 646530, 344363, 344363, 643761069
487, 3410995, 725146, 717587, 630036, 638230, 349998, 349998, 2901471754
523, 3412479, 733431, 715498, 629368, 645430, 344376, 344376, 3922140918
489, 3411502, 722977, 728756, 640845, 636110, 341407, 341407, 3940398088
525, 3411374, 732154, 710787, 624718, 644063, 349826, 349826, 1055474918
526, 3413365, 722906, 725643, 638642, 635708, 345233, 345233, 1801202815
528, 3407881, 689016, 750563, 661598, 603874, 351415, 351415, 210610683
529, 3416874, 736124, 712978, 627488, 648420, 345932, 345932, 1494314900
532, 3408655, 733013, 708368, 622234, 645112, 349964, 349964, 4180866005
533, 3410923, 736510, 710399, 624305, 648289, 345710, 345710, 2445617038
534, 3416633, 719891, 728069, 641511, 633378, 346892, 346892, 3805865342
535, 3408528, 743211, 705290, 618055, 655500, 343236, 343236, 4181050284
502, 3419420, 720873, 726460, 639867, 635168, 348526, 348526, 3448649587
536, 3418376, 748640, 700053, 614094, 661607, 346991, 346991, 405569016
537, 3408917, 727093, 715030, 626808, 640136, 349925, 349925, 2770434790
540, 3410502, 740879, 707879, 621997, 653255, 343246, 343246, 4274595940
541, 3414543, 734681, 716905, 629949, 647372, 342818, 342818, 2631454493
542, 3422567, 732912, 716426, 630239, 645560, 348715, 348715, 3485269499
543, 3410649, 720385, 726452, 638864, 632232, 346358, 346358, 741779936
509, 3411733, 725160, 717284, 630193, 637736, 350680, 350680, 3586782732
544, 3411705, 708141, 742452, 654465, 620947, 342850, 342850, 1241059271
511, 3416409, 730128, 720212, 633102, 642985, 344991, 344991, 603457600
546, 3411399, 714585, 730377, 642971, 627256, 348105, 348105, 1119544156
512, 3409342, 720593, 723222, 636574, 632917, 348018, 348018, 3603047695
547, 3412003, 741629, 702985, 616528, 653681, 348590, 348590, 528002874
548, 3417144, 729735, 717214, 630029, 643600, 348283, 348283, 1626078091
550, 3420997, 736787, 712832, 626796, 650328, 347127, 347127, 596460489
517, 3403033, 718612, 733918, 644418, 631619, 337233, 337233, 2762951503
551, 3415674, 723744, 725548, 639412, 637208, 344881, 344881, 627516688
552, 3411346, 728562, 719156, 632158, 641604, 344933, 344933, 545849208
553, 3415094, 720953, 731413, 643981, 633757, 342495, 342495, 87221131
554, 3417715, 698068, 740478, 653163, 612412, 356797, 356797, 3047143086
522, 3409935, 722318, 726461, 638672, 634762, 343861, 343861, 3376767492
556, 3417123, 724553, 723172, 636226, 637496, 347838, 347838, 1491745053
557, 3418349, 719407, 730039, 643113, 631986, 346902, 346902, 2746254570
524, 3413387, 736582, 706547, 619961, 648565, 350866, 350866, 2085461215
559, 3416193, 696078, 758005, 670214, 609774, 341061, 341061, 3150433700
560, 3416943, 733426, 717816, 630383, 646814, 344252, 344252, 3026031986
527, 3404689, 694805, 753618, 664545, 608887, 341417, 341417, 3633416677
561, 3415997, 736155, 717601, 630446, 649089, 341353, 341353, 2705930977
562, 3415049, 722918, 724077, 637286, 636066, 347351, 347351, 2579024418
530, 3405020, 732403, 717259, 629722, 644942, 340347, 340347, 3775885342
563, 3413997, 710415, 734182, 647552, 623180, 349334, 349334, 2412380539
531, 3413370, 708001, 734367, 647276, 622342, 350692, 350692, 936097252
565, 3420987, 725681, 726435, 639989, 637942, 345470, 345470, 2828267141
567, 3410281, 717703, 725503, 638427, 629834, 349407, 349407, 312877207
569, 3409073, 740946, 700553, 614156, 652240, 350589, 350589, 810014533
571, 3412053, 718327, 733179, 645994, 630539, 342007, 342007, 3482497189
538, 3409345, 727849, 716901, 629994, 640435, 347083, 347083, 2188577893
572, 3412328, 734986, 709840, 624028, 647826, 347824, 347824, 3302322318
539, 3412707, 740238, 708510, 621892, 653191, 344438, 344438, 3168448610
573, 3410156, 705064, 740095, 652077, 617752, 347584, 347584, 2203279811
574, 3414223, 723143, 729316, 641517, 636641, 341803, 341803, 3127164272
576, 3413370, 743660, 701274, 614961, 655625, 348925, 348925, 1731559543
545, 3412790, 728798, 712254, 625143, 641127, 352734, 352734, 1860845326
581, 3410011, 743537, 707284, 621152, 654516, 341761, 341761, 3025124409
579, 3421859, 730689, 720836, 634791, 643217, 346163, 346163, 1989927194
580, 3414059, 733695, 713070, 626688, 645974, 347316, 347316, 225094495
582, 3408720, 744294, 695700, 609665, 655157, 351952, 351952, 3755080056
549, 3414470, 717481, 727432, 640067, 630958, 349266, 349266, 2340749644
583, 3411018, 715278, 726422, 638332, 628456, 351265, 351265, 3831379303
584, 3413662, 712256, 739365, 651515, 625256, 342635, 342635, 445969940
585, 3414372, 712011, 734020, 646286, 625779, 348138, 348138, 326436164
586, 3413347, 730074, 716673, 629098, 642698, 347402, 347402, 2039218187
587, 3408256, 697791, 737491, 648015, 611591, 356684, 356684, 452427501
588, 3414591, 722665, 724108, 637057, 635259, 347751, 347751, 439237205
555, 3411748, 729747, 710688, 624124, 641231, 352979, 352979, 1217100231
589, 3408302, 720452, 725916, 638458, 633568, 344954, 344954, 4096057302
558, 3407793, 720212, 728249, 640397, 632501, 343217, 343217, 117959654
590, 3417048, 722612, 727242, 640052, 635270, 345936, 345936, 3029055885
591, 3413526, 727803, 718333, 631907, 639959, 347762, 347762, 423999900
592, 3416120, 726759, 720686, 634523, 640132, 347010, 347010, 2088738988
594, 3415514, 726379, 718038, 631888, 639913, 349648, 349648, 651031019
595, 3413497, 734222, 717377, 630740, 646292, 342433, 342433, 424722102
564, 3408445, 730570, 714731, 627565, 642591, 346494, 346494, 3544566624
596, 3415939, 728491, 722938, 635132, 641680, 343849, 343849, 3367846251
597, 3415378, 730825, 713108, 627586, 641789, 351035, 351035, 2044190614
598, 3411705, 733548, 717204, 629687, 645510, 342878, 342878, 2450416905
599, 3408918, 699609, 747780, 658422, 613085, 345011, 345011, 3204545458
566, 3417225, 705784, 742485, 656109, 619503, 346672, 346672, 2253051839
600, 3418067, 705091, 747051, 659249, 618818, 343929, 343929, 2692131294
601, 3410510, 728941, 719396, 632463, 640508, 344601, 344601, 1952764205
568, 3417020, 710488, 740185, 652225, 624974, 344574, 344574, 1434713536
570, 3407485, 725213, 719124, 631915, 637463, 346885, 346885, 560925032
604, 3416106, 720527, 724977, 638586, 633300, 349358, 349358, 3801028231
575, 3413032, 713000, 729686, 642715, 626269, 350681, 350681, 1954169775
606, 3410136, 691665, 752589, 663855, 605917, 348055, 348055, 2033380229
608, 3412883, 734000, 718042, 630612, 646683, 341773, 341773, 1767267916
609, 3413198, 706075, 737521, 649040, 620472, 350045, 350045, 2542871422
577, 3405813, 736693, 706808, 619657, 648349, 347153, 347153, 2115118009
578, 3411601, 720308, 726905, 638485, 634179, 345862, 345862, 2834726336
610, 3410729, 718498, 731205, 642625, 631781, 343310, 343310, 1927389826
612, 3410214, 726813, 720360, 633379, 638554, 345554, 345554, 2568538647
613, 3408200, 730054, 711090, 624032, 641388, 350818, 350818, 991297825
614, 3415730, 721708, 727420, 640677, 635097, 345414, 345414, 508505162
616, 3413334, 715673, 737551, 649814, 629752, 340272, 340272, 1652696861
617, 3411951, 713246, 731380, 643800, 626611, 348457, 348457, 1691142101
619, 3413381, 731241, 715208, 628755, 643367, 347405, 347405, 3620093948
620, 3417668, 755480, 686445, 600508, 667923, 353656, 353656, 653811585
621, 3411879, 715215, 730916, 643507, 627843, 347199, 347199, 1144176826
623, 3407737, 717538, 734390, 646247, 629996, 339783, 339783, 2238057208
625, 3417008, 717826, 734307, 647572, 630579, 343362, 343362, 3684582300
626, 3414204, 712600, 735549, 649247, 625740, 345534, 345534, 3471813460
627, 3411054, 719305, 729464, 641172, 632285, 344414, 344414, 4109583810
628, 3411735, 739828, 702475, 615694, 651886, 350926, 350926, 2176550808
593, 3415833, 752161, 693206, 608276, 663632, 349279, 349279, 2339395188
630, 3411215, 723375, 718780, 631968, 635924, 350584, 350584, 2012497578
631, 3413124, 727146, 723548, 636247, 640035, 343074, 343074, 3345559363
632, 3415132, 726502, 726050, 638860, 639586, 342067, 342067, 2308821644
633, 3417175, 731856, 715875, 629761, 644407, 347638, 347638, 683944682
634, 3409168, 716510, 725722, 638332, 628748, 349928, 349928, 3920889329
635, 3419388, 720516, 734427, 646572, 634379, 341747, 341747, 3703857783
636, 3409391, 742991, 705709, 618131, 654788, 343886, 343886, 877666258
637, 3414857, 724032, 721819, 634597, 636871, 348769, 348769, 997761861
602, 3416056, 715343, 734868, 647582, 629231, 344516, 344516, 4093288321
603, 3412114, 748523, 699504, 613210, 659791, 345543, 345543, 3196968413
638, 3414322, 737902, 713914, 627416, 650034, 342528, 342528, 1968737372
605, 3413187, 731256, 717145, 630890, 644660, 344618, 344618, 2316417914
639, 3415817, 718115, 726780, 639746, 630868, 350154, 350154, 4177584194
641, 3417432, 719320, 734737, 646809, 632574, 341996, 341996, 313651210
607, 3420219, 737120, 712693, 626867, 649381, 347079, 347079, 2038506569
642, 3412352, 737826, 711312, 625601, 649885, 343864, 343864, 1389116198
643, 3418890, 729853, 721324, 633720, 643187, 345403, 345403, 1265798352
644, 3414703, 701892, 742862, 655788, 614967, 349597, 349597, 3140293050
611, 3418432, 723819, 727960, 641305, 636324, 344512, 344512, 148294958
645, 3419330, 745316, 709427, 623255, 658284, 341524, 341524, 4185507064
646, 3418202, 722132, 724186, 637257, 635721, 349453, 349453, 3659518195
615, 3409651, 707951, 735656, 648124, 620890, 348515, 348515, 3167891989
647, 3409672, 727760, 717117, 630231, 639820, 347372, 347372, 1733398653
649, 3415926, 713390, 742297, 654125, 627064, 339525, 339525, 2481896977
648, 3414656, 704932, 750083, 662202, 618861, 339289, 339289, 1814061692
618, 3415144, 723465, 728767, 641754, 635928, 342615, 342615, 1100003957
651, 3411437, 718363, 732170, 644425, 631181, 342649, 342649, 64351519
652, 3419081, 719237, 731503, 644311, 632604, 345713, 345713, 338184133
622, 3413939, 729539, 717535, 630652, 641823, 347195, 347195, 2112309030
653, 3418046, 727768, 722321, 635027, 640360, 346285, 346285, 1994934272
624, 3412862, 735853, 708524, 621908, 647035, 349771, 349771, 1846599921
654, 3411437, 751312, 690667, 605145, 662321, 350996, 350996, 4065178944
656, 3405582, 742040, 703383, 616286, 653831, 345021, 345021, 3830604678
629, 3412140, 722149, 725964, 638867, 635070, 345045, 345045, 2727629371
657, 3410634, 709321, 733502, 645457, 622762, 349796, 349796, 2503655645
658, 3408738, 719565, 725606, 638596, 631907, 346532, 346532, 363457456
661, 3411912, 738338, 706362, 619752, 651114, 348173, 348173, 1389762154
662, 3418335, 713718, 732559, 644808, 628156, 349547, 349547, 1924975874
664, 3418339, 725705, 713081, 626210, 638881, 357231, 357231, 1581509859
663, 3417229, 744980, 700375, 614664, 657366, 349922, 349922, 3642663763
668, 3415519, 726154, 719421, 632367, 638825, 349376, 349376, 780635974
667, 3416579, 708248, 738560, 651253, 621634, 348442, 348442, 2226473696
669, 3409762, 719655, 725448, 639129, 632140, 346695, 346695, 2258469896
640, 3420705, 730634, 723760, 635940, 643961, 343205, 343205, 3005173708
672, 3415009, 716198, 731927, 645343, 629297, 346122, 346122, 3575381725
673, 3414554, 726521, 719237, 632773, 638639, 348692, 348692, 1777938787
675, 3419119, 734743, 717041, 630724, 647849, 344381, 344381, 1791271356
674, 3411538, 731974, 717994, 630594, 644792, 343092, 343092, 1524243981
676, 3417402, 735378, 710744, 624755, 647985, 349270, 349270, 333762477
677, 3418372, 726103, 725344, 638063, 639436, 344713, 344713, 1464994383
678, 3406757, 702314, 741790, 652432, 616257, 346982, 346982, 765437125
680, 3410993, 719682, 721491, 634373, 633035, 351206, 351206, 3899603713
681, 3417589, 733354, 714222, 626978, 645213, 348911, 348911, 1392529018
682, 3418870, 724737, 726221, 639412, 636544, 345978, 345978, 2143494752
683, 3413159, 718337, 726131, 639286, 631289, 349058, 349058, 812068977
684, 3413197, 697222, 749588, 661292, 611177, 346959, 346959, 1039239808
685, 3416509, 718886, 728676, 642448, 632445, 347027, 347027, 1220609360
650, 3412406, 723961, 719742, 632676, 636535, 349746, 349746, 794857255
688, 3407429, 713644, 735844, 647369, 627518, 341527, 341527, 3498462278
687, 3413026, 737376, 714320, 627281, 650633, 341708, 341708, 2678500239
689, 3410729, 728576, 721904, 634346, 640911, 342496, 342496, 2315883392
690, 3414133, 700044, 744456, 656386, 613713, 349767, 349767, 4185656907
692, 3417075, 745193, 699989, 615033, 657068, 349896, 349896, 2830009891
655, 3411950, 716714, 729142, 641216, 629768, 347555, 347555, 2278464170
695, 3408676, 704728, 742299, 654398, 618443, 344404, 344404, 4112287403
659, 3411184, 725535, 727108, 640521, 638728, 339646, 339646, 4120954587
696, 3415757, 720792, 727909, 640195, 633991, 346435, 346435, 3264232263
697, 3411935, 717279, 734753, 646620, 630969, 341157, 341157, 3136744598
660, 3415895, 702396, 741433, 653722, 616790, 350777, 350777, 1961676506
699, 3415600, 729884, 713765, 626543, 643398, 351005, 351005, 4043919712
665, 3406694, 723818, 717573, 630051, 636268, 349492, 349492, 1525602068
701, 3415354, 736043, 715639, 629627, 647427, 343309, 343309, 2871966519
700, 3419485, 724785, 721876, 634003, 638567, 350127, 350127, 418356214
666, 3410344, 699487, 747366, 659694, 612875, 345461, 345461, 2012119563
702, 3414548, 737844, 706962, 620753, 650547, 349221, 349221, 1725576659
703, 3422397, 723836, 726726, 640469, 636710, 347328, 347328, 3878318138
670, 3414643, 738556, 710002, 623084, 650965, 346018, 346018, 1821247231
704, 3411866, 711215, 734265, 645631, 624649, 348053, 348053, 873037712
671, 3413743, 731551, 713047, 626474, 645181, 348745, 348745, 771750974
705, 3417208, 730504, 726753, 640287, 642888, 338388, 338388, 3268035315
706, 3411865, 720970, 720379, 632872, 635092, 351276, 351276, 3075875924
707, 3407929, 718283, 727331, 639698, 630569, 346024, 346024, 4153698167
709, 3415934, 709129, 742129, 654545, 622429, 343851, 343851, 352900822
679, 3417354, 738671, 707021, 620536, 651088, 350019, 350019, 3946648269
710, 3418007, 721826, 729263, 642941, 634769, 344604, 344604, 1775113138
712, 3416020, 707594, 731330, 643203, 621907, 355993, 355993, 2753882239
713, 3415414, 725547, 720642, 633971, 639228, 348013, 348013, 3878930002
715, 3414368, 727751, 717272, 630869, 640598, 348939, 348939, 1176392369
716, 3408417, 723364, 726819, 639650, 635744, 341420, 341420, 21121537
686, 3410861, 732829, 720630, 633396, 645550, 339228, 339228, 564444169
717, 3406670, 703488, 733632, 644263, 617363, 353962, 353962, 2235731379
718, 3407166, 708438, 736656, 648344, 620888, 346420, 346420, 961028074
719, 3416394, 720192, 726026, 639172, 633220, 348892, 348892, 2577196676
720, 3411076, 720356, 729912, 642850, 632220, 342869, 342869, 2327710288
722, 3418742, 715190, 735080, 648504, 629498, 345235, 345235, 785452005
723, 3406705, 727235, 721233, 633917, 639024, 342648, 342648, 1220763985
691, 3412999, 716867, 727696, 640642, 629898, 348948, 348948, 3912760036
724, 3406710, 720757, 721485, 635007, 632317, 348572, 348572, 1238840546
693, 3408098, 726475, 722925, 635278, 638648, 342386, 342386, 3720506313
725, 3414995, 724717, 724787, 637019, 637794, 345339, 345339, 936077018
726, 3413619, 716990, 727875, 640982, 629456, 349158, 349158, 12370793
694, 3413932, 727786, 727260, 640234, 640730, 338961, 338961, 512663312
727, 3412581, 720370, 729902, 642030, 632065, 344107, 344107, 704086916
698, 3408876, 726828, 720227, 633113, 638992, 344858, 344858, 927547199
729, 3415367, 725510, 720431, 633395, 638777, 348627, 348627, 4014063622
730, 3418796, 726004, 725786, 638134, 639926, 344473, 344473, 3562165548
732, 3405895, 719613, 725193, 637553, 632446, 345545, 345545, 3100398801
733, 3412134, 734207, 712756, 625915, 645752, 346752, 346752, 1920235958
734, 3416567, 735203, 712529, 625940, 648631, 347132, 347132, 1292266963
735, 3411131, 758639, 691719, 605586, 669669, 342759, 342759, 2444881980
738, 3411912, 713644, 731186, 644391, 625775, 348458, 348458, 81440379
739, 3414445, 727111, 719297, 631387, 639740, 348455, 348455, 3026069344
741, 3414701, 730054, 715158, 628640, 642771, 349039, 349039, 2891796097
708, 3409915, 717618, 725930, 638065, 630996, 348653, 348653, 2409900162
743, 3405563, 730661, 711138, 624223, 642885, 348328, 348328, 1661077620
745, 3403301, 724738, 718526, 630892, 636081, 346532, 346532, 4036252659
744, 3404957, 717259, 722802, 636280, 629688, 349464, 349464, 3229011865
746, 3416652, 728531, 720586, 634125, 641072, 346169, 346169, 4059297794
711, 3417769, 727584, 718457, 631932, 640352, 349722, 349722, 2580836086
747, 3419665, 721463, 733630, 646439, 634647, 341743, 341743, 3931902596
714, 3416506, 740089, 702869, 616881, 652809, 351929, 351929, 68099735
748, 3409570, 728586, 720992, 633584, 639774, 343317, 343317, 3999466352
749, 3410392, 725625, 717476, 630235, 637878, 349589, 349589, 3235450567
752, 3405274, 721109, 724676, 636788, 632499, 345101, 345101, 653179704
751, 3412900, 729373, 716301, 629661, 642323, 347621, 347621, 278064955
753, 3411366, 727227, 722206, 634759, 639514, 343830, 343830, 3828149323
754, 3402610, 717720, 724059, 635033, 630202, 347798, 347798, 538608841
755, 3410766, 737349, 709470, 622239, 649342, 346183, 346183, 4001694467
721, 3413369, 725940, 719811, 632103, 638929, 348293, 348293, 3095255760
756, 3414509, 726594, 722117, 636254, 639606, 344969, 344969, 2504566086
757, 3412812, 735613, 716358, 629234, 648435, 341586, 341586, 1740575623
758, 3408348, 724493, 718137, 631348, 636576, 348897, 348897, 941352
760, 3410306, 734067, 711150, 623690, 645867, 347766, 347766, 3643084472
761, 3402621, 722246, 719093, 631442, 633082, 348379, 348379, 3585772820
728, 3405465, 716873, 723576, 636692, 629970, 349177, 349177, 2075444156
762, 3410155, 710200, 733816, 645745, 623404, 348495, 348495, 3649754465
764, 3416406, 725254, 720306, 633356, 637670, 349910, 349910, 3016161252
763, 3411690, 712291, 734715, 646537, 625031, 346558, 346558, 1259231654
765, 3413323, 737148, 719560, 632164, 648923, 337764, 337764, 3590287577
731, 3411909, 716585, 730084, 642927, 628881, 346716, 346716, 2477872791
767, 3408357, 715175, 726161, 638310, 628591, 350060, 350060, 1402665181
737, 3416013, 711851, 738546, 650349, 625563, 344852, 344852, 338047063
736, 3408671, 734830, 712675, 625655, 646739, 344386, 344386, 3292142345
769, 3416304, 729920, 715491, 629597, 643172, 349062, 349062, 1685833455
770, 3419358, 728361, 724162, 636719, 641740, 344188, 344188, 2533327658
772, 3418300, 700098, 751406, 663649, 615097, 344025, 344025, 2299466034
740, 3407019, 740145, 703685, 617577, 651554, 347029, 347029, 4218458501
773, 3418519, 720050, 733013, 646135, 632813, 343254, 343254, 248174564
742, 3410302, 723804, 723310, 635808, 636566, 345407, 345407, 1808839804
777, 3418462, 752201, 696545, 611251, 664699, 346883, 346883, 931480530
779, 3417094, 714387, 730310, 643617, 628086, 350347, 350347, 975032995
781, 3409678, 724201, 718621, 630919, 636841, 349548, 349548, 2335065288
782, 3416152, 719073, 731842, 645092, 632823, 343661, 343661, 1179779900
783, 3417956, 717135, 730453, 643924, 630934, 347755, 347755, 3780003156
784, 3415177, 734099, 720761, 633713, 645398, 340603, 340603, 3536923302
785, 3414978, 723563, 721654, 635442, 636771, 348774, 348774, 2733043536
750, 3415087, 723645, 727088, 639489, 636481, 344192, 344192, 516698591
786, 3417706, 739565, 710605, 624331, 651277, 345964, 345964, 1693051135
789, 3410088, 709720, 735554, 646930, 622474, 347705, 347705, 3707923176
791, 3413660, 728838, 721762, 634439, 641963, 343329, 343329, 4291282087
792, 3414648, 725039, 718590, 632015, 637778, 350613, 350613, 3192472899
793, 3412522, 730967, 714753, 627606, 643298, 347949, 347949, 2255924205
794, 3409332, 713311, 733876, 646032, 625813, 345150, 345150, 2823114570
759, 3414534, 725750, 723538, 636266, 638434, 345273, 345273, 139115807
795, 3409995, 720907, 726663, 639471, 633494, 344730, 344730, 73078918
797, 3410822, 735075, 713018, 626029, 646454, 345123, 345123, 1883094976
766, 3411751, 738744, 711639, 625513, 651203, 342326, 342326, 3971388288
798, 3409640, 732370, 707260, 620866, 644202, 352471, 352471, 2089942450
801, 3411912, 726967, 722455, 634021, 639329, 344570, 344570, 2034795120
802, 3409099, 715464, 736263, 647166, 628428, 340889, 340889, 3014571810
803, 3408626, 718285, 725183, 637647, 629861, 348825, 348825, 430492519
768, 3421682, 728118, 725324, 639315, 641173, 343876, 343876, 2664997557
771, 3417680, 736554, 711220, 625342, 650604, 346980, 346980, 2623396167
804, 3412494, 721606, 731192, 643905, 634573, 340609, 340609, 2140868168
774, 3405418, 722979, 718306, 630488, 635069, 349288, 349288, 545685380
775, 3412345, 726618, 717704, 630768, 639093, 349081, 349081, 3467093000
805, 3411259, 712946, 736868, 647780, 626315, 343675, 343675, 459878310
776, 3405049, 704454, 737040, 648565, 617202, 348894, 348894, 2454017811
807, 3410104, 718599, 726516, 638923, 631494, 347286, 347286, 1234764338
806, 3413996, 709508, 730406, 643030, 622386, 354333, 354333, 3853438844
808, 3407914, 715401, 731619, 643645, 628165, 344542, 344542, 2166258375
778, 3413967, 718393, 724169, 637765, 631068, 351286, 351286, 1928463962
780, 3412450, 695722, 751925, 663546, 610443, 345407, 345407, 4240168197
810, 3409073, 718160, 720690, 632630, 631313, 353140, 353140, 36607253
811, 3409204, 707721, 746358, 657615, 620886, 338312, 338312, 1129818940
815, 3411099, 733492, 717360, 630949, 645378, 341960, 341960, 425411408
787, 3410414, 744311, 703504, 617197, 655266, 345068, 345068, 3720613869
816, 3413041, 723296, 721468, 634099, 636294, 348942, 348942, 33400474
819, 3413739, 732558, 712696, 626626, 644715, 348572, 348572, 4275292274
788, 3413572, 707009, 742835, 654308, 620314, 344553, 344553, 3688168484
790, 3410129, 711966, 729064, 640909, 625640, 351275, 351275, 107672801
820, 3418274, 733975, 714191, 628322, 646794, 347496, 347496, 2155812170
822, 3419856, 721514, 717012, 630207, 635707, 357708, 357708, 3344745261
825, 3410759, 729233, 723996, 636739, 640657, 340067, 340067, 4228246707
827, 3415605, 715682, 732476, 644426, 628291, 347365, 347365, 220725329
796, 3411415, 733110, 714375, 627136, 645566, 345614, 345614, 1058925140
828, 3412196, 726444, 722873, 635993, 639258, 343814, 343814, 2072413533
799, 3405892, 716150, 735323, 647687, 628216, 339258, 339258, 2356677647
830, 3416607, 735156, 715344, 628914, 647639, 344777, 344777, 1799696569
800, 3414247, 730912, 719615, 632420, 643366, 343967, 343967, 3426624911
831, 3410167, 721172, 717093, 630586, 634866, 353225, 353225, 2124933349
832, 3412067, 707055, 730981, 643810, 619937, 355142, 355142, 168376944
833, 3416735, 733936, 718411, 631393, 646459, 343268, 343268, 3413175337
835, 3423375, 728085, 721410, 634910, 641412, 348779, 348779, 3197864490
836, 3409074, 742846, 700216, 614446, 655144, 348211, 348211, 96918191
837, 3410634, 735216, 708418, 622746, 646602, 348826, 348826, 1833122284
838, 3416246, 738551, 715253, 628750, 650832, 341430, 341430, 3704682986
841, 3409423, 720241, 725079, 637493, 633422, 346594, 346594, 2749945241
842, 3412738, 732579, 714107, 626797, 644493, 347381, 347381, 1257934204
809, 3411093, 745450, 697785, 611170, 656426, 350131, 350131, 4011104312
813, 3411779, 714850, 737373, 649374, 628104, 341039, 341039, 980241547
843, 3419657, 732504, 724583, 638176, 644822, 339786, 339786, 2895004377
812, 3406094, 711455, 732314, 643730, 625033, 346781, 346781, 4174834708
814, 3419820, 718208, 728679, 641497, 632374, 349531, 349531, 4200649673
845, 3414023, 721886, 726859, 640537, 634651, 345045, 345045, 2679061401
817, 3413608, 757489, 692411, 606883, 668827, 343999, 343999, 437130167
818, 3409835, 733704, 707813, 620439, 646173, 350853, 350853, 3037340883
848, 3411742, 712947, 726977, 639935, 626351, 352766, 352766, 2521475204
821, 3411445, 711128, 743454, 655217, 624880, 338383, 338383, 2956269290
847, 3415012, 725539, 720795, 634211, 638545, 347961, 347961, 3864295544
849, 3414753, 724129, 723254, 636799, 637103, 346734, 346734, 1229433721
823, 3410972, 712064, 732216, 643783, 625643, 348633, 348633, 42179509
850, 3409476, 726208, 715722, 628691, 638041, 350407, 350407, 310502670
851, 3409769, 719302, 729169, 642755, 631483, 343530, 343530, 574780556
852, 3412286, 708642, 735942, 647527, 621855, 349160, 349160, 3529034702
826, 3415267, 754666, 692125, 606095, 666273, 348054, 348054, 3600977759
824, 3416204, 746009, 706339, 620362, 658544, 342475, 342475, 273031543
853, 3408334, 729279, 718877, 630600, 641392, 344093, 344093, 481895088
854, 3415850, 716115, 720585, 633940, 629650, 357780, 357780, 3451135048
829, 3420361, 742491, 708287, 623656, 655323, 345302, 345302, 1018826313
856, 3408056, 724665, 722115, 634469, 637453, 344677, 344677, 300446015
858, 3406147, 725890, 717898, 631096, 637725, 346769, 346769, 2025562679
859, 3415404, 711829, 732981, 645640, 625344, 349805, 349805, 4190775388
861, 3410077, 753069, 696125, 609653, 664644, 343293, 343293, 686861633
834, 3403123, 707738, 738273, 649605, 621141, 343183, 343183, 876856981
860, 3409733, 723514, 720489, 633085, 635861, 348392, 348392, 4281035508
862, 3414241, 725867, 717155, 629640, 639187, 351196, 351196, 819798194
863, 3419832, 723910, 726152, 638635, 637069, 347033, 347033, 30304798
839, 3417111, 722580, 723234, 636607, 635424, 349633, 349633, 1320280897
840, 3412456, 724952, 718383, 631078, 638651, 349696, 349696, 2983709179
867, 3422900, 723751, 729520, 642649, 637826, 344577, 344577, 747875218
868, 3414695, 703677, 745651, 657664, 618475, 344614, 344614, 1768832809
871, 3408182, 712908, 731030, 643563, 625733, 347474, 347474, 826301152
870, 3413467, 709175, 730631, 643007, 622976, 353839, 353839, 3187090643
873, 3412444, 710955, 744449, 655856, 623868, 338658, 338658, 3647824655
874, 3408163, 712175, 730634, 642486, 625890, 348489, 348489, 1381786336
844, 3410597, 726106, 720862, 633289, 640036, 345152, 345152, 3355026029
876, 3417347, 710972, 738334, 649681, 624852, 346754, 346754, 93250553
875, 3416499, 744557, 703346, 616976, 655924, 347848, 347848, 1621001220
877, 3407424, 710646, 727307, 639741, 623686, 353022, 353022, 1765637324
878, 3411611, 733316, 717010, 629837, 645510, 342969, 342969, 2667504737
879, 3411443, 724010, 721863, 634503, 635903, 347582, 347582, 3178892280
880, 3406806, 717973, 728974, 641187, 631046, 343813, 343813, 4281677936
846, 3418393, 716352, 726392, 639406, 630153, 353045, 353045, 1361702841
881, 3415966, 729074, 721907, 634359, 642290, 344168, 344168, 686076258
884, 3410270, 729144, 719963, 633415, 640670, 343539, 343539, 2448377809
882, 3416847, 742879, 705032, 618918, 655348, 347335, 347335, 595993282
883, 3406250, 732771, 713787, 626837, 645041, 343907, 343907, 1720947451
885, 3416575, 719852, 725919, 638867, 633335, 349301, 349301, 1417541616
886, 3415435, 728592, 722894, 636190, 641559, 343100, 343100, 3872756280
887, 3413600, 726998, 724275, 637080, 640047, 342600, 342600, 3560522546
888, 3409468, 730424, 714007, 627359, 642238, 347720, 347720, 1088561916
889, 3403268, 722805, 715175, 627617, 636143, 350764, 350764, 3088845288
855, 3414555, 735665, 712403, 625624, 647647, 346608, 346608, 1898629689
857, 3412870, 708378, 740339, 651317, 622554, 345141, 345141, 1046757517
891, 3413605, 724023, 726079, 639056, 636293, 344077, 344077, 2118456715
893, 3410713, 720656, 725576, 639368, 634263, 345425, 345425, 2973182289
894, 3412458, 709955, 740934, 652663, 622264, 343321, 343321, 4250089049
896, 3414046, 735163, 716545, 630621, 645895, 342911, 342911, 141871817
895, 3417839, 718670, 727665, 641108, 631602, 349397, 349397, 1078291283
897, 3417089, 714921, 726784, 639139, 628447, 353899, 353899, 626486894
865, 3410675, 718317, 730008, 642627, 631055, 344334, 344334, 2197957766
899, 3400603, 738836, 701586, 614966, 649739, 347738, 347738, 1318553460
898, 3414154, 718623, 733709, 646182, 632498, 341571, 341571, 720605116
864, 3422555, 719979, 737064, 650999, 633109, 340702, 340702, 4074454648
866, 3412360, 723531, 716922, 629401, 636802, 352852, 352852, 3669662893
869, 3407660, 697349, 746930, 658468, 610959, 346977, 346977, 2551411033
901, 3411149, 743423, 700506, 614523, 654519, 349089, 349089, 493985749
902, 3410479, 731193, 714821, 627219, 642750, 347248, 347248, 2297933535
872, 3409359, 749960, 699336, 612360, 660869, 343417, 343417, 534005299
905, 3414196, 733027, 716612, 630069, 646330, 344079, 344079, 1650618840
906, 3409093, 725163, 725420, 637859, 637767, 341442, 341442, 2123420591
907, 3411716, 722731, 719668, 633437, 635696, 350092, 350092, 2211018879
908, 3416057, 725736, 722403, 635459, 638957, 346751, 346751, 4101552489
909, 3417560, 710718, 728224, 641102, 626100, 355708, 355708, 2628490579
910, 3416399, 715043, 733154, 646323, 627859, 347010, 347010, 346573848
911, 3419104, 736282, 712605, 626089, 648786, 347671, 347671, 495881988
913, 3417275, 740587, 712762, 626945, 653103, 341939, 341939, 1213060082
912, 3410540, 734271, 713550, 626526, 646621, 344786, 344786, 146507164
914, 3411836, 732604, 711863, 625037, 645042, 348645, 348645, 1715842341
917, 3411465, 728369, 721008, 633174, 641108, 343903, 343903, 3435090048
918, 3416496, 713425, 738814, 651501, 626770, 342993, 342993, 3122306500
920, 3407268, 725282, 716020, 628339, 637665, 349981, 349981, 2548415667
921, 3415342, 735286, 707269, 621074, 647705, 352004, 352004, 2011863265
923, 3419442, 716817, 731969, 645663, 630351, 347321, 347321, 2018166881
924, 3412938, 719855, 724939, 638381, 632867, 348448, 348448, 4004116658
925, 3415429, 744817, 709031, 622056, 656937, 341294, 341294, 844160109
890, 3411636, 715280, 731678, 643873, 628527, 346139, 346139, 4207701350
926, 3407940, 714307, 731129, 643334, 627656, 345757, 345757, 3394784903
892, 3423832, 719398, 736695, 650365, 633076, 342149, 342149, 1664604764
928, 3421145, 712474, 745402, 658515, 626702, 339026, 339026, 486011085
929, 3419339, 737487, 704409, 619162, 650289, 353996, 353996, 3969702129
930, 3409696, 734161, 713961, 626185, 645967, 344711, 344711, 1568643122
931, 3407521, 713699, 728558, 640674, 626862, 348864, 348864, 2517892306
900, 3407970, 714908, 725294, 637469, 627877, 351211, 351211, 2287719768
933, 3419944, 699584, 753728, 666604, 613392, 343318, 343318, 2409741424
934, 3411000, 704496, 742451, 653439, 618660, 345977, 345977, 1957713232
935, 3412484, 719714, 730474, 642909, 633035, 343176, 343176, 1738133819
936, 3415715, 727944, 722866, 635701, 640820, 344192, 344192, 4237372128
937, 3414834, 730819, 728952, 641463, 643558, 335021, 335021, 2950880871
938, 3406082, 729656, 713171, 625296, 642407, 347776, 347776, 1063813938
903, 3416941, 748109, 697683, 613070, 659223, 349428, 349428, 443929172
939, 3415219, 734145, 714826, 628085, 647235, 345464, 345464, 3240663180
904, 3414688, 716046, 730877, 643100, 629043, 347811, 347811, 344083931
942, 3409126, 710696, 731331, 642853, 624152, 350047, 350047, 4163518286
941, 3417111, 724236, 727423, 640577, 637683, 343596, 343596, 567781624
943, 3414360, 712045, 730131, 642007, 625103, 352537, 352537, 762711462
944, 3412562, 746450, 702404, 616071, 658171, 344733, 344733, 1305363795
945, 3412368, 737041, 710204, 623465, 649122, 346268, 346268, 2955371377
946, 3411761, 724294, 720045, 632927, 637297, 348599, 348599, 3898952643
947, 3407283, 711916, 726747, 639228, 624540, 352426, 352426, 3549995864
948, 3418503, 726647, 724369, 638506, 639549, 344716, 344716, 2495583828
915, 3404609, 723237, 721784, 634066, 635158, 345182, 345182, 3095221930
949, 3405958, 724076, 720044, 632463, 635567, 346904, 346904, 572826646
916, 3407379, 713963, 720951, 633542, 626493, 356215, 356215, 3948323687
951, 3418617, 731695, 716957, 629547, 644882, 347768, 347768, 164191743
950, 3412866, 717922, 728582, 641166, 632134, 346531, 346531, 2676150165
919, 3409872, 708537, 734031, 646787, 621883, 349317, 349317, 3020856726
952, 3409545, 708422, 735219, 647408, 622416, 348040, 348040, 1771252805
922, 3409945, 728681, 715687, 627972, 640559, 348523, 348523, 1066230699
955, 3413765, 728737, 719420, 632695, 641789, 345562, 345562, 1619974501
958, 3422653, 741764, 711273, 625279, 655093, 344622, 344622, 1656432757
957, 3408660, 728756, 712961, 625514, 641639, 349895, 349895, 1181184191
959, 3411350, 732306, 719938, 633715, 643399, 340996, 340996, 2568250272
927, 3415007, 719822, 727366, 640488, 632599, 347366, 347366, 4089641499
963, 3406985, 717106, 730785, 642582, 628424, 344044, 344044, 1378724866
962, 3415012, 735672, 710355, 623617, 649348, 348010, 348010, 4021595806
964, 3407123, 719272, 726630, 638488, 632267, 345233, 345233, 3216997273
932, 3408737, 718828, 728807, 641312, 631256, 344267, 344267, 2138100515
966, 3405688, 725589, 719598, 632380, 637237, 345442, 345442, 77834546
967, 3403920, 731963, 714573, 626313, 644403, 343334, 343334, 2473732356
969, 3409146, 721000, 720319, 633824, 633775, 350114, 350114, 1951445457
970, 3412144, 721509, 721864, 634534, 634313, 349962, 349962, 3089305508
971, 3417004, 736462, 713289, 627071, 649756, 345213, 345213, 673776279
974, 3423015, 729523, 725896, 638768, 642360, 343234, 343234, 3517879753
973, 3418603, 723244, 724032, 636338, 636377, 349306, 349306, 360354240
940, 3409938, 716320, 730440, 642145, 629057, 345988, 345988, 234081540
976, 3414662, 728964, 720825, 633961, 641406, 344753, 344753, 544145923
977, 3408475, 715708, 727741, 640024, 628234, 348384, 348384, 4159042762
978, 3410071, 732638, 711653, 624131, 645449, 348100, 348100, 2341961030
981, 3411790, 729021, 721337, 634598, 641422, 342706, 342706, 2997463908
982, 3414041, 731122, 713720, 626574, 642797, 349914, 349914, 2500464814
983, 3410564, 701316, 744198, 655779, 615317, 346977, 346977, 3411056146
984, 3408161, 730871, 715150, 626941, 643141, 346029, 346029, 846162002
985, 3416182, 725005, 720303, 633816, 637834, 349612, 349612, 646859491
986, 3419994, 687496, 750840, 662034, 602858, 358383, 358383, 1321580206
988, 3413227, 735279, 714749, 627964, 647619, 343808, 343808, 1740471405
987, 3408952, 711142, 740365, 652477, 624002, 340483, 340483, 2165038633
990, 3410446, 715803, 729193, 640289, 629653, 347754, 347754, 4104191220
954, 3414638, 718988, 729496, 641636, 632626, 345946, 345946, 1519769184
989, 3417968, 729315, 716984, 630906, 641507, 349628, 349628, 186301796
953, 3412738, 731661, 716977, 630869, 644521, 344355, 344355, 2516719949
991, 3419810, 746724, 703809, 618147, 658680, 346225, 346225, 4287460592
956, 3412101, 719391, 720974, 634879, 631937, 352460, 352460, 3666410714
992, 3410276, 723160, 723652, 636321, 635181, 345981, 345981, 1531720673
993, 3416554, 739246, 714692, 627886, 652152, 341289, 341289, 476086036
972, 3407979, 709402, 733125, 645884, 621706, 348931, 348931, 119624007
960, 3415472, 725884, 723426, 635840, 638364, 345979, 345979, 1985700493
994, 3419312, 726167, 725067, 637690, 640178, 345105, 345105, 2770499804
961, 3413677, 735996, 709567, 622429, 648121, 348782, 348782, 846501890
996, 3413965, 722596, 724539, 637634, 635224, 346986, 346986, 2299102934
965, 3413762, 729398, 717911, 630824, 642163, 346733, 346733, 2771318143
998, 3417077, 721623, 731001, 643690, 633845, 343459, 343459, 2102572053
975, 3409538, 716980, 722005, 635113, 629792, 352824, 352824, 4143488954
999, 3406527, 721428, 726306, 637531, 634500, 343381, 343381, 1618143431
968, 3413007, 734151, 723595, 636985, 646246, 336015, 336015, 3088212953
979, 3406957, 733528, 712919, 625610, 645662, 344619, 344619, 3320373275
980, 3417661, 707941, 741344, 653715, 621821, 346420, 346420, 934630716
995, 3412863, 712863, 729962, 641621, 627109, 350654, 350654, 3144269510
997, 3410848, 733225, 708106, 620848, 646409, 351130, 351130, 3274480540
