sample_id, N_LCC, N_A_1_LCC, N_B_1_LCC, N_A_0_LCC, N_B_0_LCC, N_A_*_LCC, N_B_*_LCC, seed
4, 2279462, 1341, 1128602, 1127884, 1165, 10235, 10235, 2743604421
2, 2279600, 1333, 1127695, 1127046, 1152, 11187, 11187, 3559224721
5, 2279305, 1372, 1127883, 1127512, 1184, 10677, 10677, 2087602035
11, 2279846, 2907, 1127167, 1126738, 2684, 10175, 10175, 2338464348
7, 2279325, 1170, 1127508, 1127244, 971, 11216, 11216, 2762528579
8, 2280932, 1128902, 1247, 1077, 1128448, 10629, 10629, 2877592227
10, 2281049, 1658, 1127830, 1127347, 1456, 11379, 11379, 551705883
9, 2281017, 1129151, 1098, 907, 1128921, 10470, 10470, 4169538937
6, 2280025, 1288, 1128034, 1127826, 1107, 10885, 10885, 2976497899
13, 2279310, 1195, 1127899, 1127330, 996, 10945, 10945, 29260603
3, 2283541, 1130811, 981, 829, 1130538, 10191, 10191, 3223162637
0, 2279311, 1125939, 1108, 931, 1125723, 12805, 12805, 468063092
17, 2283735, 1582, 1129952, 1129215, 1402, 10792, 10792, 1751298461
1, 2282101, 1129304, 832, 664, 1129117, 11092, 11092, 2410043541
19, 2279359, 1210, 1127899, 1127287, 1029, 10967, 10967, 976042752
14, 2279276, 1127888, 1084, 904, 1127466, 10967, 10967, 3933259975
12, 2280515, 1119369, 9831, 9654, 1119003, 11329, 11329, 4153543393
18, 2280942, 1319, 1128572, 1128377, 1140, 10767, 10767, 3726700604
15, 2281510, 28285, 1100076, 1099761, 28086, 12651, 12651, 3874228884
23, 2281773, 991, 1128760, 1128126, 828, 11534, 11534, 2100160542
22, 2281355, 1050, 1130003, 1129429, 857, 10008, 10008, 2396321709
24, 2282666, 1267, 1130368, 1130026, 1135, 9935, 9935, 4031450804
20, 2281272, 1129940, 1058, 882, 1129652, 9870, 9870, 3266954111
16, 2281272, 1129477, 1288, 1092, 1129259, 10078, 10078, 824037245
21, 2284199, 1131051, 1083, 916, 1130705, 10222, 10222, 658139521
25, 2278960, 999, 1126725, 1126377, 809, 12025, 12025, 2609765728
28, 2281977, 1014, 1130059, 1129669, 833, 10201, 10201, 1850510651
26, 2279630, 1129232, 1117, 925, 1128600, 9878, 9878, 4033260309
29, 2279543, 1379, 1127488, 1127114, 1204, 11179, 11179, 177340789
27, 2280187, 1331, 1127006, 1126798, 1098, 11977, 11977, 2990102159
32, 2277875, 954, 1126169, 1125818, 780, 12077, 12077, 95634453
31, 2281813, 1128695, 1211, 1017, 1128464, 11213, 11213, 3464072926
35, 2281946, 952, 1129534, 1129192, 788, 10740, 10740, 1111843350
30, 2279866, 1127505, 2110, 1916, 1127179, 10578, 10578, 3125475036
33, 2277663, 1123037, 1239, 1043, 1122584, 14880, 14880, 246129244
34, 2281168, 1128193, 2458, 2264, 1127789, 10232, 10232, 3693308384
39, 2279522, 1371, 1128448, 1127878, 1155, 10335, 10335, 1048602730
37, 2278006, 1540, 1126606, 1126348, 1340, 11086, 11086, 995288677
36, 2279489, 1127852, 1453, 1257, 1127463, 10732, 10732, 1834217773
38, 2281386, 1130495, 858, 708, 1129847, 9739, 9739, 2672681829
40, 2279636, 1128428, 1388, 1196, 1128112, 10256, 10256, 1086490352
43, 2279134, 1126298, 1974, 1775, 1125971, 11558, 11558, 4033606919
46, 2279632, 1252, 1128279, 1127914, 1051, 10568, 10568, 357018799
41, 2279976, 1127326, 1779, 1590, 1127101, 11090, 11090, 1451206519
47, 2280893, 1127877, 1292, 1081, 1127391, 11626, 11626, 2038741067
50, 2283164, 1286, 1130090, 1129687, 1087, 10507, 10507, 226908172
42, 2279492, 1127698, 1109, 930, 1127327, 11214, 11214, 2770198206
49, 2278873, 1735, 1126577, 1126331, 1562, 11334, 11334, 3855009094
45, 2278419, 1899, 1126166, 1125956, 1704, 11347, 11347, 1484858183
44, 2278929, 908900, 211549, 211302, 908610, 19284, 19284, 2595998529
48, 2280844, 1126205, 3004, 2808, 1125857, 11485, 11485, 1424972112
51, 2277415, 1127372, 932, 765, 1127064, 10641, 10641, 347743226
52, 2281663, 941, 1129739, 1129400, 761, 10411, 10411, 1010115730
53, 2278066, 2605, 1125148, 1124961, 2416, 11468, 11468, 612246978
54, 2279798, 1122369, 6326, 6129, 1122108, 11433, 11433, 2514283974
55, 2280314, 1128553, 1185, 1021, 1128201, 10677, 10677, 1818584657
57, 2282852, 1225, 1128147, 1127870, 1028, 12291, 12291, 737526355
62, 2279218, 1127965, 1115, 919, 1127393, 10913, 10913, 2659613521
56, 2280019, 705847, 412430, 412216, 705522, 22002, 22002, 3201037407
63, 2281143, 1696, 1128749, 1128397, 1479, 10411, 10411, 1126730188
58, 2279077, 1127536, 1393, 1203, 1127325, 10810, 10810, 1655275071
59, 2279262, 1127146, 1833, 1633, 1126832, 10909, 10909, 4211279433
60, 2281833, 945, 1129812, 1129640, 778, 10329, 10329, 1880937210
65, 2279643, 1127917, 1293, 1099, 1127454, 10940, 10940, 3672346135
61, 2279699, 1127863, 1786, 1589, 1127603, 10429, 10429, 2367822304
64, 2279334, 1127409, 1478, 1307, 1127130, 11005, 11005, 1341105792
67, 2278095, 1657, 1126936, 1126534, 1482, 10743, 10743, 4139740560
68, 2279873, 1128287, 1238, 1035, 1127789, 10762, 10762, 588689131
66, 2278125, 1126221, 1790, 1629, 1125833, 11326, 11326, 413905156
70, 2280435, 1128634, 1183, 1040, 1128164, 10707, 10707, 486886464
73, 2283035, 969, 1130664, 1130269, 789, 10172, 10172, 445477167
71, 2282464, 45033, 1073561, 1073118, 44850, 22951, 22951, 373941483
75, 2281020, 1133, 1128818, 1128511, 960, 10799, 10799, 2639103312
72, 2279887, 1128498, 1027, 830, 1127998, 10767, 10767, 4171468753
69, 2282605, 1227, 41877, 41669, 1048, 1098392, 1098392, 1190495914
78, 2278593, 52638, 1065293, 1064972, 52462, 21614, 21614, 2539143817
79, 2281237, 2021, 1127985, 1127757, 1836, 10819, 10819, 3302004764
74, 2278874, 1062209, 64118, 63897, 1061890, 13380, 13380, 3344973532
80, 2280855, 1127713, 1251, 1099, 1127282, 11755, 11755, 1309270331
83, 2280091, 1321, 1128007, 1127499, 1154, 11055, 11055, 624804504
76, 2281301, 1128893, 1424, 1221, 1128681, 10541, 10541, 140455447
77, 2280009, 1126120, 1378, 1194, 1125863, 12727, 12727, 4157736710
81, 2279341, 1127668, 1139, 948, 1127418, 11084, 11084, 1320208746
86, 2281188, 1305, 1129376, 1128881, 1122, 10252, 10252, 912048101
88, 2279388, 1127826, 1007, 839, 1127362, 11177, 11177, 736245220
82, 2279869, 1128282, 993, 832, 1127930, 10916, 10916, 4129855437
92, 2280591, 3132, 1126166, 1125724, 2925, 11322, 11322, 1067956683
94, 2280951, 1676, 1128438, 1128013, 1488, 10668, 10668, 356248994
87, 2282976, 1129706, 1102, 939, 1129367, 10931, 10931, 913916279
84, 2281083, 162816, 959264, 959070, 162577, 18678, 18678, 1697454658
93, 2278351, 1452, 1127669, 1127351, 1259, 10310, 10310, 3222743583
85, 2280105, 1129152, 944, 780, 1128773, 10228, 10228, 1254297410
89, 2279131, 11967, 1111858, 1111656, 11770, 15940, 15940, 2309343375
91, 2279688, 4814, 1123982, 1123749, 4619, 11262, 11262, 2050962187
90, 2279842, 1127421, 1665, 1453, 1127209, 11047, 11047, 589647664
95, 2278209, 1127227, 1214, 1013, 1126731, 11012, 11012, 111626153
101, 2276916, 20205, 1106696, 1106182, 19997, 11918, 11918, 3310792698
99, 2276561, 1434, 1126127, 1125725, 1243, 11016, 11016, 2380840308
96, 2280080, 1128943, 1360, 1171, 1128596, 10005, 10005, 108133734
102, 2281667, 1338, 1122292, 1121999, 1156, 17441, 17441, 1939205883
97, 2280116, 1127453, 1199, 993, 1127157, 11657, 11657, 3116111972
98, 2281110, 1128984, 1137, 917, 1128640, 10716, 10716, 1831331209
106, 2280607, 1212, 1128110, 1127720, 1047, 11259, 11259, 1150141772
103, 2281302, 1129291, 1044, 861, 1128976, 10565, 10565, 434241315
104, 2280263, 1127951, 1431, 1231, 1127724, 10963, 10963, 2261860456
100, 2281226, 1128317, 1347, 1165, 1128007, 11195, 11195, 2546326023
105, 2281375, 1129299, 1167, 964, 1129097, 10424, 10424, 3165503390
107, 2281215, 2428, 1126584, 1126374, 2225, 11802, 11802, 3835848741
111, 2280458, 1206, 1127891, 1127593, 1022, 11373, 11373, 52571705
108, 2279709, 973987, 150603, 150372, 973675, 15536, 15536, 3995512408
110, 2281296, 1100, 1128650, 1128445, 925, 11088, 11088, 1257506824
109, 2281030, 84737, 1035988, 1035785, 84540, 19990, 19990, 1370801095
113, 2280882, 1128425, 1641, 1465, 1128155, 10598, 10598, 1794211243
112, 2277828, 1126534, 1833, 1639, 1126270, 10776, 10776, 3898082099
116, 2280114, 1205, 1128314, 1127994, 1001, 10800, 10800, 1579592090
114, 2283199, 1130343, 1082, 908, 1130048, 10409, 10409, 3321883051
118, 2282723, 1186, 1129925, 1129545, 1003, 10532, 10532, 2715849220
121, 2281564, 1000, 1129256, 1128787, 801, 10860, 10860, 2242728122
120, 2280468, 1170, 1128367, 1127892, 1017, 11011, 11011, 935055511
123, 2279657, 3613, 1125763, 1125162, 3449, 10835, 10835, 2564662253
122, 2280312, 1457, 1127948, 1127447, 1264, 11098, 11098, 280751987
117, 2280118, 1128813, 1112, 926, 1128481, 10393, 10393, 1280843634
115, 2279633, 463148, 655514, 655362, 462907, 21351, 21351, 2322785306
119, 2276015, 907, 1125918, 1125698, 720, 11386, 11386, 120451391
126, 2280837, 1129712, 921, 751, 1129105, 10174, 10174, 1449247983
124, 2283067, 1130178, 1435, 1242, 1129820, 10196, 10196, 3331175775
128, 2281317, 1128850, 1219, 1041, 1128333, 10937, 10937, 3891488980
129, 2278595, 1127578, 891, 745, 1127087, 11147, 11147, 3391338056
125, 2281119, 1128861, 971, 794, 1128645, 10924, 10924, 3109604667
127, 2278322, 1126837, 1138, 954, 1126651, 11371, 11371, 3937019266
131, 2279816, 1127171, 2017, 1821, 1126959, 10924, 10924, 2480137003
133, 2279192, 1127060, 1106, 929, 1126735, 11681, 11681, 2521446424
130, 2279837, 1128174, 1484, 1281, 1127942, 10478, 10478, 3066784878
132, 2280114, 1128973, 1000, 823, 1128774, 10272, 10272, 2137489951
137, 2281171, 962, 1129720, 1129510, 785, 10097, 10097, 190973021
136, 2279250, 1127583, 1725, 1541, 1127329, 10536, 10536, 454146120
134, 2279346, 1127668, 1385, 1216, 1127291, 10893, 10893, 618215493
135, 2279520, 1124646, 4466, 4274, 1124446, 10844, 10844, 3368212560
138, 2280305, 400825, 716734, 716329, 400565, 22926, 22926, 2571555741
140, 2281001, 1109, 1128871, 1128497, 940, 10792, 10792, 2645468945
141, 2280896, 1070, 1129163, 1128670, 899, 10547, 10547, 517364951
139, 2279313, 1128409, 912, 738, 1127942, 10656, 10656, 2136345747
147, 2279429, 1064, 1128928, 1128521, 896, 10010, 10010, 3735573914
146, 2281081, 1332, 1128205, 1127606, 1118, 11410, 11410, 1997926815
143, 2278753, 1127704, 981, 820, 1127094, 11077, 11077, 2259172592
144, 2282340, 1128476, 1394, 1196, 1128140, 11567, 11567, 2819205663
145, 2279378, 1123497, 2372, 2183, 1123292, 14017, 14017, 879182966
142, 2280171, 1129082, 1438, 1257, 1128692, 9851, 9851, 1525075041
149, 2280733, 1365, 1128223, 1127835, 1180, 11065, 11065, 1152089408
148, 2278510, 1147, 1127634, 1127340, 953, 10718, 10718, 2105811693
152, 2282321, 7786, 1122920, 1122455, 7594, 10783, 10783, 3450916694
151, 2282612, 883, 1130912, 1130343, 694, 9890, 9890, 2973587878
153, 2279452, 1128702, 1081, 889, 1128224, 10278, 10278, 832230828
154, 2279412, 1027, 1128027, 1127740, 878, 10870, 10870, 3771340639
156, 2278772, 1428, 1127523, 1127057, 1218, 10773, 10773, 3493366604
150, 2279718, 1127927, 1302, 1104, 1127633, 10876, 10876, 3104570162
159, 2280385, 1238, 1127857, 1127259, 1027, 11502, 11502, 2877650637
157, 2282570, 1129915, 1220, 1022, 1129709, 10352, 10352, 2540396970
155, 2281379, 1129800, 1096, 935, 1129590, 9979, 9979, 1485858762
161, 2280193, 1127304, 1801, 1596, 1126962, 11265, 11265, 1427479350
165, 2278253, 1613, 1126521, 1126160, 1427, 11266, 11266, 3843593307
164, 2281622, 949, 1128872, 1128663, 770, 11184, 11184, 3342511342
160, 2282650, 1130416, 1158, 982, 1130138, 9978, 9978, 2659562506
158, 2282296, 1129856, 1147, 987, 1129582, 10362, 10362, 1013480455
162, 2280439, 1128042, 1338, 1164, 1127827, 11034, 11034, 3066902881
163, 2276029, 1124992, 1801, 1617, 1124497, 11561, 11561, 3489291082
167, 2278589, 2315, 1124629, 1124291, 2128, 12613, 12613, 540501992
171, 2280909, 1127670, 1235, 1052, 1127354, 11799, 11799, 2106018009
169, 2281588, 1662, 1127853, 1127594, 1459, 11510, 11510, 274147654
168, 2279974, 1128771, 984, 806, 1128555, 10429, 10429, 3981812412
166, 2278767, 1126933, 1034, 866, 1126694, 11620, 11620, 68110112
175, 2280938, 1317, 1128496, 1127969, 1132, 11012, 11012, 1516031482
174, 2280379, 701, 1129130, 1128808, 556, 10592, 10592, 1848154100
170, 2282523, 1129393, 1514, 1306, 1128966, 10672, 10672, 2934081808
172, 2281705, 1129083, 1153, 983, 1128800, 10843, 10843, 4164925151
178, 2278790, 1126272, 1137, 977, 1125816, 12294, 12294, 2783041520
176, 2281513, 1129302, 918, 754, 1129073, 10733, 10733, 3869123533
173, 2278008, 1056901, 67447, 67243, 1056567, 14925, 14925, 2940405607
182, 2281697, 1129502, 1022, 847, 1129036, 10645, 10645, 4114739647
177, 2284607, 931, 1131311, 1131069, 784, 10256, 10256, 2448781267
186, 2278720, 1133, 1128003, 1127473, 953, 10579, 10579, 1715471924
183, 2280669, 1156, 1088269, 1088030, 964, 51125, 51125, 237437813
180, 2280775, 1127370, 1383, 1197, 1127083, 11871, 11871, 2274868197
184, 2281789, 898, 1130238, 1129980, 721, 9976, 9976, 3382267730
179, 2280551, 1122, 1128630, 1128450, 953, 10698, 10698, 3360968263
188, 2280596, 1428, 1117864, 1117493, 1197, 21307, 21307, 3623354148
185, 2278689, 1127259, 1428, 1240, 1126936, 10913, 10913, 530963201
187, 2281290, 1129150, 1239, 1048, 1128919, 10467, 10467, 359209092
181, 2279630, 968553, 153896, 153685, 968208, 17644, 17644, 1184919512
192, 2278405, 1917, 1126385, 1125800, 1739, 11282, 11282, 3479106678
190, 2279099, 1427, 1125874, 1125652, 1228, 12459, 12459, 1075462761
189, 2276118, 1124607, 2578, 2360, 1124341, 11116, 11116, 3985093457
191, 2278586, 1395, 1125795, 1125607, 1177, 12306, 12306, 2769698887
193, 2280797, 1127488, 2450, 2273, 1126872, 10857, 10857, 555513967
196, 2278388, 18500, 1109096, 1108688, 18310, 11897, 11897, 2893227385
194, 2278650, 18534, 1109183, 1108930, 18267, 11868, 11868, 1379655972
195, 2281413, 1128726, 1664, 1480, 1128155, 10694, 10694, 1938203834
198, 2279430, 1603, 1126835, 1126533, 1401, 11529, 11529, 2731668507
197, 2279396, 1127689, 1061, 883, 1127427, 11168, 11168, 964116203
202, 2279969, 1128801, 1194, 1012, 1128050, 10456, 10456, 4002106908
199, 2279955, 1128046, 1124, 958, 1127789, 11019, 11019, 3073692475
205, 2280617, 1116, 1129280, 1128960, 911, 10175, 10175, 675873680
203, 2282334, 1129324, 1633, 1457, 1128920, 10500, 10500, 2813447183
200, 2283040, 1066736, 61070, 60875, 1066437, 13961, 13961, 3385567745
201, 2279621, 1127637, 846, 688, 1127410, 11520, 11520, 74616565
208, 2279310, 1126962, 1175, 992, 1126645, 11768, 11768, 2996991073
206, 2282385, 1343, 1128760, 1128386, 1164, 11366, 11366, 1954960878
207, 2280773, 1128786, 1412, 1233, 1128362, 10490, 10490, 3364949212
204, 2277988, 1058132, 65931, 65752, 1057905, 15134, 15134, 1042252808
209, 2279640, 1128741, 992, 819, 1128540, 10274, 10274, 2885084314
212, 2280744, 1130, 1128923, 1128596, 951, 10572, 10572, 3894688086
211, 2282919, 1441, 1129653, 1129420, 1279, 10563, 10563, 3645887106
210, 2279193, 1128519, 911, 749, 1128272, 10371, 10371, 1522810167
213, 2278394, 1634, 1126955, 1126581, 1452, 10886, 10886, 3410221010
214, 2280041, 1361, 1128442, 1128176, 1192, 10435, 10435, 335415471
217, 2281236, 1051, 1128945, 1128508, 894, 10919, 10919, 17487085
222, 2280957, 2634, 1126831, 1126377, 2439, 11338, 11338, 2842403025
219, 2280258, 1548, 1127789, 1127392, 1371, 11079, 11079, 764299950
215, 2280343, 1189, 1127946, 1127720, 1006, 11241, 11241, 4124608153
224, 2279201, 1127506, 1072, 904, 1127123, 11298, 11298, 236936215
218, 2281968, 1129065, 1668, 1482, 1128839, 10457, 10457, 3185740696
216, 2279013, 1128146, 1248, 1076, 1127929, 10307, 10307, 1956931580
225, 2278203, 1814, 1126228, 1125865, 1624, 11336, 11336, 563942828
220, 2279370, 1278, 1127159, 1126960, 1083, 11445, 11445, 81219010
230, 2278435, 4985, 1122925, 1122263, 4796, 11733, 11733, 199746521
221, 2281869, 928749, 195592, 195358, 928496, 16837, 16837, 2053511239
223, 2282947, 1129928, 910, 754, 1129537, 10909, 10909, 3455200635
227, 2281382, 1129161, 1152, 962, 1128765, 10671, 10671, 2327594134
233, 2281137, 1387, 1128995, 1128587, 1220, 10474, 10474, 219907027
226, 2280332, 1129116, 924, 739, 1128895, 10329, 10329, 358718799
231, 2280364, 998, 1128387, 1128105, 834, 11020, 11020, 3211334232
229, 2280695, 1128043, 1273, 1084, 1127865, 11215, 11215, 438896337
232, 2282446, 1129958, 894, 746, 1129632, 10608, 10608, 234425957
228, 2280049, 1121257, 1231, 1068, 1120987, 17753, 17753, 72333942
234, 2280301, 1128513, 1306, 1110, 1128030, 10671, 10671, 404012512
235, 2281961, 860, 1130007, 1129757, 693, 10322, 10322, 2138593571
238, 2280061, 1212, 1128833, 1128395, 1033, 10294, 10294, 179030934
239, 2283908, 1872, 1127556, 1127279, 1673, 12764, 12764, 1063520490
236, 2279928, 1162, 1128429, 1128240, 979, 10559, 10559, 3363750293
240, 2281818, 1636, 1128468, 1128160, 1436, 11059, 11059, 1688367818
244, 2279391, 1704, 1127494, 1127061, 1488, 10822, 10822, 2331211639
242, 2277264, 1126340, 1834, 1661, 1125649, 10890, 10890, 2907283132
237, 2279512, 1088948, 37398, 37197, 1088675, 13647, 13647, 1984960519
247, 2281766, 1275, 1129923, 1129255, 1083, 10115, 10115, 2543183915
243, 2280818, 1134, 1129120, 1128916, 950, 10349, 10349, 2338335049
241, 2278822, 1128299, 849, 689, 1128007, 10489, 10489, 192224200
250, 2278290, 1538, 1126558, 1126214, 1370, 11305, 11305, 415623262
248, 2280098, 1128747, 1003, 832, 1128484, 10516, 10516, 3671366864
246, 2280424, 1108121, 17072, 16869, 1107888, 15237, 15237, 3214269305
245, 2282069, 1128924, 794, 634, 1128743, 11487, 11487, 479339922
255, 2278666, 1349, 1126736, 1126158, 1209, 11607, 11607, 1978255774
252, 2280920, 1018, 1129478, 1129109, 831, 10242, 10242, 3309673787
249, 2280439, 1128770, 1137, 960, 1128510, 10531, 10531, 843542347
257, 2276203, 2353, 1124864, 1124411, 2147, 11214, 11214, 656708951
253, 2279920, 1086, 1128480, 1128124, 918, 10656, 10656, 1764754515
251, 2279656, 1127172, 1853, 1645, 1126932, 11027, 11027, 2340815146
254, 2279910, 1127651, 1444, 1259, 1127430, 11063, 11063, 2318270645
258, 2281921, 1063, 1129223, 1128659, 886, 11045, 11045, 3406684163
261, 2278545, 1412, 1127359, 1127005, 1201, 10784, 10784, 1479078957
259, 2279903, 1127791, 1333, 1134, 1127397, 11124, 11124, 2288616629
263, 2279134, 1483, 1126694, 1126304, 1289, 11682, 11682, 2771729689
260, 2282658, 817, 1130814, 1130485, 646, 9948, 9948, 210240774
264, 2280854, 1128521, 1082, 882, 1128151, 11109, 11109, 445353030
262, 2280286, 1128013, 1441, 1263, 1127613, 10978, 10978, 3132144758
256, 2282978, 473385, 641902, 641656, 473181, 26427, 26427, 3147888962
271, 2279824, 1458, 1128032, 1127386, 1292, 10828, 10828, 2963988447
266, 2281583, 1128920, 1142, 967, 1128622, 10966, 10966, 1827449507
265, 2279729, 1127988, 1099, 920, 1127718, 11002, 11002, 3356826772
268, 2280871, 1128890, 1267, 1087, 1128479, 10574, 10574, 1361488688
270, 2281415, 1846, 1128537, 1128180, 1652, 10600, 10600, 433335187
269, 2279047, 1293, 1127775, 1127435, 1114, 10715, 10715, 1903466471
267, 2280040, 1127155, 1634, 1450, 1126911, 11445, 11445, 3163277871
273, 2280871, 1126555, 1871, 1689, 1125978, 12389, 12389, 1302774096
272, 2277186, 1122264, 2052, 1860, 1122040, 14485, 14485, 3181963835
274, 2281090, 1128757, 1211, 1009, 1128371, 10871, 10871, 4097639671
275, 2278977, 8994, 1118298, 1118044, 8839, 12401, 12401, 158977847
278, 2282498, 1283, 1129824, 1129539, 1110, 10371, 10371, 2298106157
276, 2277660, 1125691, 1443, 1247, 1125405, 11937, 11937, 3191505362
277, 2280700, 1313, 1128299, 1128019, 1107, 10981, 10981, 3182039372
279, 2281439, 1129184, 1165, 952, 1128694, 10722, 10722, 2912428620
281, 2281119, 2042, 1127971, 1127743, 1825, 10769, 10769, 3876844115
282, 2280013, 1262, 1128325, 1127952, 1076, 10699, 10699, 994509784
280, 2278782, 1127260, 1440, 1250, 1127012, 10910, 10910, 2202583248
285, 2280191, 1263, 1128377, 1128104, 1075, 10686, 10686, 3570385401
283, 2281274, 1128640, 1572, 1408, 1128186, 10734, 10734, 24667921
284, 2280466, 1127922, 996, 814, 1127360, 11687, 11687, 3496065982
287, 2277736, 1455, 1126499, 1126056, 1242, 11242, 11242, 1129567937
288, 2280564, 1128678, 891, 714, 1128087, 11097, 11097, 3729232911
286, 2280988, 1126417, 3588, 3410, 1126053, 10760, 10760, 1726794688
289, 2279928, 1128847, 1205, 1010, 1128204, 10331, 10331, 2449945324
293, 2279158, 1674, 1127467, 1126947, 1480, 10795, 10795, 378289370
290, 2280284, 1129069, 1053, 874, 1128564, 10362, 10362, 3834925834
291, 2281818, 13316, 1115201, 1114833, 13136, 12666, 12666, 3213156017
292, 2281147, 1422, 1128269, 1127765, 1231, 11230, 11230, 279391259
296, 2283066, 1370, 1130580, 1130068, 1186, 9931, 9931, 390395860
297, 2278822, 990, 1128229, 1127848, 813, 10471, 10471, 590674585
294, 2279429, 1321, 1128252, 1128014, 1114, 10364, 10364, 4259256233
298, 2278741, 1071, 1127364, 1127076, 912, 11159, 11159, 918821200
303, 2280290, 907, 1129614, 1129004, 727, 10019, 10019, 1276302497
302, 2280627, 1204, 1128386, 1128029, 1022, 10993, 10993, 2472777973
295, 2280403, 1051155, 76634, 76460, 1050898, 12628, 12628, 1470683121
301, 2282695, 881, 1130485, 1130272, 715, 10171, 10171, 3201429263
300, 2279932, 1801, 1127822, 1127592, 1595, 10561, 10561, 754140916
306, 2280671, 1891, 1128087, 1127665, 1704, 10662, 10662, 3978945790
299, 2280495, 1128353, 1150, 947, 1128147, 10949, 10949, 1294106342
305, 2278145, 1125226, 1691, 1489, 1124987, 12376, 12376, 3300249521
308, 2280189, 1266, 1127394, 1127006, 1083, 11720, 11720, 3620567518
304, 2278914, 1220, 1128129, 1127936, 1025, 10302, 10302, 3190904169
310, 2280698, 1128786, 1081, 900, 1128521, 10705, 10705, 3556951385
314, 2281918, 880, 1126732, 1126446, 714, 13573, 13573, 3537643028
316, 2277885, 1124535, 2747, 2573, 1124082, 11974, 11974, 623035148
313, 2281049, 1129160, 1069, 903, 1128601, 10658, 10658, 4207443534
312, 2280301, 1352, 1128874, 1128514, 1193, 10184, 10184, 1901137567
309, 2278614, 1125903, 2732, 2518, 1125595, 10933, 10933, 3584883563
307, 2282382, 1129431, 937, 766, 1129256, 10996, 10996, 2696624209
315, 2281609, 1117, 1128908, 1128651, 923, 11005, 11005, 1413007338
311, 2280125, 1027148, 100716, 100523, 1026856, 12441, 12441, 1157744783
319, 2280882, 1829, 1127919, 1127468, 1630, 11018, 11018, 2410326927
317, 2279370, 1434, 1126957, 1126718, 1231, 11515, 11515, 3017924647
322, 2280438, 1453, 1126808, 1126273, 1264, 12320, 12320, 2474225151
320, 2281473, 1129809, 1339, 1165, 1129252, 9954, 9954, 352980348
318, 2281513, 1129349, 1315, 1113, 1129018, 10359, 10359, 305085479
323, 2278678, 1248, 1127152, 1126851, 1061, 11183, 11183, 2038758722
329, 2278391, 2737, 1126175, 1125491, 2506, 10741, 10741, 1317323312
324, 2277249, 1061, 1126892, 1126704, 878, 10857, 10857, 1632781971
328, 2279465, 1121001, 5589, 5405, 1120770, 13350, 13350, 412230421
327, 2282307, 1129805, 1107, 937, 1129490, 10484, 10484, 3411136285
326, 2279655, 1069591, 57901, 57704, 1069305, 12577, 12577, 4208840396
325, 2280811, 1127788, 1200, 1004, 1127461, 11679, 11679, 399244716
330, 2278554, 3648, 1124391, 1124050, 3467, 11499, 11499, 3664088026
321, 2280770, 1113061, 12592, 12416, 1112863, 14919, 14919, 1927297817
331, 2280055, 1128073, 1677, 1490, 1127673, 10571, 10571, 301042614
332, 2279851, 988, 1128508, 1128288, 807, 10630, 10630, 3044664842
333, 2281500, 1219, 1128552, 1128361, 1042, 11163, 11163, 1928854657
336, 2283236, 1111, 1130059, 1129581, 931, 10777, 10777, 2811226358
334, 2282461, 1129465, 1975, 1801, 1129076, 10072, 10072, 4032344230
335, 2279749, 1100825, 1263, 1091, 1100410, 38080, 38080, 3704613102
337, 2281788, 3090, 1125732, 1125476, 2912, 12289, 12289, 1716685271
339, 2278856, 1888, 1126535, 1126264, 1673, 11248, 11248, 3178933434
341, 2282296, 1331, 1129390, 1129176, 1145, 10627, 10627, 3757649250
340, 2279717, 1127923, 1034, 848, 1127526, 11193, 11193, 2344800431
338, 2279186, 1123541, 5233, 5038, 1123316, 11029, 11029, 3845723593
346, 2280373, 1162, 1128418, 1128119, 974, 10850, 10850, 1579271979
342, 2279195, 1586, 1126993, 1126778, 1392, 11223, 11223, 33504952
347, 2281059, 957, 1129464, 1129036, 784, 10409, 10409, 1114409792
344, 2280505, 1262, 1128442, 1128237, 1086, 10739, 10739, 3437916623
348, 2279438, 29166, 1096491, 1096226, 28947, 14304, 14304, 2837169512
343, 2278086, 402944, 712624, 712427, 402727, 23682, 23682, 829977763
345, 2278428, 1124515, 3180, 2970, 1124213, 11775, 11775, 3385354761
349, 2279369, 1174, 1127266, 1127068, 993, 11434, 11434, 138353842
350, 2279271, 1128225, 1189, 1003, 1127988, 10433, 10433, 2965369288
351, 2280965, 1526, 1128295, 1128097, 1355, 10846, 10846, 2419836190
353, 2279810, 1379, 1127177, 1126823, 1169, 11631, 11631, 443147397
355, 2281473, 1479, 1128534, 1128187, 1303, 10985, 10985, 160958810
352, 2282398, 1129765, 1214, 1033, 1129458, 10464, 10464, 4039441448
354, 2280037, 1128746, 886, 714, 1128471, 10610, 10610, 3058323093
357, 2279349, 1541, 1127391, 1127094, 1353, 10985, 10985, 2148467293
358, 2278340, 1126725, 1702, 1517, 1126366, 11015, 11015, 2504608348
360, 2281064, 1128924, 1111, 927, 1128694, 10704, 10704, 733167532
362, 2281444, 1331, 1128995, 1128755, 1155, 10604, 10604, 2925094910
365, 2279464, 1126356, 2392, 2205, 1125911, 11300, 11300, 3639800672
361, 2282096, 1099751, 28964, 28778, 1099477, 12563, 12563, 673061147
359, 2279548, 1124202, 4975, 4769, 1124008, 10797, 10797, 306906102
364, 2279918, 1127509, 1320, 1135, 1127082, 11436, 11436, 3100495593
356, 2278478, 640888, 447793, 447522, 640669, 50803, 50803, 2432175868
367, 2281509, 1129345, 1115, 934, 1128981, 10567, 10567, 2748541397
363, 2277438, 1313, 1126462, 1126262, 1121, 11140, 11140, 817063544
366, 2281529, 1129396, 1011, 849, 1129183, 10545, 10545, 3235400681
368, 2278199, 1127388, 1313, 1128, 1127150, 10610, 10610, 4233501709
369, 2279121, 1126918, 2070, 1887, 1126308, 10969, 10969, 3753483870
370, 2279325, 1465, 1128302, 1128075, 1263, 10110, 10110, 679533571
375, 2281004, 1128340, 1174, 1009, 1127815, 11333, 11333, 2704415052
376, 2280941, 1129396, 1121, 939, 1128923, 10281, 10281, 3951963274
373, 2279148, 1127646, 1183, 993, 1127442, 10942, 10942, 3550168471
371, 2280049, 1124311, 1340, 1138, 1123914, 14673, 14673, 3453150080
372, 2280054, 1127078, 1702, 1506, 1126808, 11480, 11480, 863162507
377, 2282133, 1381, 1129666, 1129426, 1190, 10235, 10235, 3074573617
378, 2281094, 1128126, 1798, 1601, 1127809, 10880, 10880, 1853219719
379, 2280331, 2816, 1126564, 1126182, 2643, 11063, 11063, 3296952150
374, 2280304, 1126621, 2865, 2650, 1126272, 10948, 10948, 529799369
380, 2279986, 680, 1129392, 1129162, 522, 10115, 10115, 3155636382
382, 2284374, 1131314, 1037, 876, 1130923, 10112, 10112, 2108719113
381, 2280795, 1128743, 1283, 1090, 1128419, 10630, 10630, 1775223001
384, 2282243, 1128729, 1076, 910, 1128260, 11634, 11634, 1259200016
385, 2278525, 1127699, 1345, 1164, 1127101, 10608, 10608, 2844917591
386, 2280252, 1217, 1129032, 1128732, 1007, 10132, 10132, 3917792606
383, 2279584, 815714, 275206, 274916, 815482, 49133, 49133, 4060980003
389, 2276436, 11570, 1114213, 1113974, 11371, 12654, 12654, 2215837384
388, 2279882, 1286, 1128039, 1127743, 1116, 10849, 10849, 2128590101
390, 2281915, 1129083, 1435, 1255, 1128562, 10790, 10790, 4184861865
387, 2279131, 1126968, 1348, 1162, 1126613, 11520, 11520, 3770658671
391, 2280198, 1230, 1127612, 1127419, 1043, 11447, 11447, 3887852133
393, 2279519, 103253, 1008957, 1008678, 103069, 27781, 27781, 22405302
395, 2278012, 1126508, 1847, 1665, 1125880, 11056, 11056, 2180949750
396, 2278013, 1607, 1126974, 1126565, 1423, 10722, 10722, 281144955
399, 2280491, 1127596, 1489, 1299, 1127311, 11398, 11398, 1926922716
397, 2278479, 1380, 1127319, 1127018, 1186, 10788, 10788, 2960342436
402, 2279047, 1127, 1128301, 1127759, 934, 10463, 10463, 95144456
394, 2279612, 1128300, 1249, 1062, 1128057, 10472, 10472, 395885036
398, 2278937, 1127780, 1382, 1199, 1127454, 10561, 10561, 702890799
400, 2278032, 1125582, 1113, 934, 1125223, 12590, 12590, 3108086549
392, 2278802, 84941, 1029540, 1029290, 84701, 25165, 25165, 3442645857
401, 2279891, 11152, 1117198, 1116995, 10952, 11797, 11797, 3325410451
404, 2280024, 1998, 1126486, 1126155, 1801, 11792, 11792, 3800786958
407, 2282843, 1204, 1129852, 1129485, 1018, 10642, 10642, 345973001
409, 2281424, 1128605, 1353, 1170, 1128142, 11077, 11077, 709492259
403, 2278650, 1091789, 33393, 33221, 1091451, 14398, 14398, 107153278
408, 2281124, 1129854, 1023, 861, 1129376, 10005, 10005, 3737789007
410, 2280949, 1028, 1129770, 1129502, 849, 9900, 9900, 1723948162
406, 2279235, 1128527, 840, 693, 1128131, 10522, 10522, 2001102711
405, 2280217, 1117262, 11413, 11239, 1116489, 11907, 11907, 1180734559
413, 2280937, 1731, 1128176, 1127964, 1518, 10774, 10774, 3507178081
411, 2278747, 1126640, 1081, 896, 1126254, 11938, 11938, 2664668569
414, 2281548, 1129035, 1525, 1309, 1128673, 10503, 10503, 2767383290
418, 2280073, 1127602, 1069, 881, 1127241, 11640, 11640, 3404656215
412, 2282271, 1057187, 69316, 69134, 1056924, 14855, 14855, 3946366955
419, 2280866, 1772, 1127922, 1127664, 1562, 10973, 10973, 1383011166
417, 2280031, 1127598, 1722, 1539, 1127392, 10890, 10890, 1895508296
420, 2282936, 1130335, 1031, 855, 1129767, 10474, 10474, 813980405
415, 2279840, 21755, 1105728, 1105543, 21558, 12628, 12628, 4038818168
421, 2279198, 1128604, 1036, 849, 1128227, 10241, 10241, 1801385394
416, 2277885, 830488, 289871, 289599, 830299, 18814, 18814, 1776897079
424, 2280153, 1128943, 1132, 949, 1128661, 10234, 10234, 3890000075
423, 2279842, 1127982, 998, 828, 1127626, 11204, 11204, 2550776831
425, 2280465, 1126596, 3538, 3336, 1126319, 10338, 10338, 1740385025
422, 2281379, 1075196, 53057, 52855, 1074879, 12696, 12696, 3256296291
429, 2280023, 4956, 1124151, 1123851, 4763, 11151, 11151, 3570980073
428, 2282020, 1103, 1129979, 1129734, 942, 10131, 10131, 2022416122
427, 2281328, 1394, 1128750, 1128452, 1198, 10767, 10767, 1649157120
431, 2280731, 1516, 1128661, 1128321, 1341, 10446, 10446, 3349283387
430, 2280149, 1219, 1128110, 1127753, 1025, 11021, 11021, 2964362403
426, 2279962, 1122310, 5124, 4909, 1121985, 12817, 12817, 408489919
432, 2280633, 2090, 1127931, 1127625, 1933, 10527, 10527, 1831553319
434, 2280439, 1170, 1128458, 1128103, 986, 10861, 10861, 2649266045
436, 2279513, 1128046, 1046, 866, 1127569, 10993, 10993, 1227210471
433, 2280515, 97860, 1027138, 1026858, 97657, 15501, 15501, 3118958708
437, 2278455, 1711, 1127181, 1126894, 1519, 10575, 10575, 869039808
435, 2278598, 1126936, 1221, 1030, 1126567, 11422, 11422, 4277532786
442, 2280072, 1169, 1128863, 1128463, 989, 10294, 10294, 1227284731
439, 2280667, 1129293, 1072, 881, 1128967, 10227, 10227, 4014638904
444, 2280588, 1149, 1128346, 1127771, 966, 11178, 11178, 2382265656
441, 2280054, 2108, 1127625, 1127432, 1921, 10484, 10484, 1382854095
440, 2280463, 951, 1349, 1164, 755, 1138122, 1138122, 1729920598
438, 2280067, 1127937, 1201, 1030, 1127677, 11111, 11111, 2978088083
450, 2281992, 1130685, 966, 813, 1129962, 9783, 9783, 2729020372
443, 2278091, 1126875, 1321, 1128, 1126533, 11117, 11117, 594625818
447, 2278989, 1115117, 1152, 958, 1114694, 23534, 23534, 2930399058
445, 2280253, 1283, 1128133, 1127914, 1091, 10916, 10916, 4028619594
451, 2279769, 1291, 1125395, 1125138, 1103, 13421, 13421, 631676970
448, 2280324, 1128967, 1205, 1054, 1128712, 10193, 10193, 8969800
446, 2282635, 1129962, 1023, 852, 1129698, 10550, 10550, 2933156856
449, 2280198, 1128961, 1106, 928, 1128739, 10232, 10232, 694313715
455, 2279596, 2384, 1116971, 1116542, 2161, 20769, 20769, 3279637508
456, 2282373, 1367, 1129709, 1129290, 1181, 10413, 10413, 4162835263
453, 2277922, 1126051, 1368, 1183, 1125798, 11761, 11761, 70593879
452, 2282332, 1436, 1129131, 1128912, 1255, 10799, 10799, 1533127891
459, 2279678, 1982, 1126456, 1126139, 1773, 11664, 11664, 4199509793
454, 2279287, 1128284, 1311, 1126, 1127930, 10318, 10318, 1037028488
458, 2279168, 1127116, 1178, 999, 1126849, 11513, 11513, 2616919102
460, 2278278, 1127229, 853, 662, 1126812, 11361, 11361, 3656944563
457, 2281298, 1128572, 1259, 1080, 1128271, 11058, 11058, 3868520381
461, 2280600, 954, 1129206, 1128937, 783, 10360, 10360, 2701129661
463, 2279313, 1297, 1127726, 1127488, 1108, 10847, 10847, 4157385992
465, 2281572, 1329, 1128285, 1127845, 1133, 11490, 11490, 2990805010
464, 2278372, 1127180, 1317, 1122, 1126869, 10942, 10942, 2465947380
466, 2278928, 1173, 1127618, 1127065, 986, 11043, 11043, 1324955242
468, 2280967, 1229, 1129686, 1129243, 1031, 9889, 9889, 3283797077
462, 2279417, 1128301, 1074, 886, 1128024, 10566, 10566, 1052399402
471, 2279566, 1416, 1128155, 1127820, 1205, 10485, 10485, 3524330234
469, 2281985, 1129246, 1122, 946, 1128677, 10997, 10997, 183729816
472, 2282707, 1129890, 1242, 1045, 1129554, 10488, 10488, 88994217
467, 2279469, 1128547, 1128, 945, 1128261, 10294, 10294, 2185356823
470, 2277149, 1125796, 1144, 945, 1125478, 11893, 11893, 2308520327
474, 2279753, 1413, 1127894, 1127431, 1217, 10899, 10899, 1842357279
475, 2278376, 1308, 1127813, 1127493, 1116, 10323, 10323, 1363937512
473, 2280782, 1128273, 1449, 1252, 1128006, 10901, 10901, 3785774524
479, 2280320, 1164, 1127671, 1127410, 967, 11554, 11554, 1523873850
478, 2282303, 985, 1129834, 1129513, 811, 10580, 10580, 2248260218
477, 2282473, 1129879, 873, 710, 1129437, 10787, 10787, 3849842623
476, 2280514, 1128232, 1660, 1487, 1127809, 10663, 10663, 1701040271
481, 2279226, 1339, 1127308, 1127034, 1165, 11190, 11190, 3766843603
482, 2281535, 1129540, 1170, 979, 1128888, 10479, 10479, 1396344416
485, 2280130, 1390, 1128570, 1128274, 1196, 10350, 10350, 4063128353
480, 2280078, 1128865, 1134, 957, 1128632, 10245, 10245, 2763588395
483, 2278591, 1126893, 1188, 994, 1126462, 11527, 11527, 2838297594
488, 2285276, 1131042, 1301, 1126, 1130663, 10572, 10572, 2161107974
486, 2278879, 1709, 1126726, 1126494, 1510, 11220, 11220, 882095061
489, 2280609, 1585, 1128758, 1128386, 1396, 10242, 10242, 2924351340
487, 2278838, 151260, 971943, 971693, 151014, 16464, 16464, 2067094945
484, 2278584, 1126728, 1628, 1408, 1126458, 11181, 11181, 331924396
491, 2278656, 1582, 1126800, 1126533, 1391, 11175, 11175, 116476843
493, 2279063, 2713, 1125554, 1125155, 2509, 11566, 11566, 3329644785
490, 2276786, 1127170, 803, 645, 1126754, 10707, 10707, 280346383
492, 2278573, 1324, 1127000, 1126601, 1118, 11265, 11265, 508979343
494, 2281065, 1145, 1128623, 1128047, 970, 11140, 11140, 370536561
495, 2282966, 1130425, 1021, 848, 1129902, 10385, 10385, 1107062624
499, 2278730, 1697, 1127432, 1126805, 1518, 10639, 10639, 2495637319
497, 2282894, 947, 1130453, 1130220, 802, 10236, 10236, 3907175415
498, 2277795, 1448, 1127215, 1126762, 1258, 10556, 10556, 2207713992
500, 2278162, 1127321, 1213, 1019, 1126875, 10867, 10867, 3976814998
501, 2278622, 1127859, 955, 763, 1127477, 10784, 10784, 915494042
506, 2281215, 1355, 1128333, 1128023, 1174, 11165, 11165, 36342453
502, 2278640, 1127467, 1304, 1102, 1127073, 10847, 10847, 577490376
503, 2280402, 1126, 1128437, 1128156, 933, 10875, 10875, 2256511996
496, 2282649, 1130251, 1645, 1459, 1129800, 9747, 9747, 2500397476
505, 2281331, 1962, 1127170, 1126916, 1773, 11755, 11755, 2395900244
504, 2282306, 1129810, 1357, 1173, 1129570, 10198, 10198, 1216687365
507, 2280191, 1186, 1127923, 1127550, 1006, 11263, 11263, 3310845487
509, 2280080, 1147, 1127832, 1127383, 972, 11373, 11373, 3478384585
510, 2280861, 885, 1129601, 1129085, 730, 10280, 10280, 2886733491
508, 2281609, 1116112, 11186, 10983, 1115866, 13731, 13731, 3897052855
511, 2279860, 1554, 1121234, 1120917, 1381, 17387, 17387, 808292598
513, 2280124, 1168, 1128126, 1127813, 999, 11009, 11009, 2307784505
518, 2282681, 1129, 1129360, 1129112, 940, 11070, 11070, 2303328658
517, 2281981, 1129315, 1079, 891, 1128708, 10994, 10994, 83873729
515, 2279801, 1126490, 1245, 1056, 1125962, 12524, 12524, 319043518
512, 2282033, 1129725, 935, 776, 1129493, 10552, 10552, 3404417968
516, 2280916, 1128855, 1407, 1231, 1128431, 10496, 10496, 4233860875
521, 2279690, 963, 1128267, 1127919, 785, 10878, 10878, 3284357068
519, 2281108, 1128384, 1668, 1473, 1128107, 10738, 10738, 3366320812
514, 2282241, 1128398, 1689, 1480, 1128102, 11286, 11286, 3623977556
523, 2279966, 1127, 1128243, 1127924, 964, 10854, 10854, 195129048
522, 2281307, 1128293, 2285, 2075, 1127778, 10438, 10438, 1090014271
524, 2282311, 1488, 1129353, 1129013, 1303, 10577, 10577, 4069858619
520, 2280156, 1128130, 1442, 1265, 1127791, 10764, 10764, 2008270033
527, 2278716, 1548, 1126955, 1126393, 1382, 11219, 11219, 3875547975
529, 2282151, 1096, 1129849, 1129347, 939, 10460, 10460, 3903889659
528, 2280829, 1504, 1128574, 1128233, 1314, 10602, 10602, 445721544
526, 2280029, 1635, 1127432, 1127178, 1424, 11180, 11180, 535849630
531, 2280345, 1030, 1128865, 1128431, 873, 10573, 10573, 2602297390
530, 2279613, 10175, 1118470, 1118113, 9993, 11431, 11431, 26569253
525, 2282666, 1124544, 1848, 1651, 1124357, 15133, 15133, 2875406764
538, 2281133, 1947, 1127546, 1127252, 1766, 11311, 11311, 1870391850
532, 2280590, 1128534, 1448, 1267, 1128189, 10576, 10576, 3502665547
539, 2281159, 1129193, 1627, 1434, 1128385, 10260, 10260, 1178366782
534, 2278140, 1127200, 964, 773, 1127011, 11096, 11096, 2466121714
533, 2278341, 1043860, 81571, 81363, 1043601, 13973, 13973, 1429248045
535, 2280934, 930, 1129490, 1129266, 774, 10237, 10237, 2966001047
537, 2280345, 1631, 1127993, 1127742, 1417, 10781, 10781, 1410375709
541, 2280402, 1301, 1128401, 1128089, 1121, 10745, 10745, 3078367389
536, 2277720, 1125934, 1611, 1416, 1125711, 11524, 11524, 45414835
543, 2282192, 1347, 1129246, 1129041, 1142, 10708, 10708, 2282391379
540, 2281781, 1129477, 1081, 900, 1129185, 10569, 10569, 963672346
542, 2277799, 1126475, 1188, 985, 1126195, 11478, 11478, 3651358781
545, 2281367, 1146, 1129021, 1128691, 967, 10771, 10771, 2498406249
548, 2280642, 929, 1129416, 1128948, 769, 10290, 10290, 1558045452
544, 2281593, 1134, 1128732, 1128369, 964, 11197, 11197, 1492443452
550, 2278648, 1234, 1127303, 1126937, 1042, 11066, 11066, 1567363361
546, 2278330, 1405, 1127098, 1126814, 1219, 10897, 10897, 3631115705
551, 2279238, 1132, 1128234, 1127811, 951, 10555, 10555, 3307732403
549, 2281731, 1128553, 1516, 1332, 1128338, 10996, 10996, 3066895334
553, 2281202, 1161, 1129092, 1128894, 973, 10541, 10541, 1612777463
547, 2280621, 1129175, 999, 804, 1128917, 10363, 10363, 3820495426
552, 2277558, 1082819, 43040, 42833, 1082528, 13169, 13169, 3210789576
556, 2280222, 1036, 1128397, 1128173, 866, 10875, 10875, 49689775
554, 2281154, 6254, 1122946, 1122737, 6061, 11578, 11578, 549409682
558, 2280667, 1516, 1128519, 1128226, 1338, 10534, 10534, 3738422561
559, 2278407, 1236, 1127605, 1127199, 1067, 10650, 10650, 1335793469
555, 2279992, 1058305, 65771, 65563, 1057865, 16244, 16244, 3312645263
560, 2279842, 1254, 1127899, 1127475, 1084, 11065, 11065, 1499172579
557, 2279284, 1178, 1127415, 1127144, 991, 11278, 11278, 1851311265
562, 2278647, 2031, 1126384, 1126061, 1839, 11166, 11166, 3678389056
565, 2280653, 1658, 1128509, 1127921, 1497, 10534, 10534, 131615334
567, 2277193, 1081, 1126677, 1126120, 909, 11203, 11203, 413354331
571, 2282062, 1070, 1129060, 1128601, 897, 11217, 11217, 2277499436
564, 2281851, 1013, 1128846, 1128635, 849, 11254, 11254, 3749363135
561, 2280945, 1128123, 1521, 1328, 1127705, 11134, 11134, 3359144609
570, 2280825, 1657, 1127224, 1126903, 1443, 11799, 11799, 432066928
566, 2277927, 1181, 1127614, 1127360, 986, 10393, 10393, 1583279931
563, 2280418, 1128280, 1031, 838, 1128065, 11102, 11102, 1806473820
569, 2281569, 1128886, 971, 808, 1128512, 11196, 11196, 3809678016
568, 2278329, 1277, 1125965, 1125748, 1075, 12132, 12132, 2310791442
572, 2278926, 876, 1128454, 1128215, 697, 10342, 10342, 2082158919
579, 2278908, 1621, 1127410, 1126780, 1429, 10834, 10834, 8034391
573, 2280034, 157106, 963793, 963596, 156893, 19323, 19323, 1235536040
576, 2280275, 1128395, 1686, 1495, 1127981, 10359, 10359, 745361746
582, 2282606, 1787, 1129144, 1128742, 1609, 10662, 10662, 3835248654
575, 2280272, 42572, 1086072, 1085787, 42409, 11716, 11716, 379144296
583, 2279799, 1153, 1127777, 1127262, 947, 11330, 11330, 1356828517
574, 2282146, 2515, 1128586, 1128395, 2324, 10163, 10163, 2525295561
577, 2279186, 1128165, 1069, 868, 1127704, 10690, 10690, 2938797803
578, 2282417, 1129934, 1035, 845, 1129659, 10472, 10472, 1213335437
581, 2278884, 1127288, 1067, 881, 1127062, 11293, 11293, 3412644689
580, 2279356, 1128091, 884, 725, 1127886, 10885, 10885, 1004710482
584, 2278711, 1126875, 1580, 1395, 1126609, 11126, 11126, 4106986274
592, 2276706, 1125800, 1262, 1074, 1125110, 11730, 11730, 3023335817
586, 2278361, 932, 1127698, 1127471, 768, 10746, 10746, 306032648
587, 2281859, 1279, 1129223, 1128883, 1090, 10692, 10692, 4174021384
591, 2280736, 1249, 1127611, 1127325, 1071, 11740, 11740, 3904891601
594, 2280970, 1129, 1127872, 1127344, 927, 11849, 11849, 606178946
585, 2277735, 1238, 1126325, 1126097, 1037, 11519, 11519, 3773888997
593, 2281603, 1128977, 1220, 1025, 1128497, 10942, 10942, 2463651840
588, 2278030, 1126397, 1380, 1193, 1125990, 11535, 11535, 1620081786
595, 2278701, 1127304, 1109, 929, 1126791, 11284, 11284, 2863176996
590, 2279484, 1128076, 1330, 1113, 1127745, 10610, 10610, 2029867362
589, 2278976, 1104596, 23433, 23249, 1104408, 11645, 11645, 3732414656
601, 2279069, 1754, 1126308, 1125842, 1555, 11805, 11805, 1348515670
597, 2279224, 1142, 1128300, 1127779, 961, 10521, 10521, 3467904293
596, 2277816, 1122504, 4438, 4251, 1122069, 12277, 12277, 2610110702
598, 2277860, 1126415, 1224, 1018, 1125867, 11668, 11668, 3500034343
599, 2279879, 1128475, 1310, 1134, 1128258, 10351, 10351, 3759450148
602, 2279093, 1420, 1127318, 1127021, 1240, 11047, 11047, 3583842940
603, 2280911, 1304, 1128774, 1128560, 1133, 10570, 10570, 3950804122
604, 2281495, 1125389, 4750, 4570, 1124760, 11013, 11013, 2169509059
606, 2279188, 1149, 1127391, 1126913, 973, 11381, 11381, 1989719833
600, 2279835, 829452, 292617, 292413, 829247, 18053, 18053, 3685032502
607, 2277997, 2132, 1126534, 1126275, 1940, 10558, 10558, 1940279142
608, 2278097, 1075, 1127542, 1126943, 883, 10827, 10827, 3863714892
610, 2280705, 881, 1128989, 1128598, 703, 10767, 10767, 1529773133
612, 2278503, 1051, 1127101, 1126697, 868, 11393, 11393, 2201288568
609, 2278561, 1348, 1127399, 1127040, 1158, 10808, 10808, 1487084775
605, 2282261, 320209, 792134, 791912, 320018, 28994, 28994, 771731092
611, 2282417, 1128423, 1898, 1690, 1128134, 11136, 11136, 1996997419
614, 2279789, 1126372, 2369, 2182, 1125928, 11469, 11469, 3592134000
615, 2280525, 1128584, 888, 725, 1128142, 11093, 11093, 1992320022
613, 2279908, 1128476, 1147, 950, 1128253, 10541, 10541, 1040250778
616, 2280612, 1127182, 923, 753, 1126878, 12438, 12438, 1216644296
623, 2279892, 1176, 1128378, 1127729, 977, 10816, 10816, 1855693966
618, 2280475, 1128379, 1114, 932, 1128064, 10993, 10993, 2367072972
622, 2279165, 1312, 1128055, 1127755, 1103, 10470, 10470, 23682363
617, 2279240, 1128082, 1095, 927, 1127860, 10638, 10638, 3409313646
619, 2280520, 1128892, 1326, 1140, 1128478, 10342, 10342, 71370428
621, 2280760, 1402, 1128692, 1128448, 1204, 10507, 10507, 1974571110
625, 2279277, 46215, 1078341, 1077897, 46014, 15405, 15405, 3678635134
626, 2280679, 1128528, 1075, 931, 1127827, 11159, 11159, 199324628
620, 2278682, 1126040, 1629, 1419, 1125638, 11978, 11978, 1917198151
628, 2279354, 1491, 1128259, 1127940, 1316, 10174, 10174, 2032568050
624, 2279981, 1128972, 1049, 858, 1128660, 10221, 10221, 563113228
627, 2280314, 1157, 1128802, 1128567, 968, 10410, 10410, 3648500370
629, 2282039, 1127875, 1004, 834, 1127534, 12396, 12396, 1187041112
630, 2280799, 1128527, 1455, 1267, 1127930, 10810, 10810, 2716826477
636, 2283262, 871, 1131281, 1130814, 700, 9798, 9798, 2595057454
637, 2279806, 1177, 1128623, 1128289, 993, 10362, 10362, 2592933629
631, 2278202, 1126553, 1621, 1448, 1126348, 11116, 11116, 4002701691
638, 2279406, 1184, 1128448, 1127996, 1006, 10386, 10386, 3735396686
639, 2280355, 1009, 1129006, 1128618, 832, 10445, 10445, 2650045176
634, 2279106, 891150, 227981, 227762, 890909, 20652, 20652, 3749729001
640, 2278696, 1546, 1126716, 1126408, 1344, 11341, 11341, 3857285622
632, 2279953, 1127387, 1139, 955, 1127202, 11635, 11635, 2039413688
633, 2279815, 1128131, 1397, 1184, 1127895, 10604, 10604, 4058231556
635, 2278936, 865140, 254690, 254469, 864737, 19950, 19950, 1308596311
644, 2280572, 1065, 1129195, 1128856, 888, 10284, 10284, 4266106602
641, 2278245, 1028565, 96587, 96384, 1028189, 14260, 14260, 893623360
643, 2279552, 1439, 1128604, 1128258, 1231, 10010, 10010, 2060700135
646, 2279302, 1128257, 1011, 821, 1127827, 10693, 10693, 1032464913
642, 2278166, 1127274, 1249, 1071, 1127058, 10757, 10757, 1139235468
647, 2280971, 100945, 999259, 998918, 100783, 40533, 40533, 3414906391
648, 2280945, 1128305, 1303, 1123, 1127894, 11160, 11160, 3871215841
650, 2280037, 1123, 1128130, 1127894, 944, 10973, 10973, 2205668507
652, 2279745, 1023, 1128482, 1128126, 842, 10636, 10636, 3468252421
651, 2280472, 1253, 1128777, 1128385, 1093, 10482, 10482, 2829238183
654, 2279744, 1310, 1127589, 1127029, 1126, 11345, 11345, 3101336425
649, 2278840, 1128028, 1410, 1225, 1127535, 10321, 10321, 1018513627
653, 2281275, 1103, 1129322, 1128935, 923, 10496, 10496, 1635719275
645, 2279371, 1127270, 1781, 1552, 1127044, 10862, 10862, 206435759
655, 2279774, 1128227, 926, 742, 1127965, 10957, 10957, 2875552019
656, 2280343, 1127962, 1043, 857, 1127631, 11425, 11425, 3654659357
664, 2280047, 1569, 1128128, 1127575, 1371, 10702, 10702, 2584551441
658, 2280224, 1470, 1128108, 1127929, 1279, 10719, 10719, 4056680013
663, 2281559, 931, 1129430, 1129118, 748, 10666, 10666, 2523844757
657, 2279014, 1260, 1127885, 1127647, 1082, 10570, 10570, 2811978646
659, 2277760, 1120440, 1412, 1204, 1120152, 17276, 17276, 4126250042
665, 2281906, 1128889, 1797, 1575, 1128363, 10641, 10641, 168149940
661, 2280350, 1128521, 1036, 880, 1128201, 10856, 10856, 2260669662
662, 2281714, 1047, 1114009, 1113739, 883, 26018, 26018, 3421188790
666, 2278716, 1430, 1127361, 1127033, 1238, 10827, 10827, 404645358
660, 2279619, 1126705, 1624, 1437, 1126321, 11766, 11766, 254360840
673, 2279154, 1492, 1126952, 1126462, 1314, 11467, 11467, 2117768470
667, 2279146, 1127457, 1258, 1080, 1127205, 11073, 11073, 1881460051
675, 2278926, 1358, 1127007, 1126518, 1165, 11439, 11439, 3160272676
676, 2278642, 1210, 1127453, 1126962, 1013, 11002, 11002, 3077401809
674, 2278667, 1298, 1127801, 1127549, 1095, 10462, 10462, 1735201329
668, 2280840, 1170, 1129344, 1129127, 989, 10105, 10105, 3869066185
670, 2278961, 1128055, 1209, 1006, 1127713, 10489, 10489, 4294343889
671, 2278683, 1125222, 2735, 2522, 1124884, 11660, 11660, 2017420363
669, 2279680, 1127873, 1168, 984, 1127673, 10991, 10991, 988028550
672, 2280249, 1898, 1125684, 1125508, 1723, 12718, 12718, 2878512099
677, 2280573, 1129157, 1047, 866, 1128863, 10320, 10320, 2964861852
682, 2282282, 1274, 1130162, 1129681, 1083, 10041, 10041, 948469323
680, 2281935, 903, 1129153, 1128735, 732, 11206, 11206, 3882652117
678, 2279003, 1128060, 1174, 987, 1127662, 10560, 10560, 3793155292
681, 2278999, 1127550, 1151, 969, 1127197, 11066, 11066, 4252348137
685, 2282055, 1129543, 1219, 1033, 1128982, 10639, 10639, 976954072
683, 2277339, 1126534, 1459, 1281, 1126213, 10926, 10926, 2297524435
688, 2278764, 1499, 1127264, 1126738, 1331, 10966, 10966, 489539406
679, 2279739, 1128176, 1146, 948, 1127931, 10769, 10769, 3859927846
684, 2279888, 1128489, 1303, 1123, 1128087, 10443, 10443, 2603320297
686, 2282035, 1128179, 1304, 1097, 1127957, 11749, 11749, 369155837
693, 2281846, 1380, 1129736, 1129357, 1191, 10091, 10091, 774013124
687, 2278857, 1127128, 1564, 1384, 1126857, 10962, 10962, 2291847473
689, 2280310, 1252, 1128294, 1128043, 1051, 10835, 10835, 253266883
691, 2279296, 1127647, 1635, 1437, 1127439, 10569, 10569, 3593942326
690, 2278756, 1126406, 1785, 1572, 1126193, 11400, 11400, 4051880402
696, 2280647, 1128172, 1241, 1057, 1127811, 11183, 11183, 3472261607
697, 2280034, 1128292, 1128, 923, 1127857, 10917, 10917, 166042429
698, 2280762, 1128279, 1667, 1473, 1127821, 10761, 10761, 1396628842
692, 2281156, 1271, 1128895, 1128712, 1078, 10600, 10600, 76181285
699, 2280372, 2086, 1127017, 1126576, 1877, 11408, 11408, 3868774163
694, 2280053, 1127784, 1109, 934, 1127518, 11354, 11354, 1658112449
695, 2279736, 1128193, 1529, 1314, 1127882, 10409, 10409, 3478938723
704, 2283480, 1222, 1129419, 1128991, 1048, 11400, 11400, 1455670997
703, 2281268, 1129331, 1065, 875, 1128853, 10572, 10572, 655909413
700, 2279683, 1128800, 1047, 867, 1128519, 10225, 10225, 37706641
706, 2279630, 29116, 1099437, 1099102, 28869, 11553, 11553, 454649796
702, 2280250, 1128641, 1120, 942, 1128343, 10602, 10602, 1605388332
701, 2279810, 1128625, 1076, 904, 1128365, 10420, 10420, 824640758
707, 2279940, 1127977, 1011, 810, 1127718, 11212, 11212, 1655980812
705, 2278927, 926871, 191710, 191452, 926346, 21274, 21274, 1919357660
709, 2281652, 1129604, 1473, 1284, 1129135, 10078, 10078, 2005268653
711, 2280940, 1196, 1129182, 1128839, 991, 10366, 10366, 2840619692
708, 2282630, 1129638, 1258, 1084, 1129452, 10599, 10599, 2696464497
710, 2277644, 1126689, 1218, 1031, 1126414, 11146, 11146, 2355612094
713, 2279835, 1204, 1128202, 1127920, 1009, 10750, 10750, 1857796026
712, 2277936, 1123175, 1369, 1144, 1122732, 14758, 14758, 3712912852
715, 2279060, 1127428, 1365, 1186, 1127167, 10957, 10957, 706984577
716, 2282385, 1130008, 980, 815, 1129590, 10496, 10496, 2907775414
717, 2279032, 1127823, 1500, 1278, 1127211, 10610, 10610, 1808739065
714, 2278463, 1126300, 1759, 1571, 1126057, 11388, 11388, 996212783
722, 2281606, 1323, 1128662, 1128226, 1153, 11121, 11121, 827937191
718, 2279676, 1530, 1128307, 1128060, 1349, 10215, 10215, 3510016178
719, 2283950, 1167, 1130697, 1130463, 1011, 10306, 10306, 1177815791
724, 2280168, 1097, 1128593, 1128338, 942, 10599, 10599, 1211305096
721, 2279651, 1128373, 1019, 830, 1128085, 10672, 10672, 67797367
723, 2276848, 1590, 1125779, 1125480, 1377, 11311, 11311, 1074633587
725, 2281989, 1129304, 1283, 1099, 1129069, 10617, 10617, 3619567020
720, 2279664, 1028, 1128404, 1128216, 868, 10574, 10574, 2429169014
726, 2280751, 1705, 1128457, 1128212, 1515, 10431, 10431, 4069476431
730, 2281184, 961, 1128889, 1128701, 773, 10930, 10930, 1116497870
727, 2280331, 1119762, 8373, 8200, 1119298, 12349, 12349, 15759143
734, 2278520, 3296, 1125252, 1124688, 3106, 11089, 11089, 3827094248
733, 2282815, 907, 1130657, 1130109, 746, 10198, 10198, 2213863709
728, 2280394, 1001451, 125800, 125603, 1001014, 13263, 13263, 3864670525
732, 2280209, 1128691, 962, 794, 1128214, 10774, 10774, 4066855707
731, 2277436, 1126184, 1522, 1328, 1125880, 11261, 11261, 2075563900
735, 2280055, 1128833, 903, 731, 1128370, 10609, 10609, 3549502870
729, 2280321, 1049592, 72535, 72349, 1049307, 18269, 18269, 2068697988
740, 2280173, 898, 1129335, 1128777, 729, 10217, 10217, 1586596086
736, 2280050, 1119, 1128655, 1128383, 957, 10468, 10468, 36250170
738, 2280203, 1286, 1128151, 1127805, 1075, 10943, 10943, 3493215660
737, 2276682, 3208, 1123618, 1123356, 3026, 11737, 11737, 5291627
744, 2281743, 1129015, 1398, 1203, 1128561, 10783, 10783, 1116315598
741, 2278691, 1127627, 1406, 1203, 1127215, 10620, 10620, 1921635120
745, 2277481, 1039, 1127365, 1126971, 860, 10623, 10623, 2849221155
746, 2280635, 1352, 1128130, 1127806, 1163, 11092, 11092, 3305205919
748, 2282294, 1264, 1130095, 1129637, 1076, 10111, 10111, 353614473
742, 2283079, 1130828, 815, 637, 1130573, 10113, 10113, 3992343410
739, 2280228, 980, 1128133, 1127814, 791, 11255, 11255, 1614238335
743, 2280673, 1127721, 1603, 1413, 1127476, 11230, 11230, 423675537
749, 2280829, 1128933, 1382, 1171, 1128481, 10431, 10431, 1677255605
750, 2278594, 1810, 1126447, 1126097, 1638, 11301, 11301, 2786131358
747, 2278281, 1127424, 1112, 925, 1127084, 10868, 10868, 425072698
758, 2282366, 1144, 1130258, 1129706, 956, 10151, 10151, 4135582633
751, 2282113, 1441, 1128759, 1128510, 1225, 11089, 11089, 233146817
753, 2279354, 1487, 1126459, 1126237, 1283, 11944, 11944, 1645602931
755, 2279989, 1141, 1129385, 1129025, 960, 9739, 9739, 62278045
757, 2281674, 1171, 1128890, 1128646, 979, 10994, 10994, 3470475519
756, 2281602, 1129029, 1184, 960, 1128755, 10837, 10837, 504728124
752, 2280455, 1128598, 936, 766, 1128389, 10883, 10883, 612940492
759, 2280533, 1165, 1128640, 1128423, 975, 10665, 10665, 1545840106
760, 2278325, 1121766, 5549, 5380, 1121356, 12137, 12137, 1518311520
754, 2277689, 314488, 789721, 789513, 314221, 34873, 34873, 1483535514
761, 2280663, 1099, 1127104, 1126871, 917, 12336, 12336, 3171891331
762, 2279563, 1127327, 1067, 862, 1127163, 11572, 11572, 819487706
766, 2279648, 1128134, 1251, 1035, 1127650, 10789, 10789, 1184751004
765, 2281676, 1017, 1129891, 1129426, 836, 10253, 10253, 243348342
763, 2279505, 1127656, 933, 758, 1127114, 11522, 11522, 216594067
767, 2280224, 1118825, 8170, 7989, 1118480, 13380, 13380, 1961995422
764, 2276899, 1123993, 2066, 1852, 1123752, 12618, 12618, 1386285098
770, 2281507, 1129596, 1055, 887, 1129287, 10341, 10341, 1388445632
771, 2279538, 1128662, 1157, 972, 1128297, 10225, 10225, 1594407747
769, 2282069, 1129221, 1805, 1644, 1128621, 10389, 10389, 1848699696
772, 2279848, 1128738, 1152, 984, 1128136, 10419, 10419, 3113842565
773, 2278933, 1117518, 9682, 9490, 1117149, 12547, 12547, 2768022348
774, 2281444, 1015, 1128332, 1128006, 819, 11636, 11636, 423292467
768, 2281832, 924633, 198799, 198567, 924429, 17702, 17702, 2163422579
776, 2279986, 1128974, 1582, 1409, 1128509, 9756, 9756, 244529684
775, 2282452, 1148, 1130519, 1130197, 970, 9809, 9809, 3787771920
778, 2278114, 1379, 1127098, 1126478, 1147, 11006, 11006, 943294698
780, 2280513, 1237, 1128041, 1127714, 1033, 11244, 11244, 870692664
777, 2278591, 1238, 1126883, 1126512, 1068, 11445, 11445, 1827441422
779, 2280556, 1372, 1128523, 1128284, 1211, 10583, 10583, 2166946180
782, 2278713, 115961, 950992, 950688, 115724, 72674, 72674, 2906508743
784, 2278313, 1126770, 1334, 1141, 1126352, 11358, 11358, 1479016168
786, 2280802, 987, 1130014, 1129754, 827, 9610, 9610, 3572056879
788, 2279423, 1444, 1127239, 1126876, 1256, 11304, 11304, 2205235095
781, 2279796, 1128913, 1390, 1198, 1128713, 9791, 9791, 1165378976
783, 2279703, 909, 1128189, 1127977, 748, 10940, 10940, 1838666272
789, 2278510, 1056, 1128264, 1127961, 881, 10174, 10174, 1610564004
785, 2278565, 1127678, 1257, 1077, 1127497, 10528, 10528, 473300695
787, 2279201, 1127941, 890, 715, 1127591, 11032, 11032, 459051932
792, 2279406, 1127865, 1368, 1193, 1127298, 10841, 10841, 105904213
793, 2280397, 1404, 1128241, 1127999, 1195, 10779, 10779, 1639750995
796, 2279942, 1014, 1129010, 1128582, 856, 10240, 10240, 105552469
791, 2279790, 1128411, 1060, 900, 1128193, 10613, 10613, 78121736
790, 2278643, 1126963, 1272, 1078, 1126726, 11302, 11302, 536812832
794, 2279001, 1125898, 2134, 1939, 1125542, 11744, 11744, 237863450
798, 2279505, 1124, 1128334, 1127915, 948, 10592, 10592, 672254178
795, 2278773, 1127687, 1211, 1000, 1127399, 10738, 10738, 3104502038
801, 2278573, 1115830, 11686, 11496, 1115521, 12020, 12020, 3306559657
800, 2278114, 1258, 1126413, 1126176, 1057, 11605, 11605, 3580331810
802, 2277170, 1126548, 985, 793, 1126120, 11362, 11362, 2934195343
797, 2280127, 1063379, 62874, 62688, 1063128, 14029, 14029, 2831632133
799, 2281328, 1129054, 1079, 890, 1128785, 10760, 10760, 1512393401
805, 2281151, 1746, 1127871, 1127623, 1551, 11180, 11180, 979273968
806, 2280480, 1220, 1099577, 1099346, 1053, 39642, 39642, 465843571
804, 2280571, 1127995, 1304, 1124, 1127680, 11234, 11234, 643757368
803, 2283163, 1130320, 1028, 855, 1130046, 10457, 10457, 108338200
808, 2280608, 1128192, 1528, 1319, 1127963, 10803, 10803, 3206318673
807, 2281178, 1128485, 1312, 1151, 1128002, 11114, 11114, 2133277761
812, 2281571, 1129275, 1253, 1075, 1128798, 10585, 10585, 1191172700
817, 2281534, 1033, 1129398, 1128966, 843, 10647, 10647, 3293627568
818, 2280361, 1126, 1127731, 1127242, 934, 11664, 11664, 882862088
810, 2283284, 1130328, 1256, 1063, 1130045, 10296, 10296, 3411844515
820, 2280473, 1085, 1128963, 1128517, 908, 10500, 10500, 2100840607
811, 2278754, 1126557, 1607, 1406, 1126326, 11429, 11429, 1289581323
814, 2279487, 1127452, 1378, 1197, 1127058, 11201, 11201, 55583311
809, 2282264, 1129562, 1609, 1400, 1129269, 10212, 10212, 2984276242
815, 2280706, 1127728, 1221, 1020, 1127449, 11644, 11644, 3281797229
813, 2281412, 1067639, 53027, 52848, 1067438, 20230, 20230, 4177498771
816, 2282110, 1128929, 1908, 1702, 1128603, 10484, 10484, 855772570
824, 2280249, 1966, 1127608, 1127346, 1785, 10772, 10772, 3591102271
822, 2279741, 1125778, 1352, 1173, 1125352, 13043, 13043, 2184125084
828, 2276910, 1078, 1127796, 1127184, 902, 9975, 9975, 3611361070
819, 2278886, 1127100, 1637, 1453, 1126708, 10994, 10994, 1285150231
823, 2280580, 1357, 1128491, 1128225, 1179, 10664, 10664, 684291216
821, 2277816, 1122082, 5932, 5739, 1121873, 11095, 11095, 1252814797
825, 2280526, 1127222, 1651, 1442, 1126901, 11655, 11655, 2027900263
826, 2281557, 1129245, 1471, 1267, 1129040, 10267, 10267, 1121462732
829, 2279541, 1098752, 1166, 983, 1098486, 40077, 40077, 1363260600
831, 2281566, 1128735, 1393, 1217, 1128231, 10995, 10995, 4172138174
827, 2279743, 1126494, 1906, 1694, 1126235, 11707, 11707, 1287027662
830, 2281926, 1129056, 1167, 953, 1128710, 11020, 11020, 2990945774
833, 2279833, 1127648, 1682, 1469, 1127222, 10906, 10906, 1754300491
832, 2276453, 1126180, 1254, 1096, 1125775, 11074, 11074, 3526114852
839, 2279961, 1773, 1127552, 1127049, 1599, 10994, 10994, 3376429757
837, 2282249, 2437, 1128468, 1128239, 2263, 10421, 10421, 1958973270
835, 2279341, 1126953, 1840, 1632, 1126636, 11140, 11140, 271397946
840, 2281285, 1410, 1129009, 1128524, 1232, 10555, 10555, 7197127
836, 2280136, 1125900, 2604, 2423, 1125691, 11759, 11759, 385277552
834, 2280870, 832892, 244105, 243873, 832688, 63656, 63656, 2173356662
838, 2280002, 1128342, 1415, 1215, 1128094, 10468, 10468, 2563610812
843, 2279763, 1955, 1125131, 1124769, 1756, 13076, 13076, 3219746511
844, 2279094, 1126019, 1504, 1323, 1125834, 12207, 12207, 2001597933
845, 2279809, 1128792, 1183, 987, 1128343, 10252, 10252, 1041857729
842, 2282329, 1130200, 1387, 1174, 1130024, 9772, 9772, 4100822929
841, 2280279, 1114435, 14094, 13918, 1114090, 11871, 11871, 3478717015
850, 2280757, 1117573, 11256, 11044, 1117034, 11925, 11925, 3942963996
847, 2279437, 1125626, 920, 751, 1125166, 13487, 13487, 3135773384
848, 2281660, 1135, 1129530, 1129276, 965, 10377, 10377, 2940601938
846, 2278824, 1127076, 1725, 1520, 1126625, 10939, 10939, 3288991463
849, 2280479, 1128567, 1030, 853, 1128279, 10875, 10875, 3997113155
851, 2279221, 6514, 1120532, 1120181, 6330, 12832, 12832, 2934961760
852, 2279626, 1128473, 1061, 881, 1128135, 10538, 10538, 2934621123
853, 2278230, 59010, 1066590, 1066373, 58821, 13718, 13718, 2853358863
856, 2281388, 1011, 1129433, 1129152, 844, 10474, 10474, 3842249664
854, 2279350, 1314, 1125361, 1125150, 1143, 13191, 13191, 3848723915
855, 2281201, 1087, 1128448, 1128161, 887, 11309, 11309, 4211051341
857, 2278517, 1145, 1127491, 1127108, 965, 10904, 10904, 3712663461
859, 2278323, 1127371, 1101, 933, 1126934, 10992, 10992, 773426312
858, 2279967, 1154, 1127803, 1127562, 976, 11236, 11236, 354641720
860, 2281032, 1128222, 1171, 987, 1127828, 11412, 11412, 2322235730
863, 2281027, 1129043, 1050, 883, 1128575, 10738, 10738, 425608376
861, 2280628, 1215, 1127951, 1127749, 1015, 11349, 11349, 2230494821
862, 2278690, 1726, 1126444, 1126227, 1525, 11384, 11384, 4241039618
867, 2280024, 1296, 1128331, 1127750, 1101, 10773, 10773, 1181915351
866, 2280883, 2334, 1128185, 1127951, 2155, 10129, 10129, 2805338567
869, 2279121, 1580, 1127336, 1127003, 1414, 10894, 10894, 115288475
871, 2279346, 1844, 1127597, 1126926, 1639, 10670, 10670, 3265251165
865, 2279234, 1128059, 1119, 928, 1127808, 10660, 10660, 1289060969
864, 2278829, 1129009, 763, 599, 1128528, 9965, 9965, 1319597662
868, 2279593, 1128094, 1309, 1141, 1127821, 10614, 10614, 1722181852
872, 2278913, 1590, 1126781, 1126213, 1365, 11482, 11482, 759635654
874, 2281616, 7308, 1123172, 1122726, 7102, 10654, 10654, 1783616451
870, 2280009, 1088, 1127057, 1126810, 918, 12068, 12068, 4077963916
873, 2281960, 1129638, 892, 732, 1129088, 10805, 10805, 1856209451
875, 2281472, 1401, 1128311, 1128040, 1222, 11249, 11249, 805997096
876, 2279636, 91648, 1034334, 1034001, 91445, 14104, 14104, 1899389488
879, 2280491, 1791, 1127883, 1127503, 1590, 10862, 10862, 630659160
884, 2277490, 1617, 1127178, 1126793, 1396, 10253, 10253, 3862491799
877, 2279109, 1226, 1127529, 1127238, 1034, 11041, 11041, 1436253382
880, 2280041, 110503, 1016107, 1015844, 110279, 13654, 13654, 484764567
885, 2280274, 1114, 1129423, 1128977, 910, 9925, 9925, 2126607109
881, 2276376, 1126685, 1035, 861, 1126439, 10678, 10678, 1913370777
878, 2279918, 1128489, 1194, 1013, 1128260, 10481, 10481, 240420517
883, 2280433, 1053, 1129207, 1129001, 878, 10147, 10147, 1567161363
890, 2281994, 1117, 1129710, 1129261, 918, 10494, 10494, 4196920561
893, 2280858, 994, 1129065, 1128342, 809, 10824, 10824, 72384206
882, 2279589, 1127507, 1253, 1087, 1127300, 11221, 11221, 1032554583
886, 2282502, 949, 1129742, 1129416, 775, 10810, 10810, 4293513735
887, 2277078, 1124356, 1284, 1095, 1123749, 13297, 13297, 2746979333
888, 2276842, 1125008, 1796, 1628, 1124538, 11936, 11936, 2178804859
891, 2279020, 1127767, 906, 744, 1127435, 11084, 11084, 1983131492
895, 2277656, 1215, 1127225, 1126828, 1028, 10680, 10680, 761497482
892, 2279708, 1127519, 1347, 1190, 1127320, 11166, 11166, 3960293471
889, 2282039, 1128726, 1397, 1189, 1128517, 11105, 11105, 3562577109
896, 2281501, 1873, 1128175, 1127874, 1725, 10927, 10927, 3575075616
897, 2279195, 1128037, 983, 791, 1127558, 10913, 10913, 1341142993
898, 2279062, 1127432, 1081, 880, 1127077, 11296, 11296, 1108335715
894, 2282779, 1129508, 1063, 891, 1129303, 11007, 11007, 2708476705
900, 2278548, 1126635, 2188, 1996, 1126255, 10737, 10737, 3207070550
904, 2280435, 1128465, 1351, 1165, 1127886, 10784, 10784, 977045184
905, 2277846, 1469, 1126439, 1126033, 1265, 11320, 11320, 505115583
901, 2278962, 1126773, 1226, 1015, 1126478, 11735, 11735, 2553172212
899, 2277813, 1126933, 1117, 937, 1126536, 11145, 11145, 3254999343
903, 2281982, 53113, 1071180, 1070792, 52923, 16987, 16987, 2657961471
902, 2281565, 1129509, 972, 811, 1129275, 10499, 10499, 916047644
906, 2282737, 1284, 1130202, 1129995, 1080, 10088, 10088, 3765578654
907, 2280455, 1128868, 1331, 1170, 1128628, 10229, 10229, 88039671
909, 2277909, 1126740, 1118, 942, 1126357, 11376, 11376, 1786895122
910, 2280170, 1395, 1128464, 1128158, 1215, 10469, 10469, 426064644
908, 2277970, 1125824, 1481, 1285, 1125588, 11896, 11896, 699361570
911, 2276416, 1125979, 1406, 1213, 1125424, 11197, 11197, 614453417
914, 2278137, 1126906, 1274, 1074, 1126675, 11104, 11104, 1372881627
913, 2281311, 1066, 1129348, 1129108, 881, 10454, 10454, 2108929996
912, 2276571, 1543, 1125383, 1125121, 1330, 11597, 11597, 1606580169
915, 2277486, 1442, 1126491, 1126303, 1234, 11008, 11008, 3492499518
916, 2280656, 1128183, 1525, 1317, 1127737, 10947, 10947, 2049262662
918, 2279078, 1526, 1127228, 1126820, 1320, 11092, 11092, 2878445535
917, 2278986, 1289, 1127382, 1127070, 1103, 11071, 11071, 3698036301
920, 2278523, 1125665, 2841, 2646, 1125133, 11119, 11119, 483093721
922, 2279597, 1510, 1127388, 1126929, 1310, 11230, 11230, 2918852127
921, 2279988, 1128174, 1225, 1030, 1127765, 10897, 10897, 3670818162
926, 2279378, 940, 1128885, 1128400, 781, 10186, 10186, 1754000308
928, 2281819, 1173, 1128966, 1128493, 971, 11108, 11108, 1781234331
923, 2282050, 918, 1130243, 1130017, 750, 10061, 10061, 3400442732
919, 2279443, 1128416, 1393, 1193, 1128199, 10121, 10121, 1762201390
927, 2281076, 1128143, 1481, 1280, 1127696, 11238, 11238, 4158495290
925, 2278614, 1187, 1126610, 1126427, 992, 11699, 11699, 2845239166
924, 2279661, 802463, 317167, 316980, 802243, 20404, 20404, 3112974353
930, 2283093, 1446, 1130043, 1129825, 1263, 10258, 10258, 244843083
929, 2279147, 984, 1128056, 1127753, 818, 10768, 10768, 1039976522
931, 2281599, 2680, 1127064, 1126807, 2504, 11272, 11272, 3910455566
938, 2279045, 1088, 1127979, 1127500, 900, 10789, 10789, 4147246612
933, 2283667, 906, 1130925, 1130607, 745, 10242, 10242, 2191516214
932, 2279235, 1127194, 1690, 1529, 1127032, 10895, 10895, 3725620447
936, 2280401, 1103, 1128737, 1128412, 915, 10617, 10617, 734865405
934, 2280708, 1128138, 1173, 986, 1127849, 11281, 11281, 1407132722
942, 2283952, 1804, 1130747, 1130086, 1609, 9853, 9853, 2097674032
935, 2281685, 1129088, 1321, 1133, 1128779, 10682, 10682, 1100988028
941, 2280512, 1237, 1128919, 1128462, 1070, 10412, 10412, 2698438405
937, 2279773, 833501, 288946, 288692, 833304, 17665, 17665, 3040023908
940, 2281354, 1079884, 45962, 45770, 1079614, 15062, 15062, 713239883
939, 2278970, 8755, 1118348, 1118156, 8557, 12577, 12577, 2887303987
948, 2280242, 1151, 1129051, 1128637, 971, 10216, 10216, 4254284922
944, 2280129, 1104, 1128335, 1128042, 918, 10865, 10865, 3229882765
949, 2279653, 1325, 1127807, 1127446, 1121, 10977, 10977, 3059639913
943, 2276174, 1195, 2597, 2397, 1001, 1134492, 1134492, 4001586227
947, 2283313, 955, 1130164, 1129867, 777, 10775, 10775, 3905620240
945, 2280170, 1356, 1128005, 1127789, 1168, 10926, 10926, 1642364166
950, 2279086, 1037, 1083611, 1083121, 833, 55242, 55242, 721242513
946, 2282152, 1130542, 931, 769, 1129900, 10005, 10005, 4075726788
954, 2280075, 1128668, 1059, 898, 1128356, 10547, 10547, 3982466116
952, 2278843, 3858, 1124287, 1124068, 3650, 11490, 11490, 3120649751
951, 2277856, 1127079, 1587, 1421, 1126851, 10459, 10459, 1222576635
953, 2283200, 1649, 1129561, 1129382, 1476, 10566, 10566, 2553466643
959, 2280125, 1414, 1127108, 1126872, 1209, 11761, 11761, 363140514
956, 2282642, 1129301, 1468, 1274, 1129103, 10748, 10748, 85144017
958, 2278215, 3216, 1124269, 1123975, 3015, 11870, 11870, 1906043323
961, 2277562, 33646, 1092012, 1091616, 33466, 13411, 13411, 1884194523
960, 2280391, 1128363, 1304, 1114, 1127718, 10946, 10946, 81519391
957, 2279086, 1127091, 1360, 1174, 1126887, 11287, 11287, 1482338682
963, 2280764, 1041, 1129183, 1128803, 883, 10427, 10427, 2871898976
955, 2281304, 987448, 133333, 133140, 987249, 20067, 20067, 947058253
962, 2280971, 1129675, 1074, 889, 1129329, 10002, 10002, 2697356381
969, 2280053, 5862, 1123797, 1123220, 5652, 10761, 10761, 4094198146
965, 2279085, 1126085, 2390, 2183, 1125519, 11454, 11454, 2778224725
970, 2282559, 1082, 1129815, 1129313, 877, 10736, 10736, 538287931
971, 2280124, 1747, 1127996, 1127678, 1553, 10575, 10575, 2230610020
964, 2283110, 1092829, 37127, 36922, 1092350, 11941, 11941, 2352903917
968, 2278723, 1127067, 1399, 1202, 1126647, 11204, 11204, 87548672
966, 2279976, 936, 1128923, 1128721, 752, 10322, 10322, 1640730580
973, 2279117, 1127720, 1200, 984, 1127209, 11002, 11002, 2179804396
967, 2281783, 1126880, 2694, 2511, 1126616, 11541, 11541, 767824785
978, 2282472, 891, 1127622, 1127148, 721, 13045, 13045, 503862027
974, 2278344, 1724, 1126431, 1126192, 1505, 11246, 11246, 2340336925
976, 2280709, 1128393, 1432, 1248, 1128050, 10793, 10793, 4145432451
982, 2282445, 2477, 1128409, 1127906, 2291, 10681, 10681, 3265737259
980, 2279427, 1052, 1127944, 1127668, 865, 10949, 10949, 2696736897
972, 2278564, 643646, 478767, 478528, 643433, 17095, 17095, 985222730
981, 2281318, 1129840, 1370, 1176, 1129594, 9669, 9669, 1627077181
979, 2280230, 116720, 1002775, 1002467, 116520, 20874, 20874, 1162787727
983, 2283867, 1131525, 945, 766, 1131077, 9777, 9777, 1630902465
975, 2278944, 1005368, 117081, 116891, 1005162, 17221, 17221, 569509617
984, 2279231, 1128095, 1106, 917, 1127725, 10694, 10694, 1471138646
977, 2277547, 1126648, 1213, 1010, 1126390, 11143, 11143, 2696879997
986, 2278949, 1485, 1127493, 1127152, 1265, 10777, 10777, 1722380048
987, 2280504, 1249, 1126229, 1125757, 1073, 13098, 13098, 4111553148
990, 2278715, 874, 1127341, 1127052, 696, 11376, 11376, 3640206253
985, 2281406, 1127690, 1758, 1550, 1127396, 11506, 11506, 1675806284
989, 2281811, 1130037, 1153, 969, 1129470, 10091, 10091, 3831838684
994, 2281088, 1094, 1128752, 1128274, 890, 11039, 11039, 2676423301
995, 2280060, 1160, 1128154, 1127522, 948, 11138, 11138, 2160514243
993, 2281174, 1129479, 1115, 966, 1128970, 10322, 10322, 40555191
988, 2280605, 1128002, 1202, 1037, 1127808, 11278, 11278, 3632182472
992, 2281665, 1128322, 1023, 878, 1128016, 11713, 11713, 98379525
996, 2278263, 1125927, 1582, 1393, 1125633, 11864, 11864, 4291822806
991, 2277799, 1660, 1126046, 1125819, 1438, 11418, 11418, 556114941
997, 2280568, 1128245, 1342, 1150, 1127901, 10965, 10965, 155723203
998, 2283155, 10969, 1115824, 1115570, 10808, 14992, 14992, 2115530615
999, 2281184, 771313, 349770, 349508, 771089, 19752, 19752, 1678270827
