sample_id, N_active, N_A_1, N_B_1, N_A_0, N_B_0, N_A_*, N_B_*, seed
3, 941395, 141473, 283415, 276616, 135369, 52261, 52261, 1205496759
0, 942483, 222266, 202133, 195920, 215770, 53197, 53197, 2320860984
14, 943141, 113606, 307823, 300683, 107353, 56838, 56838, 2076402584
11, 942896, 136438, 290721, 283843, 130340, 50777, 50777, 734763406
1, 937086, 230285, 189570, 182876, 223431, 55462, 55462, 2054797526
10, 940680, 200602, 219735, 213165, 194044, 56567, 56567, 1132385919
6, 942210, 163334, 262968, 256349, 156893, 51333, 51333, 4038151030
7, 936110, 215258, 203933, 197002, 208199, 55859, 55859, 3508504619
15, 941569, 193133, 224887, 218065, 186704, 59390, 59390, 2940646996
2, 940952, 194322, 225409, 218591, 188104, 57263, 57263, 1442274020
12, 937886, 207846, 200005, 193584, 201045, 67703, 67703, 4071117517
4, 941672, 174270, 245043, 238754, 168225, 57690, 57690, 344703339
5, 942563, 238391, 184110, 177566, 232230, 55133, 55133, 3648351496
9, 942452, 219424, 199432, 192912, 213208, 58738, 58738, 1017099059
13, 939442, 257044, 132030, 125596, 250524, 87124, 87124, 655883522
8, 942633, 223591, 199070, 192747, 217403, 54911, 54911, 4247449276
19, 945457, 229854, 196263, 189697, 223023, 53310, 53310, 1232357824
17, 938129, 179255, 238408, 231674, 172340, 58226, 58226, 2738357569
18, 943464, 209263, 209704, 203578, 202739, 59090, 59090, 936856739
16, 939163, 121281, 300258, 293239, 114729, 54828, 54828, 2961205442
26, 937992, 137294, 280287, 272929, 130898, 58292, 58292, 2107481653
23, 940040, 210944, 210805, 203807, 204502, 54991, 54991, 2618848816
24, 941550, 113861, 308922, 302066, 107447, 54627, 54627, 3264779426
28, 942734, 215846, 204333, 198256, 209527, 57386, 57386, 2368419584
22, 940228, 227236, 193501, 187134, 220709, 55824, 55824, 456406475
21, 942452, 232376, 186036, 179524, 225596, 59460, 59460, 2048421771
27, 938997, 240139, 181932, 175608, 233402, 53958, 53958, 2639423273
29, 940611, 251385, 171063, 164672, 244645, 54423, 54423, 1432316820
20, 942234, 218276, 200514, 194196, 212014, 58617, 58617, 260538606
25, 939070, 224446, 180295, 173665, 218088, 71288, 71288, 3290142757
31, 941023, 258474, 160999, 154944, 251680, 57463, 57463, 3768042858
30, 942106, 278031, 142101, 135893, 271985, 57048, 57048, 1222698569
33, 943353, 247615, 167453, 161161, 241230, 62947, 62947, 1218853308
36, 936242, 307369, 115884, 109667, 300086, 51618, 51618, 1375154535
32, 943145, 175007, 245911, 239512, 168567, 57074, 57074, 725745507
35, 942426, 240139, 183203, 176955, 233919, 54105, 54105, 569099692
34, 935625, 181702, 235793, 229117, 174855, 57079, 57079, 1047285747
42, 940291, 197897, 219989, 213237, 191582, 58793, 58793, 3501280598
39, 943717, 130047, 293180, 286531, 123795, 55082, 55082, 3046785726
40, 940238, 126342, 291310, 284705, 120055, 58913, 58913, 3208628921
46, 937240, 160428, 259962, 253111, 153851, 54944, 54944, 2872628669
37, 941098, 178431, 226959, 220925, 172161, 71311, 71311, 124477322
38, 941290, 227626, 186710, 180115, 221251, 62794, 62794, 4201494863
41, 939060, 279800, 138741, 132504, 272819, 57598, 57598, 2547668825
43, 938924, 238041, 167483, 160819, 231143, 70719, 70719, 8903020
45, 944809, 209382, 211874, 205902, 202947, 57352, 57352, 3334478382
47, 939171, 232897, 181104, 174403, 226111, 62328, 62328, 1011688935
49, 942142, 172670, 247210, 240190, 166368, 57852, 57852, 3073918374
50, 942368, 135044, 267825, 261275, 128924, 74650, 74650, 3685267648
44, 938082, 284757, 134711, 128614, 277646, 56177, 56177, 2057488959
48, 937241, 207303, 201681, 195147, 200542, 66284, 66284, 1238058499
51, 939345, 276947, 146340, 140210, 269980, 52934, 52934, 1330106811
52, 937064, 194366, 218485, 211796, 187847, 62285, 62285, 3950415489
53, 940122, 217459, 199247, 192647, 211091, 59839, 59839, 2223133893
54, 941549, 263892, 153415, 147078, 257228, 59968, 59968, 3408539521
56, 939788, 251841, 166823, 160808, 245214, 57551, 57551, 2615380029
57, 937773, 160548, 260308, 253792, 153819, 54653, 54653, 3519407980
55, 939640, 286109, 137467, 131354, 278894, 52908, 52908, 3735892141
58, 939916, 273703, 150597, 144439, 266591, 52293, 52293, 674030056
60, 939291, 172103, 235204, 228615, 165467, 68951, 68951, 4206747718
59, 941728, 164195, 259599, 253185, 157849, 53450, 53450, 658859668
61, 941995, 295250, 126358, 120300, 288467, 55810, 55810, 2516694902
62, 936925, 223025, 191402, 184603, 216475, 60710, 60710, 1653890620
64, 942264, 260658, 157245, 150845, 253720, 59898, 59898, 4005313375
63, 940744, 161520, 254333, 247548, 154675, 61334, 61334, 1036387195
65, 942760, 247976, 170564, 164331, 241195, 59347, 59347, 3489706823
66, 937464, 136554, 272863, 265737, 129964, 66173, 66173, 1575779522
68, 939732, 190381, 226339, 219630, 183920, 59731, 59731, 4264203055
74, 937764, 188576, 233191, 226715, 181266, 54008, 54008, 3975020962
67, 937793, 149289, 256637, 249993, 142942, 69466, 69466, 2761875331
70, 937791, 246500, 173158, 166799, 239348, 55993, 55993, 3805315554
73, 939805, 161903, 254323, 247359, 155334, 60443, 60443, 274104127
69, 940571, 319715, 101704, 95666, 312846, 55320, 55320, 851632197
71, 938855, 227461, 189186, 182898, 220550, 59380, 59380, 490482271
72, 941514, 225068, 197710, 191236, 218738, 54381, 54381, 3537385361
76, 940539, 127169, 291789, 284836, 121041, 57852, 57852, 3329447309
77, 941310, 231260, 181514, 175300, 224896, 64170, 64170, 1100073966
75, 940199, 266851, 156910, 150830, 260064, 52772, 52772, 1770117004
80, 938284, 140761, 272762, 265337, 134360, 62532, 62532, 350115437
78, 941509, 205084, 213598, 207095, 198938, 58397, 58397, 850254437
79, 939873, 213950, 183052, 176497, 206970, 79702, 79702, 2352653097
84, 945086, 60966, 365082, 358594, 55550, 52447, 52447, 2807850850
83, 942511, 159506, 260316, 253584, 153501, 57802, 57802, 2978784132
86, 940444, 176871, 243921, 237076, 170638, 55969, 55969, 868774117
82, 943875, 188331, 234190, 227961, 181703, 55845, 55845, 2277270526
81, 942140, 254180, 163435, 156752, 247787, 59993, 59993, 3828897936
85, 939786, 250092, 171149, 164579, 243574, 55196, 55196, 324090368
90, 939247, 207369, 210411, 203652, 201029, 58393, 58393, 3825027813
89, 937078, 229065, 188583, 181773, 222445, 57606, 57606, 2730381624
87, 943690, 219384, 199878, 193783, 212905, 58870, 58870, 2820122683
91, 940917, 234875, 186842, 180569, 227871, 55380, 55380, 1586738114
88, 941034, 185953, 233887, 227151, 179529, 57257, 57257, 2168036554
94, 935696, 137338, 282923, 275724, 130821, 54445, 54445, 3963957189
93, 941973, 204770, 218390, 211953, 198656, 54102, 54102, 1267423628
92, 942175, 274790, 127185, 120626, 268650, 75462, 75462, 3796524918
95, 940500, 186531, 234638, 228343, 180158, 55415, 55415, 260392047
96, 940572, 204621, 206099, 199584, 198314, 65977, 65977, 1398416847
97, 938817, 240022, 182276, 175641, 232848, 54015, 54015, 1799867956
99, 939196, 229799, 189419, 182699, 223065, 57107, 57107, 3169835838
102, 939534, 255859, 163112, 156938, 249133, 57246, 57246, 364980226
98, 936845, 232788, 178895, 172339, 226465, 63179, 63179, 1008617470
100, 943599, 232701, 184982, 178702, 225990, 60612, 60612, 2653759236
103, 936865, 274294, 143529, 137281, 267381, 57190, 57190, 1942714039
101, 941368, 201592, 210613, 204450, 195503, 64605, 64605, 1673050227
104, 940919, 245841, 170669, 164004, 239439, 60483, 60483, 1345475620
105, 939958, 169069, 251000, 244460, 162449, 56490, 56490, 568702052
106, 938838, 109711, 312313, 304796, 103726, 54146, 54146, 1594620679
107, 939458, 223058, 195028, 188528, 216472, 58186, 58186, 3641234784
108, 938134, 243186, 163363, 156766, 236391, 69214, 69214, 1397747709
109, 939683, 215974, 196100, 189792, 209527, 64145, 64145, 3872967512
110, 940243, 214642, 202372, 196043, 208054, 59566, 59566, 1149937285
111, 940492, 231957, 190716, 184229, 224924, 54333, 54333, 2065228861
112, 942006, 108342, 308609, 302099, 102188, 60384, 60384, 3556481764
114, 943009, 185423, 228881, 221836, 179049, 63910, 63910, 3486616482
113, 940237, 202040, 218444, 212068, 195243, 56221, 56221, 2405136565
115, 942731, 218705, 204408, 198195, 212327, 54548, 54548, 1435328366
116, 941113, 223745, 188771, 182064, 217395, 64569, 64569, 2248600063
117, 941456, 200457, 215795, 208768, 193928, 61254, 61254, 798061628
120, 940699, 207875, 212954, 206564, 201698, 55804, 55804, 4165037938
119, 939823, 179656, 239267, 232368, 172902, 57815, 57815, 3286835818
122, 939296, 226158, 194787, 188004, 219839, 55254, 55254, 269137570
118, 939085, 262216, 152781, 146602, 255690, 60898, 60898, 3799925473
123, 941550, 145452, 269874, 263329, 139353, 61771, 61771, 25628160
121, 942162, 216639, 202698, 196593, 210128, 58052, 58052, 80563561
125, 940234, 237942, 180754, 174276, 231096, 58083, 58083, 3889175082
126, 938956, 225344, 194643, 188185, 218722, 56031, 56031, 503845871
124, 941138, 149112, 270735, 264212, 142929, 57075, 57075, 2078991087
127, 939193, 192581, 223876, 217237, 186469, 59515, 59515, 3096745085
128, 944510, 214558, 194697, 188448, 208193, 69307, 69307, 4103621899
129, 939810, 284126, 137320, 130978, 277560, 54913, 54913, 914878553
132, 941778, 163693, 252175, 245786, 157528, 61298, 61298, 808213154
131, 939293, 263994, 153903, 147401, 257357, 58319, 58319, 2285126615
135, 941970, 184168, 238218, 231827, 177815, 54971, 54971, 3381346291
130, 939335, 142668, 251592, 244410, 136571, 82047, 82047, 3902789024
134, 935967, 210198, 189283, 182201, 203589, 75348, 75348, 631598276
136, 937628, 184360, 234876, 228356, 178034, 56001, 56001, 841942853
137, 942965, 169827, 253081, 246271, 163592, 55097, 55097, 3220985994
139, 937945, 164319, 253234, 246739, 157705, 57974, 57974, 3924533404
133, 939721, 287758, 132739, 126537, 281153, 55767, 55767, 2255211139
138, 939261, 224008, 195089, 188563, 217553, 57024, 57024, 1813512082
140, 937352, 141195, 271512, 264835, 134404, 62703, 62703, 999422021
141, 939935, 259100, 161435, 155293, 252207, 55950, 55950, 703874927
142, 936861, 127928, 294355, 287472, 121916, 52595, 52595, 2673500167
143, 939212, 229182, 189526, 183208, 222554, 57371, 57371, 1672760721
144, 942200, 235946, 180737, 174430, 229157, 60965, 60965, 4043764628
145, 938039, 215133, 202941, 196580, 208429, 57478, 57478, 3189897677
147, 938024, 156933, 255863, 248888, 150830, 62755, 62755, 2750128450
148, 936145, 220002, 195495, 188585, 213121, 59471, 59471, 4275265445
146, 940533, 295291, 122141, 116054, 288073, 59487, 59487, 1710746701
151, 941860, 246523, 171561, 165017, 239919, 59420, 59420, 1659793155
153, 940181, 235691, 182045, 176014, 229011, 58710, 58710, 4090182336
149, 943092, 316287, 96334, 90522, 309443, 65253, 65253, 864434987
154, 941521, 232872, 180755, 174644, 226308, 63471, 63471, 2613828619
150, 944668, 287575, 135901, 129848, 281450, 54947, 54947, 2393939865
156, 942102, 284192, 137857, 131486, 277349, 55609, 55609, 2580422187
152, 942166, 269624, 151884, 145859, 263219, 55790, 55790, 452665265
155, 940511, 364405, 61539, 55896, 356999, 50836, 50836, 3608379748
158, 940571, 266960, 154974, 148731, 260138, 54884, 54884, 295275765
159, 940080, 194589, 224631, 218218, 187930, 57356, 57356, 4120699430
157, 939461, 210689, 209055, 202934, 203897, 56443, 56443, 1311465259
160, 937079, 198883, 203713, 196607, 192566, 72655, 72655, 3416672419
161, 942255, 175620, 244470, 237623, 169650, 57446, 57446, 642666608
163, 940822, 155111, 268543, 261725, 148763, 53340, 53340, 3601117690
162, 938474, 250615, 168590, 162071, 244064, 56567, 56567, 3637915195
167, 939847, 119427, 296137, 289456, 113329, 60749, 60749, 3441930793
164, 943123, 155239, 268212, 262129, 149015, 54264, 54264, 187123027
169, 940799, 145598, 277959, 271505, 139203, 53267, 53267, 1187792406
165, 935484, 289203, 128365, 122511, 281731, 56837, 56837, 3834203360
168, 939712, 201018, 217012, 210211, 194703, 58384, 58384, 1592974104
166, 941918, 254506, 162545, 156233, 247878, 60378, 60378, 596045733
171, 939214, 92803, 324741, 317640, 86710, 58660, 58660, 3864949561
170, 938836, 309314, 106692, 100670, 302466, 59847, 59847, 559713169
172, 940136, 133458, 288971, 282167, 127378, 54081, 54081, 3506582863
173, 941201, 291489, 132438, 126268, 284834, 53086, 53086, 458226243
175, 940034, 164793, 251896, 245225, 158432, 59844, 59844, 2325171100
174, 939905, 280010, 141550, 135042, 273183, 55060, 55060, 45728523
176, 936161, 200285, 209831, 203069, 193418, 64779, 64779, 324519382
177, 941227, 208287, 211426, 205134, 201678, 57351, 57351, 565716725
178, 939174, 194273, 227310, 220521, 187924, 54573, 54573, 618443453
180, 940308, 237771, 182822, 176450, 231421, 55922, 55922, 4276678249
183, 945992, 106583, 311360, 304945, 100602, 61251, 61251, 1673339238
184, 940212, 286784, 134189, 127725, 279182, 56166, 56166, 3031990059
179, 940578, 176736, 244397, 238123, 170234, 55544, 55544, 147955286
186, 938813, 158849, 256278, 249654, 152390, 60821, 60821, 2906560075
181, 941640, 263945, 152947, 146219, 257329, 60600, 60600, 1305544543
188, 943895, 150728, 266800, 259945, 144534, 60944, 60944, 3557262046
182, 942901, 245963, 177492, 171114, 239490, 54421, 54421, 754826550
185, 944569, 278448, 147617, 141626, 271700, 52589, 52589, 3356550157
189, 943914, 304103, 120689, 114647, 297131, 53672, 53672, 724716908
187, 940656, 275261, 146703, 140509, 268333, 54925, 54925, 2336615957
190, 937388, 290357, 132535, 126259, 283359, 52439, 52439, 2333405645
192, 941819, 202051, 207861, 201091, 195562, 67627, 67627, 3441733382
191, 940913, 213882, 207039, 200412, 207392, 56094, 56094, 42629358
193, 940549, 253300, 165574, 159090, 246721, 57932, 57932, 3323297176
195, 941050, 192622, 230192, 223291, 186137, 54404, 54404, 3360864319
194, 940086, 250122, 163366, 156901, 243871, 62913, 62913, 3519037182
201, 942311, 175157, 249676, 242937, 168549, 52996, 52996, 2310519020
198, 940119, 240149, 175560, 169179, 233123, 61054, 61054, 2911624904
196, 942333, 192322, 208631, 202376, 185898, 76553, 76553, 3479922772
202, 939743, 244294, 172941, 166390, 237968, 59075, 59075, 1654608264
197, 939987, 214897, 205844, 199864, 208254, 55564, 55564, 1028701372
200, 942003, 280968, 145135, 138855, 274147, 51449, 51449, 4221673190
205, 943038, 119644, 304256, 297131, 113749, 54129, 54129, 1421745058
199, 941638, 280054, 146290, 139990, 273602, 50851, 50851, 2908290340
206, 935244, 165776, 251301, 244081, 159374, 57356, 57356, 3586373771
203, 943587, 283645, 137470, 131563, 276811, 57049, 57049, 1213808938
204, 937991, 262466, 157571, 151232, 255956, 55383, 55383, 3313517962
207, 941182, 266341, 158092, 151874, 259623, 52626, 52626, 3999383353
209, 944052, 280254, 141894, 135777, 273337, 56395, 56395, 4015388548
208, 942483, 247152, 166930, 160729, 240720, 63476, 63476, 3307463777
210, 942764, 260023, 166786, 160121, 253688, 51073, 51073, 1631788240
211, 940763, 288520, 132450, 126198, 281477, 56059, 56059, 421345026
214, 938711, 185725, 230416, 223649, 179513, 59704, 59704, 3794830375
212, 939870, 159252, 249534, 242678, 152974, 67716, 67716, 1338994199
213, 939872, 189126, 231611, 225023, 182556, 55778, 55778, 3367104032
215, 937892, 197282, 197414, 190965, 190097, 81067, 81067, 3115035207
217, 940259, 190470, 226410, 220007, 184206, 59583, 59583, 1403610241
218, 939836, 159375, 262044, 255179, 152960, 55139, 55139, 2496462796
220, 940794, 155368, 266711, 259883, 149256, 54788, 54788, 3558801764
216, 941166, 212707, 155908, 149665, 206140, 108373, 108373, 1393169775
221, 941181, 263348, 160600, 154015, 256960, 53129, 53129, 3150478284
219, 940089, 198805, 213921, 207344, 192309, 63855, 63855, 3612497172
222, 937407, 196643, 211275, 204691, 190138, 67330, 67330, 4256122102
223, 942758, 209291, 212072, 205969, 203084, 56171, 56171, 3069761332
224, 942001, 166581, 248684, 242397, 160535, 61902, 61902, 105118864
225, 940578, 186988, 230790, 224412, 180642, 58873, 58873, 1303748402
228, 940238, 228540, 194707, 188308, 221911, 53386, 53386, 3478914794
227, 943582, 248473, 164577, 158489, 241641, 65201, 65201, 2916024405
226, 940117, 229310, 191490, 185008, 223047, 55631, 55631, 3241937110
229, 942540, 245377, 175398, 168940, 238797, 57014, 57014, 1168612069
232, 937535, 243024, 179423, 172628, 236262, 53099, 53099, 918831155
230, 936209, 272713, 143777, 137389, 266230, 58050, 58050, 160311450
233, 939486, 215984, 197833, 191049, 209324, 62648, 62648, 1155023406
238, 938496, 168532, 250686, 243784, 161928, 56783, 56783, 3903629139
234, 940320, 239551, 170269, 163755, 232921, 66912, 66912, 1918961902
231, 941234, 251632, 159633, 153128, 245549, 65646, 65646, 3153887390
236, 936275, 170472, 244384, 237107, 163888, 60212, 60212, 1117108842
237, 940044, 130757, 287050, 280121, 124258, 58929, 58929, 2477742470
235, 940833, 207903, 209453, 203027, 201550, 59450, 59450, 1335999418
239, 945546, 233864, 187589, 181311, 227518, 57632, 57632, 2054452911
240, 942783, 230499, 192076, 186070, 224148, 54995, 54995, 95371602
241, 939740, 188592, 227521, 220742, 182413, 60236, 60236, 2465080044
244, 940203, 164299, 258607, 252102, 158073, 53561, 53561, 25253514
242, 937962, 281893, 136247, 130048, 274778, 57498, 57498, 2944205198
246, 940231, 186207, 233003, 226267, 179656, 57549, 57549, 2394388044
245, 942510, 161627, 259157, 252474, 155736, 56758, 56758, 364294209
243, 940479, 290209, 133726, 127387, 283307, 52925, 52925, 2883156551
252, 941895, 165387, 253610, 246948, 159002, 58474, 58474, 1782785008
247, 937974, 219474, 200199, 193652, 213151, 55749, 55749, 3093696022
249, 946389, 204446, 223914, 217791, 198186, 51026, 51026, 989140006
250, 940911, 255570, 156951, 150912, 248890, 64294, 64294, 2887585655
248, 940026, 311107, 105295, 99318, 303820, 60243, 60243, 1128057351
253, 933791, 140212, 281271, 274601, 133861, 51923, 51923, 1873107563
251, 941089, 203378, 216788, 210197, 196732, 56997, 56997, 2914208859
254, 941864, 291033, 116463, 110549, 283943, 69938, 69938, 3100485847
255, 940913, 212798, 200193, 193869, 205997, 64028, 64028, 875902114
260, 941004, 82433, 344332, 337486, 76413, 50170, 50170, 1197722509
258, 941556, 189464, 226358, 220130, 182894, 61355, 61355, 3778582950
257, 941896, 193697, 217325, 210754, 187390, 66365, 66365, 4067096669
261, 938948, 172197, 243223, 235963, 165849, 60858, 60858, 3609951110
259, 939178, 254197, 165189, 158653, 247433, 56853, 56853, 608683364
256, 939337, 285699, 132791, 126508, 279239, 57550, 57550, 3673514599
267, 938447, 131859, 284740, 277933, 125307, 59304, 59304, 3369817043
262, 941653, 242857, 169175, 162830, 235793, 65499, 65499, 629248398
263, 944337, 203544, 215574, 209099, 197076, 59522, 59522, 4195544475
265, 943585, 146993, 273569, 267213, 140738, 57536, 57536, 2390788771
264, 941135, 247662, 177740, 171427, 241100, 51603, 51603, 1153679197
266, 938448, 305059, 110071, 103816, 297622, 60940, 60940, 655291129
268, 939805, 188139, 230526, 223820, 181842, 57739, 57739, 3635295494
270, 937520, 199355, 218094, 211223, 192434, 58207, 58207, 4209459424
271, 940305, 198191, 205713, 198835, 191806, 72880, 72880, 2822842503
269, 939678, 269348, 149322, 143189, 262673, 57573, 57573, 69988107
272, 944377, 274949, 147403, 141367, 268052, 56303, 56303, 1497934848
275, 937877, 187613, 231939, 224956, 181165, 56102, 56102, 2963640085
273, 942745, 260752, 159424, 153258, 254055, 57628, 57628, 2101446946
274, 940798, 204883, 195758, 189409, 198700, 76024, 76024, 2663241294
276, 944403, 159411, 260178, 253586, 153166, 59031, 59031, 2913135327
277, 940267, 249520, 172252, 165537, 242862, 55048, 55048, 2298564159
278, 940618, 223693, 198276, 192030, 217311, 54654, 54654, 2799151611
281, 938595, 299671, 122087, 115809, 292138, 54445, 54445, 1744627789
283, 939851, 277165, 141371, 135057, 270080, 58089, 58089, 1761720295
280, 937569, 280077, 131085, 124581, 273150, 64338, 64338, 2572134424
282, 937170, 202616, 211599, 205256, 196043, 60828, 60828, 1831293847
279, 943310, 205557, 214364, 208172, 199079, 58069, 58069, 2923173358
284, 939470, 256035, 165728, 159333, 249286, 54544, 54544, 2666371710
285, 943475, 161805, 261257, 254965, 155738, 54855, 54855, 1682997566
286, 937667, 264532, 154117, 147802, 257028, 57094, 57094, 3782555779
287, 938487, 146838, 272588, 265683, 140334, 56522, 56522, 2083401159
289, 936865, 277141, 143816, 137528, 269808, 54286, 54286, 309423674
288, 941174, 169552, 246757, 239960, 163121, 60892, 60892, 3614256458
291, 940155, 187443, 230065, 223492, 181191, 58982, 58982, 2784822597
293, 941759, 171932, 252575, 245268, 165702, 53141, 53141, 906778539
295, 939233, 251415, 170055, 163831, 244186, 54873, 54873, 2902933069
292, 940598, 338051, 86439, 80580, 330514, 52507, 52507, 4162668425
297, 943447, 162139, 262338, 255439, 155779, 53876, 53876, 2681123606
290, 943579, 255641, 167330, 161069, 249113, 55213, 55213, 606072821
294, 942731, 214047, 206324, 200067, 207909, 57192, 57192, 252148415
296, 941469, 275892, 146248, 140069, 269226, 55017, 55017, 2310735392
298, 937879, 245200, 173833, 167513, 238011, 56661, 56661, 1351852199
301, 940501, 241509, 177755, 171338, 234595, 57652, 57652, 2780137584
299, 940503, 107204, 317188, 310322, 101271, 52259, 52259, 2393610961
300, 941592, 227331, 193775, 187104, 220862, 56260, 56260, 2919907496
302, 935866, 279855, 141493, 135131, 272869, 53259, 53259, 2877905018
303, 941185, 323782, 100823, 94609, 317015, 52478, 52478, 1422214163
304, 940416, 197181, 224415, 217891, 190907, 55011, 55011, 4262404383
307, 937298, 141837, 272895, 265921, 135743, 60451, 60451, 3771913991
308, 941034, 80554, 341911, 334763, 74514, 54646, 54646, 3992701833
305, 936965, 178990, 228418, 221564, 172495, 67749, 67749, 663644244
312, 943408, 145353, 279608, 273058, 138697, 53346, 53346, 2969878767
306, 940185, 241363, 174922, 168493, 234643, 60382, 60382, 1952338416
310, 940620, 203785, 215323, 208418, 197496, 57799, 57799, 2240083178
313, 940386, 202188, 215129, 208397, 195270, 59701, 59701, 3468928169
309, 938951, 251038, 164016, 157979, 244006, 60956, 60956, 352739659
311, 941541, 264781, 157928, 151539, 258435, 54429, 54429, 3400590970
314, 939964, 263728, 146644, 140460, 257050, 66041, 66041, 1551977309
315, 939807, 229611, 177104, 170693, 222771, 69814, 69814, 4104260407
316, 941140, 147957, 273123, 266506, 141484, 56035, 56035, 909825645
317, 942475, 236302, 184768, 178320, 230041, 56522, 56522, 3474085250
319, 939403, 215541, 200157, 193632, 209055, 60509, 60509, 2472750632
318, 938908, 215271, 200802, 194261, 208578, 59998, 59998, 2225190295
322, 939391, 147200, 275911, 268891, 140923, 53233, 53233, 3641443214
320, 943234, 223230, 201472, 195080, 215984, 53734, 53734, 3900853138
321, 937014, 294105, 122390, 116339, 287106, 58537, 58537, 509390474
323, 941395, 269228, 149519, 143210, 262202, 58618, 58618, 4191220788
324, 940290, 302166, 121891, 115503, 295638, 52546, 52546, 3160805110
326, 939120, 214774, 205079, 198065, 208160, 56521, 56521, 1640140634
325, 937143, 213076, 205317, 198504, 206018, 57114, 57114, 1558097944
328, 940027, 160988, 242418, 235344, 154715, 73281, 73281, 1435599587
327, 942476, 253917, 170314, 164496, 247031, 53359, 53359, 4001694152
331, 939682, 132097, 289137, 282248, 126054, 55073, 55073, 734634020
329, 940936, 237524, 180650, 174473, 230517, 58886, 58886, 3368521431
330, 939962, 253838, 158079, 151602, 247503, 64470, 64470, 546386330
332, 940471, 183421, 235370, 228526, 177286, 57934, 57934, 3755546626
335, 941741, 242472, 180644, 174276, 235607, 54371, 54371, 2164601447
333, 944503, 259885, 163181, 156675, 253924, 55419, 55419, 1316769729
336, 938074, 230792, 190535, 183710, 224047, 54495, 54495, 2659685542
334, 938168, 218291, 184679, 178140, 211676, 72691, 72691, 2156373146
339, 940208, 282550, 141937, 135601, 275368, 52376, 52376, 1658906696
340, 942877, 133784, 283054, 276506, 127465, 61034, 61034, 43704101
337, 941727, 226123, 196595, 190124, 219859, 54513, 54513, 1177206179
338, 940877, 258848, 166028, 159812, 252447, 51871, 51871, 971894733
342, 939013, 170208, 248092, 241062, 163883, 57884, 57884, 42884207
341, 940852, 257873, 153977, 148192, 251010, 64900, 64900, 284590958
346, 940364, 231437, 190772, 183984, 224679, 54746, 54746, 4117746088
345, 943416, 287864, 134531, 128450, 281069, 55751, 55751, 1404602282
347, 938081, 323147, 100892, 94921, 315789, 51666, 51666, 3383288939
343, 942245, 293775, 127153, 120799, 287106, 56706, 56706, 4115483941
344, 937855, 225408, 183774, 176803, 218974, 66448, 66448, 3798742694
349, 940592, 197565, 222018, 215168, 191123, 57359, 57359, 4266794846
352, 942515, 148553, 271108, 264081, 142619, 58077, 58077, 3981984239
348, 938611, 275860, 138738, 132152, 268967, 61447, 61447, 3631710576
350, 941759, 248653, 172645, 166430, 242009, 56011, 56011, 1833833958
351, 940974, 276613, 145114, 138614, 269845, 55394, 55394, 1346212491
356, 941877, 86829, 338293, 331544, 81067, 52072, 52072, 2425484389
355, 940324, 197912, 221206, 214768, 191312, 57563, 57563, 2094931188
353, 940697, 318530, 108223, 102343, 311575, 50013, 50013, 2601238543
354, 940709, 102252, 237289, 230679, 96267, 137111, 137111, 718237249
357, 946084, 260056, 168070, 161828, 253742, 51194, 51194, 2995231108
358, 940175, 263060, 158716, 152383, 256326, 54845, 54845, 3707526355
360, 940067, 89909, 326350, 319294, 83972, 60271, 60271, 633600166
361, 939801, 146168, 270838, 263728, 139869, 59599, 59599, 2514686864
363, 940523, 153117, 267637, 260750, 146961, 56029, 56029, 1652425396
365, 940000, 122484, 296894, 290104, 116216, 57151, 57151, 3321888236
366, 940987, 235547, 183369, 176859, 229008, 58102, 58102, 2541964060
368, 937223, 183333, 235921, 229139, 176688, 56071, 56071, 540355665
364, 941814, 217091, 204126, 197935, 210786, 55938, 55938, 184666818
359, 942453, 319917, 75739, 70146, 312835, 81908, 81908, 2490761522
362, 942131, 183678, 234116, 228027, 177538, 59386, 59386, 3174877764
367, 938253, 168184, 250819, 244504, 161718, 56514, 56514, 1616448091
369, 938183, 174768, 236808, 229870, 168299, 64219, 64219, 1719714051
372, 943438, 231806, 191362, 184581, 225287, 55201, 55201, 162611170
371, 938896, 135909, 283259, 276650, 129682, 56698, 56698, 3846142466
370, 941589, 303701, 115290, 109278, 297398, 57961, 57961, 669583124
375, 938379, 180109, 241369, 234298, 173139, 54732, 54732, 1056994924
374, 939263, 257858, 157721, 151202, 251300, 60591, 60591, 147128614
373, 943194, 191389, 226062, 219749, 185208, 60393, 60393, 1246657027
380, 940911, 90023, 333655, 326290, 84157, 53393, 53393, 604526853
377, 940970, 225611, 196209, 189650, 218880, 55310, 55310, 503541277
378, 938176, 273730, 148175, 142014, 267323, 53467, 53467, 2679221023
382, 942122, 115087, 304088, 297523, 109062, 58181, 58181, 3127290316
379, 941618, 221769, 194232, 187550, 215367, 61350, 61350, 1965608076
387, 940674, 117495, 298771, 291717, 111031, 60830, 60830, 589385580
376, 937925, 243094, 178167, 171734, 236422, 54254, 54254, 1509633146
384, 938335, 175324, 241496, 234395, 168684, 59218, 59218, 3417021079
381, 940081, 236518, 178165, 171721, 230249, 61714, 61714, 2358760491
383, 941199, 290284, 131372, 125484, 283339, 55360, 55360, 2029388401
386, 943811, 94423, 328891, 321258, 88523, 55358, 55358, 911240487
385, 938585, 168932, 238149, 231637, 162539, 68664, 68664, 2886666823
390, 939887, 115012, 308712, 301853, 108684, 52813, 52813, 3199855477
388, 938454, 116239, 298112, 290790, 109925, 61694, 61694, 3555775229
389, 942569, 189780, 233939, 227389, 183317, 54072, 54072, 479874607
391, 939793, 176014, 249190, 241985, 169706, 51449, 51449, 4163981165
392, 945124, 254406, 166539, 160341, 247952, 57943, 57943, 1801253529
393, 940952, 164242, 249860, 243276, 157872, 62851, 62851, 61173839
395, 937954, 249080, 170212, 163863, 241485, 56657, 56657, 3188325606
400, 939581, 209716, 209391, 202770, 203166, 57269, 57269, 3446352156
397, 942878, 169623, 256150, 249401, 163332, 52186, 52186, 3746303624
396, 947791, 242635, 177569, 171543, 236140, 59952, 59952, 4225790540
394, 942896, 233948, 190412, 184433, 227501, 53301, 53301, 1299986835
403, 943346, 309826, 116992, 111394, 302284, 51425, 51425, 2730581528
401, 939332, 180905, 242141, 235902, 174516, 52934, 52934, 572908527
405, 939273, 154297, 242426, 235536, 148090, 79462, 79462, 1453767032
406, 942096, 219853, 202270, 195595, 213208, 55585, 55585, 3072239460
402, 944449, 147293, 277956, 271728, 141116, 53178, 53178, 1627677223
398, 942102, 292427, 129325, 123445, 285181, 55862, 55862, 1858485162
404, 942533, 202192, 220130, 213533, 195816, 55431, 55431, 3422085644
399, 945478, 246546, 179137, 172819, 239880, 53548, 53548, 935880836
407, 940322, 223177, 194156, 187741, 216438, 59405, 59405, 1292889992
408, 939594, 245284, 173764, 167126, 238144, 57638, 57638, 3478016468
409, 940968, 176483, 243044, 236436, 170097, 57454, 57454, 3118335253
410, 938395, 285337, 136244, 129919, 278055, 54420, 54420, 2572727296
414, 939236, 144683, 270210, 263156, 138331, 61428, 61428, 481346443
416, 939071, 218907, 202751, 195864, 211643, 54953, 54953, 1215939687
411, 941278, 198097, 223053, 216650, 191648, 55915, 55915, 1467715909
413, 940462, 203392, 215497, 208987, 197224, 57681, 57681, 1793905785
417, 937970, 137886, 281967, 274750, 131633, 55867, 55867, 2697793735
412, 940899, 277694, 147756, 141497, 271350, 51301, 51301, 2210020763
415, 938464, 293516, 119079, 112996, 286505, 63184, 63184, 2516584867
420, 941900, 217532, 203337, 196536, 210897, 56799, 56799, 2793573496
418, 944632, 278689, 147557, 141229, 272041, 52558, 52558, 3270842729
419, 939339, 209632, 201964, 195364, 202541, 64919, 64919, 4258718057
423, 936196, 119071, 297836, 290397, 112610, 58141, 58141, 3455221743
421, 938532, 158410, 262386, 255145, 151955, 55318, 55318, 1361846210
422, 939328, 190218, 226458, 219980, 183476, 59598, 59598, 3453005674
425, 936669, 191643, 226969, 219971, 184738, 56674, 56674, 2643005187
424, 938248, 203837, 190642, 184151, 197404, 81107, 81107, 3294983128
426, 940849, 161877, 249429, 242906, 155655, 65491, 65491, 78590175
427, 937608, 135880, 284601, 277592, 129777, 54879, 54879, 2608364816
428, 937723, 203328, 218501, 212316, 196874, 53352, 53352, 3412288110
431, 940476, 73981, 352727, 345435, 67943, 50195, 50195, 2156119437
429, 938711, 250335, 168219, 162172, 243923, 57031, 57031, 26436182
439, 941321, 176193, 239125, 232766, 169497, 61870, 61870, 490580076
433, 938856, 204466, 213498, 207291, 198007, 57797, 57797, 4185147525
430, 939277, 248467, 168235, 162175, 241360, 59520, 59520, 2209691949
437, 940540, 84127, 339157, 331977, 78547, 53366, 53366, 2350314147
432, 941890, 224292, 195971, 190057, 217548, 57011, 57011, 533953224
436, 938785, 250393, 172428, 166269, 243521, 53087, 53087, 2484052938
438, 937796, 266373, 153626, 147052, 259473, 55636, 55636, 3553615571
434, 944066, 231731, 191510, 185843, 224990, 54996, 54996, 1702984299
435, 942649, 299315, 121382, 115875, 292197, 56940, 56940, 3333385414
440, 941834, 288590, 135421, 129264, 282137, 53211, 53211, 852967837
441, 941714, 143461, 276017, 269028, 137050, 58079, 58079, 379948347
442, 942286, 139611, 269278, 262479, 133634, 68642, 68642, 48545833
444, 938770, 281550, 141951, 135862, 274499, 52454, 52454, 3460275526
443, 944451, 257949, 166219, 159897, 252074, 54156, 54156, 3626896986
448, 941141, 252962, 163454, 156820, 246463, 60721, 60721, 2159896425
445, 944702, 184560, 239588, 232974, 178416, 54582, 54582, 1529578868
447, 940653, 161871, 233677, 226500, 155295, 81655, 81655, 4180073536
449, 939948, 274474, 149710, 143175, 267697, 52446, 52446, 710073669
446, 941157, 258456, 166104, 159825, 252114, 52329, 52329, 1722078424
451, 938686, 291438, 128195, 121890, 284579, 56292, 56292, 1147629999
453, 943482, 173083, 248098, 241520, 166877, 56952, 56952, 3083951193
452, 941598, 181770, 241296, 234569, 175419, 54272, 54272, 3787459665
455, 937630, 185366, 233081, 226244, 178729, 57105, 57105, 1061055426
454, 936881, 243045, 175205, 168846, 235945, 56920, 56920, 3664665897
450, 941127, 236208, 177519, 171354, 229768, 63139, 63139, 1026577398
457, 942004, 142325, 272393, 265552, 136240, 62747, 62747, 1726286491
456, 942465, 205273, 214178, 207874, 198786, 58177, 58177, 3004700505
458, 941136, 234864, 189059, 182292, 228297, 53312, 53312, 1643458438
459, 944396, 330706, 95533, 89759, 323696, 52351, 52351, 3320800116
460, 943350, 209766, 213994, 207793, 203269, 54264, 54264, 1336040205
462, 936330, 137776, 285777, 278471, 131314, 51496, 51496, 340973677
461, 938688, 233403, 191312, 184819, 226920, 51117, 51117, 791351526
465, 936918, 288641, 128154, 122030, 281333, 58380, 58380, 2389923156
463, 938294, 156163, 263657, 257012, 149902, 55780, 55780, 3107669943
468, 936988, 144539, 277069, 269607, 138167, 53803, 53803, 3717695396
466, 942954, 132460, 285925, 279506, 126325, 59369, 59369, 619993156
470, 939994, 232285, 186368, 179681, 225836, 57912, 57912, 2427807788
473, 937036, 111074, 303322, 295895, 104911, 60917, 60917, 1074756257
471, 941588, 121010, 299233, 292034, 114927, 57192, 57192, 2081614471
467, 938322, 281517, 136474, 130299, 274486, 57773, 57773, 3339989241
469, 939661, 268176, 148449, 142351, 261441, 59622, 59622, 2912640339
464, 942022, 100442, 321316, 314724, 94186, 55677, 55677, 1330635900
472, 938081, 256489, 147427, 141118, 249249, 71899, 71899, 612717349
474, 939864, 186331, 231641, 224812, 180210, 58435, 58435, 1806657246
477, 940715, 118702, 297975, 290660, 112544, 60417, 60417, 5303829
475, 939423, 280035, 140970, 134877, 272653, 55444, 55444, 903899814
479, 937644, 180375, 238970, 232081, 173936, 56141, 56141, 1398185795
476, 940415, 233998, 190148, 183669, 227874, 52363, 52363, 415141748
478, 936863, 137329, 283240, 276654, 131148, 54246, 54246, 2181782793
480, 941520, 152910, 269897, 262486, 146905, 54661, 54661, 3029692259
481, 943335, 210227, 210790, 204293, 203827, 57099, 57099, 411401711
482, 939786, 256212, 166397, 160289, 249348, 53770, 53770, 530354690
487, 938436, 216283, 196314, 189695, 209384, 63380, 63380, 2913925898
485, 935453, 163450, 253917, 247066, 157168, 56926, 56926, 1390995333
483, 938520, 204681, 213624, 206938, 198019, 57629, 57629, 2832423691
484, 938269, 149959, 272610, 265699, 143601, 53200, 53200, 2449605683
488, 940739, 202021, 207155, 200461, 195350, 67876, 67876, 1412289780
486, 941828, 166528, 251146, 244709, 160059, 59693, 59693, 3679506362
490, 937719, 140841, 278555, 271714, 134489, 56060, 56060, 1853965989
489, 944256, 290481, 140549, 134673, 283953, 47300, 47300, 2583510326
491, 940793, 175234, 245042, 237872, 169071, 56787, 56787, 3422797263
495, 939404, 95761, 323541, 316656, 89818, 56814, 56814, 2617818686
494, 939979, 161605, 261998, 255550, 155118, 52854, 52854, 2180116211
492, 942951, 296745, 129482, 123544, 289644, 51768, 51768, 1384717577
496, 935595, 226515, 186525, 179878, 219717, 61480, 61480, 4180589941
493, 942640, 271274, 147061, 140963, 264874, 59234, 59234, 2523275151
499, 940629, 146680, 271634, 264658, 140291, 58683, 58683, 1176400983
497, 941196, 184793, 233447, 226996, 178500, 58730, 58730, 482134262
500, 941019, 187380, 232335, 225841, 180827, 57318, 57318, 1156436494
502, 942389, 148215, 274543, 267575, 142138, 54959, 54959, 1502923712
501, 939099, 289148, 135611, 129273, 282407, 51330, 51330, 252815116
504, 938647, 285726, 129531, 123251, 279205, 60467, 60467, 3045900718
498, 942640, 249708, 172008, 165843, 243491, 55795, 55795, 1800926433
503, 942414, 150268, 267436, 260517, 144395, 59899, 59899, 1449751265
505, 943395, 190774, 232373, 225942, 184390, 54958, 54958, 334173416
506, 941822, 190004, 229386, 223068, 183568, 57898, 57898, 4251221212
507, 941845, 188106, 233849, 227279, 181779, 55416, 55416, 2796657408
510, 940219, 154038, 264421, 257966, 147646, 58074, 58074, 3707246071
508, 943265, 221040, 198480, 191955, 214718, 58536, 58536, 1113810316
514, 937856, 122742, 290635, 283458, 116513, 62254, 62254, 1889094465
511, 940016, 174055, 243580, 237045, 167580, 58878, 58878, 2418159682
509, 940544, 188469, 228009, 221526, 181998, 60271, 60271, 4046616482
513, 939730, 146748, 274181, 267472, 140333, 55498, 55498, 3720370574
512, 941823, 206897, 216481, 210248, 200303, 53947, 53947, 2785903803
516, 943039, 254972, 165484, 159280, 248707, 57298, 57298, 3808955916
515, 938809, 239430, 175945, 169666, 232712, 60528, 60528, 4223589234
518, 937573, 124785, 294610, 287835, 118157, 56093, 56093, 471092128
517, 940166, 259290, 157806, 151499, 252513, 59529, 59529, 1195990042
519, 941927, 126139, 297093, 290626, 120021, 54024, 54024, 1395372733
522, 943226, 286129, 134819, 128571, 279291, 57208, 57208, 2249317391
520, 940576, 251739, 162501, 156305, 245401, 62315, 62315, 216771057
521, 938047, 270428, 147055, 140632, 263720, 58106, 58106, 1684958822
523, 939518, 216317, 190535, 184660, 209600, 69203, 69203, 3038316508
524, 938803, 189809, 226540, 219381, 183495, 59789, 59789, 3373017766
527, 938822, 202048, 221629, 214953, 195320, 52436, 52436, 2664826834
528, 941192, 271976, 144982, 138832, 264722, 60340, 60340, 1045839867
525, 942316, 205214, 212909, 206271, 199064, 59429, 59429, 1837653113
529, 943020, 160691, 255451, 248890, 154420, 61784, 61784, 3315461619
526, 938881, 185778, 228079, 221472, 179514, 62019, 62019, 1577513386
530, 940396, 195843, 217646, 211333, 188826, 63374, 63374, 1248102960
534, 939221, 186630, 233338, 226318, 179845, 56545, 56545, 3082662486
533, 940537, 218656, 204891, 198247, 211885, 53429, 53429, 3132831585
531, 941699, 132914, 290059, 283173, 126671, 54441, 54441, 865859407
535, 935138, 205661, 177262, 170756, 199011, 91224, 91224, 1950347287
537, 941128, 208263, 211757, 204886, 202138, 57042, 57042, 605122804
536, 946051, 200991, 223881, 217885, 194642, 54326, 54326, 3653233991
532, 943661, 168679, 255283, 248691, 162410, 54299, 54299, 1284646350
540, 941314, 218447, 205699, 198949, 212053, 53083, 53083, 2748980100
539, 940271, 190435, 212514, 206329, 184223, 73385, 73385, 3632961025
538, 936981, 206662, 212113, 205361, 199735, 56555, 56555, 1275073164
543, 938820, 249082, 171088, 164601, 242393, 55828, 55828, 2179675842
541, 940623, 171054, 247232, 240313, 164608, 58708, 58708, 2821604694
547, 942233, 117151, 307047, 299959, 110924, 53576, 53576, 4121260480
544, 939566, 217605, 198957, 192651, 211485, 59434, 59434, 2672602226
542, 942055, 196640, 221617, 215026, 190100, 59336, 59336, 2801100189
546, 937834, 130127, 289418, 282414, 124045, 55915, 55915, 1150914226
548, 940147, 177615, 246484, 239504, 171424, 52560, 52560, 1676586112
545, 936531, 211720, 210045, 203146, 205436, 53092, 53092, 517903603
550, 943754, 196874, 225365, 218820, 190553, 56071, 56071, 3241248434
549, 944266, 157819, 263305, 256885, 151539, 57359, 57359, 2395903655
553, 942189, 150659, 270334, 263457, 144697, 56521, 56521, 1676956072
552, 940507, 235903, 185300, 179381, 228889, 55517, 55517, 565449971
551, 941181, 213866, 209248, 202882, 207229, 53978, 53978, 4197842510
554, 942384, 236083, 188169, 181677, 230089, 53183, 53183, 2581100222
555, 939800, 227044, 193581, 186909, 220196, 56035, 56035, 3174827499
558, 942751, 98437, 325272, 318261, 92743, 54019, 54019, 1385291426
557, 938953, 254574, 169152, 162389, 247836, 52501, 52501, 1680527417
556, 942235, 232360, 183024, 176789, 226090, 61986, 61986, 1671303284
563, 942198, 207369, 210854, 204638, 200921, 59208, 59208, 3834759148
559, 938673, 245286, 173365, 167208, 238798, 57008, 57008, 842847209
560, 942204, 140610, 277676, 270677, 134751, 59245, 59245, 1481043702
564, 939077, 195629, 225348, 218736, 188744, 55310, 55310, 571411633
561, 939903, 265987, 154739, 148643, 258734, 55900, 55900, 1757582013
562, 941329, 236693, 179588, 173242, 229818, 60994, 60994, 2879049335
566, 939337, 191678, 223685, 216686, 185138, 61075, 61075, 2283535066
567, 938392, 138924, 281605, 274448, 132545, 55435, 55435, 3404180849
565, 941683, 264442, 158101, 151848, 257860, 54716, 54716, 1314486528
569, 943312, 96861, 328658, 321970, 91167, 52328, 52328, 3298253104
570, 943211, 196108, 220353, 213995, 189433, 61661, 61661, 1527709494
568, 936373, 217288, 195789, 189466, 210358, 61736, 61736, 302793249
571, 942971, 173835, 246916, 240627, 167597, 56998, 56998, 2842891733
572, 944308, 182070, 230507, 224017, 175996, 65859, 65859, 432114522
573, 943118, 270290, 152623, 146412, 263935, 54929, 54929, 4112814574
574, 942225, 199781, 216905, 210796, 193233, 60755, 60755, 2517855074
575, 939387, 135878, 282229, 275307, 129569, 58202, 58202, 4000527236
579, 942085, 166810, 255178, 248540, 160187, 55685, 55685, 1465126832
576, 946050, 108246, 321762, 315151, 102021, 49435, 49435, 3028086860
578, 941156, 199862, 221661, 215600, 193319, 55357, 55357, 1974525181
580, 940743, 168711, 254484, 247928, 162814, 53403, 53403, 4104572032
577, 941037, 223231, 185366, 179061, 216435, 68472, 68472, 3280449173
581, 943392, 152478, 273374, 267113, 146063, 52182, 52182, 1397646474
582, 940429, 205608, 212473, 206104, 199298, 58473, 58473, 1071258046
583, 939694, 194117, 222175, 215761, 187587, 60027, 60027, 1774834203
584, 944166, 252775, 168080, 161783, 246278, 57625, 57625, 2149999142
587, 941832, 120883, 305303, 298274, 114398, 51487, 51487, 4026344058
586, 938983, 198993, 216293, 209458, 192379, 60930, 60930, 4000700783
588, 940889, 235313, 186557, 180149, 228874, 54998, 54998, 3146687947
585, 942941, 215779, 199459, 193216, 209697, 62395, 62395, 2611346571
589, 937745, 244693, 173462, 167182, 237464, 57472, 57472, 1441357718
591, 939452, 169113, 252481, 245578, 162506, 54887, 54887, 1486370854
594, 939405, 134851, 288995, 281973, 128546, 52520, 52520, 1032131529
593, 940348, 194278, 228927, 222416, 187587, 53570, 53570, 3240520910
592, 938623, 183479, 235399, 228817, 176620, 57154, 57154, 603061194
590, 939988, 235766, 181827, 175175, 229150, 59035, 59035, 3676095711
595, 941381, 227541, 195464, 188772, 220954, 54325, 54325, 319278747
596, 937659, 214866, 206043, 199221, 208263, 54633, 54633, 239137374
597, 942439, 171633, 252205, 245118, 165157, 54163, 54163, 25626457
599, 936436, 85351, 333690, 326531, 79130, 55867, 55867, 1088978897
598, 943614, 184127, 235652, 228806, 178085, 58472, 58472, 2507803801
602, 939580, 195342, 223001, 216465, 188728, 58022, 58022, 3742417267
600, 939185, 240435, 180122, 173743, 233461, 55712, 55712, 762155871
601, 942757, 207617, 217523, 211267, 201416, 52467, 52467, 343027768
604, 937607, 265592, 153396, 146867, 258902, 56425, 56425, 681502595
603, 945992, 225363, 194573, 188664, 218464, 59464, 59464, 38076694
605, 939572, 212603, 205053, 198882, 206064, 58485, 58485, 100080383
606, 939166, 144437, 265946, 259493, 138200, 65545, 65545, 1843250745
607, 938571, 198957, 220224, 213692, 192216, 56741, 56741, 1580355493
610, 941074, 223422, 198727, 192665, 216808, 54726, 54726, 949015796
609, 940032, 205659, 203937, 197588, 199124, 66862, 66862, 316332965
611, 939350, 269577, 147557, 140739, 262411, 59533, 59533, 338896351
608, 942964, 170486, 253974, 247453, 164111, 53470, 53470, 3118405634
613, 937575, 257385, 161133, 154863, 250330, 56932, 56932, 3679759660
612, 941504, 290624, 129852, 123723, 283901, 56702, 56702, 736409867
614, 938646, 271803, 144602, 138074, 264783, 59692, 59692, 3033906421
615, 941527, 218770, 202762, 196112, 212667, 55608, 55608, 597821414
616, 939049, 141600, 271753, 264607, 135095, 62997, 62997, 1131723214
618, 936602, 167709, 249220, 242327, 161376, 57985, 57985, 577718535
617, 940405, 251924, 167567, 161295, 245373, 57123, 57123, 3921225165
619, 941174, 181783, 238431, 232118, 175226, 56808, 56808, 1915466936
623, 942143, 219441, 202076, 195537, 212929, 56080, 56080, 1703514822
620, 941180, 170063, 249544, 243072, 163779, 57361, 57361, 1657636903
621, 941128, 118714, 299809, 292918, 112765, 58461, 58461, 618138144
622, 937864, 314592, 109760, 103801, 307275, 51218, 51218, 3993965369
624, 940980, 165517, 252548, 245439, 159020, 59228, 59228, 2155667130
625, 939909, 252616, 169152, 163074, 245921, 54573, 54573, 2862438046
627, 939702, 275492, 143427, 137158, 268659, 57483, 57483, 2291558982
626, 939505, 193491, 223538, 216762, 186872, 59421, 59421, 325228619
630, 941688, 179062, 241552, 234619, 172935, 56760, 56760, 820236890
628, 938338, 320553, 105152, 99182, 313773, 49839, 49839, 211186691
633, 938851, 286837, 133463, 127305, 279850, 55698, 55698, 3786086980
629, 940705, 199418, 223398, 217203, 192962, 53862, 53862, 3973942122
631, 941335, 188933, 228749, 222379, 182304, 59485, 59485, 1981419536
632, 940849, 230422, 187242, 181165, 223950, 59035, 59035, 3106196709
634, 942899, 256744, 168593, 162429, 249695, 52719, 52719, 1471417580
637, 941888, 129990, 292562, 285667, 123837, 54916, 54916, 3226131338
640, 939303, 218547, 197884, 191291, 211951, 59815, 59815, 509917093
638, 942918, 178377, 240743, 234426, 172100, 58636, 58636, 3967009598
639, 941356, 188496, 228751, 221819, 181846, 60222, 60222, 3038639979
635, 943082, 253440, 169614, 163558, 246970, 54750, 54750, 2135510561
636, 940566, 185336, 232533, 225963, 178972, 58881, 58881, 4004616726
641, 941230, 204595, 218197, 211884, 197998, 54278, 54278, 943587217
642, 939871, 246153, 175800, 169387, 239241, 54645, 54645, 3500440308
645, 937315, 265000, 153740, 147240, 257829, 56753, 56753, 4199375119
643, 942974, 300072, 115623, 109587, 293014, 62339, 62339, 3339329522
644, 941651, 221046, 198013, 191566, 214474, 58276, 58276, 2287815332
649, 937514, 224946, 188097, 181597, 218218, 62328, 62328, 2898379175
646, 939223, 252262, 163592, 157523, 245180, 60333, 60333, 2616605411
648, 938829, 245690, 171272, 164506, 238997, 59182, 59182, 3628240249
650, 939508, 115213, 304002, 296530, 108937, 57413, 57413, 1410024758
647, 942139, 246560, 161291, 155221, 240271, 69398, 69398, 71905636
653, 937759, 144320, 277418, 270133, 138062, 53913, 53913, 46086295
656, 943754, 167009, 260134, 253734, 160931, 50973, 50973, 1723906068
655, 939331, 257307, 164041, 157566, 250207, 55105, 55105, 2869284391
651, 943607, 115027, 307330, 300643, 109195, 55706, 55706, 1154097694
652, 942336, 180389, 242620, 235747, 173858, 54861, 54861, 1382845376
654, 946569, 279288, 148227, 142195, 272669, 52095, 52095, 534199501
657, 940014, 236257, 181480, 175082, 229319, 58938, 58938, 1221875464
658, 937864, 213482, 206904, 199921, 206577, 55490, 55490, 1447689428
664, 944260, 124204, 296479, 290072, 118655, 57425, 57425, 4229808739
661, 947150, 242093, 181641, 175560, 235414, 56221, 56221, 748781746
660, 941967, 274345, 146754, 140522, 267924, 56211, 56211, 2900940749
659, 941416, 256975, 164809, 158377, 250209, 55523, 55523, 2366152470
662, 941042, 107525, 318069, 311365, 101543, 51270, 51270, 2548647548
665, 939814, 186335, 232262, 225305, 179918, 57997, 57997, 3460076720
663, 942850, 268894, 151823, 145298, 262901, 56967, 56967, 282502922
667, 937603, 173165, 243695, 236910, 166611, 58611, 58611, 1751709999
669, 939531, 232040, 186825, 180462, 225406, 57399, 57399, 1761386915
670, 940225, 202287, 216856, 210380, 195688, 57507, 57507, 4133635825
666, 942259, 242025, 176136, 169986, 235020, 59546, 59546, 773081514
668, 940519, 265602, 157423, 151305, 258699, 53745, 53745, 2741330012
673, 938362, 165723, 255813, 248736, 158894, 54598, 54598, 2195609422
671, 940780, 244927, 175880, 169482, 238245, 56123, 56123, 912929760
674, 939771, 204662, 213620, 206627, 197932, 58465, 58465, 2825683587
672, 941735, 248186, 165536, 159278, 241413, 63661, 63661, 2081672048
677, 939464, 180213, 241248, 234458, 173381, 55082, 55082, 3774730980
676, 939182, 173847, 239742, 233421, 167274, 62449, 62449, 1688622430
675, 940764, 255657, 162278, 156173, 248682, 58987, 58987, 1120332835
679, 940368, 223664, 200462, 193679, 216987, 52788, 52788, 3568469347
680, 941805, 253276, 159238, 152946, 246435, 64955, 64955, 1515366671
678, 942506, 311106, 113460, 107396, 304242, 53151, 53151, 3212911836
681, 940887, 160880, 261616, 254903, 154666, 54411, 54411, 135527253
684, 940000, 158971, 266279, 258603, 152675, 51736, 51736, 1413505506
682, 937170, 303289, 119489, 113161, 296399, 52416, 52416, 2993679606
685, 941347, 325004, 100963, 95016, 317950, 51207, 51207, 2503731877
686, 939782, 196686, 225737, 219025, 190048, 54143, 54143, 3344494889
683, 943873, 247173, 177080, 170455, 240549, 54308, 54308, 2145411850
688, 942251, 172685, 249546, 242408, 166398, 55607, 55607, 946481101
687, 939554, 210216, 204066, 196748, 203968, 62278, 62278, 320525629
689, 944398, 191630, 193789, 187871, 185144, 92982, 92982, 1079195796
691, 938260, 136213, 280922, 274379, 130134, 58306, 58306, 3749797509
690, 941325, 271450, 153113, 146960, 264744, 52529, 52529, 811808294
692, 942408, 250063, 172833, 166691, 243473, 54674, 54674, 108736440
696, 939160, 189737, 229066, 222491, 183028, 57419, 57419, 1486800049
694, 936487, 128382, 283814, 276603, 122180, 62754, 62754, 1663325323
695, 940356, 133926, 283545, 277052, 127679, 59077, 59077, 3064001265
698, 943147, 204609, 218330, 211931, 198201, 55038, 55038, 4256792256
693, 939887, 243475, 167495, 161476, 236931, 65255, 65255, 2894780872
697, 940844, 224105, 191961, 185327, 217241, 61105, 61105, 3879045419
699, 938383, 286738, 136633, 130245, 279897, 52435, 52435, 3910639364
701, 939353, 132176, 287908, 281018, 125979, 56136, 56136, 112922360
702, 940320, 186252, 234328, 228023, 179837, 55940, 55940, 3715142758
703, 942572, 176197, 246980, 240530, 169959, 54453, 54453, 1765241088
704, 940912, 249911, 172083, 166025, 243027, 54933, 54933, 4053239504
705, 940647, 215382, 206654, 199721, 208934, 54978, 54978, 2071984382
700, 941724, 287207, 139674, 133480, 280257, 50553, 50553, 4212490535
708, 939962, 159284, 265175, 257910, 152987, 52303, 52303, 1909690759
706, 943970, 186558, 229672, 223353, 180289, 62049, 62049, 3712919689
707, 940655, 213358, 203075, 196888, 206586, 60374, 60374, 1901125147
710, 940194, 266036, 154568, 148074, 259270, 56123, 56123, 2919790963
711, 940895, 160377, 258338, 251554, 153640, 58493, 58493, 1238296027
712, 942383, 308238, 110458, 104487, 300872, 59164, 59164, 3070602536
715, 939261, 248338, 172389, 165868, 241268, 55699, 55699, 2332904334
709, 938711, 251853, 157231, 150715, 244752, 67080, 67080, 2444882214
714, 945317, 286347, 138918, 132936, 279120, 53998, 53998, 93215007
716, 942089, 246810, 177506, 171007, 240374, 53196, 53196, 1465338387
717, 942702, 227853, 191437, 185145, 221107, 58580, 58580, 125863091
719, 940139, 140326, 272921, 265862, 134152, 63439, 63439, 1444140116
720, 937112, 150521, 253775, 247528, 144118, 70585, 70585, 1932038986
718, 938339, 282947, 137497, 130890, 276347, 55329, 55329, 342535356
721, 945922, 163255, 254676, 248098, 157159, 61367, 61367, 3458124118
713, 942010, 206120, 205120, 199101, 199707, 65981, 65981, 1987589207
723, 939733, 224096, 197422, 191133, 217716, 54683, 54683, 2231860097
725, 943282, 145549, 279525, 272598, 139666, 52972, 52972, 1685148659
722, 942309, 323889, 104904, 98789, 316993, 48867, 48867, 2652831754
726, 939368, 129460, 291191, 284546, 123267, 55452, 55452, 3249670457
724, 940791, 161756, 261775, 255605, 155121, 53267, 53267, 3482542026
728, 941495, 193209, 228317, 221516, 186855, 55799, 55799, 972658014
727, 948259, 84101, 343189, 336644, 78421, 52952, 52952, 2003835431
730, 939020, 229911, 186980, 180586, 223387, 59078, 59078, 601826926
731, 939914, 161781, 257237, 250432, 155680, 57392, 57392, 3975710831
729, 942395, 223425, 176298, 170165, 216767, 77870, 77870, 3424118041
733, 939337, 205992, 210987, 204116, 199538, 59352, 59352, 199930299
735, 939001, 202197, 215383, 208359, 195424, 58819, 58819, 2773963784
734, 938830, 131351, 287173, 280327, 125345, 57317, 57317, 2292705988
732, 939039, 174910, 239283, 233266, 168218, 61681, 61681, 3112273412
736, 943346, 122552, 304417, 297655, 116640, 51041, 51041, 3575516374
737, 939410, 211524, 209405, 202638, 204863, 55490, 55490, 4260201019
738, 938427, 191520, 229492, 222645, 185050, 54860, 54860, 766612065
739, 940400, 118872, 303277, 296206, 112625, 54710, 54710, 3476964402
740, 941914, 296585, 124725, 118648, 289776, 56090, 56090, 4020485550
742, 938773, 125181, 290747, 283843, 118924, 60039, 60039, 303070867
743, 939274, 180793, 236901, 230537, 174021, 58511, 58511, 2926186154
741, 940955, 234958, 184013, 177823, 227953, 58104, 58104, 4268966757
744, 939540, 227183, 189408, 183172, 220209, 59784, 59784, 693522843
745, 938768, 252716, 166623, 160163, 245480, 56893, 56893, 269230023
747, 938870, 172408, 243990, 237248, 165722, 59751, 59751, 3956174837
748, 940973, 280012, 143401, 137269, 272913, 53689, 53689, 2394311382
746, 938277, 206782, 189475, 182752, 199896, 79686, 79686, 2866434399
751, 938102, 133376, 289025, 281934, 126913, 53427, 53427, 1361119696
749, 940808, 249140, 165697, 159324, 242543, 62052, 62052, 4028072695
753, 939025, 109682, 311156, 304683, 103472, 55016, 55016, 2856971385
750, 943611, 146483, 270308, 263875, 140309, 61318, 61318, 4028219372
752, 940153, 168789, 254452, 247631, 162607, 53337, 53337, 2773708844
755, 940240, 146393, 272745, 266018, 140220, 57432, 57432, 3544380516
754, 937806, 238540, 178582, 171768, 232148, 58384, 58384, 2040337798
758, 942609, 163888, 256027, 249603, 157575, 57758, 57758, 1620291158
759, 943507, 208496, 204991, 198759, 202109, 64576, 64576, 3809354279
757, 941374, 184512, 236471, 229549, 178050, 56396, 56396, 3034609078
756, 940687, 213066, 202036, 195480, 206535, 61785, 61785, 959292127
760, 943795, 248963, 172296, 165789, 242529, 57109, 57109, 143962645
761, 941445, 224308, 192249, 186041, 218103, 60372, 60372, 1338452723
763, 936554, 124702, 285937, 279128, 118361, 64213, 64213, 1636967172
762, 942425, 237999, 186880, 180564, 231192, 52895, 52895, 3894469023
765, 936240, 253933, 165473, 159255, 246829, 55375, 55375, 1907839171
766, 938801, 275011, 141381, 134649, 268078, 59841, 59841, 1294704451
764, 940598, 222188, 199223, 192640, 215681, 55433, 55433, 1669335316
770, 934598, 198200, 206944, 200060, 191248, 69073, 69073, 2609391444
769, 936191, 191514, 224043, 217240, 184976, 59209, 59209, 125548398
768, 941257, 281640, 134099, 127828, 274780, 61455, 61455, 2460360423
767, 941228, 224787, 200994, 194485, 218702, 51130, 51130, 435107722
772, 940066, 197094, 224340, 217846, 190516, 55135, 55135, 3859990486
771, 940536, 231815, 187554, 181175, 224896, 57548, 57548, 2037939453
775, 937542, 160202, 252924, 245909, 153733, 62387, 62387, 3727745429
773, 943329, 186761, 232826, 226478, 180506, 58379, 58379, 2426055039
776, 941229, 182258, 238863, 232315, 176167, 55813, 55813, 1391398892
774, 942694, 281962, 137901, 131630, 275197, 58002, 58002, 970218739
777, 941395, 193953, 227164, 220641, 187329, 56154, 56154, 3382894794
780, 938724, 239371, 175190, 168764, 232079, 61660, 61660, 1136686165
778, 937909, 271640, 144471, 137857, 265089, 59426, 59426, 103796742
779, 937524, 139427, 279712, 273017, 132954, 56207, 56207, 3181778868
784, 939828, 197061, 217975, 211355, 190757, 61340, 61340, 4123050899
782, 940749, 238442, 181735, 175577, 231315, 56840, 56840, 1784094764
783, 942429, 172688, 244703, 238016, 166496, 60263, 60263, 1382305475
781, 941158, 223678, 198937, 192585, 217466, 54246, 54246, 2681982930
786, 940385, 154942, 252404, 245539, 148642, 69429, 69429, 1709720904
785, 942014, 251526, 170516, 164032, 245116, 55412, 55412, 1847167472
787, 942852, 179356, 238518, 231775, 173099, 60052, 60052, 3085185018
788, 941561, 250928, 168422, 162678, 244171, 57681, 57681, 360097543
790, 940878, 218480, 203014, 196220, 211658, 55753, 55753, 4261078324
791, 939766, 202831, 216924, 210547, 196566, 56449, 56449, 1858682185
789, 942604, 252303, 168993, 162908, 246236, 56082, 56082, 3879624620
792, 940829, 222179, 201309, 194934, 215779, 53314, 53314, 505675950
794, 938786, 104502, 311556, 304839, 98437, 59726, 59726, 1738475571
796, 939863, 159738, 247557, 241026, 153500, 69021, 69021, 4026393332
793, 940280, 173775, 241686, 234486, 167349, 61492, 61492, 618807101
799, 941587, 215440, 209110, 202213, 209122, 52851, 52851, 3385095438
797, 939478, 215983, 201296, 194805, 209546, 58924, 58924, 3152017407
800, 936807, 230683, 186710, 180409, 223799, 57603, 57603, 2599678052
795, 939040, 152459, 267920, 261181, 146234, 55623, 55623, 1478335113
798, 938329, 230158, 184408, 178066, 223647, 61025, 61025, 3487666970
801, 941449, 181489, 232228, 225422, 175318, 63496, 63496, 800105121
802, 939318, 252520, 162791, 156519, 245918, 60785, 60785, 584128939
805, 943340, 296830, 128073, 122008, 289891, 53269, 53269, 558156783
803, 940589, 230168, 189300, 183027, 223540, 57277, 57277, 4276217945
807, 936730, 254815, 161107, 154291, 247869, 59324, 59324, 1695294095
804, 937053, 235885, 186410, 179584, 229370, 52902, 52902, 1833763041
808, 941709, 208342, 213873, 207008, 201926, 55280, 55280, 489535344
806, 941727, 195939, 225840, 219249, 189625, 55537, 55537, 963607200
812, 944139, 149682, 276953, 269973, 143441, 52045, 52045, 4096169044
810, 940885, 158874, 261309, 254635, 152271, 56898, 56898, 772092290
809, 941890, 238244, 183691, 177382, 231577, 55498, 55498, 3939715575
811, 942211, 297992, 125558, 119643, 291046, 53986, 53986, 4238379937
814, 940051, 222356, 188777, 181932, 215986, 65500, 65500, 368066167
815, 941259, 200199, 214355, 207224, 193603, 62939, 62939, 3471616827
813, 944235, 106199, 311071, 304129, 100378, 61229, 61229, 3960807215
818, 938522, 122901, 286616, 279503, 116616, 66443, 66443, 1406317588
816, 937761, 218768, 195744, 188981, 212092, 61088, 61088, 1912065535
817, 944747, 225751, 193198, 187101, 219391, 59653, 59653, 1587920726
819, 941786, 177263, 239390, 232944, 170839, 60675, 60675, 52508490
820, 939103, 178077, 242669, 235523, 171320, 55757, 55757, 3741630909
821, 940168, 284201, 132400, 126233, 277020, 60157, 60157, 3449462733
822, 937790, 227905, 183252, 176813, 220976, 64422, 64422, 1467511599
823, 940576, 111916, 311325, 304098, 105701, 53768, 53768, 3525766115
824, 942352, 242169, 183666, 177409, 235472, 51818, 51818, 2424751540
825, 944480, 204527, 211610, 204840, 198055, 62724, 62724, 143453952
827, 940038, 261515, 159063, 152469, 254563, 56214, 56214, 834880598
828, 938649, 126250, 289899, 283107, 119737, 59828, 59828, 3667729250
826, 938750, 182786, 215971, 209168, 176369, 77228, 77228, 3191780741
829, 937662, 165594, 219701, 212774, 159181, 90206, 90206, 1445423049
832, 940827, 206048, 215076, 208642, 199239, 55911, 55911, 240104246
830, 936955, 197718, 220949, 214350, 190826, 56556, 56556, 4182507759
833, 941013, 196709, 221961, 215058, 190325, 58480, 58480, 3575620874
831, 945306, 293811, 126936, 120817, 287180, 58281, 58281, 1154572592
835, 943719, 150684, 265472, 258708, 144671, 62092, 62092, 2260586190
834, 936832, 259645, 161184, 154455, 252512, 54518, 54518, 3105803999
836, 940371, 228984, 190925, 184208, 222188, 57033, 57033, 2012738153
837, 936841, 248116, 158364, 152000, 241195, 68583, 68583, 998207070
839, 940338, 164465, 255750, 248996, 157959, 56584, 56584, 1336009518
838, 940433, 170561, 245911, 239620, 164267, 60037, 60037, 2495538828
842, 938368, 180821, 223572, 216866, 174279, 71415, 71415, 366740530
840, 941026, 215116, 203062, 196696, 208700, 58726, 58726, 3238994345
841, 939502, 195265, 224401, 217949, 188695, 56596, 56596, 3719975947
844, 941546, 159899, 259774, 253056, 153595, 57611, 57611, 1276897765
843, 937785, 187127, 232903, 226175, 180790, 55395, 55395, 63927456
846, 940905, 103380, 321357, 314503, 97791, 51937, 51937, 1716863223
845, 942077, 244461, 179484, 172807, 238073, 53626, 53626, 2503822702
847, 941291, 253118, 158742, 152499, 246200, 65366, 65366, 525182054
849, 943775, 189600, 236848, 230369, 183710, 51624, 51624, 2288503713
848, 941791, 244955, 167640, 161502, 237952, 64871, 64871, 3335043096
854, 938144, 224391, 192137, 185284, 217522, 59405, 59405, 2667832333
851, 939895, 190082, 232309, 225615, 183747, 54071, 54071, 629432600
852, 939085, 170400, 251263, 244294, 163954, 54587, 54587, 4279171514
850, 942269, 240318, 182439, 176085, 233181, 55123, 55123, 1398165620
853, 940892, 238183, 181099, 174898, 231518, 57597, 57597, 3957507855
857, 937135, 189436, 231164, 224241, 182976, 54659, 54659, 2591858218
855, 939327, 294285, 127522, 121319, 287455, 54373, 54373, 1188160290
856, 942710, 227990, 190433, 183870, 221529, 59444, 59444, 3467020789
860, 940083, 156512, 249854, 243275, 150052, 70195, 70195, 937999111
859, 938948, 264145, 150285, 143954, 257424, 61570, 61570, 1539224932
861, 942899, 171255, 251532, 244643, 165263, 55103, 55103, 4243206939
858, 941161, 236742, 186691, 180344, 230214, 53585, 53585, 3556565194
862, 940035, 193696, 223626, 217094, 186827, 59396, 59396, 3811620650
866, 939943, 108345, 316859, 309332, 102253, 51577, 51577, 4065955360
863, 940137, 275550, 144504, 138360, 268169, 56777, 56777, 3993724863
864, 936776, 164984, 250708, 243664, 158498, 59461, 59461, 1413261515
865, 940151, 169652, 253250, 246417, 163614, 53609, 53609, 2403234430
868, 938525, 192940, 216849, 210184, 186098, 66227, 66227, 2909565789
871, 942107, 142524, 277889, 271145, 136215, 57167, 57167, 2937721516
867, 940629, 258941, 161033, 154871, 251702, 57041, 57041, 1347047154
869, 941916, 206132, 220203, 213558, 199221, 51401, 51401, 881005879
870, 939770, 257552, 164004, 157662, 251048, 54752, 54752, 3206085230
873, 941663, 159311, 257240, 250353, 153003, 60878, 60878, 3103184609
874, 939021, 192136, 225253, 218727, 185923, 58491, 58491, 469408259
872, 940004, 305044, 116995, 110751, 297918, 54648, 54648, 3029578499
877, 941052, 235873, 180498, 173904, 229449, 60664, 60664, 3086302946
875, 942294, 309843, 113171, 107425, 303025, 54415, 54415, 2514466628
878, 939348, 150248, 269114, 262155, 143947, 56942, 56942, 3969611349
880, 938685, 201923, 215263, 208249, 195162, 59044, 59044, 485200970
879, 938164, 225263, 194154, 187363, 219012, 56186, 56186, 3188475098
881, 939777, 202153, 220745, 213999, 195396, 53742, 53742, 2058135506
884, 938976, 137279, 283621, 276519, 130969, 55294, 55294, 1938386560
882, 939523, 232790, 182131, 175699, 225573, 61665, 61665, 1155793097
876, 942760, 203224, 221800, 215188, 196732, 52908, 52908, 81609217
883, 943560, 264653, 158381, 152084, 258050, 55196, 55196, 1164973550
885, 943797, 195666, 222874, 216336, 189275, 59823, 59823, 3918070706
886, 941282, 226086, 196861, 190287, 219718, 54165, 54165, 1807246357
887, 939732, 196627, 220765, 214130, 190234, 58988, 58988, 3074867006
888, 942719, 265254, 161263, 155391, 258587, 51112, 51112, 2327983915
890, 935808, 232667, 179274, 173039, 225866, 62481, 62481, 339132208
889, 940932, 275147, 140201, 133942, 268394, 61624, 61624, 943482467
893, 936906, 228748, 190689, 184211, 221412, 55923, 55923, 2087146864
891, 941591, 210555, 216275, 209628, 204027, 50553, 50553, 1318485708
892, 936931, 261791, 156924, 150134, 254830, 56626, 56626, 836062656
895, 941104, 245727, 174493, 168081, 239105, 56849, 56849, 1790830395
894, 942264, 201964, 209675, 203354, 195109, 66081, 66081, 1960888376
898, 942784, 166373, 259113, 252308, 160366, 52312, 52312, 31953585
896, 938296, 266929, 154450, 147842, 260339, 54368, 54368, 4180624034
899, 943200, 175157, 245293, 238674, 169110, 57483, 57483, 882910508
901, 937880, 210589, 209919, 203139, 203531, 55351, 55351, 1775632616
897, 935933, 216612, 201124, 194484, 209835, 56939, 56939, 3854483009
900, 939452, 132454, 289099, 282549, 126132, 54609, 54609, 4012847983
903, 938121, 159704, 256330, 249475, 153066, 59773, 59773, 3379779594
902, 939976, 233325, 186515, 179665, 226615, 56928, 56928, 694395467
904, 940680, 233489, 178940, 172449, 226810, 64496, 64496, 2250170553
906, 940043, 175333, 247577, 240718, 168713, 53851, 53851, 2340347699
908, 937343, 142305, 274847, 267993, 135896, 58151, 58151, 947250891
907, 940645, 260892, 160902, 154937, 254178, 54868, 54868, 1414468589
909, 942226, 250355, 173433, 167257, 243903, 53639, 53639, 4248748495
905, 944499, 270086, 154118, 148176, 263659, 54230, 54230, 2778800012
910, 938847, 207469, 206691, 200550, 200847, 61645, 61645, 3713777201
911, 939527, 222098, 200851, 193904, 215318, 53678, 53678, 602778105
912, 939544, 216549, 203957, 197470, 210008, 55780, 55780, 1599538460
913, 940582, 146040, 266094, 259212, 139720, 64758, 64758, 543561710
915, 941437, 283131, 142572, 136391, 276185, 51579, 51579, 262147293
914, 939209, 170112, 247114, 240285, 163490, 59104, 59104, 3646333867
916, 939276, 140121, 279275, 272377, 133929, 56787, 56787, 2830107732
917, 938249, 212959, 206854, 200141, 206459, 55918, 55918, 2189846161
918, 937182, 200144, 220829, 213665, 193316, 54614, 54614, 948454770
919, 941700, 197744, 226397, 219806, 191421, 53166, 53166, 3028749175
920, 937913, 211176, 207582, 200585, 204830, 56870, 56870, 3849670528
921, 944526, 224656, 193541, 187087, 218406, 60418, 60418, 2265204187
923, 940089, 230279, 184137, 177901, 222898, 62437, 62437, 295488389
924, 938832, 205638, 218152, 211111, 198859, 52536, 52536, 3096567311
922, 936940, 221028, 195409, 188946, 214047, 58755, 58755, 1547974653
928, 936763, 149044, 236731, 229570, 142584, 89417, 89417, 3809945104
927, 942164, 220360, 204276, 198208, 213842, 52739, 52739, 2978772973
926, 937429, 277223, 135862, 129603, 270473, 62134, 62134, 1531090818
930, 938609, 206231, 212003, 205114, 199621, 57820, 57820, 2082482893
925, 940241, 246781, 171069, 164876, 240313, 58601, 58601, 1462197770
929, 936925, 221151, 176855, 170166, 214341, 77206, 77206, 3036638344
934, 942488, 178437, 234315, 227554, 172116, 65033, 65033, 876472965
933, 941766, 229534, 185719, 179117, 222752, 62322, 62322, 178238483
931, 945604, 90249, 293938, 287484, 84605, 94664, 94664, 2901523543
935, 942610, 138478, 284555, 278154, 132511, 54456, 54456, 1669025175
932, 941143, 263460, 162114, 156053, 257258, 51129, 51129, 1474624517
936, 941633, 148105, 274129, 267502, 142275, 54811, 54811, 2818006966
938, 944444, 157928, 265457, 258994, 151677, 55194, 55194, 400669929
940, 938271, 216973, 198598, 191834, 210338, 60264, 60264, 406473817
937, 941592, 277422, 141721, 135925, 270948, 57788, 57788, 3849346700
939, 939987, 216304, 206534, 200202, 209899, 53524, 53524, 22718966
941, 941097, 190793, 233821, 226990, 184287, 52603, 52603, 622301601
943, 936756, 275799, 144836, 138541, 268742, 54419, 54419, 2927575037
946, 940577, 204780, 213618, 207191, 198000, 58494, 58494, 2348533897
942, 939242, 253785, 163852, 157661, 247336, 58304, 58304, 1798288771
945, 937818, 244753, 174079, 167828, 237820, 56669, 56669, 980755518
944, 943240, 166670, 256516, 250162, 160606, 54643, 54643, 926268061
949, 941891, 185392, 234599, 228079, 178631, 57595, 57595, 2435088505
948, 939712, 219216, 201171, 194315, 212576, 56217, 56217, 2013584007
951, 938584, 273445, 148299, 141794, 266098, 54474, 54474, 2285814703
947, 938002, 302580, 118479, 112502, 295719, 54361, 54361, 2479858762
952, 938243, 201359, 217687, 210807, 194718, 56836, 56836, 3717486753
950, 944546, 220333, 179921, 173529, 214113, 78325, 78325, 970840076
955, 939222, 200627, 220418, 213825, 193584, 55384, 55384, 490010798
953, 941532, 158049, 255306, 248599, 151644, 63967, 63967, 2055222141
954, 941779, 255459, 164359, 158174, 248393, 57697, 57697, 3510710532
957, 936913, 207929, 209453, 202475, 201470, 57793, 57793, 2277303117
956, 942609, 114340, 299033, 292496, 108048, 64346, 64346, 198210401
959, 937844, 202510, 206980, 200204, 195652, 66249, 66249, 3334763553
961, 942696, 190586, 222117, 215394, 184097, 65251, 65251, 4168663066
966, 939286, 171702, 250636, 243433, 165105, 54205, 54205, 1887001572
960, 943670, 177694, 243987, 237470, 171521, 56499, 56499, 3298499178
958, 940133, 169839, 248930, 242227, 163213, 57962, 57962, 3232398820
965, 937799, 262363, 150961, 144769, 255184, 62261, 62261, 565657238
964, 943229, 244791, 178734, 172296, 238094, 54657, 54657, 101949685
963, 938457, 221102, 198548, 191727, 214562, 56259, 56259, 3500500874
962, 940996, 213778, 207742, 201255, 207335, 55443, 55443, 3335983740
967, 940864, 262808, 151895, 145644, 256265, 62126, 62126, 2573263652
968, 940171, 163566, 254383, 247752, 157170, 58650, 58650, 2200528441
974, 939187, 143836, 276034, 268521, 137424, 56686, 56686, 2610119270
972, 939682, 135162, 278160, 271475, 128627, 63129, 63129, 665940313
973, 941232, 233294, 182354, 175581, 226895, 61554, 61554, 1303129818
969, 939201, 269381, 144992, 138693, 262685, 61725, 61725, 2104084604
971, 943937, 236409, 187095, 181011, 229908, 54757, 54757, 3291167856
970, 942590, 263978, 156117, 149999, 257828, 57334, 57334, 1692398151
975, 940885, 142595, 277560, 270911, 136063, 56878, 56878, 3540714150
976, 941135, 208609, 212404, 205854, 202208, 56030, 56030, 4271973429
977, 940196, 205356, 215990, 209525, 198845, 55240, 55240, 3065219724
978, 943326, 211099, 209021, 202523, 204647, 58018, 58018, 2512701134
981, 940856, 163144, 253080, 246452, 156816, 60682, 60682, 2988735243
982, 937535, 181905, 230255, 223724, 175133, 63259, 63259, 605484817
983, 939808, 244793, 176472, 169665, 238088, 55395, 55395, 113848268
979, 941955, 244436, 175280, 168864, 237855, 57760, 57760, 3402913591
984, 939741, 166946, 253870, 247172, 160319, 55717, 55717, 13683970
980, 938919, 159664, 257571, 250465, 153405, 58907, 58907, 119103303
985, 941834, 189669, 220357, 213842, 183442, 67262, 67262, 1414153552
987, 942140, 225460, 188830, 182752, 218670, 63214, 63214, 4284397543
988, 939851, 286707, 135489, 129103, 279388, 54582, 54582, 1315271577
989, 942492, 172280, 251691, 245029, 166032, 53730, 53730, 3213602015
991, 940179, 231553, 184535, 178069, 224860, 60581, 60581, 1339816839
990, 938924, 143404, 273174, 266282, 137560, 59252, 59252, 2616245913
992, 939815, 218507, 189367, 182881, 211972, 68544, 68544, 834551547
986, 940372, 244448, 171695, 165210, 238081, 60469, 60469, 3201286947
994, 938415, 159654, 263198, 256241, 152996, 53163, 53163, 3217171370
993, 941540, 181867, 238049, 231581, 175353, 57345, 57345, 2791943270
996, 940820, 147730, 268051, 260981, 141514, 61272, 61272, 1254109895
995, 943351, 233141, 181562, 175107, 226423, 63559, 63559, 1237224793
998, 940483, 124083, 290246, 283315, 117745, 62547, 62547, 1044093420
997, 940388, 146797, 269777, 263085, 140549, 60090, 60090, 1002337441
999, 940577, 217193, 203358, 197007, 210533, 56243, 56243, 3033486690
