sample_id, N_active, N_A_1, N_B_1, N_A_0, N_B_0, N_A_*, N_B_*, seed
0, 2244571, 306200, 699915, 684553, 292523, 130690, 130690, 1643570919
4, 2236296, 451810, 546203, 530822, 437029, 135216, 135216, 1519139371
9, 2249698, 444641, 570987, 556100, 430474, 123748, 123748, 2649081002
5, 2245529, 548756, 458009, 443355, 533373, 131018, 131018, 4271642385
10, 2246201, 236701, 766802, 751082, 223212, 134202, 134202, 205364164
7, 2246432, 408235, 600606, 584416, 394389, 129393, 129393, 728784497
14, 2248544, 483895, 524786, 509335, 469672, 130428, 130428, 766180891
3, 2245807, 485101, 511612, 497060, 470174, 140930, 140930, 3487681411
15, 2241891, 302613, 667772, 652914, 288088, 165252, 165252, 3075082584
13, 2241948, 409206, 589095, 573862, 394747, 137519, 137519, 2713145890
8, 2240926, 524070, 477296, 462297, 509271, 133996, 133996, 3158169548
2, 2240808, 600241, 397823, 383281, 586059, 136702, 136702, 2583654875
11, 2243995, 500011, 497524, 482294, 485746, 139210, 139210, 2304203222
12, 2236462, 559494, 445518, 430893, 544119, 128219, 128219, 1056725072
6, 2241940, 537908, 465597, 451025, 523116, 132147, 132147, 2289086363
1, 2246781, 705473, 302911, 289111, 690824, 129231, 129231, 3381034437
17, 2241500, 487540, 516543, 501623, 472496, 131649, 131649, 3864457699
22, 2240539, 371799, 632325, 617651, 356778, 130993, 130993, 728761778
20, 2237668, 533624, 471178, 456512, 518212, 129071, 129071, 2965451223
24, 2241002, 486398, 502067, 487556, 471285, 146848, 146848, 3602785096
21, 2233380, 449640, 535258, 519770, 434804, 146954, 146954, 2086638089
19, 2243176, 432385, 570945, 555798, 417450, 133299, 133299, 3769931493
28, 2245519, 656258, 348021, 333861, 641323, 133028, 133028, 3257237247
16, 2241361, 626344, 359976, 345508, 610507, 149513, 149513, 872931076
26, 2243821, 610983, 378011, 363673, 596222, 147466, 147466, 1747395853
23, 2246000, 691807, 313694, 299579, 676554, 132183, 132183, 1783052510
25, 2247313, 446416, 564563, 550088, 431834, 127206, 127206, 2639762822
18, 2241018, 449360, 559719, 545561, 434826, 125776, 125776, 3759716238
31, 2243566, 521108, 479193, 464755, 506106, 136202, 136202, 2142086295
30, 2242864, 515386, 493206, 478872, 500566, 127417, 127417, 3020577325
27, 2246687, 560120, 448390, 433579, 544936, 129831, 129831, 322852043
29, 2247402, 500824, 494149, 479604, 486743, 143041, 143041, 471662198
32, 2245943, 493405, 513290, 498717, 478963, 130784, 130784, 849044416
33, 2244098, 497616, 505569, 491082, 482343, 133744, 133744, 489879531
36, 2242634, 468629, 524850, 509677, 454342, 142568, 142568, 3805870144
34, 2240210, 518579, 467217, 452624, 503340, 149225, 149225, 3498938293
37, 2239641, 535026, 471290, 455889, 519892, 128772, 128772, 3016039489
35, 2250303, 383565, 633602, 618693, 369989, 122227, 122227, 3070823405
45, 2241239, 431865, 573276, 557779, 417875, 130222, 130222, 4164294588
41, 2245353, 474599, 520094, 505147, 460479, 142517, 142517, 2782674688
38, 2242766, 563520, 436557, 422248, 548461, 135990, 135990, 101779147
39, 2241888, 412452, 586908, 571533, 398609, 136193, 136193, 3698897100
43, 2247218, 521349, 489094, 473920, 507119, 127868, 127868, 476630095
47, 2242529, 605349, 397845, 383761, 590308, 132633, 132633, 3802679804
40, 2247107, 692233, 317983, 304366, 677207, 127659, 127659, 3825615440
46, 2249881, 562784, 451937, 437777, 548353, 124515, 124515, 1943120260
44, 2242808, 484181, 490994, 476574, 469099, 160980, 160980, 87133568
42, 2245698, 500910, 495550, 481211, 486871, 140578, 140578, 3049969144
48, 2248077, 564035, 445777, 431452, 549475, 128669, 128669, 3320556537
50, 2244096, 427527, 581820, 566596, 413473, 127340, 127340, 356617097
49, 2242640, 562824, 447959, 433271, 547788, 125399, 125399, 99769419
51, 2238542, 382559, 562035, 546039, 368359, 189775, 189775, 3386070791
57, 2240868, 475679, 535200, 520170, 459933, 124943, 124943, 14713374
59, 2239319, 379051, 628540, 613019, 364067, 127321, 127321, 1045247720
52, 2248702, 584651, 418884, 404465, 569672, 135515, 135515, 853152193
55, 2247606, 458484, 545998, 531896, 443310, 133959, 133959, 3574304370
56, 2240141, 362006, 636338, 621202, 347741, 136427, 136427, 2916002290
53, 2240356, 519415, 444049, 429882, 503482, 171764, 171764, 1324075582
54, 2242731, 394483, 600999, 585697, 379822, 140865, 140865, 3561663362
62, 2242962, 437288, 553988, 539332, 422782, 144786, 144786, 1587039142
61, 2243573, 497346, 491408, 476150, 482401, 148134, 148134, 4125381001
60, 2241708, 524502, 479936, 465281, 509463, 131263, 131263, 3749194900
63, 2246669, 511322, 489053, 474549, 496441, 137652, 137652, 2041993225
58, 2244362, 566332, 430883, 415627, 551508, 140006, 140006, 2946660973
64, 2243481, 605462, 391329, 376820, 589914, 139978, 139978, 1428938289
67, 2242056, 484023, 499841, 484967, 468863, 152181, 152181, 2457019621
65, 2248118, 599931, 408939, 394908, 585184, 129578, 129578, 2458832993
69, 2249883, 606579, 409114, 394274, 591172, 124372, 124372, 917519795
68, 2246027, 620015, 388353, 374372, 605323, 128982, 128982, 3643105433
66, 2246403, 527905, 472999, 458249, 513266, 136992, 136992, 4276053928
73, 2247381, 429498, 579063, 563957, 415055, 129904, 129904, 35126491
72, 2244414, 522549, 459558, 444940, 508025, 154671, 154671, 2747979773
75, 2242383, 438451, 553301, 537793, 423802, 144518, 144518, 1221337326
70, 2242294, 503001, 504359, 489511, 488143, 128640, 128640, 4174854407
71, 2244135, 550632, 461686, 447202, 536421, 124097, 124097, 1930798361
74, 2244027, 509496, 490968, 476436, 494521, 136303, 136303, 3435625543
76, 2247351, 451273, 517475, 502949, 437492, 169081, 169081, 3196561711
77, 2242535, 590694, 416418, 402360, 575347, 128858, 128858, 1477648591
79, 2243222, 351452, 656735, 641098, 337525, 128206, 128206, 2151401849
78, 2245802, 327699, 671354, 656502, 313467, 138390, 138390, 2795037876
80, 2249774, 473164, 548501, 533537, 458166, 118203, 118203, 1625375806
82, 2246747, 485333, 523927, 509160, 470217, 129055, 129055, 2805014574
83, 2248589, 594182, 415570, 401411, 579730, 128848, 128848, 2158038607
84, 2244183, 643120, 368970, 354736, 626957, 125200, 125200, 3321009412
81, 2240709, 475791, 523811, 508954, 461217, 135468, 135468, 776957723
91, 2243328, 460847, 532778, 518084, 445967, 142826, 142826, 506502497
88, 2243859, 399591, 612366, 596795, 385375, 124866, 124866, 1712463502
85, 2249527, 660751, 345807, 331349, 645458, 133081, 133081, 2543828914
87, 2251277, 401680, 610876, 595822, 388043, 127428, 127428, 1801337102
92, 2248811, 449224, 565097, 550327, 434461, 124851, 124851, 1824281380
86, 2244980, 709805, 301551, 287540, 694416, 125834, 125834, 2920067856
93, 2240236, 357031, 644887, 629351, 343015, 132976, 132976, 1077250540
90, 2243885, 427163, 576607, 561777, 413002, 132668, 132668, 2482188005
89, 2240061, 521659, 476128, 461931, 506253, 137045, 137045, 3835737028
95, 2248451, 410471, 598110, 582913, 396131, 130413, 130413, 1527513115
94, 2244306, 702751, 296334, 282409, 687760, 137526, 137526, 2294461736
96, 2244113, 456023, 526959, 511902, 441587, 153821, 153821, 1788813474
99, 2237057, 554603, 434744, 419800, 538634, 144638, 144638, 1281688141
104, 2241606, 471121, 539296, 524421, 456268, 125250, 125250, 375538806
101, 2246774, 491173, 519324, 504719, 477040, 127259, 127259, 2984008426
102, 2244593, 487161, 526148, 511695, 471959, 123815, 123815, 1877941808
98, 2238637, 550744, 457478, 442222, 536073, 126060, 126060, 3323652368
97, 2245482, 510294, 493686, 479652, 495776, 133037, 133037, 2808650442
103, 2246729, 615119, 399241, 385061, 600144, 123582, 123582, 1910564911
108, 2240753, 429010, 566461, 551537, 414573, 139586, 139586, 3888009957
107, 2248852, 608692, 385848, 371434, 593938, 144470, 144470, 1735846259
105, 2244232, 423604, 552480, 537275, 409129, 160872, 160872, 2070205892
100, 2247301, 551967, 456322, 441622, 537674, 129858, 129858, 374553663
109, 2242488, 534624, 471175, 456654, 519717, 130159, 130159, 2607517028
106, 2247328, 581419, 404382, 390134, 566695, 152349, 152349, 390651396
110, 2245643, 434037, 569484, 554578, 419538, 134003, 134003, 3415160651
111, 2242533, 527182, 470262, 455612, 512345, 138566, 138566, 455488540
113, 2243879, 404946, 597165, 582011, 390697, 134530, 134530, 3386783310
112, 2238513, 562874, 428909, 414706, 548284, 141870, 141870, 2790860491
114, 2244978, 517182, 489526, 474844, 502770, 130328, 130328, 4002197520
116, 2237608, 388386, 595128, 579468, 373342, 150642, 150642, 282632431
118, 2240198, 443092, 562357, 546898, 428553, 129649, 129649, 1905334950
115, 2244294, 685633, 311286, 297278, 670817, 139640, 139640, 3206805561
123, 2240774, 571435, 428670, 414060, 556065, 135272, 135272, 437601028
121, 2247456, 432696, 574332, 559094, 418144, 131595, 131595, 1463996924
119, 2245131, 638828, 366132, 351446, 623401, 132662, 132662, 2961812618
125, 2245766, 376192, 626527, 611113, 362172, 134881, 134881, 2218300081
122, 2244178, 499605, 496960, 482110, 485523, 139990, 139990, 2916180348
120, 2244101, 475129, 524314, 509358, 460136, 137582, 137582, 770746381
124, 2246687, 592776, 414308, 400483, 578506, 130307, 130307, 643868396
117, 2243207, 633088, 362975, 348816, 617380, 140474, 140474, 320455688
126, 2242476, 500187, 497493, 482828, 485460, 138254, 138254, 1103634094
127, 2246429, 564219, 449160, 434845, 550339, 123933, 123933, 2632420878
131, 2243640, 356598, 635782, 620109, 342465, 144343, 144343, 3731341845
128, 2244588, 484353, 523864, 509106, 469991, 128637, 128637, 4085540633
130, 2240933, 572480, 427615, 412750, 557628, 135230, 135230, 2670138329
129, 2240696, 497611, 496581, 481664, 482816, 141012, 141012, 4147942313
133, 2246405, 534794, 468649, 454011, 519833, 134559, 134559, 3368110701
136, 2239970, 395065, 609496, 593732, 380365, 130656, 130656, 85878541
132, 2248983, 480732, 526375, 511727, 466003, 132073, 132073, 721926173
140, 2248060, 449084, 558617, 543535, 434606, 131109, 131109, 3976115425
134, 2243683, 530203, 449974, 435121, 515513, 156436, 156436, 997610165
135, 2243060, 412360, 579398, 565053, 398061, 144094, 144094, 1791932988
137, 2242861, 548687, 448214, 433461, 533503, 139498, 139498, 186260790
139, 2241538, 467483, 514341, 499283, 452941, 153745, 153745, 2144586430
141, 2239508, 525645, 476062, 461867, 510266, 132834, 132834, 3977082095
138, 2245744, 623309, 376651, 362366, 607830, 137794, 137794, 2525160762
142, 2242797, 567150, 405131, 390558, 551836, 164061, 164061, 4113145663
143, 2242222, 340099, 653531, 638011, 325815, 142383, 142383, 1481657039
148, 2241371, 434593, 572654, 557952, 420142, 128015, 128015, 1771629585
147, 2245900, 370951, 642603, 627727, 356171, 124224, 124224, 2672657916
146, 2243150, 478094, 493296, 478707, 463457, 164798, 164798, 3354721227
144, 2246176, 511103, 446001, 431521, 496931, 180310, 180310, 1048631058
152, 2244107, 525385, 477421, 463057, 510382, 133931, 133931, 190755880
149, 2243951, 541270, 435759, 421441, 525775, 159853, 159853, 2774989887
151, 2246026, 403919, 602716, 588004, 389529, 130929, 130929, 356901432
145, 2239422, 532312, 467079, 452478, 517835, 134859, 134859, 805105495
150, 2247156, 484336, 516073, 501819, 469892, 137518, 137518, 1972573602
156, 2249780, 400927, 603955, 588560, 386910, 134714, 134714, 2348813182
153, 2246098, 422377, 587173, 572291, 408197, 128030, 128030, 2239432701
157, 2240543, 373677, 623783, 608048, 359329, 137853, 137853, 2979060111
155, 2246004, 419734, 592481, 577823, 405144, 125411, 125411, 664736681
154, 2249473, 444849, 567020, 552297, 430619, 127344, 127344, 1023733664
158, 2240856, 566106, 439562, 425132, 550890, 129583, 129583, 3486201550
159, 2243884, 351559, 665004, 649170, 337521, 120315, 120315, 3418681560
160, 2242457, 325113, 685240, 669598, 310644, 125931, 125931, 3596153571
163, 2244273, 380214, 630752, 615258, 365655, 126197, 126197, 1405069355
162, 2248109, 591030, 424522, 410384, 575473, 123350, 123350, 1384561372
164, 2243522, 550317, 454464, 439346, 535073, 132161, 132161, 836104429
168, 2241780, 430403, 577031, 562084, 415526, 128368, 128368, 1286749369
161, 2241862, 525736, 476520, 461515, 510939, 133576, 133576, 336189605
165, 2243853, 406261, 598353, 582733, 392158, 132174, 132174, 712046149
169, 2238704, 557556, 443666, 429034, 542046, 133201, 133201, 1667836040
170, 2247232, 368595, 632974, 618024, 354351, 136644, 136644, 905756514
175, 2245705, 561157, 453895, 438828, 546373, 122726, 122726, 3584375657
172, 2242940, 430430, 572269, 556932, 416423, 133443, 133443, 291272571
171, 2253161, 720284, 278517, 265133, 705005, 142111, 142111, 204741969
174, 2243239, 453801, 534590, 520280, 438756, 147906, 147906, 3662315204
166, 2246195, 552216, 448425, 434205, 537479, 136935, 136935, 127977903
173, 2245552, 426850, 476318, 461913, 412327, 234072, 234072, 4020059169
167, 2242105, 428606, 567786, 553267, 413830, 139308, 139308, 4026647188
176, 2246271, 459705, 545357, 529851, 445074, 133142, 133142, 2629320371
178, 2244095, 413346, 592113, 576601, 398827, 131604, 131604, 1750628057
182, 2243111, 487087, 509981, 494454, 471819, 139885, 139885, 936215353
177, 2244459, 495522, 510189, 496416, 480294, 131019, 131019, 4127376876
179, 2243604, 674679, 328993, 314839, 658071, 133511, 133511, 3066884663
183, 2248942, 509855, 506424, 491362, 495377, 122962, 122962, 172217919
184, 2240656, 433153, 570747, 555714, 418520, 131261, 131261, 2587493961
180, 2241273, 495608, 496942, 482003, 480612, 143054, 143054, 1535112271
181, 2239067, 315734, 691981, 676868, 301314, 126585, 126585, 4213599438
189, 2244170, 476953, 528378, 513006, 462243, 131795, 131795, 1930487448
186, 2250196, 595928, 406166, 392147, 581463, 137246, 137246, 2840564705
185, 2246415, 594738, 408298, 393569, 580120, 134845, 134845, 3341899818
188, 2245048, 692297, 326849, 312776, 676820, 118153, 118153, 3040290064
191, 2242534, 378026, 628504, 612817, 363269, 129959, 129959, 2924687129
187, 2248483, 453114, 556955, 542286, 439164, 128482, 128482, 1258854455
190, 2244812, 487184, 515340, 500604, 472628, 134528, 134528, 719622704
192, 2244921, 416022, 585841, 571073, 401183, 135401, 135401, 4245636902
193, 2244978, 536718, 466799, 452138, 520771, 134276, 134276, 2926289385
194, 2243297, 468575, 531504, 516642, 453812, 136382, 136382, 983818732
200, 2241867, 473146, 526321, 510558, 458278, 136782, 136782, 3571130331
196, 2240579, 663899, 336640, 322386, 648418, 134618, 134618, 2113738501
199, 2246243, 519223, 486379, 471752, 504745, 132072, 132072, 2862570381
197, 2243541, 448712, 548781, 533802, 433684, 139281, 139281, 1873256323
198, 2240857, 514540, 489420, 474283, 500562, 131026, 131026, 3606759039
195, 2244973, 603844, 394746, 380500, 588753, 138565, 138565, 3891254653
201, 2249749, 396129, 615870, 602129, 382019, 126801, 126801, 1092921372
203, 2248756, 551560, 459051, 444587, 536914, 128322, 128322, 1103802436
202, 2245682, 398233, 598507, 583056, 384066, 140910, 140910, 2111634641
204, 2245413, 545603, 464765, 450079, 530800, 127083, 127083, 719509495
205, 2249575, 547151, 457262, 442732, 532632, 134899, 134899, 1544962418
206, 2247361, 695556, 311714, 298061, 679790, 131120, 131120, 1273532746
207, 2238046, 461382, 544376, 529462, 446524, 128151, 128151, 3307834429
208, 2239801, 421289, 583330, 568238, 406290, 130327, 130327, 4001600077
209, 2247284, 321268, 668574, 652680, 307468, 148647, 148647, 313947515
210, 2239009, 367439, 626524, 611132, 352638, 140638, 140638, 3936721154
211, 2240687, 589802, 418772, 404496, 574557, 126530, 126530, 213149861
212, 2250438, 314145, 694690, 679460, 300401, 130871, 130871, 1313403824
216, 2247697, 359814, 652412, 636435, 346378, 126329, 126329, 3774461826
213, 2243053, 727701, 277738, 264014, 712434, 130583, 130583, 3007715294
217, 2240410, 445337, 566287, 551253, 430789, 123372, 123372, 3470778484
214, 2250699, 386649, 613939, 599856, 372325, 138965, 138965, 2693787402
215, 2242071, 531024, 467252, 452855, 516406, 137267, 137267, 1852445700
218, 2239244, 715874, 295337, 280811, 699950, 123636, 123636, 2939657308
219, 2246400, 405626, 607256, 592907, 391415, 124598, 124598, 2734478811
220, 2244933, 470718, 534170, 519735, 456032, 132139, 132139, 948575016
221, 2245408, 437108, 564798, 549548, 422902, 135526, 135526, 43319
222, 2241384, 417189, 587680, 572347, 402834, 130667, 130667, 2839408999
224, 2242131, 513380, 498438, 483433, 498206, 124337, 124337, 3092531767
223, 2237711, 498890, 478036, 463173, 483684, 156964, 156964, 2671841489
225, 2243235, 686836, 308485, 294681, 671553, 140840, 140840, 2998858544
226, 2241278, 537849, 457032, 442448, 523155, 140397, 140397, 1356000518
230, 2240452, 559455, 436832, 422216, 544015, 138967, 138967, 3869538838
228, 2247157, 473774, 530749, 515712, 458792, 134065, 134065, 791778137
227, 2235506, 550176, 449592, 434864, 534594, 133140, 133140, 849012321
229, 2248071, 640065, 374356, 360168, 625068, 124207, 124207, 422314139
231, 2250649, 506050, 504465, 489720, 491748, 129333, 129333, 1738807979
232, 2248442, 551053, 453747, 439401, 536897, 133672, 133672, 1170521065
233, 2252368, 660352, 349301, 335541, 645810, 130682, 130682, 1155945485
236, 2244949, 446455, 558965, 544149, 431720, 131830, 131830, 3368209784
235, 2243295, 450925, 552589, 537505, 436268, 133004, 133004, 2058345522
237, 2249674, 403884, 608741, 593926, 389397, 126863, 126863, 131355605
234, 2250153, 535104, 455518, 441366, 521019, 148573, 148573, 792079579
238, 2247212, 471402, 521196, 506205, 456965, 145722, 145722, 3361737272
239, 2249914, 582015, 427639, 413580, 566878, 129901, 129901, 1153381663
240, 2243177, 450882, 557440, 541985, 436622, 128124, 128124, 3520776348
241, 2241271, 793245, 220523, 206536, 777021, 121973, 121973, 1888298745
242, 2251012, 472834, 535786, 521019, 458869, 131252, 131252, 2513017674
243, 2241146, 441793, 568569, 553057, 427127, 125300, 125300, 2769645339
245, 2244583, 432021, 573475, 558055, 417908, 131562, 131562, 2585371380
244, 2246014, 453017, 495983, 481201, 437833, 188990, 188990, 2332896260
246, 2240880, 420993, 581864, 566982, 406213, 132414, 132414, 3969487701
248, 2246120, 462822, 537423, 522311, 448680, 137442, 137442, 4073454551
249, 2245065, 557638, 443480, 428673, 542900, 136187, 136187, 488224095
252, 2245502, 509347, 506595, 491854, 494514, 121596, 121596, 838035059
247, 2244393, 471880, 531581, 516783, 457227, 133461, 133461, 2655460544
250, 2243436, 452234, 556625, 541216, 437459, 127951, 127951, 3348593458
254, 2240179, 541083, 444323, 429661, 525314, 149899, 149899, 1206618293
251, 2244286, 630844, 365815, 351648, 615799, 140090, 140090, 270440467
253, 2245783, 585802, 418064, 403705, 570868, 133672, 133672, 1308489692
257, 2246466, 590993, 416789, 402104, 575376, 130602, 130602, 2310755386
255, 2245753, 398525, 613060, 598100, 384162, 125953, 125953, 2269140252
256, 2242233, 259735, 722068, 706059, 246213, 154079, 154079, 1230516587
258, 2244040, 554555, 452254, 437640, 539105, 130243, 130243, 658227483
261, 2244790, 622523, 366736, 352746, 607523, 147631, 147631, 3315062260
259, 2243429, 360481, 629664, 615496, 345804, 145992, 145992, 1877337484
263, 2247233, 395936, 610872, 595944, 382411, 131035, 131035, 3233902327
260, 2236489, 667227, 327146, 312556, 651146, 139207, 139207, 1592949718
262, 2242630, 516788, 466211, 450917, 501844, 153435, 153435, 1937434331
267, 2238949, 540729, 466552, 451477, 525785, 127203, 127203, 488315209
265, 2242967, 410071, 578330, 563225, 395533, 147904, 147904, 4032121069
264, 2247473, 535399, 471984, 457648, 520412, 131015, 131015, 4138438778
266, 2238663, 497623, 509179, 494120, 482967, 127387, 127387, 3704526899
274, 2240374, 643524, 351709, 336958, 627605, 140289, 140289, 832628992
273, 2243145, 493658, 486127, 471490, 478408, 156731, 156731, 2618925695
268, 2244971, 410665, 533210, 518324, 396238, 193267, 193267, 3755591183
272, 2249836, 405675, 605695, 591029, 391685, 127876, 127876, 4036015686
269, 2246944, 610910, 399681, 386011, 595922, 127210, 127210, 2972669200
270, 2248082, 549583, 459312, 444357, 535066, 129882, 129882, 3696359624
271, 2245268, 499480, 502101, 487742, 484571, 135687, 135687, 23533550
276, 2238862, 545705, 459320, 444313, 530222, 129651, 129651, 1020581378
275, 2253348, 508393, 497376, 483184, 493703, 135346, 135346, 798051478
277, 2245582, 430747, 580487, 565757, 415919, 126336, 126336, 3466914405
278, 2242778, 404858, 565096, 550428, 390486, 165955, 165955, 881534095
279, 2240923, 401049, 587933, 573417, 386074, 146225, 146225, 2020467315
281, 2240345, 526848, 476788, 461215, 512188, 131653, 131653, 2684014087
282, 2245574, 500693, 517478, 502575, 485988, 119420, 119420, 421877413
283, 2244608, 615440, 395159, 381292, 600239, 126239, 126239, 1878009445
280, 2250194, 388949, 597687, 583121, 374967, 152735, 152735, 2638588037
284, 2238980, 445891, 551894, 537132, 430583, 136740, 136740, 1381192958
289, 2244053, 497782, 515140, 499776, 483311, 124022, 124022, 3127823242
287, 2248703, 458390, 558350, 543449, 443906, 122304, 122304, 993255141
285, 2242440, 511367, 470829, 455842, 496872, 153765, 153765, 1730730378
286, 2247355, 616696, 396028, 381801, 601808, 125511, 125511, 3974824577
288, 2242893, 546732, 463992, 450047, 531066, 125528, 125528, 842504563
291, 2241639, 568190, 440102, 425605, 552282, 127730, 127730, 575917881
294, 2244214, 665085, 345737, 331437, 649679, 126138, 126138, 3827655542
293, 2241815, 360430, 649135, 633741, 346087, 126211, 126211, 1207140064
295, 2242221, 349368, 660762, 645660, 334731, 125850, 125850, 1533144182
290, 2247928, 654282, 354518, 340671, 639817, 129320, 129320, 1345483638
292, 2242191, 491008, 500882, 485977, 477276, 143524, 143524, 2998906571
296, 2237574, 537357, 463961, 449078, 522658, 132260, 132260, 2653042592
298, 2234003, 419164, 571045, 555363, 404181, 142125, 142125, 3621716890
297, 2241063, 634597, 375670, 361310, 618864, 125311, 125311, 1026246290
299, 2245834, 507434, 500003, 485324, 492993, 130040, 130040, 1239577090
302, 2245522, 646048, 359660, 344767, 630933, 132057, 132057, 3886155854
303, 2248253, 517170, 495147, 480764, 502046, 126563, 126563, 2230628506
301, 2244538, 606560, 382240, 368235, 592033, 147735, 147735, 2700654152
305, 2243886, 603571, 395649, 380995, 587991, 137840, 137840, 813939085
300, 2244267, 482908, 524003, 508906, 468416, 130017, 130017, 186619396
304, 2244601, 428442, 583918, 569049, 413830, 124681, 124681, 3621387715
308, 2242355, 382229, 628986, 613587, 367189, 125182, 125182, 19501594
310, 2245634, 441137, 560523, 545062, 426602, 136155, 136155, 1923963819
306, 2240266, 291141, 712045, 695595, 277083, 132201, 132201, 267820668
309, 2244620, 467971, 529222, 514365, 453542, 139760, 139760, 983948316
307, 2245734, 621936, 361041, 347022, 606845, 154445, 154445, 4279048960
314, 2244163, 345683, 646886, 631465, 331781, 144174, 144174, 555848823
312, 2248143, 493800, 522622, 507527, 479184, 122505, 122505, 1093904558
311, 2239921, 662842, 340864, 326371, 647404, 131220, 131220, 1401213265
315, 2243126, 478880, 520297, 505591, 464194, 137082, 137082, 305647132
316, 2242873, 643907, 361613, 347368, 628479, 130753, 130753, 634063293
313, 2251436, 559580, 442298, 428459, 546047, 137526, 137526, 402569836
317, 2243604, 629637, 378165, 363723, 613925, 129077, 129077, 4089096626
318, 2237211, 451780, 542059, 526286, 436856, 140115, 140115, 2263827426
319, 2237227, 646248, 364171, 349743, 630355, 123355, 123355, 686297478
320, 2243822, 409544, 588816, 574080, 395172, 138105, 138105, 3742675536
321, 2236461, 575410, 403408, 388652, 560297, 154347, 154347, 1842999893
322, 2242927, 577098, 434229, 419722, 561660, 125109, 125109, 3479490468
324, 2248448, 321567, 684567, 669117, 307897, 132650, 132650, 3449821120
323, 2245033, 530122, 473224, 458578, 514295, 134407, 134407, 3209486751
325, 2240939, 479587, 511314, 496369, 464851, 144409, 144409, 4048024165
327, 2244494, 375746, 634844, 619166, 361432, 126653, 126653, 2827332287
329, 2240944, 511981, 491785, 476749, 497343, 131543, 131543, 4264539401
326, 2248147, 335686, 676608, 661458, 322075, 126160, 126160, 2097871951
328, 2243515, 598945, 396429, 382309, 584062, 140885, 140885, 2844711998
330, 2241195, 430054, 569372, 553515, 415002, 136626, 136626, 342119292
331, 2242855, 416287, 561216, 546871, 401469, 158506, 158506, 861150106
332, 2247018, 447605, 558685, 543419, 433403, 131953, 131953, 3155585986
333, 2241838, 339042, 665291, 650807, 324916, 130891, 130891, 3414768192
336, 2246267, 640204, 375079, 361239, 624433, 122656, 122656, 3967109495
334, 2244507, 649895, 363299, 349122, 634547, 123822, 123822, 2921292011
338, 2245418, 426773, 574306, 559592, 412161, 136293, 136293, 2559948036
337, 2238275, 542172, 450732, 435893, 527530, 140974, 140974, 3620446917
335, 2245909, 641857, 365413, 351050, 626949, 130320, 130320, 538487566
339, 2243909, 669957, 330537, 316382, 654137, 136448, 136448, 627612931
343, 2250536, 381385, 626448, 611219, 367258, 132113, 132113, 1164164864
341, 2243566, 473225, 525593, 510623, 458673, 137726, 137726, 3321233049
345, 2238815, 588566, 416614, 402139, 573278, 129109, 129109, 1766864965
344, 2239949, 602846, 403286, 388754, 587733, 128665, 128665, 1999954352
342, 2249321, 497349, 512669, 498557, 482744, 129001, 129001, 284622681
346, 2240222, 257587, 731304, 715913, 243586, 145916, 145916, 8599779
347, 2247594, 426164, 583918, 569446, 412034, 128016, 128016, 2161550394
340, 2249268, 627240, 391880, 377964, 612178, 120003, 120003, 2582103833
348, 2244732, 586007, 418254, 403155, 570622, 133347, 133347, 1553398858
349, 2243667, 566469, 440452, 426002, 552088, 129328, 129328, 2721985449
351, 2242406, 370050, 632298, 616651, 355049, 134179, 134179, 2482563699
350, 2243887, 587328, 421958, 406937, 572576, 127544, 127544, 1797692007
354, 2245387, 343289, 642958, 627658, 329396, 151043, 151043, 2941036486
352, 2242995, 514909, 482121, 467496, 499931, 139269, 139269, 2821859629
353, 2242278, 488577, 519918, 505622, 473539, 127311, 127311, 2636121871
355, 2247210, 456519, 545500, 530997, 441938, 136128, 136128, 3291151773
356, 2237518, 564390, 432921, 418434, 549109, 136332, 136332, 1050396832
358, 2240079, 619416, 384923, 370400, 603826, 130757, 130757, 1207770267
357, 2246352, 463332, 545205, 530720, 448857, 129119, 129119, 4050753132
360, 2243653, 513608, 485457, 470234, 498808, 137773, 137773, 2567094246
359, 2243973, 562783, 440081, 425684, 547347, 134039, 134039, 4044814703
362, 2239952, 445499, 557856, 542449, 431002, 131573, 131573, 1295922445
361, 2247263, 556489, 449556, 435518, 541682, 132009, 132009, 1862670822
363, 2244918, 534574, 472786, 458340, 519664, 129777, 129777, 2226161156
364, 2243580, 557553, 449089, 434519, 542761, 129829, 129829, 2541712272
365, 2241721, 592714, 413544, 399495, 577788, 129090, 129090, 2335186660
370, 2244718, 336462, 678965, 663306, 322167, 121909, 121909, 2667807244
366, 2246243, 568847, 431714, 417098, 554052, 137266, 137266, 1134209027
368, 2248284, 374971, 633574, 618790, 360829, 130060, 130060, 3949682021
369, 2239521, 591800, 416605, 402730, 576486, 125950, 125950, 3824314860
371, 2244603, 419418, 581071, 565693, 404841, 136790, 136790, 4261191854
367, 2242394, 510374, 471585, 457216, 495499, 153860, 153860, 2582585836
374, 2243987, 249632, 759586, 743747, 236108, 127457, 127457, 810787906
373, 2242710, 517415, 488665, 473641, 502907, 130041, 130041, 2777204410
375, 2239114, 326475, 678932, 663456, 311881, 129185, 129185, 53813665
372, 2240369, 569280, 440771, 425878, 554186, 125127, 125127, 1617269982
377, 2248904, 442621, 566497, 551103, 428561, 130061, 130061, 3033910429
376, 2245535, 674527, 330593, 316763, 658934, 132359, 132359, 2448800735
378, 2243043, 522784, 479840, 465646, 507539, 133617, 133617, 1407446642
379, 2242397, 575844, 429984, 415538, 561021, 130005, 130005, 2769708445
380, 2237656, 523841, 473665, 458372, 508472, 136653, 136653, 4003757947
382, 2243381, 465649, 544153, 528592, 450857, 127065, 127065, 3864770411
384, 2247068, 446673, 563644, 548951, 432320, 127740, 127740, 3787777671
383, 2239310, 548300, 453132, 438428, 533288, 133081, 133081, 2426529246
385, 2243554, 344153, 652663, 637530, 330498, 139355, 139355, 2258206816
387, 2244763, 632257, 376444, 362182, 617252, 128314, 128314, 1087519528
381, 2243263, 394581, 611383, 595626, 380797, 130438, 130438, 2347961950
386, 2244128, 586136, 413356, 399069, 571183, 137192, 137192, 1065453252
388, 2242444, 583882, 395561, 381227, 568692, 156541, 156541, 2671555049
389, 2236425, 677472, 315450, 301118, 662111, 140137, 140137, 3477014641
390, 2247482, 398465, 597741, 583144, 384582, 141775, 141775, 974336260
392, 2245410, 365468, 634523, 619367, 350986, 137533, 137533, 2802411119
391, 2251071, 481561, 507142, 492955, 467265, 151074, 151074, 3242781659
393, 2242417, 494432, 512810, 497724, 479849, 128801, 128801, 1465621108
395, 2239484, 536942, 466574, 451901, 521499, 131284, 131284, 3025317110
394, 2242722, 456920, 543502, 529111, 442093, 135548, 135548, 4268909534
397, 2246341, 431596, 579474, 564676, 417379, 126608, 126608, 2798165875
399, 2243991, 466599, 531432, 516280, 452418, 138631, 138631, 2891959813
396, 2244130, 499359, 483579, 469572, 484324, 153648, 153648, 451925258
400, 2245206, 410087, 586734, 571813, 396196, 140188, 140188, 1226628601
398, 2247407, 597619, 404714, 390093, 582883, 136049, 136049, 4054844010
401, 2240248, 659363, 345841, 331462, 643880, 129851, 129851, 1025751350
402, 2241619, 580512, 425254, 410735, 564750, 130184, 130184, 1177860892
406, 2242142, 515005, 491462, 476119, 500720, 129418, 129418, 602260423
408, 2245636, 560315, 446742, 431773, 545378, 130714, 130714, 640260124
404, 2244689, 405419, 577881, 562819, 390996, 153787, 153787, 3386051388
403, 2243411, 434198, 573381, 558808, 419904, 128560, 128560, 425038520
405, 2248189, 591987, 394948, 380712, 577018, 151762, 151762, 1346338960
407, 2243338, 525495, 475163, 460746, 510596, 135669, 135669, 1678574807
409, 2245322, 487845, 522484, 507355, 473138, 127250, 127250, 1120814261
410, 2244352, 437432, 570246, 555902, 423228, 128772, 128772, 519430958
411, 2252393, 566164, 445133, 431090, 552202, 128902, 128902, 730869601
414, 2245499, 696102, 307859, 294084, 680992, 133231, 133231, 3202540282
413, 2246800, 611342, 386235, 373011, 596164, 140024, 140024, 2137456718
417, 2240181, 652673, 351027, 336385, 637028, 131534, 131534, 3519992908
415, 2243371, 571150, 436177, 421506, 555986, 129276, 129276, 3568910822
412, 2247734, 607762, 345665, 331421, 592642, 185122, 185122, 690635858
416, 2241776, 393451, 593276, 577299, 379300, 149225, 149225, 4029397047
418, 2243362, 451418, 550819, 535784, 436159, 134591, 134591, 1618998324
419, 2247021, 435787, 572325, 557641, 421130, 130069, 130069, 3055291063
421, 2247090, 281717, 691813, 676624, 268292, 164322, 164322, 347528085
424, 2251516, 688782, 326946, 312876, 673646, 124633, 124633, 2330235389
420, 2248692, 450849, 549650, 535277, 436036, 138440, 138440, 2345582085
422, 2243104, 483940, 516837, 501820, 469343, 135582, 135582, 2851835948
423, 2247974, 570452, 448199, 434488, 555473, 119681, 119681, 1839230597
425, 2243292, 696568, 308728, 294899, 682059, 130519, 130519, 1907140998
426, 2244831, 462340, 481478, 466825, 447726, 193231, 193231, 3552022655
428, 2248380, 459158, 542230, 527291, 444957, 137372, 137372, 2554487867
430, 2241513, 471310, 525374, 510085, 455876, 139434, 139434, 1706117283
429, 2240871, 516202, 485312, 470267, 500720, 134185, 134185, 2565229790
427, 2242966, 734568, 272885, 259281, 719378, 128427, 128427, 1322103751
431, 2243847, 541600, 462090, 447598, 526217, 133171, 133171, 646295750
433, 2245778, 466103, 535474, 520919, 451270, 136006, 136006, 2216398146
434, 2246600, 593724, 404883, 390547, 578580, 139433, 139433, 1499399256
432, 2246744, 661837, 347373, 332971, 646231, 129166, 129166, 1531574279
435, 2243445, 664256, 339814, 325987, 648884, 132252, 132252, 835224756
437, 2242377, 555282, 457708, 442349, 540574, 123232, 123232, 3258245714
438, 2243094, 451705, 547535, 532230, 436956, 137334, 137334, 1971091260
440, 2240667, 431213, 560357, 545501, 416322, 143637, 143637, 1946561097
439, 2244952, 564392, 440312, 425877, 549451, 132460, 132460, 1383494161
441, 2244682, 477986, 524582, 509818, 463178, 134559, 134559, 269989020
436, 2238577, 597990, 406899, 392330, 583332, 129013, 129013, 4265958120
442, 2243494, 486709, 510861, 496030, 471646, 139124, 139124, 1919539150
444, 2248086, 548475, 459568, 445234, 533331, 130739, 130739, 2594447074
443, 2247247, 455755, 551867, 537489, 441504, 130316, 130316, 2300268715
447, 2238978, 296961, 695574, 679128, 282369, 142473, 142473, 4026477679
445, 2247235, 387109, 617912, 602612, 372728, 133437, 133437, 1203584977
446, 2244761, 516042, 491359, 476384, 500640, 130168, 130168, 3867466394
448, 2248864, 459965, 552119, 537385, 445395, 127000, 127000, 892284747
449, 2244067, 484611, 521958, 507065, 469895, 130269, 130269, 4258832136
453, 2246214, 454403, 558370, 543349, 439686, 125203, 125203, 1976920296
451, 2245495, 575310, 425226, 410745, 560454, 136880, 136880, 1563416327
452, 2247172, 522421, 486001, 471351, 507679, 129860, 129860, 567025990
454, 2242697, 381622, 625959, 610573, 367171, 128686, 128686, 3860093493
450, 2245392, 520018, 480195, 466007, 504888, 137142, 137142, 1543144974
456, 2245711, 433942, 566519, 551910, 419614, 136863, 136863, 1457927567
457, 2234840, 462206, 531803, 516400, 447467, 138482, 138482, 2714260823
455, 2247516, 510158, 484668, 470210, 495468, 143506, 143506, 2912420157
458, 2239288, 378888, 630158, 613777, 364549, 125958, 125958, 3486484601
463, 2241452, 532998, 476436, 461058, 517662, 126649, 126649, 3494981173
459, 2244686, 445199, 562724, 547420, 431423, 128960, 128960, 2560490073
460, 2245621, 391884, 618964, 604330, 377811, 126316, 126316, 3173788980
462, 2242158, 275955, 730784, 715430, 262243, 128873, 128873, 2442828786
461, 2245254, 555354, 441297, 426543, 540490, 140785, 140785, 313311354
465, 2244121, 454041, 546873, 531867, 439246, 136047, 136047, 2318476353
464, 2242352, 549494, 462045, 447466, 535019, 124164, 124164, 2027055481
466, 2245675, 327438, 673441, 657701, 313371, 136862, 136862, 2232538311
469, 2243214, 527492, 474068, 459473, 512607, 134787, 134787, 3762465308
467, 2251080, 509312, 501185, 486569, 494466, 129774, 129774, 1581761967
470, 2243391, 425573, 578366, 562952, 410382, 133059, 133059, 1312325576
468, 2249168, 552414, 453134, 438620, 537388, 133806, 133806, 2548697514
471, 2239860, 417955, 573750, 558275, 403440, 143220, 143220, 3741556100
472, 2242931, 592041, 406966, 392590, 576566, 137384, 137384, 10410330
476, 2249478, 506358, 497509, 482840, 491643, 135564, 135564, 2384272102
473, 2241654, 463569, 527018, 512206, 448643, 145109, 145109, 2505635297
475, 2248221, 456345, 556140, 541053, 442365, 126159, 126159, 1857793129
478, 2246065, 301851, 696700, 681335, 287867, 139156, 139156, 1023146301
474, 2242490, 494581, 484540, 470057, 479732, 156790, 156790, 4031229920
479, 2241136, 497046, 514402, 499581, 482261, 123923, 123923, 1760457594
481, 2244608, 397586, 616290, 600459, 383073, 123600, 123600, 2725750999
480, 2244111, 462719, 545455, 530578, 448061, 128649, 128649, 3054372260
477, 2244190, 589783, 414648, 400045, 574916, 132399, 132399, 1762861374
482, 2241696, 383505, 619026, 603297, 369004, 133432, 133432, 148003664
484, 2246504, 527211, 478806, 463919, 512806, 131881, 131881, 4079855025
483, 2246088, 637972, 357710, 343376, 623002, 142014, 142014, 2567077293
485, 2246811, 609467, 397727, 383668, 594651, 130649, 130649, 1521939814
486, 2232702, 372408, 620293, 604485, 357422, 139047, 139047, 2702020349
487, 2242007, 486453, 515114, 499972, 471414, 134527, 134527, 2072474645
488, 2245484, 550951, 455563, 440884, 535476, 131305, 131305, 1001417401
491, 2245581, 660062, 356421, 342520, 643804, 121387, 121387, 1749738517
490, 2245487, 555576, 444559, 430545, 541377, 136715, 136715, 247096870
492, 2244643, 328804, 676736, 661960, 314735, 131204, 131204, 2066620181
489, 2240807, 540786, 434876, 420422, 525489, 159617, 159617, 1618844288
493, 2241922, 511870, 482114, 467491, 496927, 141760, 141760, 1600240698
495, 2242185, 509173, 495663, 481282, 494527, 130770, 130770, 2231882844
496, 2247776, 379057, 623385, 608594, 365332, 135704, 135704, 1301758826
497, 2249349, 395752, 607457, 593243, 381695, 135601, 135601, 93380066
498, 2238573, 387650, 609958, 594459, 373380, 136563, 136563, 725514910
494, 2249348, 616805, 387769, 373641, 602419, 134357, 134357, 347376600
500, 2243156, 292688, 718315, 702744, 278765, 125322, 125322, 4291117955
501, 2243271, 524732, 474894, 460147, 509956, 136771, 136771, 3378573669
499, 2245992, 591067, 416239, 401510, 576186, 130495, 130495, 1887498661
504, 2245240, 512624, 485948, 470729, 497771, 139084, 139084, 3590564969
503, 2241548, 499316, 502873, 487340, 484491, 133764, 133764, 1236920113
502, 2239059, 385807, 592856, 577593, 371675, 155564, 155564, 3630228063
505, 2245406, 525302, 475399, 461171, 510218, 136658, 136658, 3053829440
506, 2248086, 477780, 506537, 491696, 463173, 154450, 154450, 2024074789
508, 2240576, 503290, 475547, 460686, 488015, 156519, 156519, 4150500012
512, 2243282, 399503, 605316, 590343, 384600, 131760, 131760, 1698673928
510, 2241042, 542853, 468358, 453570, 527451, 124405, 124405, 3300536176
507, 2245716, 453686, 530132, 515535, 438651, 153856, 153856, 2801180374
509, 2243153, 473206, 538950, 523627, 458772, 124299, 124299, 3894782434
511, 2245824, 412706, 572816, 557818, 398508, 151988, 151988, 2396445444
513, 2245773, 447758, 565327, 549724, 433602, 124681, 124681, 106849578
514, 2242847, 400162, 593058, 578091, 385628, 142954, 142954, 1277083804
515, 2241414, 548331, 460247, 445098, 532830, 127454, 127454, 3638131658
519, 2244714, 651040, 364779, 350159, 635906, 121415, 121415, 2433312719
516, 2246875, 500912, 492759, 478336, 487022, 143923, 143923, 3318533735
521, 2245069, 406864, 605105, 590470, 392088, 125271, 125271, 2492302241
518, 2247715, 451170, 560709, 546908, 436578, 126175, 126175, 640552474
520, 2243643, 620884, 385911, 371914, 605738, 129598, 129598, 405302726
517, 2250236, 572378, 411897, 397900, 557979, 155041, 155041, 4049098242
523, 2242419, 697833, 317526, 303009, 681977, 121037, 121037, 1511497459
524, 2244976, 344794, 644665, 629540, 330851, 147563, 147563, 466604770
522, 2244540, 536102, 473900, 458537, 521133, 127434, 127434, 1412488096
527, 2241039, 371350, 632037, 617030, 357176, 131723, 131723, 633219595
525, 2241910, 385498, 608187, 592973, 370974, 142139, 142139, 2030679873
528, 2242092, 477258, 522158, 506982, 462546, 136574, 136574, 68947923
526, 2239648, 522915, 478218, 463768, 507109, 133819, 133819, 1260460289
529, 2239093, 646388, 356095, 341769, 630643, 132099, 132099, 1823039296
530, 2248601, 521706, 491845, 477294, 507002, 125377, 125377, 475458120
531, 2244500, 498677, 508601, 493583, 484031, 129804, 129804, 868684990
532, 2247191, 561100, 449873, 435850, 545978, 127195, 127195, 1886464681
533, 2244710, 626383, 373186, 359302, 611257, 137291, 137291, 26443529
534, 2238955, 490274, 497759, 482136, 475140, 146823, 146823, 1344661488
535, 2243229, 391956, 604112, 589196, 377957, 140004, 140004, 2895201009
536, 2242413, 541446, 465060, 450783, 526354, 129385, 129385, 1141795322
539, 2246491, 462654, 548430, 534270, 447905, 126616, 126616, 2412462959
543, 2238062, 637841, 374255, 359454, 621568, 122472, 122472, 1434035932
538, 2246514, 461140, 537550, 523556, 446556, 138856, 138856, 1320434174
540, 2245975, 453931, 552082, 537078, 439492, 131696, 131696, 260007720
541, 2243762, 502443, 477679, 462993, 488525, 156061, 156061, 462425795
544, 2245171, 513437, 491180, 476748, 498620, 132593, 132593, 2383434951
545, 2244328, 521809, 470576, 455863, 506890, 144595, 144595, 3588121008
537, 2249457, 425956, 570390, 555447, 411814, 142925, 142925, 1173036510
542, 2243927, 665372, 343532, 329705, 650252, 127533, 127533, 1632445322
546, 2247979, 523150, 479056, 463519, 508926, 136664, 136664, 292745204
547, 2238866, 573013, 424356, 409551, 557952, 136997, 136997, 446396758
548, 2243790, 624269, 386468, 372241, 608712, 126050, 126050, 4164594339
550, 2248063, 354462, 655074, 640256, 340495, 128888, 128888, 1450116799
552, 2245448, 598758, 397375, 382938, 583335, 141521, 141521, 2028305293
549, 2247133, 607744, 389154, 375293, 593508, 140717, 140717, 4291949240
553, 2246378, 361824, 655435, 640518, 348035, 120283, 120283, 500889432
559, 2239428, 556835, 441107, 425590, 541640, 137128, 137128, 5340005
555, 2248881, 416207, 592693, 577560, 402369, 130026, 130026, 4241196150
551, 2243045, 484180, 438654, 424441, 469364, 213203, 213203, 2983145058
557, 2241642, 564341, 431907, 417218, 548906, 139635, 139635, 4190855710
558, 2242101, 582205, 416773, 402153, 567440, 136765, 136765, 1157006705
560, 2240284, 440167, 566317, 551024, 425824, 128476, 128476, 916567536
554, 2245914, 639668, 361487, 347301, 624362, 136548, 136548, 356459182
556, 2247216, 603387, 402729, 388152, 588006, 132471, 132471, 1302520199
561, 2242008, 429130, 565546, 550025, 414753, 141277, 141277, 3784835336
562, 2240711, 653073, 341095, 327041, 637870, 140816, 140816, 87409286
564, 2245631, 755114, 253617, 239740, 738644, 129258, 129258, 84852900
563, 2242332, 410468, 583508, 568534, 395564, 142129, 142129, 1316975535
565, 2243474, 430001, 576191, 561266, 415160, 130428, 130428, 2956504338
566, 2246575, 579746, 424647, 410466, 564958, 133379, 133379, 2463623332
568, 2244978, 431426, 574019, 558529, 417052, 131976, 131976, 562749368
567, 2245805, 598822, 398206, 383596, 583713, 140734, 140734, 1399107730
570, 2238269, 557152, 451462, 436812, 541439, 125702, 125702, 368153659
569, 2241838, 351640, 654240, 639657, 337305, 129498, 129498, 3317980074
571, 2243373, 370051, 641290, 626260, 355338, 125217, 125217, 677015777
575, 2242359, 452074, 560296, 544728, 437599, 123831, 123831, 2360187796
573, 2250106, 326079, 683010, 668100, 311699, 130609, 130609, 2132013788
572, 2247507, 429365, 560721, 545710, 415351, 148180, 148180, 3832494722
574, 2245186, 406998, 601129, 585534, 392943, 129291, 129291, 2029509477
578, 2244632, 593694, 397924, 383182, 578420, 145706, 145706, 3718385130
576, 2244707, 482351, 493588, 479418, 467792, 160779, 160779, 2208526207
577, 2248304, 572130, 435477, 421142, 557795, 130880, 130880, 2389642857
580, 2243306, 330625, 681920, 666036, 316761, 123982, 123982, 2815088030
579, 2241751, 525520, 491734, 477041, 510576, 118440, 118440, 1491336228
581, 2241382, 593212, 401245, 386726, 577829, 141185, 141185, 4278778026
582, 2245733, 499770, 511572, 496549, 485236, 126303, 126303, 1898313211
585, 2242580, 460513, 544369, 529541, 445669, 131244, 131244, 3481695520
584, 2240327, 440889, 563959, 548588, 426125, 130383, 130383, 1276010794
583, 2247236, 674043, 340487, 326042, 659138, 123763, 123763, 2843676571
586, 2245105, 610591, 380488, 366294, 594840, 146446, 146446, 1879747762
587, 2247352, 448280, 565114, 550353, 433329, 125138, 125138, 1915946553
588, 2239213, 504602, 489542, 474397, 490144, 140264, 140264, 3583223197
591, 2244747, 638575, 369556, 355967, 622929, 128860, 128860, 4256165895
593, 2241371, 483199, 519961, 505073, 467818, 132660, 132660, 1868235966
589, 2245958, 477053, 530158, 515926, 462747, 130037, 130037, 2731588826
592, 2244528, 535258, 462772, 448881, 520071, 138773, 138773, 2404449302
594, 2242835, 446924, 555628, 540976, 432357, 133475, 133475, 4175809829
590, 2245226, 518708, 488832, 474597, 503975, 129557, 129557, 373960186
596, 2250321, 547587, 453733, 438983, 532884, 138567, 138567, 562322324
595, 2248495, 536607, 458090, 443548, 521508, 144371, 144371, 2793683516
597, 2240183, 461692, 541989, 526849, 446757, 131448, 131448, 462650219
598, 2239055, 423100, 578789, 562907, 408319, 132970, 132970, 1740812038
599, 2241757, 512640, 486225, 471655, 497935, 136651, 136651, 980909056
600, 2240640, 373486, 613301, 597956, 358519, 148689, 148689, 3284531871
602, 2242511, 547249, 456830, 442108, 531788, 132268, 132268, 3328590281
603, 2242324, 450920, 553368, 538343, 436559, 131567, 131567, 1455895849
605, 2241465, 661543, 345237, 330716, 646413, 128778, 128778, 3475622945
601, 2243679, 572812, 435675, 421229, 557851, 128056, 128056, 208046869
608, 2249298, 494857, 514526, 499740, 479995, 130090, 130090, 4167978610
610, 2243373, 321745, 673869, 658355, 307096, 141154, 141154, 817288099
609, 2238003, 459359, 540624, 525219, 444389, 134206, 134206, 2893139930
604, 2240651, 483367, 518192, 503585, 468521, 133493, 133493, 3696029156
607, 2243365, 614789, 389262, 374853, 599665, 132398, 132398, 431803919
611, 2248848, 671277, 329873, 315861, 656453, 137692, 137692, 1580872516
606, 2242736, 584188, 420651, 406035, 569756, 131053, 131053, 2500297111
612, 2250881, 735232, 268926, 255263, 719774, 135843, 135843, 3575582836
614, 2240264, 487650, 517261, 501249, 472698, 130703, 130703, 723315783
613, 2242263, 599822, 388399, 374154, 584688, 147600, 147600, 3543237500
615, 2243394, 547438, 449308, 434811, 532547, 139645, 139645, 3944195815
616, 2244022, 611600, 379020, 364894, 596106, 146201, 146201, 58153626
617, 2246249, 474269, 518995, 504862, 459795, 144164, 144164, 248358012
618, 2245057, 479068, 523255, 508651, 463861, 135111, 135111, 3130846520
619, 2247424, 653208, 357150, 342562, 637622, 128441, 128441, 3298992693
620, 2246876, 418196, 595461, 580359, 403802, 124529, 124529, 2156805710
624, 2241362, 372657, 616874, 601877, 358398, 145778, 145778, 1448570366
621, 2245225, 381094, 632278, 617301, 366718, 123917, 123917, 881773855
622, 2244960, 562733, 443076, 428195, 547820, 131568, 131568, 2785824681
625, 2237723, 479530, 522386, 507042, 464715, 132025, 132025, 929247311
623, 2248334, 443188, 553251, 538837, 428954, 142052, 142052, 4254150225
626, 2243640, 507305, 504760, 490102, 492943, 124265, 124265, 552818204
627, 2249677, 524441, 471641, 457330, 510071, 143097, 143097, 3765778429
628, 2241674, 425895, 580145, 565237, 411753, 129322, 129322, 4189357385
630, 2242165, 598282, 402251, 387496, 582818, 135659, 135659, 3714243565
633, 2248188, 728862, 285115, 271071, 713672, 124734, 124734, 343947584
629, 2243056, 548701, 457582, 443131, 533880, 129881, 129881, 1517828332
631, 2236193, 697618, 302169, 288067, 681893, 133223, 133223, 3500270885
632, 2243141, 395012, 609687, 594326, 380912, 131602, 131602, 2172973334
634, 2246568, 467745, 540410, 525673, 453176, 129782, 129782, 1457715856
636, 2244674, 471081, 535616, 520676, 456975, 130163, 130163, 2629326586
635, 2246325, 588930, 426134, 411762, 573623, 122938, 122938, 473196493
639, 2246009, 236587, 779916, 764960, 223450, 120548, 120548, 829921056
640, 2244058, 357081, 647593, 632834, 342958, 131796, 131796, 462997344
641, 2242613, 582733, 415054, 400367, 566773, 138843, 138843, 127624825
638, 2247907, 399842, 594396, 579686, 385457, 144263, 144263, 730938900
637, 2245021, 575704, 426570, 411905, 561120, 134861, 134861, 3050667316
644, 2245684, 575597, 435908, 421652, 560563, 125982, 125982, 2343341331
642, 2249444, 596690, 407040, 392838, 581524, 135676, 135676, 3299524556
643, 2241100, 345275, 644852, 629143, 331156, 145337, 145337, 4239194732
648, 2244988, 402187, 609505, 593949, 388273, 125537, 125537, 2213908843
645, 2242558, 382582, 610081, 594595, 367812, 143744, 143744, 2623257929
646, 2242349, 518542, 480359, 464981, 503933, 137267, 137267, 3843047538
649, 2244050, 589929, 420557, 406216, 575342, 126003, 126003, 2290186070
651, 2242692, 428222, 572181, 557727, 413546, 135508, 135508, 172896887
647, 2247337, 594289, 416674, 402123, 579261, 127495, 127495, 485106593
652, 2237427, 595621, 399602, 384780, 579854, 138785, 138785, 2744130298
650, 2247010, 495628, 508231, 493670, 480857, 134312, 134312, 2884799655
653, 2247824, 618532, 390669, 376689, 604118, 128908, 128908, 3069374834
655, 2239455, 432556, 566419, 551124, 417924, 135716, 135716, 3519749473
654, 2244088, 642952, 369833, 355763, 627498, 124021, 124021, 1075108017
656, 2249538, 656354, 352425, 338524, 641283, 130476, 130476, 4073444332
657, 2243861, 383257, 628687, 614229, 368580, 124554, 124554, 1576979482
658, 2246301, 570391, 441426, 426666, 556070, 125874, 125874, 4018549085
659, 2239454, 314289, 666168, 651098, 300261, 153819, 153819, 394991825
660, 2239656, 532687, 466311, 451418, 517320, 135960, 135960, 1527384079
661, 2236983, 482120, 509599, 494620, 467344, 141650, 141650, 3212497582
662, 2240434, 472260, 531904, 516727, 457099, 131222, 131222, 2092797321
665, 2247516, 412412, 595878, 580598, 397892, 130368, 130368, 2571775358
663, 2246704, 540810, 468207, 453966, 525895, 128913, 128913, 2053401454
668, 2241553, 445228, 566635, 551355, 430081, 124127, 124127, 3725935466
664, 2250261, 626627, 379071, 365100, 612399, 133532, 133532, 3789897034
669, 2237642, 417887, 555025, 539185, 402927, 161309, 161309, 514547453
667, 2239805, 464007, 545279, 530528, 449159, 125416, 125416, 2846960008
666, 2246469, 531465, 482083, 467504, 516303, 124557, 124557, 4289474784
672, 2241614, 446672, 549307, 533731, 432366, 139769, 139769, 2223944362
670, 2244447, 565665, 430449, 416128, 550947, 140629, 140629, 4067552402
671, 2247756, 539913, 474042, 459691, 525074, 124518, 124518, 3381587477
674, 2239286, 471219, 538279, 522602, 456408, 125389, 125389, 4042674239
673, 2252455, 414423, 596746, 582149, 400165, 129486, 129486, 3546497277
675, 2247042, 521056, 465661, 450609, 506614, 151551, 151551, 3610357969
676, 2241358, 529335, 464375, 449752, 514266, 141815, 141815, 863984452
678, 2243560, 534261, 477131, 462451, 519149, 125284, 125284, 3216750081
677, 2242057, 480505, 525518, 510823, 465911, 129650, 129650, 686761217
682, 2243458, 471765, 538147, 522474, 457228, 126922, 126922, 537913451
679, 2246871, 562313, 434248, 420296, 547696, 141159, 141159, 320720739
681, 2247195, 585933, 422449, 408076, 570581, 130078, 130078, 2879045540
683, 2243313, 508862, 496243, 481660, 494370, 131089, 131089, 2051909340
684, 2242400, 428564, 578169, 562976, 413861, 129415, 129415, 255105866
680, 2245274, 535515, 459408, 445049, 520380, 142461, 142461, 3707887625
686, 2241908, 337705, 649809, 634470, 323988, 147968, 147968, 1367960494
685, 2241554, 595426, 395815, 381176, 579799, 144669, 144669, 4069952183
687, 2244400, 510740, 484781, 469829, 496114, 141468, 141468, 2090127366
689, 2241227, 563681, 434446, 419755, 548563, 137391, 137391, 253548582
688, 2241742, 289704, 712690, 697516, 275688, 133072, 133072, 3226655111
690, 2243162, 557942, 440319, 425206, 542559, 138568, 138568, 2722665767
691, 2246690, 405164, 604075, 589711, 390882, 128429, 128429, 4107805025
693, 2240766, 575186, 428904, 414767, 559613, 131148, 131148, 1686546618
692, 2247009, 540541, 427130, 412135, 526617, 170293, 170293, 3229307460
694, 2243249, 458121, 511631, 496224, 443377, 166948, 166948, 4226108667
696, 2242459, 486352, 515622, 500936, 471017, 134266, 134266, 4059552114
695, 2244539, 539263, 469193, 454352, 524721, 128505, 128505, 3790265837
697, 2245939, 285880, 733439, 717938, 271900, 118391, 118391, 3066594878
698, 2241475, 545924, 458791, 443687, 531131, 130971, 130971, 3347818839
700, 2242549, 448489, 557096, 542327, 433747, 130445, 130445, 2768318962
704, 2243997, 348937, 663141, 647454, 334589, 124938, 124938, 3441951383
699, 2244905, 437743, 572713, 557690, 423389, 126685, 126685, 4089392612
703, 2240904, 698073, 312127, 298321, 682227, 125078, 125078, 1869414348
701, 2241673, 530312, 468826, 454219, 515590, 136363, 136363, 2166562001
705, 2242038, 504536, 488148, 473893, 489689, 142886, 142886, 813971767
702, 2240268, 564738, 446797, 431959, 550084, 123345, 123345, 2700394846
706, 2247201, 481185, 481734, 467385, 466593, 175152, 175152, 992236281
707, 2242789, 597359, 393985, 379414, 582345, 144843, 144843, 3196490060
709, 2239068, 560284, 440655, 425823, 545004, 133651, 133651, 199137431
708, 2244537, 444307, 561618, 546038, 430282, 131146, 131146, 3247274072
710, 2240883, 514263, 488583, 473886, 498953, 132599, 132599, 3962941150
711, 2251197, 650135, 358870, 344751, 635161, 131140, 131140, 781154487
712, 2246493, 547622, 460414, 446002, 532391, 130032, 130032, 3569703709
716, 2242622, 593309, 417939, 402689, 578779, 124953, 124953, 1823477813
713, 2240614, 496747, 500942, 486273, 481276, 137688, 137688, 1118011202
717, 2244819, 588126, 395883, 381417, 573239, 153077, 153077, 1628058139
715, 2247333, 436745, 567883, 553077, 422410, 133609, 133609, 4091994252
718, 2244282, 567750, 443978, 429100, 552752, 125351, 125351, 3720463596
719, 2244297, 432061, 570656, 555752, 417344, 134242, 134242, 2564431736
721, 2250517, 681157, 336870, 323081, 666227, 121591, 121591, 2237980147
714, 2246167, 579795, 433197, 419416, 565383, 124188, 124188, 2418978800
722, 2242807, 498755, 503951, 488925, 484192, 133492, 133492, 399110924
723, 2250568, 506191, 498079, 483702, 492030, 135283, 135283, 4153169553
720, 2244255, 538182, 466252, 451953, 523422, 132223, 132223, 1886314074
725, 2242040, 604455, 399628, 385337, 588674, 131973, 131973, 1766005661
724, 2248424, 523958, 486517, 472258, 509119, 128286, 128286, 791182866
726, 2243191, 674703, 332303, 318202, 659223, 129380, 129380, 1669063617
727, 2242166, 445512, 563577, 548557, 431112, 126704, 126704, 3950252859
728, 2249657, 486820, 515389, 501169, 472569, 136855, 136855, 2856667069
729, 2246145, 572207, 435823, 422075, 557100, 129470, 129470, 3380523864
732, 2247274, 379968, 624200, 609724, 365074, 134154, 134154, 2418293570
734, 2243737, 508127, 496774, 481843, 493283, 131855, 131855, 357359399
730, 2245232, 592065, 414434, 400758, 577305, 130335, 130335, 2864108947
736, 2247405, 243374, 762016, 747136, 229933, 132473, 132473, 2839362763
731, 2248391, 536004, 474673, 460288, 521490, 127968, 127968, 2600591126
733, 2243513, 554143, 446984, 432156, 539056, 135587, 135587, 3714763577
737, 2240720, 584394, 406006, 391642, 568938, 144870, 144870, 1459918561
738, 2248192, 638234, 370753, 356877, 622962, 129683, 129683, 1653853461
735, 2245330, 527209, 473913, 459293, 512813, 136051, 136051, 3528028539
739, 2245680, 556835, 451115, 436767, 541607, 129678, 129678, 653778425
740, 2248624, 426442, 584940, 570032, 411768, 127721, 127721, 756760621
742, 2243782, 517211, 485397, 470550, 502488, 134068, 134068, 2491959926
741, 2244254, 570245, 433829, 419156, 555346, 132839, 132839, 3138691551
744, 2241986, 443498, 553486, 539046, 428450, 138753, 138753, 1059875932
743, 2240672, 587650, 413421, 398414, 572935, 134126, 134126, 4220964446
748, 2242991, 547796, 459072, 444565, 533138, 129210, 129210, 2649586794
751, 2244102, 449399, 557156, 541887, 434842, 130409, 130409, 2995185757
745, 2243556, 607588, 397469, 383107, 591860, 131766, 131766, 1394696436
749, 2250853, 465597, 540680, 526502, 450740, 133667, 133667, 755924739
746, 2237925, 391980, 598816, 582925, 377938, 143133, 143133, 3623602606
747, 2239402, 617196, 393793, 379456, 602031, 123463, 123463, 1195828525
750, 2240375, 448085, 547511, 533078, 433091, 139305, 139305, 1465954089
752, 2239735, 567467, 434655, 419935, 552406, 132636, 132636, 2391788381
753, 2244159, 478003, 530288, 515607, 463205, 128528, 128528, 2784704025
754, 2245659, 536609, 456483, 442364, 522133, 144035, 144035, 3443871641
755, 2243965, 484124, 522928, 508330, 469707, 129438, 129438, 4216830527
757, 2246407, 351284, 596733, 581043, 337557, 189895, 189895, 1317540194
758, 2238838, 723330, 290477, 276302, 707773, 120478, 120478, 989000473
756, 2245946, 435713, 569342, 555295, 421022, 132287, 132287, 1271863329
760, 2247066, 601470, 390978, 376560, 586590, 145734, 145734, 4178317849
759, 2246802, 321960, 691492, 676953, 307929, 124234, 124234, 2527310286
763, 2251868, 389653, 605314, 589927, 375748, 145613, 145613, 1288640904
761, 2248285, 411694, 591626, 576853, 397066, 135523, 135523, 684227563
764, 2247081, 479953, 523418, 509204, 465284, 134611, 134611, 4214527709
762, 2243611, 393927, 608443, 593106, 380131, 134002, 134002, 706967175
766, 2239312, 450169, 555786, 540362, 435551, 128722, 128722, 1418826108
765, 2247044, 618557, 397174, 382427, 603476, 122705, 122705, 230038359
767, 2241396, 399802, 593898, 578856, 385256, 141792, 141792, 1625706551
769, 2244991, 396721, 615165, 599350, 382511, 125622, 125622, 2089044271
768, 2249898, 417831, 596735, 582220, 403098, 125007, 125007, 45200725
772, 2243733, 568227, 430597, 416080, 552737, 138046, 138046, 3161257036
773, 2239114, 530839, 456354, 442139, 515112, 147335, 147335, 1668282961
774, 2249044, 392446, 616113, 600761, 378096, 130814, 130814, 376903548
770, 2245978, 627662, 380099, 365816, 613381, 129510, 129510, 277341058
771, 2242329, 630181, 375366, 361206, 615254, 130161, 130161, 2620228489
775, 2247908, 523915, 484276, 469354, 508885, 130739, 130739, 1194366648
777, 2245431, 551536, 465565, 451323, 536507, 120250, 120250, 749952713
776, 2248759, 635927, 378563, 364353, 620948, 124484, 124484, 2693139986
779, 2246937, 384964, 622667, 607570, 370954, 130391, 130391, 519734998
778, 2240507, 511189, 488248, 473256, 496344, 135735, 135735, 3286272245
780, 2244055, 559034, 448247, 433088, 544420, 129633, 129633, 3946258652
781, 2245356, 485848, 515302, 500488, 470872, 136423, 136423, 622163977
782, 2241303, 578052, 415617, 401541, 563229, 141432, 141432, 1552336351
783, 2240579, 436737, 541477, 526546, 422315, 156752, 156752, 1252593800
786, 2245528, 485084, 516133, 500945, 470040, 136663, 136663, 304810604
785, 2242203, 515186, 469675, 455038, 500748, 150778, 150778, 3617415444
789, 2246764, 420988, 589355, 574323, 407044, 127527, 127527, 4038499407
784, 2245288, 517027, 481037, 466972, 502710, 138771, 138771, 192012619
787, 2242268, 527820, 477693, 462924, 512993, 130419, 130419, 1536484580
790, 2245432, 368196, 641679, 626584, 353747, 127613, 127613, 2943181749
788, 2254416, 361363, 643558, 628955, 347388, 136576, 136576, 3657050727
791, 2239710, 490847, 513993, 499001, 475377, 130246, 130246, 3514044688
792, 2244482, 569923, 442911, 428717, 555589, 123671, 123671, 1806529005
795, 2238139, 474825, 528889, 513277, 459206, 130971, 130971, 2855548658
794, 2248608, 414910, 570853, 556081, 401254, 152755, 152755, 2379739065
793, 2244468, 623040, 373675, 359478, 607377, 140449, 140449, 3507630584
796, 2247738, 492516, 517692, 503070, 477390, 128535, 128535, 979588799
798, 2242153, 497055, 502933, 488350, 482615, 135600, 135600, 2221829644
797, 2248035, 622400, 379705, 365536, 607288, 136553, 136553, 1342407558
799, 2242587, 467125, 538864, 524368, 452308, 129961, 129961, 1687134506
803, 2240219, 544811, 454077, 439323, 529278, 136365, 136365, 611363213
800, 2241331, 523677, 484311, 469091, 509042, 127605, 127605, 1595512330
802, 2248786, 534966, 474294, 459103, 520913, 129755, 129755, 2119682658
801, 2249419, 497373, 491609, 476909, 482860, 150334, 150334, 633838016
806, 2242057, 445827, 561829, 546450, 430713, 128619, 128619, 4052030125
804, 2244204, 458391, 547480, 532944, 443839, 130775, 130775, 1498013702
807, 2237971, 423303, 583706, 567991, 409027, 126972, 126972, 1141949934
805, 2246260, 582760, 414202, 399632, 568136, 140765, 140765, 1342654549
808, 2243742, 473516, 528457, 513437, 459090, 134621, 134621, 804988786
813, 2242488, 290486, 719477, 702748, 276071, 126853, 126853, 268369165
810, 2243654, 374271, 627768, 611748, 359825, 135021, 135021, 173263826
809, 2243925, 573067, 422693, 407937, 558630, 140799, 140799, 687329188
811, 2244567, 419108, 567053, 552019, 404659, 150864, 150864, 3342751323
812, 2242055, 461265, 548644, 533753, 446717, 125838, 125838, 1524502135
814, 2242227, 503642, 500593, 485596, 488244, 132076, 132076, 2486765915
819, 2245120, 256865, 756457, 740652, 243362, 123892, 123892, 1127238787
816, 2244630, 568657, 433212, 418942, 553941, 134939, 134939, 940188319
815, 2247943, 610949, 394618, 380613, 596053, 132855, 132855, 140210844
822, 2238427, 574056, 415216, 400280, 558385, 145245, 145245, 4182487895
817, 2249785, 568538, 428180, 413781, 554084, 142601, 142601, 1827153936
818, 2244396, 599217, 390034, 375324, 583627, 148097, 148097, 1482945489
820, 2240158, 460867, 540585, 524557, 446633, 133758, 133758, 1231810365
821, 2242422, 466229, 535964, 521273, 451542, 133707, 133707, 2473886845
823, 2243810, 432231, 571617, 556425, 417735, 132901, 132901, 2149892229
826, 2244270, 440299, 564538, 549086, 425759, 132294, 132294, 1678543829
824, 2246614, 587785, 422122, 407680, 571929, 128549, 128549, 1941105373
827, 2247276, 365100, 632468, 617209, 351505, 140497, 140497, 526170229
825, 2246488, 470187, 532670, 517554, 455731, 135173, 135173, 4100183113
829, 2242428, 451640, 549494, 534416, 437420, 134729, 134729, 2099832985
828, 2240490, 445111, 530805, 516008, 430620, 158973, 158973, 1801481093
832, 2248692, 521962, 473631, 459180, 507323, 143298, 143298, 3950061627
833, 2245866, 366060, 645590, 630265, 351987, 125982, 125982, 26821647
831, 2243517, 342507, 665750, 650500, 328100, 128330, 128330, 69907872
830, 2245798, 536550, 466682, 452364, 521920, 134141, 134141, 1253587756
835, 2246043, 601201, 412262, 397814, 586054, 124356, 124356, 1702849469
834, 2241243, 486446, 515575, 500910, 471396, 133458, 133458, 1823711637
836, 2249561, 384650, 628831, 614097, 370771, 125606, 125606, 1293192575
837, 2250847, 414552, 576656, 562554, 400771, 148157, 148157, 78574949
839, 2245949, 375580, 632993, 617513, 361539, 129162, 129162, 505268469
840, 2242985, 475756, 534614, 519401, 460600, 126307, 126307, 3511756276
838, 2246338, 495598, 480210, 465912, 481422, 161598, 161598, 3404942740
842, 2243613, 475040, 531436, 515816, 460411, 130455, 130455, 1872317341
843, 2247835, 472315, 548163, 532454, 457839, 118532, 118532, 2775390988
841, 2242653, 525089, 483391, 469235, 510216, 127361, 127361, 346091640
845, 2243006, 484881, 507489, 492758, 470458, 143710, 143710, 2644260672
844, 2250285, 391953, 611858, 596376, 377958, 136070, 136070, 3646281090
847, 2245154, 486088, 520851, 505759, 471250, 130603, 130603, 1978568260
846, 2244520, 547592, 448005, 433190, 532791, 141471, 141471, 87390645
850, 2240026, 413386, 591797, 577188, 398655, 129500, 129500, 2422043973
851, 2246543, 444332, 564918, 550570, 429713, 128505, 128505, 3989728385
849, 2249215, 445516, 557646, 542615, 431190, 136124, 136124, 1044426812
853, 2244831, 468228, 536075, 520962, 453554, 133006, 133006, 671806105
848, 2243607, 588360, 406132, 391797, 573112, 142103, 142103, 173192336
852, 2246170, 499533, 511511, 496935, 484603, 126794, 126794, 1922972905
854, 2236962, 374392, 605151, 589542, 359497, 154190, 154190, 4018805550
856, 2242280, 363788, 642316, 626407, 349547, 130111, 130111, 3063803445
855, 2242480, 573026, 439978, 425755, 558567, 122577, 122577, 1885838409
857, 2242627, 588653, 409554, 394895, 573315, 138105, 138105, 3157460080
861, 2243063, 360845, 646668, 629908, 346336, 129653, 129653, 758167890
860, 2240725, 420366, 583985, 568475, 405375, 131262, 131262, 2711724020
859, 2243520, 623892, 384039, 370079, 607406, 129052, 129052, 1205448928
858, 2245722, 404042, 599351, 584631, 389874, 133912, 133912, 3768451635
863, 2252611, 642896, 369092, 354846, 628011, 128883, 128883, 739108016
862, 2240343, 513883, 470060, 455550, 499150, 150850, 150850, 2950928696
871, 2241627, 479450, 522656, 507228, 464559, 133867, 133867, 2705057885
864, 2244546, 537562, 439219, 424681, 522914, 160085, 160085, 967624725
866, 2244526, 453081, 543230, 528322, 438061, 140916, 140916, 4214898878
865, 2247960, 694017, 309636, 296013, 678656, 134819, 134819, 1408925225
869, 2238324, 431736, 569163, 553440, 417171, 133407, 133407, 3694815806
868, 2243084, 384179, 617438, 602613, 369750, 134552, 134552, 1416388452
867, 2247032, 520492, 477408, 462692, 505896, 140272, 140272, 3782028969
870, 2242491, 663956, 333363, 318989, 649063, 138560, 138560, 206900311
872, 2244151, 569646, 433882, 419757, 554962, 132952, 132952, 2228115827
875, 2239857, 657208, 326207, 311785, 641297, 151680, 151680, 3990527628
873, 2242374, 502839, 488334, 473435, 487770, 144998, 144998, 3298367126
874, 2244725, 446435, 558228, 543328, 432044, 132345, 132345, 871932629
876, 2246044, 525926, 475269, 461276, 511067, 136253, 136253, 2952486811
877, 2246049, 480749, 523123, 509031, 466218, 133464, 133464, 3955013286
878, 2240873, 613519, 387083, 372590, 598223, 134729, 134729, 3783882396
879, 2237887, 397231, 594487, 579572, 382597, 142000, 142000, 3927849177
881, 2244863, 410409, 592543, 577158, 396047, 134353, 134353, 2183479159
882, 2236144, 461701, 513960, 499080, 447105, 157149, 157149, 2208271110
883, 2245766, 557641, 453302, 438608, 542365, 126925, 126925, 259013
886, 2242232, 569966, 431452, 416926, 555184, 134352, 134352, 873512311
880, 2245984, 507074, 511666, 497327, 491743, 119087, 119087, 1202969243
884, 2248645, 644757, 359545, 345347, 629926, 134535, 134535, 302205291
885, 2248444, 521366, 488200, 473839, 506363, 129338, 129338, 4230889745
887, 2242483, 479099, 520120, 504619, 464157, 137244, 137244, 488686447
889, 2245856, 419024, 591503, 576512, 404913, 126952, 126952, 3772253507
890, 2236899, 663918, 344032, 329574, 647595, 125890, 125890, 1430921497
892, 2244698, 468744, 538217, 522765, 454598, 130187, 130187, 429476011
888, 2240503, 505815, 505437, 490786, 490781, 123842, 123842, 4134031340
891, 2245988, 678083, 331555, 317622, 662632, 128048, 128048, 1304779317
893, 2248283, 523528, 484171, 470077, 508585, 130961, 130961, 3688961278
894, 2250661, 503048, 476170, 461728, 488237, 160739, 160739, 1042131612
895, 2237236, 482724, 529513, 514219, 467772, 121504, 121504, 1085399306
897, 2246059, 504902, 501985, 486633, 490157, 131191, 131191, 1840387503
900, 2242098, 349606, 652803, 637514, 335319, 133428, 133428, 4265276485
898, 2238817, 554510, 449436, 434235, 539562, 130537, 130537, 1778104887
896, 2239196, 660855, 343873, 329785, 645075, 129804, 129804, 3443667039
899, 2242115, 624494, 379923, 365497, 609307, 131447, 131447, 820746977
903, 2245828, 490385, 513645, 498893, 475745, 133580, 133580, 3867433645
902, 2244161, 526836, 473755, 458801, 511597, 136586, 136586, 2017882506
904, 2245359, 585875, 423839, 409254, 570373, 128009, 128009, 3564349408
906, 2239676, 639023, 368688, 354773, 623224, 126984, 126984, 1674518054
901, 2247020, 627167, 385176, 370892, 612749, 125518, 125518, 3988036539
905, 2247211, 500300, 506259, 491632, 485374, 131823, 131823, 534724747
909, 2245876, 546213, 456426, 442183, 530890, 135082, 135082, 271775446
908, 2245038, 466763, 538613, 524247, 452263, 131576, 131576, 302801871
907, 2243938, 411463, 567704, 553236, 397033, 157251, 157251, 411642887
910, 2238447, 462879, 541926, 526488, 448092, 129531, 129531, 3160155215
911, 2244801, 573973, 434317, 420083, 559326, 128551, 128551, 3549357610
913, 2247006, 489408, 517192, 502456, 474478, 131736, 131736, 2325773412
916, 2250585, 516286, 493221, 478603, 501569, 130453, 130453, 1560517263
914, 2251506, 508614, 466039, 451883, 494824, 165073, 165073, 935179469
917, 2241986, 517742, 460463, 445389, 502796, 157798, 157798, 3747143586
918, 2244958, 535646, 475378, 460661, 520577, 126348, 126348, 3393608373
912, 2249679, 655506, 347153, 333511, 640969, 136270, 136270, 3353021343
915, 2246006, 476365, 521385, 506676, 461836, 139872, 139872, 1450558004
923, 2248560, 362444, 652014, 636514, 348258, 124665, 124665, 1088926013
919, 2242625, 471143, 505612, 490904, 456046, 159460, 159460, 893686652
920, 2241967, 466745, 537119, 522498, 451437, 132084, 132084, 1200372112
921, 2250883, 628784, 382284, 368242, 613983, 128795, 128795, 1248351486
924, 2249800, 417167, 572618, 557694, 403337, 149492, 149492, 2495906325
922, 2248264, 362783, 652340, 636797, 349082, 123631, 123631, 3200965156
925, 2246323, 610471, 351154, 337016, 595444, 176119, 176119, 2566009341
926, 2235783, 525005, 476304, 461348, 509556, 131785, 131785, 3464447225
928, 2243983, 465815, 540478, 526198, 450206, 130643, 130643, 1037309262
927, 2240807, 548212, 460278, 445529, 532574, 127107, 127107, 1378108235
931, 2244689, 361597, 652481, 636953, 347398, 123130, 123130, 3070753220
929, 2245121, 648632, 361490, 347559, 633646, 126897, 126897, 2867006663
935, 2246679, 478850, 523268, 508480, 464645, 135718, 135718, 628027445
933, 2246050, 490428, 512350, 497584, 475654, 135017, 135017, 1332005337
934, 2246291, 376174, 624967, 610160, 361510, 136740, 136740, 3898693868
932, 2241699, 708491, 295621, 281387, 692542, 131829, 131829, 3853889761
936, 2246766, 525885, 482465, 468177, 511243, 129498, 129498, 3992349828
930, 2249471, 598422, 406747, 392853, 583357, 134046, 134046, 2312162850
937, 2242634, 440469, 554343, 539535, 425273, 141507, 141507, 3813893747
938, 2249894, 385904, 574046, 559845, 371825, 179137, 179137, 1670574178
940, 2244142, 451394, 553905, 538970, 436641, 131616, 131616, 1976487490
939, 2245657, 506990, 502540, 487535, 492762, 127915, 127915, 3984531435
941, 2245287, 668116, 328538, 314125, 652476, 141016, 141016, 1225330119
942, 2249173, 386451, 618744, 604309, 371551, 134059, 134059, 300034332
943, 2242833, 473125, 529494, 514597, 458865, 133376, 133376, 1357833813
944, 2248892, 579453, 428243, 413475, 565427, 131147, 131147, 2491632587
945, 2240979, 429781, 578505, 563650, 415447, 126798, 126798, 1730550070
948, 2248606, 459370, 552769, 538027, 444792, 126824, 126824, 414536149
946, 2242508, 652112, 351010, 336536, 636386, 133232, 133232, 3867457611
947, 2247795, 481239, 526391, 511850, 466461, 130927, 130927, 1681876859
950, 2246583, 523873, 475514, 461202, 509116, 138439, 138439, 2486917688
949, 2246727, 413086, 584603, 570105, 398799, 140067, 140067, 726394225
953, 2240626, 442955, 539815, 524861, 428383, 152306, 152306, 3233888264
951, 2243957, 494962, 509654, 495471, 479880, 131995, 131995, 763924098
952, 2248703, 487102, 507163, 492836, 472460, 144571, 144571, 4038579127
954, 2245311, 538988, 462588, 448354, 523533, 135924, 135924, 2901884274
955, 2248478, 367043, 634688, 619579, 353560, 136804, 136804, 698728181
957, 2241548, 590887, 418951, 404923, 576075, 125356, 125356, 376706281
956, 2240913, 683225, 328773, 314382, 667059, 123737, 123737, 2390000990
958, 2248340, 473421, 541107, 526841, 458415, 124278, 124278, 607203925
959, 2245130, 570528, 441443, 426885, 555276, 125499, 125499, 678891294
960, 2246218, 395662, 584621, 569832, 380721, 157691, 157691, 1777931192
961, 2239439, 377259, 616617, 600882, 362493, 141094, 141094, 1952973220
963, 2249913, 679829, 335626, 321766, 664636, 124028, 124028, 2269909027
966, 2243185, 507432, 472862, 458127, 492582, 156091, 156091, 511854594
962, 2246549, 489704, 520213, 505530, 475272, 127915, 127915, 2134630700
964, 2241522, 523564, 480673, 466000, 508425, 131430, 131430, 1803099582
970, 2247096, 655570, 345535, 331379, 640672, 136970, 136970, 2713398831
969, 2238957, 442414, 560711, 545591, 428121, 131060, 131060, 2802943841
967, 2244957, 560153, 447693, 433071, 545130, 129455, 129455, 1361888268
965, 2244005, 392131, 602227, 587530, 378119, 141999, 141999, 2242030325
971, 2239818, 581557, 426649, 412610, 566148, 126427, 126427, 1987271801
968, 2247548, 630298, 381774, 367460, 615690, 126163, 126163, 929050674
972, 2244584, 403868, 590176, 574858, 389590, 143046, 143046, 519443845
973, 2251568, 511573, 500139, 485649, 497223, 128492, 128492, 2706559634
975, 2241211, 414895, 583092, 567662, 399970, 137796, 137796, 530903955
976, 2243326, 385611, 594646, 579169, 371258, 156321, 156321, 224380871
974, 2243401, 520642, 483266, 468447, 505372, 132837, 132837, 1358577020
977, 2245502, 478976, 527756, 513533, 464209, 130514, 130514, 3653923666
980, 2238650, 384998, 611900, 596448, 370638, 137333, 137333, 2004553954
978, 2248062, 483155, 525693, 510986, 468546, 129841, 129841, 975425585
984, 2246321, 436378, 574348, 559741, 421838, 127008, 127008, 1906871465
981, 2238290, 321651, 682298, 666243, 307450, 130324, 130324, 118150040
982, 2242774, 510368, 492617, 477052, 495711, 133513, 133513, 810089921
986, 2240147, 345978, 664485, 649367, 331851, 124233, 124233, 1060254308
985, 2250069, 612217, 401474, 386995, 596701, 126341, 126341, 3701771135
979, 2249298, 567544, 445741, 431446, 553281, 125643, 125643, 2726444255
988, 2247581, 433810, 583876, 568733, 419074, 121044, 121044, 1143641404
987, 2243275, 305328, 705231, 689513, 291443, 125880, 125880, 1258504551
983, 2249315, 500559, 506011, 491711, 486234, 132400, 132400, 1166119345
989, 2246089, 607167, 403761, 389206, 591729, 127113, 127113, 2382474102
991, 2240416, 495789, 503972, 489276, 480915, 135232, 135232, 1165851297
990, 2243265, 570783, 434686, 420284, 555404, 131054, 131054, 1966804362
992, 2245332, 617064, 373039, 359107, 602344, 146889, 146889, 345287290
993, 2246530, 440851, 547771, 532932, 426478, 149249, 149249, 301747934
996, 2246998, 460385, 536448, 521966, 445911, 141144, 141144, 3975382138
999, 2245792, 507272, 497836, 482518, 492728, 132719, 132719, 1083130290
998, 2243385, 483035, 528937, 513630, 468399, 124692, 124692, 2985008573
995, 2244378, 524072, 480869, 466393, 509460, 131792, 131792, 4059253315
997, 2243870, 579049, 421975, 407325, 564251, 135635, 135635, 2996049141
994, 2245113, 517471, 470057, 455778, 502457, 149675, 149675, 2643163266
