sample_id, N_active, N_A_1, N_B_1, N_A_0, N_B_0, N_A_*, N_B_*, seed
6, 1311151, 320370, 321563, 148042, 147406, 186885, 186885, 3402942556
8, 1308028, 319776, 322019, 148162, 146067, 186002, 186002, 3756908035
12, 1307139, 321009, 321109, 147342, 147141, 185269, 185269, 701737123
7, 1305781, 319024, 321438, 147317, 146058, 185972, 185972, 117809898
2, 1310433, 318106, 325089, 149446, 145718, 186037, 186037, 3490848420
13, 1311773, 322641, 321609, 147999, 148234, 185645, 185645, 2015233015
4, 1307281, 323410, 318814, 145716, 148511, 185415, 185415, 3316996563
10, 1307000, 321647, 321899, 147139, 147289, 184513, 184513, 1773285418
3, 1311959, 321468, 321406, 147293, 147464, 187164, 187164, 981786273
11, 1310608, 321039, 321302, 147598, 147219, 186725, 186725, 3925945065
5, 1307662, 322566, 320872, 147419, 148269, 184268, 184268, 3598373905
1, 1308442, 322826, 321117, 147267, 147646, 184793, 184793, 2034850589
9, 1310351, 320600, 321157, 147073, 146905, 187308, 187308, 735043530
0, 1306824, 320774, 321484, 147204, 146818, 185272, 185272, 2733223239
14, 1311288, 320592, 322910, 148618, 147974, 185597, 185597, 294182185
15, 1309984, 322339, 320560, 146974, 148169, 185971, 185971, 886632743
16, 1303831, 318962, 322408, 147127, 145202, 185066, 185066, 2727726777
22, 1311209, 323328, 320494, 146513, 149052, 185911, 185911, 1961247422
17, 1309401, 323453, 320267, 146710, 147981, 185495, 185495, 519955655
18, 1308395, 319657, 322429, 147267, 146288, 186377, 186377, 752920221
19, 1307617, 320574, 320171, 146304, 146192, 187188, 187188, 2236074580
21, 1305784, 321832, 321037, 146607, 147492, 184408, 184408, 3452250038
27, 1306392, 319138, 322260, 147378, 145806, 185905, 185905, 1831621987
23, 1308614, 320260, 321905, 147751, 147210, 185744, 185744, 2625208880
20, 1305277, 322227, 320477, 146365, 147436, 184386, 184386, 2947508928
25, 1311048, 321672, 321487, 147553, 147764, 186286, 186286, 321818863
24, 1312168, 322559, 321741, 147884, 147842, 186071, 186071, 3469421579
26, 1309065, 322722, 319894, 146164, 148187, 186049, 186049, 94662131
28, 1306714, 319316, 321731, 147878, 145923, 185933, 185933, 1477551150
29, 1306781, 321411, 320096, 146247, 147697, 185665, 185665, 149772657
31, 1308342, 318807, 322791, 148265, 145607, 186436, 186436, 1958277936
30, 1304333, 321192, 319767, 145556, 146660, 185579, 185579, 330301692
32, 1305136, 320514, 320211, 146163, 145736, 186256, 186256, 3596957613
33, 1307337, 321915, 319248, 145836, 147456, 186441, 186441, 917532066
35, 1311711, 324088, 320639, 146982, 149038, 185482, 185482, 1497753767
36, 1311926, 324555, 319591, 146445, 149679, 185828, 185828, 2850905073
34, 1309581, 322030, 320779, 146822, 148426, 185762, 185762, 478612113
40, 1311092, 322455, 322101, 148462, 147848, 185113, 185113, 1012515047
38, 1306833, 321940, 319798, 146214, 147497, 185692, 185692, 1467894605
41, 1306457, 320758, 320761, 146555, 146881, 185751, 185751, 906157629
37, 1307857, 321091, 321512, 147509, 146147, 185799, 185799, 1511095528
39, 1313354, 320048, 323145, 148936, 146301, 187462, 187462, 2478760337
42, 1305572, 321072, 320774, 146488, 146682, 185278, 185278, 397332791
43, 1304208, 318907, 321656, 146739, 145406, 185750, 185750, 151819469
44, 1308975, 319197, 323984, 149174, 145590, 185515, 185515, 1528712595
46, 1307392, 322625, 318850, 145669, 148292, 185978, 185978, 709342315
45, 1305747, 320380, 322064, 147394, 146743, 184583, 184583, 619242263
47, 1311020, 319875, 322386, 148512, 146159, 187044, 187044, 927234614
48, 1313967, 323187, 320561, 147191, 148514, 187257, 187257, 2938239790
49, 1307883, 320140, 320838, 146985, 146316, 186802, 186802, 2086741777
50, 1310119, 320817, 322079, 148368, 146469, 186193, 186193, 1515561477
52, 1308974, 322586, 319171, 145532, 148501, 186592, 186592, 1729317912
51, 1308484, 319534, 322510, 147961, 146077, 186201, 186201, 1299568701
53, 1305328, 321005, 320875, 146992, 146692, 184882, 184882, 2833485671
54, 1309220, 322838, 319545, 145580, 148045, 186606, 186606, 1014508644
55, 1313374, 324312, 321383, 147507, 149276, 185448, 185448, 2417427315
56, 1304992, 318119, 323966, 148246, 144557, 185052, 185052, 1426669967
57, 1305626, 319026, 321389, 147403, 145366, 186221, 186221, 2808067383
58, 1311719, 320410, 322112, 148437, 147168, 186796, 186796, 1247947420
59, 1308788, 323020, 320647, 146603, 148308, 185105, 185105, 3385109001
60, 1312067, 322263, 321373, 147775, 148642, 186007, 186007, 3038712475
61, 1303341, 319642, 320089, 146568, 145902, 185570, 185570, 2936805672
62, 1304134, 319205, 322082, 147127, 145792, 184964, 184964, 1855932557
64, 1306855, 318539, 322318, 147538, 145438, 186511, 186511, 2998605751
63, 1305416, 321217, 320007, 145679, 146899, 185807, 185807, 1400856704
68, 1313669, 322410, 321550, 147980, 147511, 187109, 187109, 4157390181
67, 1306072, 320242, 321639, 147648, 146465, 185039, 185039, 1986986867
65, 1305820, 320208, 322729, 147718, 146119, 184523, 184523, 347265007
66, 1305570, 322203, 319809, 146029, 148377, 184576, 184576, 3617367086
69, 1310433, 321423, 321603, 147573, 147580, 186127, 186127, 3568324847
70, 1309689, 321225, 322779, 148661, 147562, 184731, 184731, 210242472
71, 1306333, 319195, 322153, 148327, 145586, 185536, 185536, 966117322
72, 1307846, 320983, 320346, 146252, 146953, 186656, 186656, 1092676816
73, 1307407, 320151, 321074, 146685, 146597, 186450, 186450, 4205453203
74, 1306293, 320803, 320077, 146336, 147525, 185776, 185776, 694661335
75, 1308372, 323637, 319816, 146090, 148145, 185342, 185342, 501835466
76, 1309849, 322800, 319643, 146823, 147849, 186367, 186367, 243662516
82, 1310011, 321039, 321349, 147575, 147184, 186432, 186432, 1151362070
78, 1307425, 322821, 318759, 145644, 148017, 186092, 186092, 1083277433
77, 1310922, 321872, 321821, 147817, 147408, 186002, 186002, 2885738032
79, 1308567, 320948, 321633, 147488, 146794, 185852, 185852, 1841851149
80, 1306834, 317760, 324152, 149183, 144655, 185542, 185542, 3552510050
81, 1304015, 321534, 318527, 145441, 147109, 185702, 185702, 478126073
83, 1306728, 319500, 322155, 148027, 145594, 185726, 185726, 331729923
84, 1309774, 320554, 321989, 147749, 146908, 186287, 186287, 2368746528
85, 1309228, 321786, 321601, 146521, 147178, 186071, 186071, 2216481047
86, 1307168, 319578, 321771, 147035, 146420, 186182, 186182, 2641368062
88, 1306383, 322188, 319716, 146429, 147520, 185265, 185265, 2253599767
89, 1311242, 321780, 320932, 147275, 147589, 186833, 186833, 2094157514
87, 1308428, 320136, 321907, 147582, 146963, 185920, 185920, 2847167978
90, 1307619, 320115, 321250, 146608, 146606, 186520, 186520, 2975603136
91, 1308605, 319883, 321881, 146950, 146791, 186550, 186550, 359497298
95, 1310996, 321551, 320593, 147051, 147071, 187365, 187365, 1562822057
92, 1308934, 320808, 320887, 146796, 147581, 186431, 186431, 973154089
93, 1309901, 320577, 321228, 148054, 146308, 186867, 186867, 2448481807
94, 1306637, 320638, 320608, 146166, 146895, 186165, 186165, 3535204272
96, 1312479, 322696, 320508, 146373, 148628, 187137, 187137, 242572006
97, 1310042, 322263, 321282, 147423, 148286, 185394, 185394, 2437856352
98, 1307425, 322188, 320631, 146412, 147958, 185118, 185118, 198333020
99, 1310661, 322859, 319015, 146498, 147763, 187263, 187263, 2275638268
100, 1308289, 320171, 322482, 148197, 146851, 185294, 185294, 1090900831
102, 1311862, 320481, 322819, 148609, 147201, 186376, 186376, 2393259774
101, 1312353, 319672, 323118, 148854, 146429, 187140, 187140, 3992103159
103, 1307009, 321153, 320724, 146534, 147056, 185771, 185771, 1899347990
104, 1307444, 321575, 320507, 147237, 146521, 185802, 185802, 2941454204
105, 1307059, 322072, 320075, 146000, 147526, 185693, 185693, 224715580
106, 1308708, 322219, 320522, 146672, 148445, 185425, 185425, 3124153839
108, 1307460, 323427, 317578, 145221, 148110, 186562, 186562, 1753085388
107, 1310621, 320872, 322945, 148323, 147427, 185527, 185527, 473892474
109, 1311380, 320696, 322733, 148795, 147002, 186077, 186077, 678336796
110, 1305142, 321481, 318697, 145334, 146940, 186345, 186345, 4152187830
111, 1308056, 319704, 321412, 146791, 146155, 186997, 186997, 3524011784
112, 1305761, 322967, 319123, 145917, 148398, 184678, 184678, 4019639608
113, 1310643, 321884, 320833, 147015, 148035, 186438, 186438, 3605941768
114, 1306664, 321032, 320809, 146669, 147162, 185496, 185496, 251843951
115, 1308125, 319638, 322557, 148481, 145185, 186132, 186132, 3552227693
116, 1310758, 322228, 320755, 147107, 147618, 186525, 186525, 314263724
117, 1304981, 319522, 320175, 145912, 146544, 186414, 186414, 437106029
118, 1308712, 319029, 324025, 149186, 146334, 185069, 185069, 1327940858
119, 1312195, 321885, 321588, 146884, 148026, 186906, 186906, 2918859381
120, 1308774, 321910, 320667, 146572, 147443, 186091, 186091, 1267901488
121, 1308734, 319623, 322318, 147389, 145990, 186707, 186707, 4175275714
123, 1313363, 321270, 323028, 148618, 147655, 186396, 186396, 95352158
122, 1308086, 321133, 321135, 147168, 147314, 185668, 185668, 2539391180
124, 1307240, 323510, 319086, 145400, 148624, 185310, 185310, 1542971344
125, 1310095, 320952, 321582, 147222, 146923, 186708, 186708, 2352854906
126, 1314047, 325540, 318358, 146074, 150371, 186852, 186852, 3197663117
127, 1313681, 320006, 324296, 149060, 146443, 186938, 186938, 4068486178
128, 1306778, 320676, 320096, 146987, 147167, 185926, 185926, 2739574447
129, 1307036, 323433, 318105, 145375, 148367, 185878, 185878, 1552419398
130, 1308706, 322528, 320316, 146768, 147750, 185672, 185672, 19904008
131, 1309806, 321083, 321572, 147825, 147460, 185933, 185933, 2742604714
132, 1305891, 320430, 321979, 147592, 146644, 184623, 184623, 549977539
133, 1305281, 322233, 319233, 145929, 147676, 185105, 185105, 346411460
134, 1308681, 322018, 320953, 146859, 147899, 185476, 185476, 2639844479
135, 1308322, 320126, 322093, 147694, 146493, 185958, 185958, 739538028
136, 1307339, 319499, 323947, 148251, 146394, 184624, 184624, 2609733548
137, 1304903, 322338, 319147, 145210, 147514, 185347, 185347, 1822858116
138, 1310642, 320420, 322317, 148151, 146918, 186418, 186418, 210708549
139, 1307162, 322061, 321523, 147302, 147762, 184257, 184257, 179740085
141, 1303987, 319028, 321767, 146984, 145284, 185462, 185462, 3025187012
140, 1310793, 323851, 320112, 146929, 148829, 185536, 185536, 2891362743
142, 1310482, 323381, 318571, 145896, 149112, 186761, 186761, 2799810940
143, 1308535, 322319, 320814, 146995, 147041, 185683, 185683, 4061204936
145, 1306027, 320091, 321626, 147210, 146826, 185137, 185137, 3196790046
144, 1306593, 321278, 319480, 145692, 147467, 186338, 186338, 2419766051
146, 1310435, 319347, 323019, 148102, 146629, 186669, 186669, 1711555724
147, 1309408, 319546, 323381, 148433, 146088, 185980, 185980, 353466494
148, 1310175, 323086, 320511, 146309, 148075, 186097, 186097, 3642270167
149, 1309686, 320634, 323160, 148543, 147345, 185002, 185002, 4017113272
151, 1306795, 319945, 321020, 147041, 145959, 186415, 186415, 264185108
152, 1310973, 321612, 322587, 148809, 147393, 185286, 185286, 754905218
150, 1312550, 322747, 322263, 147929, 148545, 185533, 185533, 2266010596
153, 1307591, 320127, 323224, 148705, 146729, 184403, 184403, 910205186
154, 1308325, 321025, 322256, 148656, 147036, 184676, 184676, 240385394
155, 1303960, 321797, 318771, 145217, 147595, 185290, 185290, 2488293925
157, 1306604, 320554, 320229, 146605, 146466, 186375, 186375, 794237769
156, 1307098, 321366, 321321, 146767, 147078, 185283, 185283, 3798869301
158, 1307115, 322011, 319653, 146444, 147481, 185763, 185763, 3996986809
159, 1305298, 320871, 319087, 146373, 146749, 186109, 186109, 3974966070
160, 1308747, 320413, 322772, 147674, 146780, 185554, 185554, 3131357207
161, 1312072, 321739, 322180, 148065, 147920, 186084, 186084, 3090447269
162, 1309654, 319942, 321933, 147763, 146704, 186656, 186656, 1955179472
163, 1308937, 323529, 318968, 146034, 149110, 185648, 185648, 3328909152
164, 1307138, 321728, 321073, 147342, 147511, 184742, 184742, 311620596
166, 1306489, 319306, 322283, 147813, 145699, 185694, 185694, 2409517318
165, 1309553, 321870, 321344, 147392, 147745, 185601, 185601, 174677458
167, 1303775, 322186, 319363, 145514, 147250, 184731, 184731, 560478474
168, 1304731, 322794, 318941, 146082, 147372, 184771, 184771, 3851563029
169, 1307444, 323381, 318239, 145811, 148747, 185633, 185633, 2740954517
170, 1307092, 321875, 319457, 146392, 146832, 186268, 186268, 3439505612
171, 1307240, 323316, 318228, 145335, 148041, 186160, 186160, 2766483756
172, 1312187, 321602, 321792, 147954, 147795, 186522, 186522, 1066239142
173, 1307547, 320835, 321023, 147160, 147203, 185663, 185663, 2713021171
174, 1308179, 323185, 319666, 146606, 148180, 185271, 185271, 1380041458
175, 1308744, 321243, 320707, 147019, 146859, 186458, 186458, 1976229211
176, 1312367, 323509, 320875, 146927, 149458, 185799, 185799, 4070932085
177, 1308606, 319087, 321954, 147777, 145688, 187050, 187050, 2410455491
180, 1303793, 322339, 317967, 144968, 147377, 185571, 185571, 3347690131
178, 1308508, 324151, 319623, 145626, 148462, 185323, 185323, 1005632455
179, 1311534, 321381, 321129, 146957, 147845, 187111, 187111, 1146476410
181, 1304678, 321684, 319251, 145477, 147688, 185289, 185289, 2402502654
182, 1310056, 324021, 320095, 146832, 148614, 185247, 185247, 3863974274
183, 1306654, 321286, 320508, 146165, 147467, 185614, 185614, 488021952
185, 1306640, 320754, 321703, 147532, 146099, 185276, 185276, 2701311039
184, 1309173, 323907, 319036, 145024, 148752, 186227, 186227, 3221499158
186, 1308435, 323114, 319768, 146113, 148542, 185449, 185449, 2795190889
187, 1305850, 320765, 321555, 147626, 146568, 184668, 184668, 3041213853
188, 1303947, 318183, 322589, 147140, 144949, 185543, 185543, 1543367685
189, 1306303, 319252, 321853, 147524, 145588, 186043, 186043, 1014149088
190, 1310963, 318308, 326038, 150291, 145082, 185622, 185622, 3928599416
191, 1312683, 321760, 321432, 148035, 147958, 186749, 186749, 967234032
192, 1308805, 320949, 321352, 147277, 146989, 186119, 186119, 2682864065
193, 1310665, 320524, 321356, 146540, 148011, 187117, 187117, 3548891940
194, 1305927, 322693, 318925, 145565, 148116, 185314, 185314, 3721919673
195, 1309960, 319882, 321321, 148118, 146811, 186914, 186914, 3911167063
196, 1313898, 320391, 322914, 148692, 147589, 187156, 187156, 4030299513
197, 1307585, 321750, 320610, 146683, 147384, 185579, 185579, 1986691423
198, 1310223, 321550, 321400, 146553, 148168, 186276, 186276, 2301087248
199, 1309989, 321644, 320305, 146744, 147238, 187029, 187029, 2075809462
200, 1311199, 321033, 321592, 148124, 147486, 186482, 186482, 1796505081
201, 1307903, 322602, 318619, 145235, 148431, 186508, 186508, 3848615396
202, 1310823, 323666, 319067, 146033, 149159, 186449, 186449, 2458545150
203, 1308689, 320492, 320652, 146681, 147030, 186917, 186917, 4175148070
204, 1313988, 323543, 320805, 147170, 149224, 186623, 186623, 2271864148
205, 1307655, 319941, 320025, 147001, 146110, 187289, 187289, 637131656
206, 1308752, 320743, 322774, 148790, 146599, 184923, 184923, 1112772558
207, 1307785, 319899, 322307, 147270, 146955, 185677, 185677, 3626793512
208, 1311041, 321053, 322014, 148185, 146501, 186644, 186644, 3620254541
209, 1310293, 320220, 322719, 148408, 146466, 186240, 186240, 3692111462
210, 1306057, 320585, 320237, 146410, 146987, 185919, 185919, 3542890599
211, 1306720, 318742, 322806, 147589, 145183, 186200, 186200, 961225091
213, 1310394, 321453, 321362, 147673, 146668, 186619, 186619, 2600823920
212, 1305685, 320472, 321103, 147406, 146758, 184973, 184973, 324538052
214, 1309924, 321331, 321319, 147082, 147242, 186475, 186475, 1019452223
215, 1306775, 322587, 318848, 145599, 147975, 185883, 185883, 1507018298
216, 1305979, 317358, 323962, 148186, 144639, 185917, 185917, 990387847
217, 1305698, 321209, 320936, 146431, 147738, 184692, 184692, 2991455479
218, 1308856, 322535, 321220, 147507, 148304, 184645, 184645, 583555560
219, 1308466, 319606, 321615, 147195, 145976, 187037, 187037, 4084498691
220, 1308978, 319615, 321960, 147524, 145079, 187400, 187400, 1945936754
221, 1307981, 320962, 321681, 147403, 146377, 185779, 185779, 510384854
222, 1308762, 322483, 320194, 146833, 147788, 185732, 185732, 2935834224
223, 1308094, 321660, 320869, 146998, 146857, 185855, 185855, 3271932212
224, 1304813, 318342, 322492, 147445, 145366, 185584, 185584, 3005748895
225, 1314760, 321396, 322452, 148731, 147443, 187369, 187369, 506205537
226, 1307259, 318582, 324315, 149351, 145091, 184960, 184960, 4037960434
227, 1304670, 319526, 322235, 146926, 145961, 185011, 185011, 3097821807
228, 1308627, 320412, 321855, 147034, 146804, 186261, 186261, 2307235036
229, 1309433, 322077, 320194, 146095, 147937, 186565, 186565, 164151422
230, 1306742, 320941, 319682, 146258, 147295, 186283, 186283, 4089641311
231, 1311424, 323540, 322697, 148330, 148817, 184020, 184020, 2583568368
232, 1312953, 323892, 320608, 146764, 149131, 186279, 186279, 3615905719
233, 1312121, 320616, 324029, 149034, 147144, 185649, 185649, 2252623804
235, 1307363, 321199, 321496, 146751, 146583, 185667, 185667, 2944638839
234, 1306586, 318615, 321712, 147703, 145802, 186377, 186377, 3251883992
236, 1308407, 322553, 320235, 146286, 147917, 185708, 185708, 2719241213
237, 1308215, 320331, 321463, 147481, 146572, 186184, 186184, 3634174077
238, 1312084, 322971, 320237, 146448, 148570, 186929, 186929, 1049467542
239, 1307948, 320606, 320746, 147305, 146959, 186166, 186166, 2613241867
240, 1310598, 321415, 322142, 148076, 147471, 185747, 185747, 1883753381
241, 1309416, 320832, 322115, 148231, 147596, 185321, 185321, 2385041713
242, 1307034, 321364, 319527, 145882, 147351, 186455, 186455, 3381534456
243, 1309407, 320549, 324231, 148758, 147059, 184405, 184405, 3036623021
244, 1308546, 322160, 321220, 147654, 147476, 185018, 185018, 3401572533
245, 1305797, 322665, 320029, 145797, 147808, 184749, 184749, 3613325671
246, 1308072, 319772, 324845, 149299, 146284, 183936, 183936, 1414838508
247, 1312653, 324078, 319598, 146890, 148937, 186575, 186575, 2626245094
249, 1304025, 318086, 320804, 146495, 145608, 186516, 186516, 1176967248
248, 1307857, 321247, 320825, 146575, 147610, 185800, 185800, 2850106880
250, 1307141, 319798, 322014, 147498, 145867, 185982, 185982, 2984372942
251, 1309556, 322601, 320085, 146499, 147889, 186241, 186241, 3992419811
252, 1309942, 323221, 319214, 146560, 148931, 186008, 186008, 3269132887
254, 1308489, 322075, 320302, 147021, 148293, 185399, 185399, 3496145316
253, 1310439, 321596, 322042, 147909, 146778, 186057, 186057, 3162675707
255, 1306840, 320552, 321919, 146787, 146422, 185580, 185580, 2054008138
256, 1307481, 322276, 320382, 146016, 148329, 185239, 185239, 239783306
257, 1310304, 321386, 321923, 147471, 147626, 185949, 185949, 1834554672
258, 1308636, 320778, 321944, 147953, 146479, 185741, 185741, 2306090338
259, 1309172, 322419, 321564, 147076, 147625, 185244, 185244, 3264003334
260, 1306482, 318232, 322342, 147386, 144630, 186946, 186946, 1182604085
261, 1309174, 323040, 318979, 146084, 148297, 186387, 186387, 1990607632
262, 1309566, 320566, 321977, 147903, 147018, 186051, 186051, 1795518304
263, 1305857, 319926, 319948, 145868, 146455, 186830, 186830, 780933945
265, 1303615, 322106, 319187, 145542, 146852, 184964, 184964, 1959636418
264, 1308836, 320631, 321926, 148339, 146238, 185851, 185851, 2577817799
266, 1305828, 320831, 320550, 146624, 146669, 185577, 185577, 2513648818
267, 1303531, 318758, 322140, 147315, 146242, 184538, 184538, 3584207704
269, 1309140, 322641, 319483, 146232, 147778, 186503, 186503, 1527872969
268, 1306300, 320804, 319250, 145820, 146364, 187031, 187031, 3225824779
270, 1307915, 319448, 320962, 146586, 145733, 187593, 187593, 4278212074
271, 1305731, 321359, 320167, 145594, 147135, 185738, 185738, 3198048211
272, 1305814, 320987, 320696, 146266, 147021, 185422, 185422, 3842005731
273, 1308797, 321565, 321426, 148040, 147282, 185242, 185242, 3350792064
274, 1311001, 320279, 322208, 148315, 146699, 186750, 186750, 774366362
275, 1309797, 323385, 321232, 146531, 148929, 184860, 184860, 2192158758
276, 1304482, 323086, 319268, 146370, 147556, 184101, 184101, 565167709
277, 1307850, 322067, 321053, 147190, 147112, 185214, 185214, 589220022
279, 1316142, 322763, 322921, 149547, 148835, 186038, 186038, 3179095534
278, 1311244, 321011, 320533, 146839, 147097, 187882, 187882, 2351875987
280, 1302295, 318596, 322438, 147550, 145387, 184162, 184162, 1408495421
281, 1308939, 322176, 318688, 146149, 148144, 186891, 186891, 3116192046
282, 1304992, 317911, 322011, 147550, 145404, 186058, 186058, 1845959730
283, 1304473, 321106, 319209, 145638, 147190, 185665, 185665, 3213408463
284, 1308331, 322292, 320867, 146953, 147791, 185214, 185214, 3111674210
285, 1311430, 320801, 323212, 148060, 147541, 185908, 185908, 2522538430
286, 1308366, 321145, 321841, 147443, 147613, 185162, 185162, 1047830989
287, 1309622, 320639, 323656, 147736, 147007, 185292, 185292, 3883346028
288, 1310187, 321101, 323818, 148952, 147678, 184319, 184319, 2391199991
289, 1306736, 321148, 320102, 146181, 146771, 186267, 186267, 269214127
290, 1307387, 319739, 321820, 146919, 145963, 186473, 186473, 1773467305
291, 1311171, 323116, 319960, 146453, 148132, 186755, 186755, 2588828838
292, 1310234, 321681, 320782, 147001, 147886, 186442, 186442, 1603066504
293, 1306264, 320793, 320503, 145985, 147127, 185928, 185928, 3016785368
294, 1307596, 320236, 320904, 147331, 146389, 186368, 186368, 831555260
295, 1306710, 319719, 319378, 146189, 146290, 187567, 187567, 412537951
296, 1312424, 322557, 320947, 147445, 148715, 186380, 186380, 3051174360
297, 1310209, 319262, 323577, 149096, 145756, 186259, 186259, 1223135247
298, 1310210, 321324, 320962, 147289, 146765, 186935, 186935, 655284898
299, 1310615, 320340, 321590, 147881, 146702, 187051, 187051, 2123619777
300, 1307564, 319197, 324082, 148802, 145871, 184806, 184806, 1349927523
301, 1310774, 319985, 323105, 149042, 146622, 186010, 186010, 1420332650
302, 1303804, 319481, 320916, 146500, 145329, 185789, 185789, 319039409
303, 1307158, 319688, 322114, 147975, 146119, 185631, 185631, 2457415748
304, 1312362, 319948, 324665, 149777, 146630, 185671, 185671, 3617608470
305, 1308830, 319849, 322000, 147953, 146644, 186192, 186192, 3321462838
308, 1309533, 323437, 319933, 146437, 148806, 185460, 185460, 791906809
307, 1308028, 319749, 320718, 147190, 145897, 187237, 187237, 61479643
306, 1303878, 317944, 322701, 147598, 145131, 185252, 185252, 2776699607
309, 1306645, 321477, 320772, 146387, 147291, 185359, 185359, 1414584915
310, 1309340, 322463, 319877, 146286, 147180, 186767, 186767, 740545168
311, 1307035, 320562, 320635, 147102, 146410, 186163, 186163, 1176536916
312, 1309394, 320088, 322867, 148758, 147205, 185238, 185238, 4139918920
313, 1304894, 320772, 319213, 145170, 146641, 186549, 186549, 2945917063
314, 1306175, 317324, 322658, 147587, 144344, 187131, 187131, 2974714676
315, 1304347, 322055, 320350, 145908, 146948, 184543, 184543, 341421099
316, 1304283, 319630, 321327, 147146, 146098, 185041, 185041, 455297813
317, 1310214, 320667, 322596, 148211, 147208, 185766, 185766, 99601812
318, 1306073, 319721, 321479, 147153, 146352, 185684, 185684, 76369147
319, 1311575, 319682, 322909, 148919, 146025, 187020, 187020, 3209749631
321, 1305974, 320997, 320610, 146190, 147377, 185400, 185400, 3752224084
320, 1303963, 321086, 320621, 146004, 146968, 184642, 184642, 272113475
322, 1305389, 319909, 321798, 147118, 146866, 184849, 184849, 1705075944
323, 1306579, 319917, 321968, 147559, 146273, 185431, 185431, 2423660790
324, 1309481, 322575, 320282, 146595, 147401, 186314, 186314, 1516512986
325, 1308357, 321927, 320548, 146917, 147257, 185854, 185854, 2347805487
326, 1301185, 319551, 320181, 145928, 146033, 184746, 184746, 1098878984
327, 1307792, 318333, 323799, 149101, 145113, 185723, 185723, 2166217143
328, 1309033, 320951, 320702, 147090, 146656, 186817, 186817, 2755063658
329, 1309511, 321548, 320239, 147004, 146916, 186902, 186902, 3047583602
330, 1307425, 321029, 321136, 146876, 146360, 186012, 186012, 3002372073
331, 1308171, 321104, 320919, 146849, 147395, 185952, 185952, 638419382
332, 1310403, 322434, 321122, 146780, 148029, 186019, 186019, 253939127
333, 1309853, 322754, 321024, 146998, 148197, 185440, 185440, 2810013095
335, 1307471, 319185, 323446, 148765, 145677, 185199, 185199, 2230850338
336, 1302237, 318575, 322153, 147530, 145171, 184404, 184404, 954507513
334, 1306616, 320352, 321900, 147419, 146397, 185274, 185274, 984281286
337, 1311330, 324623, 320135, 147005, 149015, 185276, 185276, 1843562512
338, 1309031, 319907, 322389, 147977, 146544, 186107, 186107, 480492719
339, 1308352, 320043, 321678, 147518, 146261, 186426, 186426, 2245221118
340, 1305611, 320163, 321282, 146910, 146386, 185435, 185435, 837428498
341, 1311249, 323065, 320429, 146300, 148341, 186557, 186557, 3664423535
342, 1311401, 323129, 320244, 146597, 148717, 186357, 186357, 1040420966
343, 1307255, 319562, 322916, 147973, 145300, 185752, 185752, 336404521
344, 1309108, 320759, 322826, 148212, 146857, 185227, 185227, 4278058568
345, 1305534, 320119, 321081, 147272, 146216, 185423, 185423, 4020200431
346, 1304765, 320987, 321122, 146929, 146549, 184589, 184589, 2091183143
347, 1306149, 320746, 321571, 146798, 146756, 185139, 185139, 1029193040
348, 1309385, 317839, 323152, 147962, 145400, 187516, 187516, 902812865
349, 1312625, 322356, 320670, 147304, 148355, 186970, 186970, 3869037934
350, 1308546, 322027, 320520, 146485, 147768, 185873, 185873, 3738837734
351, 1309396, 320192, 322043, 147895, 146418, 186424, 186424, 53843099
352, 1307618, 319678, 320709, 147317, 146988, 186463, 186463, 1866988813
353, 1306410, 321486, 320354, 146540, 146910, 185560, 185560, 3582723904
354, 1302248, 321174, 319682, 145415, 147451, 184263, 184263, 1695308593
355, 1311049, 318488, 323903, 149125, 145439, 187047, 187047, 3148461629
356, 1313247, 325961, 318885, 145963, 150418, 186010, 186010, 2771281215
357, 1308640, 320836, 322279, 147461, 147252, 185406, 185406, 2415215735
358, 1306592, 322032, 318800, 145510, 147224, 186513, 186513, 3301211407
359, 1306692, 321057, 318264, 145597, 146806, 187484, 187484, 571338688
360, 1302592, 319481, 319004, 145578, 145243, 186643, 186643, 1098267774
361, 1309185, 320591, 321397, 147322, 146603, 186636, 186636, 3851131099
362, 1306043, 318795, 322511, 147790, 145349, 185799, 185799, 1899282185
363, 1307298, 322510, 319838, 146073, 147507, 185685, 185685, 3491807864
364, 1310692, 322266, 320691, 146110, 148135, 186745, 186745, 1452623687
365, 1308977, 322288, 320160, 146682, 148761, 185543, 185543, 636336741
366, 1306952, 319637, 322071, 147475, 145695, 186037, 186037, 4197422425
367, 1307857, 321731, 319568, 145769, 147551, 186619, 186619, 3022009251
368, 1303916, 319982, 321665, 147253, 146332, 184342, 184342, 3519452783
369, 1309294, 319467, 321488, 147279, 147314, 186873, 186873, 2336888075
370, 1306126, 320283, 321084, 146955, 146872, 185466, 185466, 1120359665
371, 1307861, 319605, 322042, 147437, 145947, 186415, 186415, 1095736742
372, 1312442, 322422, 320773, 147426, 148461, 186680, 186680, 1112570597
373, 1309013, 319531, 321885, 147565, 146172, 186930, 186930, 1464992307
374, 1309629, 321087, 322543, 148528, 147651, 184910, 184910, 3820007229
375, 1304750, 320651, 321036, 146570, 146269, 185112, 185112, 3668098435
376, 1306652, 321178, 319583, 146424, 146687, 186390, 186390, 3850070773
377, 1311681, 321984, 322733, 147525, 148447, 185496, 185496, 2435334517
378, 1304346, 319802, 320990, 146365, 145677, 185756, 185756, 3702587766
379, 1312630, 322051, 322168, 148178, 148811, 185711, 185711, 4017701961
380, 1313261, 324246, 319846, 146530, 149589, 186525, 186525, 1283053037
381, 1303918, 319881, 320126, 145428, 146475, 186004, 186004, 53465220
382, 1307089, 321400, 320362, 146286, 147059, 185991, 185991, 1629425137
383, 1309805, 320637, 321666, 147922, 147106, 186237, 186237, 2416909731
385, 1309820, 320269, 323381, 148588, 146850, 185366, 185366, 1977773515
384, 1310317, 320057, 323311, 148847, 146888, 185607, 185607, 180845689
386, 1308263, 321773, 320889, 146793, 147714, 185547, 185547, 3856056890
387, 1306368, 319412, 321595, 147610, 146017, 185867, 185867, 1025118423
388, 1308233, 322036, 320595, 146762, 148040, 185400, 185400, 4106565696
389, 1306875, 321156, 319954, 146413, 146728, 186312, 186312, 2009380433
390, 1303281, 320156, 320048, 145706, 146151, 185610, 185610, 3451637508
391, 1309384, 322101, 321347, 147067, 148105, 185382, 185382, 3049478520
392, 1310519, 324108, 319840, 146640, 149175, 185378, 185378, 3870872927
393, 1310459, 322554, 319832, 146241, 148656, 186588, 186588, 3383137153
394, 1307170, 321548, 319705, 145903, 147602, 186206, 186206, 1765591881
395, 1305674, 322118, 320210, 146469, 147501, 184688, 184688, 770368875
396, 1302505, 320233, 321100, 146687, 145543, 184471, 184471, 346879043
397, 1309958, 320648, 322163, 148338, 147221, 185794, 185794, 845792387
398, 1303790, 320180, 320362, 146330, 146632, 185143, 185143, 965707930
399, 1310650, 323130, 320516, 147279, 149007, 185359, 185359, 3654441529
400, 1309848, 321792, 320268, 146630, 148198, 186480, 186480, 1069195920
402, 1308114, 321787, 320061, 145738, 147638, 186445, 186445, 2521077226
401, 1306316, 317664, 323221, 148095, 144392, 186472, 186472, 2124114674
403, 1308128, 317222, 323802, 148814, 144140, 187075, 187075, 3503708372
404, 1308099, 320485, 321150, 147075, 146785, 186302, 186302, 835861670
405, 1308196, 322630, 319788, 146366, 148948, 185232, 185232, 751823838
407, 1309319, 320997, 322899, 148245, 146548, 185315, 185315, 2963920835
406, 1308903, 321919, 321579, 147400, 147343, 185331, 185331, 2195258585
408, 1304653, 320639, 319852, 146328, 145782, 186026, 186026, 2204374144
409, 1309793, 319574, 323901, 148935, 146065, 185659, 185659, 3412141731
411, 1306595, 320843, 320882, 146823, 146749, 185649, 185649, 219042223
410, 1311760, 323391, 321176, 147387, 148272, 185767, 185767, 769442120
413, 1309439, 321371, 320636, 147626, 147146, 186330, 186330, 2765262693
412, 1313357, 323614, 318892, 146722, 149289, 187420, 187420, 649962787
414, 1308120, 319884, 321854, 147089, 145975, 186659, 186659, 736677463
415, 1312083, 321810, 320596, 147967, 148418, 186646, 186646, 2260332467
416, 1307687, 321157, 322319, 147797, 147428, 184493, 184493, 2810078718
418, 1304351, 322105, 318136, 144966, 147474, 185835, 185835, 2487792477
417, 1308916, 320624, 321584, 147280, 146688, 186370, 186370, 2858686501
420, 1314740, 320925, 323620, 148681, 147240, 187137, 187137, 2000107685
419, 1309571, 322126, 321736, 147639, 147386, 185342, 185342, 3789003388
421, 1308511, 318284, 324278, 148839, 145152, 185979, 185979, 3890704291
422, 1305857, 318572, 321159, 147010, 145332, 186892, 186892, 1943971807
423, 1305875, 321049, 319746, 146258, 148048, 185387, 185387, 1636155366
425, 1309593, 320774, 322309, 148022, 147148, 185670, 185670, 1119112125
424, 1312264, 320568, 321865, 147460, 146923, 187724, 187724, 3523750336
426, 1306365, 318695, 322464, 148078, 144914, 186107, 186107, 127876642
427, 1312355, 320612, 321889, 147595, 147331, 187464, 187464, 3152178962
429, 1305463, 319249, 321118, 147356, 145404, 186168, 186168, 2945860440
428, 1306967, 318837, 323177, 147170, 146085, 185849, 185849, 912895294
430, 1312922, 322865, 320469, 146785, 148547, 187128, 187128, 1052512944
431, 1313742, 323701, 321538, 147352, 149509, 185821, 185821, 3172717170
432, 1310110, 321822, 322891, 148608, 147339, 184725, 184725, 829763803
433, 1313173, 323396, 321471, 147176, 148718, 186206, 186206, 396345434
434, 1303771, 318825, 321313, 146823, 145754, 185528, 185528, 1755049791
435, 1312421, 320230, 324881, 149294, 146846, 185585, 185585, 3580857093
437, 1308584, 319439, 323637, 148871, 145397, 185620, 185620, 1370578973
436, 1306846, 321643, 319787, 146850, 147148, 185709, 185709, 2675261552
438, 1309120, 319497, 321682, 147097, 145790, 187527, 187527, 2672810325
439, 1311944, 323072, 321121, 147093, 148682, 185988, 185988, 2692105176
440, 1307441, 318434, 324901, 149161, 144793, 185076, 185076, 1999404954
441, 1307195, 320936, 320286, 146469, 147026, 186239, 186239, 2023342869
442, 1310096, 322238, 321260, 146958, 147390, 186125, 186125, 1367052586
443, 1306371, 321733, 320522, 146947, 147163, 185003, 185003, 952214782
444, 1304507, 321633, 318680, 145327, 147819, 185524, 185524, 3770385986
445, 1308680, 321757, 318572, 146106, 147839, 187203, 187203, 3836818849
446, 1306351, 320684, 321690, 146740, 146657, 185290, 185290, 1126324471
447, 1306664, 319943, 320955, 147187, 146563, 186008, 186008, 357129002
448, 1308402, 324421, 319751, 146648, 148520, 184531, 184531, 95800040
449, 1308639, 321064, 321615, 147475, 146449, 186018, 186018, 684160176
450, 1308210, 324263, 318420, 145514, 148879, 185567, 185567, 1898891467
451, 1309297, 320464, 321243, 147314, 146686, 186795, 186795, 4135714507
452, 1307884, 320287, 322066, 147308, 145693, 186265, 186265, 3382637920
453, 1308116, 320301, 322046, 147554, 146225, 185995, 185995, 1449771844
455, 1313314, 320695, 323801, 148674, 147236, 186454, 186454, 4055569678
454, 1310868, 323059, 319723, 145918, 148386, 186891, 186891, 3578682289
457, 1306200, 320618, 321701, 147073, 146636, 185086, 185086, 1154202281
456, 1308646, 320453, 321794, 147212, 146731, 186228, 186228, 1730924362
458, 1308184, 321392, 321959, 147185, 146702, 185473, 185473, 2823722463
459, 1301769, 319238, 321452, 147040, 145155, 184442, 184442, 1961403621
460, 1307357, 319737, 322674, 148286, 146292, 185184, 185184, 578613431
461, 1308915, 321122, 322296, 147419, 147476, 185301, 185301, 1012777383
463, 1305666, 321530, 319429, 145704, 147941, 185531, 185531, 1257248272
462, 1304814, 323322, 318033, 144576, 148807, 185038, 185038, 3371578956
464, 1307727, 321654, 319980, 146383, 147528, 186091, 186091, 557527878
465, 1306212, 320320, 320922, 146563, 146603, 185902, 185902, 3091722945
466, 1311512, 319501, 324079, 149280, 146920, 185866, 185866, 1317033036
467, 1308865, 321178, 321483, 147510, 146798, 185948, 185948, 165376273
468, 1307632, 321157, 320935, 146914, 146952, 185837, 185837, 498266962
469, 1302792, 320905, 319472, 145304, 146517, 185297, 185297, 2981793415
470, 1309788, 319564, 322925, 147495, 145830, 186987, 186987, 127049908
472, 1307704, 321130, 321984, 148187, 146961, 184721, 184721, 2138953100
471, 1306745, 320578, 319212, 145975, 146500, 187240, 187240, 2772846858
474, 1308943, 320744, 322613, 147628, 146766, 185596, 185596, 2149709253
473, 1310018, 321164, 321291, 147277, 147594, 186346, 186346, 461230891
475, 1304902, 319515, 320609, 146778, 145872, 186064, 186064, 3891518467
476, 1306390, 320817, 320978, 146344, 147133, 185559, 185559, 3076384608
477, 1308258, 320592, 320652, 147091, 146827, 186548, 186548, 4122819082
478, 1308351, 318630, 322572, 148002, 145415, 186866, 186866, 614451090
480, 1308824, 321458, 319723, 147027, 148100, 186258, 186258, 2952264004
479, 1306827, 321208, 319623, 146218, 146532, 186623, 186623, 643463509
481, 1302084, 320527, 319529, 145722, 146166, 185070, 185070, 1841693848
483, 1307680, 324651, 318673, 144872, 149142, 185171, 185171, 1406236540
482, 1306066, 321692, 319212, 144945, 148221, 185998, 185998, 72000019
484, 1309761, 321444, 321451, 147433, 147517, 185958, 185958, 3018378676
486, 1310981, 321929, 321497, 147846, 147645, 186032, 186032, 504839210
485, 1305281, 321457, 319364, 146001, 147035, 185712, 185712, 3332117411
488, 1305940, 321978, 319400, 145827, 147685, 185525, 185525, 2663345428
487, 1310780, 322094, 320789, 147462, 148225, 186105, 186105, 504794035
489, 1308153, 321317, 321471, 147862, 147347, 185078, 185078, 4140046023
490, 1309405, 322265, 319815, 146624, 148385, 186158, 186158, 536975811
491, 1308687, 321327, 320323, 146559, 147126, 186676, 186676, 2808489752
492, 1309881, 324903, 318607, 145235, 149450, 185843, 185843, 4265929268
493, 1304222, 318953, 322216, 147507, 146116, 184715, 184715, 3268334040
494, 1304487, 317411, 321289, 146459, 144634, 187347, 187347, 3848949285
495, 1308024, 323091, 319656, 146270, 148195, 185406, 185406, 1002048386
496, 1309404, 322453, 320171, 147108, 148038, 185817, 185817, 3391245989
497, 1309905, 320531, 323371, 148479, 146876, 185324, 185324, 355479605
498, 1308687, 321067, 322434, 147515, 146643, 185514, 185514, 3168136580
499, 1305912, 319732, 320306, 146682, 145752, 186720, 186720, 1895692353
500, 1309469, 322664, 320364, 146264, 148145, 186016, 186016, 2555520992
502, 1310444, 322152, 321497, 147420, 148145, 185615, 185615, 3122552492
501, 1306742, 321917, 320021, 146821, 147595, 185194, 185194, 3289252791
504, 1310129, 322752, 322154, 148184, 148675, 184182, 184182, 2367494963
503, 1306299, 321003, 322420, 147442, 146670, 184382, 184382, 396049412
505, 1309156, 322187, 320468, 147038, 147303, 186080, 186080, 3120401963
506, 1307858, 318840, 322729, 147832, 146075, 186191, 186191, 2084858282
507, 1306548, 321274, 319596, 145781, 147227, 186335, 186335, 3950467113
508, 1309342, 319530, 323057, 148097, 145898, 186380, 186380, 1445462786
509, 1305520, 321258, 320417, 146643, 146790, 185206, 185206, 8070925
510, 1312163, 322043, 320896, 147605, 147557, 187031, 187031, 4034532518
511, 1311763, 321399, 322875, 148401, 146862, 186113, 186113, 3679869529
512, 1309205, 319499, 323161, 148100, 146761, 185842, 185842, 3243338671
514, 1304221, 319152, 321339, 146645, 145527, 185779, 185779, 2477829939
513, 1309068, 320066, 321439, 147427, 147304, 186416, 186416, 1524322062
515, 1308755, 319944, 321321, 146924, 146796, 186885, 186885, 1199739546
516, 1305400, 322494, 318406, 145816, 147714, 185485, 185485, 4012388739
517, 1309274, 323397, 320945, 146884, 149146, 184451, 184451, 1362926830
518, 1308424, 317911, 323962, 148565, 144778, 186604, 186604, 1902040052
521, 1308983, 321356, 321101, 146948, 147842, 185868, 185868, 3122047221
519, 1309619, 322745, 319095, 146378, 147753, 186824, 186824, 2186023570
520, 1304950, 322411, 319094, 146920, 147251, 184637, 184637, 3964899279
523, 1308976, 322470, 320166, 146622, 147748, 185985, 185985, 3474713240
522, 1310762, 322598, 321200, 147170, 148228, 185783, 185783, 380186710
524, 1302069, 319825, 320173, 145690, 145787, 185297, 185297, 2043758453
525, 1311785, 322638, 321416, 147802, 149003, 185463, 185463, 3061091685
526, 1306687, 322767, 318652, 145423, 147761, 186042, 186042, 3684726447
528, 1304335, 322679, 318792, 145026, 148004, 184917, 184917, 3308614212
527, 1309130, 321404, 321587, 146898, 147221, 186010, 186010, 2923966679
530, 1306382, 320700, 320776, 146636, 146482, 185894, 185894, 2374443718
529, 1308839, 323120, 319514, 146298, 148589, 185659, 185659, 2485995227
531, 1311193, 321505, 322847, 147925, 147076, 185920, 185920, 3950151054
532, 1306095, 320028, 321494, 146616, 147137, 185410, 185410, 295774479
533, 1306686, 321565, 318717, 145653, 147485, 186633, 186633, 1683650599
535, 1310624, 320219, 323540, 149108, 146521, 185618, 185618, 1981382225
534, 1304864, 319302, 321772, 147748, 145632, 185205, 185205, 896687895
537, 1307912, 322130, 320080, 145695, 147509, 186249, 186249, 555272160
536, 1305940, 319586, 322438, 148126, 146354, 184718, 184718, 797221187
538, 1309226, 322574, 320894, 146864, 147846, 185524, 185524, 750167902
539, 1305398, 319944, 321247, 146860, 146397, 185475, 185475, 1931611955
540, 1307769, 322204, 320599, 147190, 147842, 184967, 184967, 1935125360
541, 1309379, 323091, 320855, 146678, 148681, 185037, 185037, 3481512382
542, 1308727, 320042, 321853, 147607, 146481, 186372, 186372, 2796691929
543, 1305487, 319561, 322327, 147533, 145566, 185250, 185250, 2190414180
544, 1313483, 321601, 322202, 147633, 148171, 186938, 186938, 2064241368
545, 1303049, 321077, 321239, 146179, 147684, 183435, 183435, 2689770578
546, 1304629, 319550, 321307, 146502, 146362, 185454, 185454, 2320216136
547, 1305241, 321865, 320130, 146084, 146824, 185169, 185169, 2929897809
548, 1309963, 319411, 321714, 148047, 146261, 187265, 187265, 1086239362
549, 1308080, 321723, 321968, 147120, 147195, 185037, 185037, 2569858340
552, 1305430, 322007, 318703, 145014, 147334, 186186, 186186, 2436734794
551, 1310536, 321876, 321040, 147021, 147921, 186339, 186339, 72170925
550, 1309301, 321140, 320061, 147252, 147160, 186844, 186844, 3192527094
553, 1302791, 322933, 318092, 144728, 147814, 184612, 184612, 3900695308
554, 1309481, 321947, 321508, 148342, 147618, 185033, 185033, 4654045
555, 1309060, 321729, 320662, 147033, 147148, 186244, 186244, 1807418371
556, 1305979, 321713, 319533, 146494, 147233, 185503, 185503, 2511472040
559, 1312048, 321194, 321883, 148063, 147156, 186876, 186876, 1820509730
557, 1313111, 323328, 321567, 147744, 148840, 185816, 185816, 1681029808
558, 1306414, 321471, 318960, 145675, 147340, 186484, 186484, 2440738556
560, 1311523, 323522, 319014, 146059, 149012, 186958, 186958, 4036423808
561, 1305931, 320404, 320137, 146551, 146631, 186104, 186104, 322518105
562, 1308258, 320093, 321488, 148053, 146536, 186044, 186044, 364971575
563, 1308831, 319557, 324127, 149043, 146090, 185007, 185007, 1494646372
564, 1308106, 319907, 323408, 148708, 146269, 184907, 184907, 1735987025
565, 1302816, 317412, 321338, 147231, 144071, 186382, 186382, 417462903
566, 1306713, 319877, 320807, 146811, 146546, 186336, 186336, 1828070650
567, 1309512, 322814, 320831, 146648, 148017, 185601, 185601, 316923868
568, 1307090, 319915, 321915, 147504, 146394, 185681, 185681, 2594020652
569, 1309198, 321334, 321772, 147368, 146960, 185882, 185882, 1705642966
572, 1306858, 320216, 320811, 146584, 146689, 186279, 186279, 3996301855
570, 1305568, 321233, 319641, 146039, 146979, 185838, 185838, 2947698300
573, 1307284, 321998, 320302, 146156, 148218, 185305, 185305, 328210253
571, 1309087, 319745, 321864, 147733, 146455, 186645, 186645, 3881538853
574, 1309567, 323228, 319736, 145961, 148156, 186243, 186243, 2635014764
575, 1306213, 317364, 322655, 148235, 145005, 186477, 186477, 1284591497
576, 1306542, 320743, 320287, 146306, 147154, 186026, 186026, 315126205
577, 1308089, 320507, 322129, 147065, 147036, 185676, 185676, 1816762487
579, 1312347, 320741, 322275, 148175, 146532, 187312, 187312, 2373463557
578, 1304983, 319081, 322038, 148459, 145149, 185128, 185128, 3624067946
581, 1302406, 321488, 319757, 145661, 146380, 184560, 184560, 3265105831
580, 1308389, 318121, 324325, 148873, 145044, 186013, 186013, 3065917500
582, 1307546, 323584, 318494, 145614, 148724, 185565, 185565, 1907893527
583, 1310618, 322408, 320417, 146629, 148542, 186311, 186311, 3922767058
584, 1305222, 320436, 320802, 146667, 146789, 185264, 185264, 3565355348
585, 1306712, 319699, 321729, 147371, 146273, 185820, 185820, 73897913
586, 1309247, 321987, 321305, 146806, 147631, 185759, 185759, 2304752956
587, 1304174, 320373, 319909, 146080, 146088, 185862, 185862, 1879840405
588, 1312440, 321500, 322770, 148084, 147570, 186258, 186258, 2977717875
589, 1306691, 320305, 322450, 147859, 146777, 184650, 184650, 886852026
590, 1307440, 322342, 319400, 146326, 147564, 185904, 185904, 3777020001
591, 1304831, 321058, 319520, 146979, 146852, 185211, 185211, 1453806356
594, 1310394, 319633, 322528, 148344, 146663, 186613, 186613, 909114830
593, 1302769, 318268, 321085, 146947, 144561, 185954, 185954, 3886606312
592, 1305272, 320603, 321296, 146855, 146832, 184843, 184843, 2428725333
595, 1309455, 324647, 319359, 145911, 149932, 184803, 184803, 3249233721
596, 1309921, 322791, 320680, 146817, 148211, 185711, 185711, 3213170842
597, 1305500, 320297, 321110, 146565, 146780, 185374, 185374, 3242937119
598, 1309923, 322437, 321358, 147068, 147756, 185652, 185652, 2548803891
600, 1311663, 325181, 318795, 145379, 149798, 186255, 186255, 3913173516
599, 1306093, 320407, 321788, 146553, 146979, 185183, 185183, 3307308309
601, 1308705, 322519, 319792, 146544, 147466, 186192, 186192, 2035402752
602, 1307480, 323808, 317266, 144716, 148956, 186367, 186367, 1797694514
603, 1310267, 324028, 320066, 147400, 148953, 184910, 184910, 322887836
604, 1304381, 320940, 320421, 146400, 146744, 184938, 184938, 1933590123
605, 1306252, 317408, 324474, 148848, 144492, 185515, 185515, 4138362539
607, 1308072, 322238, 320630, 146979, 148345, 184940, 184940, 1113308371
606, 1311466, 320375, 322432, 148482, 146371, 186903, 186903, 2169882978
608, 1308693, 320547, 321011, 147086, 147421, 186314, 186314, 2864780261
609, 1307157, 321828, 320475, 146654, 147534, 185333, 185333, 768177972
610, 1309954, 322522, 319749, 146284, 147883, 186758, 186758, 400661734
612, 1313361, 325102, 319458, 146074, 149887, 186420, 186420, 4173036553
611, 1304317, 319545, 320336, 146402, 145232, 186401, 186401, 1856113325
614, 1308180, 319940, 321228, 146987, 146035, 186995, 186995, 145927026
613, 1307209, 320695, 321485, 146804, 146885, 185670, 185670, 3389624634
615, 1303970, 320766, 319494, 145825, 146947, 185469, 185469, 1372021990
616, 1307702, 321623, 320054, 146490, 147035, 186250, 186250, 3815333611
617, 1309420, 322960, 319551, 146848, 148599, 185731, 185731, 2922386442
618, 1305488, 320667, 320672, 146790, 146657, 185351, 185351, 2129906880
619, 1305602, 319366, 323672, 148160, 145724, 184340, 184340, 2327902120
621, 1305553, 321686, 320888, 146645, 147860, 184237, 184237, 1408618888
620, 1309817, 321417, 320532, 146748, 147264, 186928, 186928, 4081329101
622, 1307639, 319728, 321482, 147588, 146709, 186066, 186066, 1452682738
623, 1305900, 323986, 317318, 145163, 148851, 185291, 185291, 13688032
624, 1307343, 321476, 320154, 146972, 148073, 185334, 185334, 1746457949
628, 1308690, 322528, 318545, 145934, 148419, 186632, 186632, 3572849013
625, 1303633, 318702, 321235, 146581, 144655, 186230, 186230, 720309427
627, 1305931, 318408, 322717, 147931, 145717, 185579, 185579, 94011193
626, 1311030, 322790, 319239, 146108, 148217, 187338, 187338, 1246551794
629, 1306162, 321995, 319839, 146063, 147781, 185242, 185242, 2128364638
630, 1307722, 320703, 321164, 146600, 147171, 186042, 186042, 1412385652
631, 1307015, 321402, 319659, 146604, 147852, 185749, 185749, 712825330
632, 1304875, 320558, 321614, 147600, 146211, 184446, 184446, 3462789266
634, 1304828, 320139, 320756, 146643, 146594, 185348, 185348, 2750368292
633, 1308826, 321360, 320366, 147010, 147316, 186387, 186387, 1981322439
635, 1305944, 320217, 321636, 147406, 146157, 185264, 185264, 4010262236
637, 1312114, 321166, 322928, 148483, 147333, 186102, 186102, 1895774288
636, 1308560, 321819, 320612, 146634, 148047, 185724, 185724, 2659928035
638, 1305415, 321268, 321183, 146802, 146508, 184827, 184827, 546638556
639, 1306831, 321678, 320655, 146698, 147530, 185135, 185135, 3480413678
641, 1306110, 321449, 319403, 145634, 147536, 186044, 186044, 4274727131
640, 1306643, 322991, 320362, 146091, 148791, 184204, 184204, 4250702909
642, 1309174, 321121, 321504, 147146, 147121, 186141, 186141, 1503454636
643, 1309500, 322880, 320398, 146804, 147808, 185805, 185805, 1020686922
644, 1311704, 322615, 321514, 147687, 147912, 185988, 185988, 3011442589
645, 1306623, 319348, 321596, 146767, 146122, 186395, 186395, 3731989778
646, 1304642, 322161, 320748, 147145, 146602, 183993, 183993, 2160009389
648, 1307149, 322327, 319418, 145501, 147075, 186414, 186414, 1873206855
647, 1310756, 321912, 319976, 147089, 147895, 186942, 186942, 2526137822
649, 1307084, 318648, 322071, 147438, 146277, 186325, 186325, 4120644017
651, 1304733, 321239, 320807, 146426, 146375, 184943, 184943, 2303214655
650, 1306273, 321257, 320353, 146723, 146980, 185480, 185480, 4273501250
652, 1308317, 322411, 319237, 145560, 147979, 186565, 186565, 1759907719
655, 1304185, 317899, 323043, 147425, 144790, 185514, 185514, 61849235
654, 1307102, 321096, 320561, 146974, 147357, 185557, 185557, 942030626
653, 1306812, 321908, 318482, 145617, 146995, 186905, 186905, 1956583253
656, 1308776, 321816, 321459, 147722, 147363, 185208, 185208, 1322939953
658, 1303554, 319959, 319842, 146309, 145804, 185820, 185820, 3031507961
657, 1305443, 322231, 321232, 146362, 147600, 184009, 184009, 3336458445
659, 1307068, 322184, 320689, 146546, 147603, 185023, 185023, 3894404022
660, 1306413, 320645, 321794, 148106, 146860, 184504, 184504, 3514291829
661, 1309520, 320141, 322350, 146812, 146675, 186771, 186771, 3696895073
662, 1307164, 321968, 321045, 146622, 147295, 185117, 185117, 2159165880
663, 1307416, 323278, 320258, 145453, 148163, 185132, 185132, 2447724816
664, 1306692, 322621, 318869, 145583, 147799, 185910, 185910, 308636672
665, 1311606, 320375, 323876, 148323, 147194, 185919, 185919, 2748684548
666, 1305013, 318675, 321498, 146454, 144922, 186732, 186732, 3117484099
668, 1311845, 321720, 321281, 147038, 148086, 186860, 186860, 3268840677
667, 1309829, 322055, 320660, 146640, 147454, 186510, 186510, 179587177
669, 1306994, 321432, 319755, 145785, 147562, 186230, 186230, 1736476769
670, 1307984, 319708, 320483, 146306, 146843, 187322, 187322, 2760183919
671, 1303343, 317237, 322290, 148159, 144253, 185702, 185702, 1157995937
672, 1305003, 323386, 318977, 145813, 148011, 184408, 184408, 1085970118
673, 1308812, 320635, 323332, 147713, 146524, 185304, 185304, 1861439522
674, 1310993, 323286, 320788, 147554, 148607, 185379, 185379, 3058053927
675, 1309932, 322732, 319479, 146076, 148569, 186538, 186538, 3767402974
676, 1309624, 319600, 323575, 148124, 146195, 186065, 186065, 2835645232
677, 1310802, 320398, 323460, 149253, 146717, 185487, 185487, 2544498825
678, 1309410, 321961, 320362, 146142, 148137, 186404, 186404, 1756497371
679, 1307267, 321012, 321223, 146777, 146845, 185705, 185705, 3900713644
681, 1307957, 320007, 320611, 146760, 146861, 186859, 186859, 2969576890
682, 1306705, 321265, 320029, 145709, 147962, 185870, 185870, 4192883857
680, 1306810, 321432, 319416, 146053, 147211, 186349, 186349, 499912494
683, 1305508, 321106, 319364, 145624, 147320, 186047, 186047, 4181015152
684, 1308484, 322036, 319572, 146312, 147718, 186423, 186423, 814317778
685, 1306822, 320746, 320701, 147155, 146534, 185843, 185843, 3260738151
686, 1306418, 321204, 319998, 146962, 147710, 185272, 185272, 2799272779
687, 1312464, 319227, 323295, 149120, 146216, 187303, 187303, 439704825
688, 1310912, 321283, 322122, 147316, 147295, 186448, 186448, 2983904600
689, 1307858, 319597, 321316, 146779, 145968, 187099, 187099, 2094532005
690, 1308214, 318776, 321794, 148196, 145606, 186921, 186921, 33738279
691, 1304502, 320880, 319736, 146356, 146928, 185301, 185301, 3640739486
692, 1311550, 322048, 321695, 147936, 148043, 185914, 185914, 269780273
693, 1313467, 321651, 322051, 148523, 147824, 186709, 186709, 767999164
695, 1310891, 322716, 321245, 147729, 148239, 185481, 185481, 1099658710
694, 1305215, 320453, 320968, 146467, 146187, 185570, 185570, 1551623813
696, 1311747, 323704, 321221, 147202, 147914, 185853, 185853, 937234716
697, 1306488, 321539, 319644, 146029, 146988, 186144, 186144, 3021598038
698, 1305777, 319173, 322461, 148699, 146014, 184715, 184715, 1218565384
699, 1306756, 322347, 318647, 144908, 148932, 185961, 185961, 2367036632
700, 1305986, 320062, 320121, 146329, 146212, 186631, 186631, 1086889449
701, 1308032, 319285, 321690, 148255, 146190, 186306, 186306, 3846582815
702, 1310523, 322286, 321774, 147418, 148307, 185369, 185369, 1181325516
703, 1308071, 323111, 319927, 146089, 148332, 185306, 185306, 1368370279
704, 1306846, 319589, 320285, 147479, 146497, 186498, 186498, 1103090791
705, 1312975, 322516, 321185, 147733, 147925, 186808, 186808, 53400461
706, 1306954, 321555, 321762, 147390, 146993, 184627, 184627, 3569330304
707, 1309094, 320923, 322300, 148903, 146282, 185343, 185343, 340597948
708, 1305361, 320588, 320375, 146322, 146450, 185813, 185813, 3213098662
709, 1310594, 322106, 322324, 147916, 148232, 185008, 185008, 310532225
710, 1304875, 319661, 319799, 145805, 146742, 186434, 186434, 951685989
711, 1305448, 319760, 321937, 147109, 146108, 185267, 185267, 1534702065
712, 1307206, 320151, 321555, 146477, 146299, 186362, 186362, 3135347384
713, 1305552, 320561, 320801, 145766, 147270, 185577, 185577, 2070785269
715, 1310196, 321039, 321677, 147275, 147399, 186403, 186403, 2089032689
714, 1307041, 323643, 318338, 145122, 149704, 185117, 185117, 2247657071
716, 1307958, 321680, 320685, 146469, 147410, 185857, 185857, 329889964
717, 1305185, 321403, 319955, 146143, 146560, 185562, 185562, 2231473894
719, 1305664, 321020, 320056, 145964, 147502, 185561, 185561, 3340548389
718, 1305060, 320658, 319172, 145841, 146425, 186482, 186482, 3212679176
720, 1305092, 321365, 319344, 145809, 147390, 185592, 185592, 3854697526
721, 1307019, 323138, 320050, 146270, 148781, 184390, 184390, 3427863831
722, 1306671, 324780, 317300, 144064, 149107, 185710, 185710, 2538882168
723, 1309244, 319394, 323015, 148874, 145603, 186179, 186179, 1507356174
724, 1308508, 322107, 318357, 145283, 148049, 187356, 187356, 2073662909
725, 1306023, 321925, 320936, 146712, 147622, 184414, 184414, 3075050195
726, 1308189, 322084, 320871, 146642, 147740, 185426, 185426, 1248319554
727, 1305476, 319997, 320310, 146655, 146300, 186107, 186107, 789477242
728, 1311049, 320214, 323982, 148981, 146784, 185544, 185544, 948128665
729, 1307758, 320877, 321909, 148311, 147275, 184693, 184693, 1140814266
731, 1302873, 320622, 319003, 145290, 146200, 185879, 185879, 2844154999
730, 1307347, 319554, 322514, 147603, 145634, 186021, 186021, 1067589554
732, 1307678, 318536, 322584, 148098, 145994, 186233, 186233, 3599014051
733, 1303605, 319668, 319742, 145701, 145810, 186342, 186342, 152135151
734, 1310486, 321878, 320778, 147203, 147853, 186387, 186387, 60370771
735, 1305215, 321647, 319682, 145816, 147482, 185294, 185294, 284502408
736, 1306732, 320562, 321462, 147489, 146833, 185193, 185193, 1101910524
737, 1308553, 320572, 321658, 147543, 147372, 185704, 185704, 1927833824
739, 1309068, 323731, 318196, 145904, 147959, 186639, 186639, 3274833544
738, 1309069, 322729, 319634, 146375, 148299, 186016, 186016, 1496142939
741, 1304881, 321461, 318537, 145393, 146348, 186571, 186571, 4025270787
740, 1312105, 321785, 320174, 147762, 147532, 187426, 187426, 1497506287
743, 1304691, 319777, 321437, 146885, 146250, 185171, 185171, 14246634
742, 1305637, 321265, 319481, 146694, 147105, 185546, 185546, 1252983855
744, 1308567, 321818, 321205, 146985, 146841, 185859, 185859, 3446822051
745, 1302627, 322530, 318737, 144754, 147318, 184644, 184644, 3313106515
746, 1307528, 322264, 319489, 145619, 147940, 186108, 186108, 4051659722
747, 1313836, 320889, 323789, 149430, 147430, 186149, 186149, 3779732849
748, 1310669, 323041, 320671, 147022, 148923, 185506, 185506, 3075971890
749, 1309748, 321313, 320467, 147156, 147084, 186864, 186864, 412229227
751, 1306054, 319421, 320935, 146717, 146197, 186392, 186392, 3313586993
750, 1306443, 321706, 318757, 145851, 147823, 186153, 186153, 3837542807
752, 1301951, 320589, 319882, 146656, 146742, 184041, 184041, 468709419
753, 1310884, 324714, 319859, 146612, 149285, 185207, 185207, 1307159630
754, 1308315, 320246, 321070, 146956, 146675, 186684, 186684, 806174915
755, 1310257, 322167, 320870, 147926, 147816, 185739, 185739, 2373474911
757, 1307247, 318174, 321743, 147843, 145537, 186975, 186975, 2840143667
756, 1309446, 322762, 320851, 146971, 147910, 185476, 185476, 566542461
758, 1305589, 320865, 318803, 145768, 146399, 186877, 186877, 4099971805
759, 1306453, 317851, 324919, 149846, 144653, 184592, 184592, 559155879
760, 1304041, 319855, 320239, 146964, 145477, 185753, 185753, 958485875
761, 1303706, 319165, 319591, 146237, 145129, 186792, 186792, 3704917013
762, 1310777, 321157, 322303, 147525, 147304, 186244, 186244, 1932532957
763, 1308152, 320236, 321356, 147545, 146583, 186216, 186216, 3618130762
765, 1307624, 320633, 320805, 146449, 147001, 186368, 186368, 2905025127
764, 1311078, 320494, 323473, 148479, 146838, 185897, 185897, 684528242
768, 1311683, 322720, 320277, 146686, 148098, 186951, 186951, 2925169157
767, 1309200, 322068, 322028, 147170, 148096, 184919, 184919, 1738990662
766, 1307496, 320371, 322456, 147609, 146708, 185176, 185176, 1507765317
769, 1310809, 321958, 321092, 146824, 147517, 186709, 186709, 2755053773
771, 1312549, 321109, 323263, 148743, 147022, 186206, 186206, 3203140387
770, 1307061, 322037, 319321, 145604, 147747, 186176, 186176, 1218632088
772, 1309610, 322732, 319946, 146145, 148725, 186031, 186031, 4228392386
774, 1310350, 321800, 321025, 147533, 148362, 185815, 185815, 4189642241
773, 1306558, 320602, 321103, 146978, 146399, 185738, 185738, 975980549
775, 1307778, 318717, 322417, 147985, 145411, 186624, 186624, 2259241509
776, 1308856, 319309, 322650, 148111, 145788, 186499, 186499, 2124322067
777, 1311881, 324392, 319636, 146198, 149713, 185971, 185971, 3361457946
778, 1303477, 317716, 322444, 147350, 144337, 185815, 185815, 1073232122
779, 1306733, 319385, 321727, 147287, 145828, 186253, 186253, 916473220
780, 1305703, 320889, 320368, 145633, 146691, 186061, 186061, 2102475321
781, 1308304, 321348, 321624, 147643, 147303, 185193, 185193, 1319859648
782, 1303855, 322664, 318298, 145634, 147133, 185063, 185063, 2368233909
783, 1310217, 320134, 323132, 149430, 146101, 185710, 185710, 3305026881
785, 1307949, 319945, 322890, 148301, 146379, 185217, 185217, 1239694424
784, 1309513, 320097, 322677, 147783, 146128, 186414, 186414, 492283674
786, 1303694, 319216, 321394, 147006, 145864, 185107, 185107, 3341197560
787, 1312418, 319265, 322722, 147682, 146037, 188356, 188356, 228263040
788, 1307249, 320736, 319920, 145781, 146488, 187162, 187162, 3741355132
789, 1302265, 318602, 319629, 145876, 145154, 186502, 186502, 3076691508
790, 1310094, 322378, 322127, 147757, 147606, 185113, 185113, 469893066
791, 1310524, 321571, 321881, 147990, 147788, 185647, 185647, 1905620712
792, 1303031, 318995, 321449, 146775, 145198, 185307, 185307, 2791698384
793, 1308490, 321292, 319483, 146324, 147393, 186999, 186999, 2600612327
794, 1311228, 319483, 323390, 148618, 146403, 186667, 186667, 540230760
795, 1310132, 322140, 321995, 148013, 148086, 184949, 184949, 919180800
796, 1309965, 322521, 320774, 147395, 147617, 185829, 185829, 1831844079
797, 1305448, 322190, 319519, 146437, 147290, 185006, 185006, 3753275853
798, 1306844, 319269, 320820, 147060, 145869, 186913, 186913, 2373299554
799, 1312344, 322993, 320249, 147132, 149176, 186397, 186397, 133162969
800, 1307896, 318045, 323233, 148756, 144530, 186666, 186666, 634737815
801, 1309405, 321712, 320578, 146714, 147619, 186391, 186391, 3479835816
802, 1312021, 320780, 323754, 148875, 146640, 185986, 185986, 209579873
803, 1310940, 322262, 320849, 148006, 148529, 185647, 185647, 1656749803
804, 1310022, 319243, 323466, 148274, 146911, 186064, 186064, 1555485242
805, 1305803, 321329, 319823, 145813, 147170, 185834, 185834, 571037085
806, 1307704, 319255, 324111, 149173, 145695, 184735, 184735, 951472260
807, 1309859, 318795, 322539, 148877, 145694, 186977, 186977, 2327931777
808, 1308094, 321095, 323897, 149070, 147038, 183497, 183497, 1870246069
809, 1308785, 321289, 320699, 146904, 147199, 186347, 186347, 89431907
810, 1307745, 321369, 320454, 145959, 147763, 186100, 186100, 2657401346
811, 1308770, 319198, 323504, 148585, 146129, 185677, 185677, 3068897567
812, 1313119, 323022, 322271, 148372, 148222, 185616, 185616, 170217571
814, 1307657, 321733, 320821, 146858, 147511, 185367, 185367, 1951988733
813, 1304759, 320201, 320521, 146652, 146953, 185216, 185216, 3137205258
815, 1307907, 320756, 321469, 147260, 146202, 186110, 186110, 3857089332
816, 1308449, 321752, 321331, 147447, 147591, 185164, 185164, 1222822777
817, 1307288, 321302, 322311, 147886, 147043, 184373, 184373, 4179457484
818, 1313353, 323350, 320608, 147039, 149292, 186532, 186532, 2819820292
819, 1306255, 321923, 318082, 145266, 147838, 186573, 186573, 1479343875
820, 1305481, 325081, 316870, 144482, 149396, 184826, 184826, 3689927684
821, 1311183, 322115, 321582, 147331, 147159, 186498, 186498, 2270456754
822, 1315062, 318732, 325540, 149951, 146327, 187256, 187256, 614311721
823, 1310974, 321360, 322586, 148167, 147017, 185922, 185922, 3256735448
824, 1308359, 323133, 319546, 146340, 148320, 185510, 185510, 923670269
825, 1306994, 321225, 319876, 146604, 148093, 185598, 185598, 230237079
826, 1308947, 320438, 320997, 146750, 146446, 187158, 187158, 3970884503
827, 1307866, 319438, 322762, 148526, 145712, 185714, 185714, 1213559414
828, 1305290, 319941, 322277, 148202, 145426, 184722, 184722, 271358206
829, 1313532, 321221, 321787, 148499, 147903, 187061, 187061, 3013020996
830, 1305437, 320526, 320504, 146168, 146437, 185901, 185901, 1992272554
831, 1311828, 322743, 322057, 148189, 148053, 185393, 185393, 2056940218
833, 1308046, 319950, 321542, 146991, 146911, 186326, 186326, 1590112568
832, 1310573, 323865, 321034, 146636, 148420, 185309, 185309, 2893635124
834, 1308291, 320286, 321304, 147624, 146789, 186144, 186144, 3115189947
835, 1311096, 322415, 319819, 146195, 147985, 187341, 187341, 3313272232
836, 1307897, 321269, 321087, 147958, 147539, 185022, 185022, 375962233
837, 1306964, 317953, 324411, 148310, 145254, 185518, 185518, 1411118328
838, 1308478, 320981, 321213, 146881, 148119, 185642, 185642, 4127116067
839, 1308584, 321802, 320953, 147433, 147478, 185459, 185459, 2488560992
840, 1306556, 320592, 320878, 147522, 146232, 185666, 185666, 690341823
842, 1304392, 321279, 318536, 145667, 147006, 185952, 185952, 2009531401
841, 1308148, 321771, 320513, 147179, 147331, 185677, 185677, 1642276624
843, 1310496, 325457, 318565, 145760, 150028, 185343, 185343, 2568869532
844, 1308926, 322829, 319497, 146071, 148497, 186016, 186016, 2208577683
845, 1307459, 320780, 321401, 147081, 146841, 185678, 185678, 192365809
846, 1311648, 322274, 321317, 147467, 148122, 186234, 186234, 675155549
847, 1310336, 320729, 322130, 148068, 147737, 185836, 185836, 682792729
848, 1310079, 320695, 321786, 147535, 146869, 186597, 186597, 2428632072
849, 1309639, 321756, 321452, 147195, 147318, 185959, 185959, 2195922838
850, 1303845, 318436, 320465, 146228, 146366, 186175, 186175, 2105995522
851, 1307753, 319484, 322766, 148141, 145964, 185699, 185699, 4189440920
852, 1309415, 319658, 321458, 147480, 146025, 187397, 187397, 501102099
853, 1314096, 322765, 323221, 149100, 148058, 185476, 185476, 1951845464
854, 1307359, 322085, 319533, 146312, 147373, 186028, 186028, 3640610830
857, 1302864, 318569, 321092, 146809, 145806, 185294, 185294, 456944398
856, 1310875, 322849, 320078, 146554, 148098, 186648, 186648, 2553890873
855, 1309601, 321239, 321182, 147226, 147076, 186439, 186439, 2852935490
858, 1304340, 319782, 319356, 146227, 145963, 186506, 186506, 125204623
859, 1308135, 318975, 323203, 148369, 145572, 186008, 186008, 4024883520
860, 1306551, 318697, 322162, 147059, 146173, 186230, 186230, 304330048
861, 1309436, 321615, 320487, 146571, 147665, 186549, 186549, 994742428
862, 1309972, 319371, 323924, 149256, 146447, 185487, 185487, 3595876106
863, 1304497, 317425, 322887, 148052, 144207, 185963, 185963, 743530667
864, 1307404, 320680, 321634, 147613, 146431, 185523, 185523, 2507515305
865, 1305542, 322596, 320267, 146131, 147668, 184440, 184440, 2522056719
866, 1309364, 319937, 322919, 147520, 146760, 186114, 186114, 639238576
867, 1308312, 320491, 322885, 147881, 147137, 184959, 184959, 4264837629
868, 1307738, 322006, 321154, 146722, 147576, 185140, 185140, 977698908
870, 1308638, 322367, 320073, 146609, 147583, 186003, 186003, 3318708509
869, 1303306, 320081, 320940, 146525, 145980, 184890, 184890, 2073817869
871, 1303969, 319542, 321011, 146811, 145727, 185439, 185439, 153691851
872, 1308654, 322805, 319980, 145929, 147730, 186105, 186105, 1102560889
873, 1307168, 320516, 321501, 147225, 147048, 185439, 185439, 723380635
874, 1305670, 319078, 321255, 146575, 145928, 186417, 186417, 2173060467
875, 1307461, 323056, 319825, 146406, 147770, 185202, 185202, 3506372133
876, 1311208, 321293, 320954, 147152, 148017, 186896, 186896, 3547203675
877, 1310054, 322691, 321908, 147657, 147604, 185097, 185097, 1534196235
878, 1308633, 321162, 320467, 146537, 147683, 186392, 186392, 2711368085
879, 1303489, 321997, 318275, 145103, 147086, 185514, 185514, 2611253830
880, 1309613, 320987, 319924, 146669, 147521, 187256, 187256, 1453806736
881, 1307374, 320276, 320606, 146966, 146712, 186407, 186407, 3740111463
882, 1308355, 322002, 320163, 146194, 147602, 186197, 186197, 528882634
884, 1309140, 320335, 322646, 148511, 146774, 185437, 185437, 1832915001
883, 1308987, 320788, 321776, 147992, 147643, 185394, 185394, 2134851059
885, 1308111, 322026, 319910, 145492, 147649, 186517, 186517, 2523531370
886, 1306879, 321701, 320192, 147012, 147008, 185483, 185483, 3059971325
887, 1308195, 320883, 321118, 147099, 146453, 186321, 186321, 4227108328
888, 1311055, 322152, 321673, 148125, 148113, 185496, 185496, 2634370668
890, 1309434, 321912, 322078, 147979, 147637, 184914, 184914, 643927632
889, 1307278, 319843, 320611, 146609, 146585, 186815, 186815, 3109843388
891, 1308174, 319767, 320491, 146308, 146304, 187652, 187652, 350063760
892, 1305757, 322765, 318701, 145300, 148227, 185382, 185382, 2145147812
893, 1308921, 321972, 320236, 146199, 148146, 186184, 186184, 3478074156
894, 1303859, 317920, 321746, 146143, 144660, 186695, 186695, 3403008927
895, 1308012, 323223, 320453, 146997, 148293, 184523, 184523, 285849682
896, 1307022, 319960, 321304, 146781, 147069, 185954, 185954, 728516453
897, 1302274, 317542, 321667, 146796, 144893, 185688, 185688, 2169343474
898, 1300698, 320790, 319522, 145510, 145684, 184596, 184596, 650341471
899, 1310147, 319730, 322193, 148228, 146436, 186780, 186780, 3341470301
900, 1305528, 321382, 320538, 146536, 147104, 184984, 184984, 2451736022
901, 1305077, 320175, 319627, 145871, 146680, 186362, 186362, 817467817
902, 1309537, 320800, 321517, 147006, 146990, 186612, 186612, 838788839
903, 1304597, 320396, 320803, 147727, 146071, 184800, 184800, 3031039866
904, 1308871, 322759, 319280, 145874, 147902, 186528, 186528, 4030203147
905, 1309555, 318260, 323792, 148873, 145144, 186743, 186743, 2510743129
906, 1304036, 320508, 320616, 146176, 146876, 184930, 184930, 876628035
907, 1307871, 319774, 322441, 148337, 146031, 185644, 185644, 335765399
908, 1302765, 319890, 320499, 146591, 145649, 185068, 185068, 2674025523
909, 1310183, 321489, 322034, 147719, 147855, 185543, 185543, 2489755949
910, 1310891, 323179, 319243, 146016, 148081, 187186, 187186, 3710306400
911, 1308889, 323237, 319388, 146069, 148437, 185879, 185879, 3558496472
912, 1310811, 321033, 323449, 148604, 146781, 185472, 185472, 513003093
913, 1309011, 321723, 320319, 146532, 147225, 186606, 186606, 3157122608
914, 1300765, 318476, 320287, 145979, 145623, 185200, 185200, 4196284750
915, 1310460, 321534, 320447, 147167, 147508, 186902, 186902, 3925489369
916, 1309488, 318207, 323629, 149456, 145282, 186457, 186457, 289326968
917, 1306898, 321607, 319957, 145999, 146721, 186307, 186307, 1352255627
919, 1305023, 322606, 318403, 145435, 147141, 185719, 185719, 1340626768
918, 1311175, 323687, 320028, 146580, 148312, 186284, 186284, 2886235396
920, 1310793, 323276, 320874, 147759, 148496, 185194, 185194, 2329736313
921, 1311769, 321373, 321321, 148029, 147308, 186869, 186869, 2313587908
922, 1306071, 318290, 323498, 148918, 145169, 185098, 185098, 2681708075
923, 1311118, 322351, 321293, 147448, 148212, 185907, 185907, 1914006676
924, 1310063, 321337, 322754, 148440, 147438, 185047, 185047, 1608108065
925, 1304457, 318930, 321307, 146944, 145868, 185704, 185704, 2217444305
926, 1309240, 320624, 320403, 147109, 146990, 187057, 187057, 2854491819
927, 1307187, 323739, 319334, 146165, 148979, 184485, 184485, 2991904982
928, 1308744, 319670, 322019, 147878, 146537, 186320, 186320, 854998753
929, 1308152, 321284, 322130, 147058, 147784, 184948, 184948, 315585125
930, 1303751, 319983, 322010, 147507, 146667, 183792, 183792, 1994194005
932, 1305807, 318093, 323510, 148428, 144900, 185438, 185438, 1159586146
931, 1308291, 319952, 322135, 147315, 146703, 186093, 186093, 3410416186
933, 1305776, 320942, 321160, 147052, 146142, 185240, 185240, 810485725
934, 1305447, 323385, 316958, 143873, 147973, 186629, 186629, 4233861833
935, 1307767, 317367, 322265, 147741, 144634, 187880, 187880, 3191253325
936, 1311919, 322772, 320335, 146585, 148555, 186836, 186836, 4015068559
937, 1306846, 322541, 319268, 146190, 147707, 185570, 185570, 1045697640
938, 1309079, 318113, 321659, 148309, 145330, 187834, 187834, 893912527
939, 1302034, 319123, 320773, 146240, 145658, 185120, 185120, 1057906034
940, 1308258, 320471, 321210, 147295, 146694, 186294, 186294, 3363954672
941, 1303352, 320468, 320040, 146437, 146969, 184719, 184719, 1639736812
942, 1309727, 326138, 316750, 145108, 150211, 185760, 185760, 1784604085
943, 1308817, 319994, 321175, 146838, 145508, 187651, 187651, 1133846799
944, 1309666, 321252, 320353, 146478, 146981, 187301, 187301, 1816364403
945, 1312393, 321049, 322568, 148482, 148036, 186129, 186129, 1172127745
946, 1307970, 320282, 322733, 148035, 146994, 184963, 184963, 2430959311
947, 1306334, 319831, 322570, 147683, 146472, 184889, 184889, 4120742347
948, 1308940, 322223, 320801, 147144, 147264, 185754, 185754, 738244963
949, 1305089, 319526, 320048, 145858, 146037, 186810, 186810, 1458686280
950, 1305047, 319719, 323485, 147815, 146218, 183905, 183905, 960593239
951, 1308886, 321567, 320620, 146965, 147244, 186245, 186245, 271307406
953, 1306841, 320035, 322826, 148201, 145661, 185059, 185059, 3139800421
952, 1308046, 322178, 322076, 147494, 147926, 184186, 184186, 4004848371
954, 1306149, 322670, 318744, 145774, 147715, 185623, 185623, 239819977
955, 1305319, 320871, 319944, 146212, 146356, 185968, 185968, 3012113885
956, 1311124, 322565, 321381, 147423, 148181, 185787, 185787, 124880030
957, 1309220, 319721, 323377, 148713, 146291, 185559, 185559, 2702924864
958, 1310450, 322896, 319551, 145807, 148320, 186938, 186938, 197176665
960, 1307045, 321109, 321674, 147524, 146942, 184898, 184898, 3630047191
959, 1307700, 322355, 318934, 145579, 148206, 186313, 186313, 393998910
961, 1307147, 323453, 319015, 146307, 148162, 185105, 185105, 272492889
962, 1307559, 322543, 320574, 146560, 147386, 185248, 185248, 2095498423
963, 1309214, 320942, 320527, 147234, 147061, 186725, 186725, 1659471691
965, 1308483, 321977, 319504, 145967, 147997, 186519, 186519, 107734616
964, 1313042, 323089, 320603, 147468, 148908, 186487, 186487, 1971075133
967, 1303511, 321126, 318348, 144822, 147219, 185998, 185998, 1962290504
966, 1314134, 321777, 322130, 147671, 148606, 186975, 186975, 1706747703
968, 1307188, 321317, 321164, 146675, 147510, 185261, 185261, 2567761602
969, 1308690, 321552, 320815, 147001, 147868, 185727, 185727, 416993981
970, 1303736, 321648, 320413, 146486, 147567, 183811, 183811, 3474440562
971, 1307266, 321677, 321434, 147527, 147046, 184791, 184791, 3265732398
972, 1309134, 321080, 320336, 146495, 146943, 187140, 187140, 651694177
973, 1309455, 318620, 324008, 149169, 145806, 185926, 185926, 1400399627
974, 1302847, 319141, 321872, 146752, 145666, 184708, 184708, 2386045542
975, 1308374, 318964, 324605, 149215, 145296, 185147, 185147, 895270664
976, 1307529, 319872, 321228, 146969, 146320, 186570, 186570, 2408331932
977, 1306378, 321268, 319989, 146228, 146763, 186065, 186065, 4148261279
978, 1309198, 320918, 321628, 147576, 147112, 185982, 185982, 1323571664
979, 1308885, 319387, 322198, 147689, 146135, 186738, 186738, 1806727342
981, 1309766, 320940, 321913, 148079, 146912, 185961, 185961, 676608607
980, 1307424, 322472, 319690, 146313, 147787, 185581, 185581, 2862395102
982, 1306608, 321741, 321441, 147631, 147231, 184282, 184282, 924235541
983, 1309826, 321024, 320295, 146223, 147128, 187578, 187578, 1471777554
985, 1306186, 319568, 320401, 146395, 146232, 186795, 186795, 2898313245
984, 1313825, 322563, 323029, 148569, 148294, 185685, 185685, 1112529445
986, 1306736, 322089, 321345, 146810, 147790, 184351, 184351, 201637451
987, 1304840, 323130, 317190, 144468, 147974, 186039, 186039, 1208410528
988, 1306380, 321804, 319578, 146198, 147808, 185496, 185496, 558812073
989, 1309375, 320427, 322984, 148799, 146647, 185259, 185259, 455259196
990, 1303756, 318109, 322165, 147537, 144653, 185646, 185646, 2857390613
991, 1314039, 321700, 322960, 148391, 147636, 186676, 186676, 3436499959
992, 1305427, 318790, 321551, 147864, 145452, 185885, 185885, 770272369
993, 1314363, 321541, 323438, 148477, 146811, 187048, 187048, 1874800918
994, 1305246, 318842, 320481, 146160, 145457, 187153, 187153, 2212706363
995, 1306654, 321641, 322182, 147413, 146556, 184431, 184431, 2299260525
996, 1310994, 320191, 322275, 148348, 146362, 186909, 186909, 440319406
997, 1309153, 319322, 323234, 148482, 146649, 185733, 185733, 98489940
999, 1309331, 319464, 323308, 148971, 145986, 185801, 185801, 1147490971
998, 1309599, 322261, 321272, 146890, 148000, 185588, 185588, 1074270163
