sample_id, N_active, N_A_1, N_B_1, N_A_0, N_B_0, N_A_*, N_B_*, seed
4, 4465943, 1046508, 981865, 956612, 1021852, 229553, 229553, 1814880407
2, 4471279, 1101840, 926582, 902160, 1076453, 232122, 232122, 3263344167
10, 4478796, 787833, 1253862, 1229076, 764259, 221883, 221883, 2176674381
9, 4469863, 1282820, 750757, 726641, 1256643, 226501, 226501, 2311841795
7, 4472644, 625866, 1407333, 1381583, 602036, 227913, 227913, 437101517
6, 4469811, 802374, 1141373, 1116492, 778266, 315653, 315653, 2633656324
5, 4467177, 1319945, 709559, 685875, 1293902, 228948, 228948, 2608028422
11, 4475662, 1047259, 970577, 945996, 1021926, 244952, 244952, 439190724
12, 4469245, 1119479, 905416, 880075, 1094657, 234809, 234809, 2150776410
13, 4473221, 1111090, 912738, 888861, 1086130, 237201, 237201, 436599198
8, 4463225, 1029825, 999323, 974948, 1004279, 227425, 227425, 1844279894
15, 4471200, 1135381, 879788, 855244, 1110865, 244961, 244961, 3587350897
1, 4469481, 1185213, 813282, 788689, 1160323, 260987, 260987, 3095279545
14, 4473832, 1072684, 956560, 931557, 1048727, 232152, 232152, 3410591509
0, 4479122, 1242151, 787959, 763929, 1217391, 233846, 233846, 2423207477
3, 4461853, 1421079, 604977, 580734, 1395743, 229660, 229660, 3131563227
16, 4472974, 1089460, 916983, 892887, 1064228, 254708, 254708, 1407175634
20, 4472991, 1152593, 865845, 841276, 1127223, 243027, 243027, 3026818991
23, 4472101, 646430, 1378637, 1352304, 622680, 236025, 236025, 3387460765
22, 4473258, 1123598, 916721, 892518, 1098749, 220836, 220836, 22273647
21, 4471962, 1324332, 695785, 672307, 1298802, 240368, 240368, 1616422591
28, 4465271, 1027355, 994007, 969122, 1001985, 236401, 236401, 2914908969
27, 4469379, 1058349, 949532, 925059, 1033837, 251301, 251301, 3813148181
25, 4468612, 1143823, 875877, 851061, 1118301, 239775, 239775, 3252684671
18, 4482877, 1095100, 930579, 905985, 1071091, 240061, 240061, 2273678516
19, 4467704, 930714, 1093690, 1068820, 905328, 234576, 234576, 2441491681
26, 4473622, 1298195, 724241, 700573, 1272863, 238875, 238875, 3308013506
30, 4473430, 1462640, 569086, 545338, 1436974, 229696, 229696, 685618167
31, 4474875, 1092188, 937535, 914167, 1068007, 231489, 231489, 325701151
17, 4471036, 1048901, 979693, 955687, 1024009, 231373, 231373, 3562184652
29, 4468795, 1217580, 810017, 785673, 1193061, 231232, 231232, 2510759420
24, 4467705, 716513, 1299197, 1272983, 692712, 243150, 243150, 1948969607
35, 4478051, 823111, 1196358, 1171050, 798960, 244286, 244286, 3539752410
32, 4475953, 696998, 1334510, 1308767, 673364, 231157, 231157, 3680679143
37, 4474587, 518332, 1521627, 1495756, 494890, 221991, 221991, 2152673408
33, 4475610, 1365314, 662792, 638848, 1340156, 234250, 234250, 4125040031
34, 4469157, 974167, 1050586, 1026870, 948890, 234322, 234322, 4042615912
38, 4472301, 760487, 1242643, 1217828, 736089, 257627, 257627, 3060097962
39, 4479392, 1012361, 1014629, 990535, 987997, 236935, 236935, 4071100866
36, 4456829, 1268108, 748402, 723192, 1241515, 237806, 237806, 364736913
42, 4475131, 988960, 1024608, 1000236, 964177, 248575, 248575, 528813370
40, 4467633, 772195, 1221426, 1195497, 747771, 265372, 265372, 909663104
41, 4475201, 871382, 1140979, 1116361, 847949, 249265, 249265, 3395062330
43, 4473119, 994183, 1018281, 993720, 969561, 248687, 248687, 944963398
44, 4473845, 1170088, 825436, 801970, 1145789, 265281, 265281, 2212102542
46, 4474882, 732917, 1287785, 1263324, 709162, 240847, 240847, 3947114034
45, 4471292, 936851, 1087860, 1062115, 913072, 235697, 235697, 1863904635
47, 4468250, 1034512, 987952, 963530, 1009050, 236603, 236603, 2831258744
49, 4472097, 809868, 1226489, 1201743, 785053, 224472, 224472, 4173143645
51, 4487189, 705577, 1341657, 1317838, 682519, 219799, 219799, 2111391366
52, 4477295, 849717, 1186997, 1162425, 825308, 226424, 226424, 3776586728
50, 4468282, 1317000, 705617, 681483, 1291448, 236367, 236367, 3082949634
55, 4470713, 682647, 1348150, 1322282, 658368, 229633, 229633, 3333549553
56, 4463097, 860602, 1159206, 1134126, 835683, 236740, 236740, 214392844
48, 4472992, 1094002, 925968, 901787, 1069871, 240682, 240682, 1162282136
57, 4471221, 1022617, 980481, 955695, 997952, 257238, 257238, 2100003038
53, 4470416, 864113, 1166140, 1140689, 839674, 229900, 229900, 3916120853
54, 4472609, 1296899, 701262, 677269, 1271561, 262809, 262809, 2924183698
59, 4475132, 744519, 1262924, 1237945, 720414, 254665, 254665, 2325738200
58, 4470371, 1186626, 843000, 818412, 1160583, 230875, 230875, 2489913251
60, 4482246, 1017178, 1008395, 984547, 992460, 239833, 239833, 1552557910
61, 4470414, 700471, 1326203, 1301011, 676289, 233220, 233220, 1668725961
62, 4472270, 732739, 1286376, 1260834, 708439, 241941, 241941, 2269184027
63, 4472997, 846237, 1188182, 1163178, 821834, 226783, 226783, 1044165453
66, 4480102, 772321, 1259115, 1234332, 748302, 233016, 233016, 4044695029
64, 4468819, 1299396, 731986, 707610, 1274547, 227640, 227640, 835951288
65, 4474154, 1066461, 966241, 941110, 1041600, 229371, 229371, 1067353286
71, 4474281, 656781, 1372895, 1347707, 632694, 232102, 232102, 4232159454
67, 4470281, 839825, 1119620, 1094844, 815804, 300094, 300094, 2043076532
69, 4472226, 801118, 1221960, 1197198, 777114, 237418, 237418, 953233507
68, 4473161, 862773, 1149670, 1124484, 837458, 249388, 249388, 3205879337
72, 4476403, 809578, 1223889, 1198945, 786083, 228954, 228954, 1081456542
70, 4472952, 1003362, 1016645, 992176, 979121, 240824, 240824, 1362811050
73, 4479674, 992710, 1047884, 1022703, 967867, 224255, 224255, 3222372080
74, 4476591, 1174895, 847975, 823469, 1150242, 240005, 240005, 3760449331
76, 4472196, 605660, 1420219, 1394360, 581541, 235208, 235208, 612499264
75, 4472282, 858229, 1169867, 1144863, 833661, 232831, 232831, 3320064572
79, 4467535, 1120871, 902845, 878636, 1095913, 234635, 234635, 2649026604
82, 4470380, 711775, 1315180, 1289337, 687510, 233289, 233289, 3617080063
80, 4476239, 1158873, 860609, 836230, 1134469, 243029, 243029, 2425703531
77, 4466487, 782230, 1233156, 1207476, 757971, 242827, 242827, 1936706414
78, 4469287, 1272665, 763023, 739234, 1246941, 223712, 223712, 3424568957
85, 4472420, 1027407, 988011, 962511, 1002423, 246034, 246034, 1519764560
81, 4482751, 1116247, 896220, 872801, 1091797, 252843, 252843, 3720593915
86, 4473762, 935283, 1100036, 1074405, 910486, 226776, 226776, 1602802148
87, 4471084, 770502, 1259900, 1234468, 746256, 229979, 229979, 1712877044
83, 4474371, 960780, 1057637, 1032932, 936438, 243292, 243292, 3910930412
84, 4471332, 1156956, 869677, 844828, 1133043, 233414, 233414, 1657884917
89, 4470242, 1161385, 858189, 834191, 1136525, 239976, 239976, 1920058105
88, 4471745, 1137635, 879682, 855791, 1112607, 243015, 243015, 993011771
90, 4470793, 1166128, 856308, 831402, 1141351, 237802, 237802, 3330006468
91, 4467759, 991284, 998085, 973137, 966043, 269605, 269605, 565828017
92, 4468300, 1083886, 912762, 887746, 1059558, 262174, 262174, 274989421
94, 4472428, 1064589, 954145, 928987, 1039947, 242380, 242380, 1916531674
93, 4471310, 967435, 1060024, 1035507, 943540, 232402, 232402, 3750973897
98, 4464239, 1338030, 673045, 649221, 1311761, 246091, 246091, 2591741390
97, 4475398, 1441704, 585466, 562178, 1416316, 234867, 234867, 1192117995
96, 4473331, 1102600, 923099, 898547, 1076595, 236245, 236245, 2465387989
100, 4468479, 1120074, 886689, 862672, 1095382, 251831, 251831, 11429086
101, 4473370, 1002081, 1008292, 983701, 977296, 251000, 251000, 1465052712
95, 4475666, 1096294, 918629, 895176, 1071073, 247247, 247247, 1591511177
99, 4471476, 1211972, 800769, 776719, 1187516, 247250, 247250, 3769953601
105, 4471845, 537734, 1489021, 1462818, 513876, 234198, 234198, 4088581638
102, 4477084, 1141798, 865576, 842241, 1116723, 255373, 255373, 3471878901
104, 4472102, 1270306, 693141, 668898, 1244321, 297718, 297718, 471215224
103, 4472102, 918902, 1111107, 1085789, 894744, 230780, 230780, 3122600790
106, 4468893, 1136075, 880244, 855721, 1110233, 243310, 243310, 2315746679
107, 4470945, 813419, 1167967, 1142335, 789232, 278996, 278996, 308507210
108, 4477882, 918921, 1085613, 1060741, 895377, 258615, 258615, 3447441956
109, 4469665, 1139261, 881661, 857172, 1114663, 238454, 238454, 1262983753
113, 4471871, 563592, 1446823, 1421586, 540286, 249792, 249792, 1040238481
110, 4482701, 1359977, 667909, 644103, 1334360, 238176, 238176, 1674285446
111, 4478875, 946522, 1079854, 1054672, 922965, 237431, 237431, 763272478
114, 4468131, 1110445, 911578, 886780, 1085362, 236983, 236983, 54165734
115, 4469970, 791273, 1226508, 1200947, 767520, 241861, 241861, 461140196
116, 4468771, 746272, 1238890, 1213323, 721702, 274292, 274292, 4264976015
118, 4466092, 879282, 1149281, 1124026, 855599, 228952, 228952, 426064839
112, 4471457, 986384, 1036194, 1011408, 961999, 237736, 237736, 1573274632
120, 4464557, 1120740, 894364, 869470, 1095901, 242041, 242041, 1726636128
117, 4482285, 1262778, 757476, 733765, 1238648, 244809, 244809, 2819724335
119, 4470704, 1081479, 934544, 910153, 1056710, 243909, 243909, 784741884
122, 4471964, 1034801, 981525, 956541, 1009723, 244687, 244687, 180656108
121, 4464560, 1067527, 958833, 934378, 1042766, 230528, 230528, 4294673059
123, 4473836, 1274560, 734148, 709995, 1250249, 252442, 252442, 4285080937
125, 4466122, 922955, 1098745, 1074341, 897389, 236346, 236346, 3503923531
127, 4478305, 927500, 1085016, 1060982, 903707, 250550, 250550, 2219416589
124, 4471584, 1004132, 1028712, 1004678, 978976, 227543, 227543, 1311819371
126, 4467935, 960166, 1052805, 1027559, 935451, 245977, 245977, 80187102
129, 4467886, 1126179, 895580, 871075, 1100464, 237294, 237294, 398891352
132, 4472112, 738433, 1260022, 1234728, 714553, 262188, 262188, 3337215137
128, 4468613, 1173452, 799774, 775278, 1147945, 286082, 286082, 1484353768
131, 4471029, 1074902, 941857, 917458, 1049786, 243513, 243513, 702948450
130, 4472037, 1099123, 914196, 888583, 1073927, 248104, 248104, 2113903850
133, 4473946, 931871, 1076455, 1050844, 908114, 253331, 253331, 3068785973
137, 4475779, 446273, 1595039, 1569249, 423198, 221010, 221010, 2323177332
136, 4480634, 1454315, 558446, 534755, 1429516, 251801, 251801, 1468411647
134, 4483465, 1197315, 827809, 804088, 1172859, 240697, 240697, 797439324
138, 4467915, 1047896, 978658, 953921, 1023000, 232220, 232220, 355329534
135, 4478471, 864648, 1171822, 1147750, 840387, 226932, 226932, 3771287951
140, 4474696, 968916, 1055980, 1030999, 945211, 236795, 236795, 3218395391
141, 4476678, 910082, 1122907, 1098552, 885987, 229575, 229575, 626545498
144, 4466105, 953394, 1057596, 1032453, 928262, 247200, 247200, 1964052640
142, 4472772, 1054718, 950919, 926671, 1029840, 255312, 255312, 3024363349
139, 4474721, 978279, 1044528, 1020307, 953847, 238880, 238880, 981853273
146, 4466724, 651375, 1376724, 1351184, 626831, 230305, 230305, 438115059
143, 4476840, 1004861, 966579, 941560, 979836, 292002, 292002, 2322502248
145, 4467134, 877585, 1147496, 1122499, 853176, 233189, 233189, 96480908
147, 4476530, 925103, 1098763, 1074258, 901178, 238614, 238614, 1654942526
150, 4471415, 1281343, 748962, 724829, 1255855, 230213, 230213, 3716209333
151, 4472596, 904174, 1114519, 1089192, 880435, 242138, 242138, 3693747780
148, 4476399, 881110, 1149228, 1124818, 857077, 232083, 232083, 1160439414
149, 4465234, 944234, 1041529, 1016590, 919355, 271763, 271763, 1727356577
152, 4475393, 713829, 1302566, 1277329, 689997, 245836, 245836, 3241784498
155, 4475148, 728281, 1248702, 1223677, 704952, 284768, 284768, 3440801526
154, 4462970, 890970, 1115723, 1091103, 866542, 249316, 249316, 2102797446
153, 4477616, 1171415, 859805, 836833, 1147099, 231232, 231232, 2849765282
162, 4470839, 985763, 1026543, 1001742, 960625, 248083, 248083, 4284727825
157, 4462461, 915918, 1084545, 1058684, 890932, 256191, 256191, 2002958875
156, 4473610, 1203328, 818157, 793878, 1178863, 239692, 239692, 3131237140
159, 4470866, 1252651, 756453, 732268, 1227722, 250886, 250886, 2596722825
163, 4469417, 745222, 1274276, 1247917, 721102, 240450, 240450, 4227380487
161, 4466992, 1352508, 679301, 655510, 1327647, 226013, 226013, 1548675829
160, 4477547, 1153666, 881579, 856761, 1128649, 228446, 228446, 1725178554
158, 4457854, 1271812, 751111, 726457, 1245188, 231643, 231643, 2229481893
166, 4471286, 1065661, 961042, 936544, 1041443, 233298, 233298, 1651157135
169, 4470870, 689417, 1325918, 1300678, 664975, 244941, 244941, 2946421737
168, 4471822, 882481, 1118626, 1094143, 858676, 258948, 258948, 4168639364
164, 4481642, 1134776, 906500, 882608, 1111472, 223143, 223143, 2509141031
165, 4465660, 1267743, 765837, 741085, 1242935, 224030, 224030, 3994916705
173, 4477887, 545497, 1499074, 1473776, 522606, 218467, 218467, 2858765495
167, 4458889, 990333, 1022768, 997384, 964474, 241965, 241965, 3641641418
170, 4476622, 1248675, 794975, 770430, 1223596, 219473, 219473, 1305671628
171, 4476779, 1416270, 621486, 597993, 1390680, 225175, 225175, 1579945282
172, 4472082, 1030766, 1001765, 976858, 1006011, 228341, 228341, 2528278084
176, 4466691, 1214070, 801870, 778040, 1188311, 242200, 242200, 3562377749
177, 4472349, 1244904, 775888, 751464, 1220063, 240015, 240015, 2000916529
175, 4465289, 758570, 1232116, 1206038, 734277, 267144, 267144, 2221682867
174, 4467700, 979326, 1043513, 1018583, 954834, 235722, 235722, 1276227231
178, 4476267, 1150594, 868983, 844805, 1126067, 242909, 242909, 3196270780
179, 4469604, 915712, 1096882, 1071828, 891704, 246739, 246739, 2014681952
181, 4466560, 841285, 1177994, 1152715, 816832, 238867, 238867, 2764334522
183, 4470940, 778307, 1238095, 1213358, 753548, 243816, 243816, 1554296463
180, 4470961, 975570, 1039133, 1014596, 951022, 245320, 245320, 2975638801
184, 4477987, 1418941, 613721, 589478, 1393439, 231204, 231204, 3508149974
182, 4465732, 1115648, 892230, 867050, 1090272, 250266, 250266, 650937782
189, 4469761, 772791, 1244326, 1219077, 747983, 242792, 242792, 4188516584
187, 4465170, 1036603, 979407, 954597, 1011733, 241415, 241415, 3505063723
188, 4471017, 1397301, 645672, 621083, 1371997, 217482, 217482, 170087820
191, 4479764, 1062765, 957807, 933594, 1038056, 243771, 243771, 1770255252
186, 4477439, 1127488, 899449, 874922, 1103426, 236077, 236077, 2804448661
190, 4473842, 1214956, 817110, 792159, 1189177, 230220, 230220, 2902372583
185, 4471267, 988148, 1024354, 999601, 964252, 247456, 247456, 3289137543
192, 4473596, 1054691, 978418, 953461, 1030802, 228112, 228112, 4276895111
193, 4470116, 1025814, 1001045, 975702, 1000915, 233320, 233320, 2761685190
194, 4469980, 1147512, 839467, 815791, 1122770, 272220, 272220, 1958923101
195, 4474555, 867828, 1145802, 1120602, 843691, 248316, 248316, 817753102
197, 4476174, 943413, 1090656, 1066251, 918804, 228525, 228525, 3534950615
196, 4482547, 990903, 1048460, 1024414, 966844, 225963, 225963, 3746877049
201, 4472957, 1165221, 864076, 839613, 1139851, 232098, 232098, 3911372946
198, 4468412, 777523, 1214120, 1189011, 752576, 267591, 267591, 3558558588
203, 4459899, 1112531, 892976, 867697, 1087703, 249496, 249496, 3288602409
199, 4476651, 722792, 1308146, 1283236, 699489, 231494, 231494, 1313110955
200, 4469361, 1066038, 969068, 944294, 1041443, 224259, 224259, 3922248999
204, 4475068, 749880, 1265126, 1240864, 725520, 246839, 246839, 1926700767
202, 4470340, 982557, 1013381, 988483, 958471, 263724, 263724, 184831316
208, 4464826, 1207726, 807557, 783165, 1182014, 242182, 242182, 140787818
209, 4482855, 1068963, 957686, 933578, 1044992, 238818, 238818, 2477257126
207, 4472375, 1046777, 988224, 963240, 1021688, 226223, 226223, 1427913344
210, 4476669, 891753, 1137378, 1112047, 867971, 233760, 233760, 1953937883
211, 4465551, 1001677, 1013067, 987861, 976112, 243417, 243417, 2409392949
205, 4471082, 1375552, 641490, 617821, 1350827, 242696, 242696, 1326822108
206, 4467625, 1082808, 933226, 909297, 1058182, 242056, 242056, 1599509209
213, 4475813, 927423, 1098777, 1073906, 902577, 236565, 236565, 3416067389
212, 4470649, 730489, 1295555, 1270576, 706137, 233946, 233946, 1963019000
214, 4470768, 667118, 1365798, 1339462, 643674, 227358, 227358, 623479285
216, 4483085, 638063, 1376402, 1352281, 614559, 250890, 250890, 2559854955
218, 4466825, 1063167, 957507, 932393, 1037568, 238095, 238095, 876552918
219, 4472048, 775972, 1228839, 1202222, 751601, 256707, 256707, 2604106100
215, 4471229, 1215070, 807235, 783118, 1190354, 237726, 237726, 2276050609
221, 4471227, 857215, 1112167, 1087101, 832522, 291111, 291111, 241680951
223, 4473748, 954436, 1067659, 1042374, 929963, 239658, 239658, 2361705246
220, 4468628, 934852, 1065032, 1040508, 910660, 258788, 258788, 1807910158
217, 4472678, 1085612, 943549, 919552, 1061273, 231346, 231346, 3962180629
222, 4468563, 783567, 1244459, 1219194, 758733, 231305, 231305, 3800924577
226, 4479395, 892824, 1141946, 1117486, 867991, 229574, 229574, 2247505289
224, 4470900, 758280, 1249417, 1224670, 733941, 252296, 252296, 2976112410
225, 4463722, 890250, 1116166, 1090248, 865246, 250906, 250906, 3353795600
227, 4470171, 903298, 1106010, 1081490, 878785, 250294, 250294, 900064097
228, 4462990, 767420, 1225268, 1198839, 743363, 264050, 264050, 208160662
229, 4471332, 1117661, 891885, 867217, 1093319, 250625, 250625, 2386951025
230, 4474281, 1112069, 914848, 890623, 1086503, 235119, 235119, 2462279523
231, 4464117, 975702, 1028959, 1003383, 950375, 252849, 252849, 1480630722
234, 4477547, 1020835, 1019239, 994022, 996035, 223708, 223708, 2517062050
232, 4463936, 1082174, 928636, 903675, 1057271, 246090, 246090, 3748416533
235, 4468437, 846563, 1176575, 1151559, 821672, 236034, 236034, 3358873865
233, 4469753, 1500744, 533174, 509149, 1475000, 225843, 225843, 1022920489
239, 4470615, 894604, 1132374, 1107592, 870281, 232882, 232882, 3697151548
238, 4462600, 780674, 1238456, 1212926, 756172, 237186, 237186, 533302341
236, 4474677, 738713, 1272776, 1248078, 714828, 250141, 250141, 3019828729
237, 4462965, 1293193, 733237, 708480, 1267663, 230196, 230196, 1739156247
240, 4482042, 1052676, 979712, 955448, 1028360, 232923, 232923, 3272986276
241, 4473230, 1139441, 863193, 839250, 1115186, 258080, 258080, 1637689386
244, 4466413, 714441, 1311175, 1285989, 690974, 231917, 231917, 4150912117
242, 4478351, 1189860, 846865, 822998, 1164546, 227041, 227041, 3913291366
247, 4467995, 928450, 1103884, 1079173, 904020, 226234, 226234, 124973320
243, 4480174, 789171, 1229648, 1204814, 765429, 245556, 245556, 2538940766
246, 4471955, 1219018, 800141, 775039, 1193891, 241933, 241933, 3356277217
248, 4470740, 768504, 1237448, 1212074, 743862, 254426, 254426, 3931753328
245, 4471193, 711544, 1321361, 1295271, 687479, 227769, 227769, 196291257
249, 4471945, 1250697, 780730, 755685, 1226231, 229301, 229301, 3742368193
250, 4471142, 1254656, 775414, 751323, 1228945, 230402, 230402, 1282525336
252, 4469204, 595364, 1427916, 1402055, 571503, 236183, 236183, 1212324829
251, 4480137, 1142546, 883687, 859824, 1118596, 237742, 237742, 21803242
254, 4471285, 820411, 1202812, 1177754, 796224, 237042, 237042, 1079044415
256, 4469874, 1127784, 889526, 865193, 1102693, 242339, 242339, 3558763278
253, 4470914, 1126685, 905058, 880932, 1101495, 228372, 228372, 2221152610
255, 4474119, 1072521, 963123, 938834, 1047689, 225976, 225976, 1478112935
257, 4471505, 1179525, 840068, 815514, 1154830, 240784, 240784, 874383500
258, 4469114, 1102307, 911639, 886670, 1077420, 245539, 245539, 3477585414
261, 4478294, 1030982, 970327, 945380, 1005931, 262837, 262837, 1659129249
259, 4469660, 1050121, 956401, 932210, 1025330, 252799, 252799, 2274061048
262, 4478413, 920026, 1084537, 1059763, 895859, 259114, 259114, 1662628004
263, 4465705, 1253836, 767017, 742360, 1228972, 236760, 236760, 3339317307
265, 4466754, 724095, 1295582, 1271040, 699679, 238179, 238179, 582411370
266, 4468938, 1166691, 839462, 814588, 1141439, 253379, 253379, 687832554
260, 4475976, 1395886, 616478, 592588, 1370886, 250069, 250069, 228422473
267, 4468516, 970377, 1054922, 1030034, 945583, 233800, 233800, 2782205259
264, 4477027, 1028216, 959056, 935786, 1002509, 275730, 275730, 2787452250
271, 4465229, 1160792, 854193, 829302, 1135138, 242902, 242902, 62567249
268, 4470357, 1354526, 670955, 647223, 1328997, 234328, 234328, 41853466
270, 4471905, 1337384, 694207, 669758, 1311802, 229377, 229377, 2376364004
273, 4468936, 1167982, 848304, 823886, 1143308, 242728, 242728, 1213476647
269, 4466209, 1105315, 903600, 879298, 1080164, 248916, 248916, 760500560
274, 4476457, 1229345, 788798, 765096, 1203810, 244704, 244704, 1479329490
272, 4470345, 1225036, 765929, 742098, 1199110, 269086, 269086, 4211883623
275, 4477422, 987889, 1050043, 1026294, 963510, 224843, 224843, 726215072
280, 4471612, 1063939, 967909, 942854, 1039402, 228754, 228754, 1595018997
281, 4478624, 678621, 1357292, 1331780, 655019, 227956, 227956, 1314521770
278, 4473458, 1189337, 838057, 813639, 1164831, 233797, 233797, 996783646
276, 4470338, 949716, 1068093, 1044307, 925010, 241606, 241606, 2192009588
277, 4469775, 1096940, 926858, 902899, 1071690, 235694, 235694, 821013795
282, 4463686, 599010, 1427617, 1401643, 574830, 230293, 230293, 1201008356
279, 4465803, 1092149, 932752, 907910, 1067560, 232716, 232716, 3069577215
283, 4473179, 1016877, 1006384, 981595, 992749, 237787, 237787, 1263251587
284, 4475320, 859792, 1100084, 1074774, 835478, 302596, 302596, 2864403642
285, 4468663, 994528, 1028127, 1003901, 968899, 236604, 236604, 3892493456
288, 4475342, 709900, 1273584, 1247463, 685951, 279222, 279222, 399772266
286, 4471287, 565983, 1471106, 1446055, 541877, 223133, 223133, 2040328242
287, 4474061, 1010930, 1012785, 988782, 986128, 237718, 237718, 3617765054
290, 4474021, 970431, 1038426, 1014240, 945402, 252761, 252761, 2400418995
289, 4466570, 1283738, 743624, 719738, 1257970, 230750, 230750, 3017741793
294, 4477208, 777416, 1251753, 1227429, 754106, 233252, 233252, 3885861531
292, 4469584, 1212831, 809058, 784401, 1186976, 238159, 238159, 2713675707
293, 4468133, 965127, 1035903, 1011818, 940909, 257188, 257188, 3116529631
291, 4464516, 1053580, 952186, 927253, 1028465, 251516, 251516, 2346881932
295, 4468192, 919461, 1062464, 1037236, 894471, 277280, 277280, 833449555
296, 4465185, 724730, 1305789, 1279937, 700639, 227045, 227045, 2801384496
298, 4476397, 1153757, 869013, 844337, 1128364, 240463, 240463, 2344249337
297, 4469276, 1046303, 986606, 961796, 1021061, 226755, 226755, 2616909264
303, 4466133, 765578, 1246071, 1220449, 740961, 246537, 246537, 3028123998
301, 4461484, 861525, 1159849, 1134305, 837061, 234372, 234372, 2650822825
300, 4479647, 950179, 1079757, 1054742, 926425, 234272, 234272, 1699927057
299, 4469841, 1120894, 901337, 877538, 1094912, 237580, 237580, 2679100135
306, 4473643, 533188, 1497013, 1470777, 509023, 231821, 231821, 3523056143
304, 4474548, 1014791, 1008202, 983737, 990780, 238519, 238519, 1061744609
305, 4470534, 935698, 1082395, 1056983, 911534, 241962, 241962, 286683518
302, 4470580, 1346900, 662740, 638385, 1321925, 250315, 250315, 3226474886
307, 4462360, 574892, 1447360, 1420206, 550670, 234616, 234616, 3119198464
309, 4464784, 1019478, 975022, 950063, 994289, 262966, 262966, 1711024340
308, 4471420, 1420139, 611433, 587447, 1394653, 228874, 228874, 2505536515
311, 4472111, 979916, 1041337, 1016804, 955506, 239274, 239274, 654454325
313, 4474216, 1283355, 751498, 727907, 1257700, 226878, 226878, 1590708227
312, 4477810, 818536, 1200711, 1175945, 794964, 243827, 243827, 198734187
315, 4467338, 1182907, 830206, 806117, 1157600, 245254, 245254, 451383707
310, 4471282, 964126, 1040379, 1016182, 938891, 255852, 255852, 2355404266
317, 4472381, 945930, 1087544, 1062079, 921162, 227833, 227833, 407732767
314, 4472986, 751025, 1268834, 1243665, 726984, 241239, 241239, 4231208421
321, 4465020, 1208139, 823697, 799316, 1182800, 225534, 225534, 728857491
322, 4476665, 1004990, 1014655, 990570, 979866, 243292, 243292, 3801108643
319, 4474526, 633845, 1395522, 1370795, 610362, 232001, 232001, 2409970221
318, 4472081, 922655, 1108259, 1084018, 898003, 229573, 229573, 3962729938
324, 4470316, 678570, 1355229, 1330158, 654551, 225904, 225904, 3856383129
323, 4478960, 1127795, 863833, 840470, 1103246, 271808, 271808, 1141649347
320, 4470118, 765149, 1270390, 1246484, 741009, 223543, 223543, 4169674091
316, 4470074, 1201267, 823742, 799074, 1176293, 234849, 234849, 2464307092
326, 4464440, 880300, 1053895, 1028748, 855353, 323072, 323072, 275568149
327, 4465775, 812725, 1174812, 1150024, 789054, 269580, 269580, 3880976946
328, 4475523, 1552333, 484449, 461703, 1524812, 226113, 226113, 51111263
325, 4473148, 961881, 1067609, 1043533, 936721, 231702, 231702, 464751230
329, 4469591, 735372, 1269785, 1245251, 711231, 253976, 253976, 2157261011
332, 4472413, 1071087, 945861, 921153, 1046066, 244123, 244123, 1487006852
331, 4467162, 990441, 1033532, 1008395, 965332, 234731, 234731, 2500550615
330, 4474140, 1394307, 638284, 614626, 1369293, 228815, 228815, 3347983965
333, 4464952, 1053168, 978014, 953449, 1027857, 226232, 226232, 3692612194
335, 4470382, 699645, 1325232, 1299478, 676145, 234941, 234941, 1040555874
334, 4476781, 1386719, 634891, 610911, 1361316, 241472, 241472, 180454051
337, 4466223, 1299433, 726200, 702166, 1272306, 233059, 233059, 1874570003
339, 4474554, 1540412, 488954, 466162, 1514364, 232331, 232331, 748144768
336, 4472951, 706800, 1313505, 1288482, 682988, 240588, 240588, 2548625642
343, 4472386, 984554, 1044154, 1018404, 960506, 232384, 232384, 1784217373
342, 4477056, 1166731, 878049, 853100, 1141984, 218596, 218596, 3442287319
338, 4469692, 1156316, 841327, 817203, 1131746, 261550, 261550, 1296484385
344, 4475723, 809097, 1223031, 1198035, 785410, 230075, 230075, 672972351
341, 4468241, 1116511, 896689, 872361, 1091412, 245634, 245634, 317745931
346, 4475004, 821192, 1201933, 1177279, 796574, 239013, 239013, 1429784562
340, 4470733, 528168, 1500788, 1475625, 504218, 230967, 230967, 3469918800
348, 4467578, 762108, 1264210, 1237908, 738184, 232584, 232584, 3403847583
345, 4474395, 1405808, 626300, 602385, 1380404, 229749, 229749, 757579322
349, 4470174, 1054460, 944287, 919083, 1029736, 261304, 261304, 2571117179
347, 4475345, 1452109, 574321, 550827, 1426562, 235763, 235763, 3726622362
351, 4466540, 1053725, 953901, 928905, 1028597, 250706, 250706, 732771623
350, 4468596, 1114311, 913461, 888733, 1089505, 231293, 231293, 414013895
353, 4486373, 1199631, 832969, 809535, 1175436, 234401, 234401, 2281090565
352, 4470761, 1255624, 774218, 749356, 1230749, 230407, 230407, 3907265422
355, 4480058, 720349, 1308921, 1283100, 697084, 235302, 235302, 3292725524
354, 4467040, 828590, 1188304, 1163489, 803501, 241578, 241578, 2550526110
359, 4465862, 673143, 1344687, 1318924, 649098, 240005, 240005, 4082875351
356, 4473414, 1041069, 968952, 944798, 1017147, 250724, 250724, 2180522754
357, 4467190, 1040917, 960806, 936474, 1016555, 256219, 256219, 3518307638
358, 4470087, 845111, 1164512, 1139389, 820635, 250220, 250220, 1539279314
360, 4463121, 709384, 1306276, 1280990, 684741, 240865, 240865, 2229374614
361, 4471577, 954178, 1061134, 1036778, 929017, 245235, 245235, 3044114642
362, 4469210, 1074993, 951772, 927278, 1049403, 232882, 232882, 2182203581
364, 4468500, 1069365, 941229, 917030, 1045464, 247706, 247706, 3041794509
363, 4469285, 874362, 1157734, 1133249, 850242, 226849, 226849, 1081555394
365, 4470084, 1217415, 801913, 777300, 1191942, 240757, 240757, 1953159694
368, 4470984, 1247277, 769698, 745141, 1221958, 243455, 243455, 3956616745
367, 4467293, 1229454, 778319, 754032, 1204354, 250567, 250567, 839413712
370, 4475383, 1031328, 992792, 968679, 1006798, 237893, 237893, 3088742074
366, 4470459, 1083835, 924345, 900737, 1058510, 251516, 251516, 1370863031
372, 4471981, 760282, 1275975, 1250657, 736125, 224471, 224471, 448570729
369, 4467180, 1352750, 684914, 660557, 1327799, 220580, 220580, 3978328867
371, 4478301, 1160543, 877326, 853070, 1136242, 225560, 225560, 1468919320
374, 4477446, 1270927, 761301, 736760, 1246510, 230974, 230974, 1500327955
373, 4467911, 628977, 1380339, 1355328, 605349, 248959, 248959, 2938036067
375, 4465714, 1109227, 916896, 892562, 1083443, 231793, 231793, 3037900583
378, 4467291, 1267563, 754868, 730764, 1241992, 236052, 236052, 3003073366
377, 4468365, 1268330, 739075, 714807, 1243403, 251375, 251375, 2558446056
379, 4475137, 1144718, 885283, 861591, 1121223, 231161, 231161, 1493334923
381, 4479771, 956496, 1069407, 1045225, 932339, 238152, 238152, 2488828567
380, 4475414, 1084434, 939183, 915337, 1058968, 238746, 238746, 1969507225
376, 4481654, 1036644, 997065, 972349, 1011970, 231813, 231813, 120464403
384, 4467706, 1149198, 860976, 836760, 1123942, 248415, 248415, 2861754118
386, 4469419, 1297008, 725153, 701008, 1271764, 237243, 237243, 3108408741
383, 4476179, 1359078, 666352, 642903, 1333564, 237141, 237141, 3054312674
385, 4466441, 1062111, 963027, 938106, 1036767, 233215, 233215, 2362814269
389, 4469467, 863208, 1159238, 1133980, 839157, 236942, 236942, 2714603231
382, 4472628, 1259482, 772083, 747940, 1234127, 229498, 229498, 2397026124
388, 4466928, 1248143, 663453, 639539, 1221227, 347283, 347283, 4005034573
391, 4467874, 1239319, 764988, 741136, 1213023, 254704, 254704, 2373434956
387, 4471975, 1076674, 929896, 905439, 1051744, 254111, 254111, 3436617980
392, 4466056, 860020, 1163873, 1139772, 835039, 233676, 233676, 3413639688
390, 4470365, 1341122, 692960, 669117, 1315202, 225982, 225982, 1121837269
395, 4469469, 1444814, 592697, 568295, 1419309, 222177, 222177, 2535175172
393, 4475849, 1224581, 783010, 759033, 1198679, 255273, 255273, 246664019
394, 4465015, 754081, 1223917, 1198028, 730019, 279485, 279485, 581012966
396, 4463387, 1016183, 1006037, 980324, 990757, 235043, 235043, 2083042196
398, 4473976, 873924, 1158573, 1133491, 849960, 229014, 229014, 1810474523
397, 4475483, 846697, 1169678, 1145194, 822360, 245777, 245777, 1799662332
401, 4469277, 644232, 1394454, 1368102, 620307, 221091, 221091, 54152001
399, 4470267, 1298772, 731612, 707252, 1273311, 229660, 229660, 3365245354
403, 4472782, 619356, 1410822, 1384723, 595903, 230989, 230989, 479536027
404, 4478015, 1124869, 889328, 865082, 1099828, 249454, 249454, 1385810429
406, 4469887, 999092, 997776, 972847, 973938, 263117, 263117, 3062415029
402, 4474645, 842494, 1168275, 1143616, 817876, 251192, 251192, 3371654706
400, 4473583, 810007, 1113948, 1089018, 784968, 337821, 337821, 17579260
408, 4475653, 996939, 1021533, 996718, 971671, 244396, 244396, 3247530921
410, 4476404, 721164, 1303325, 1278369, 697310, 238118, 238118, 2828118001
407, 4475832, 772355, 1273957, 1248782, 748590, 216074, 216074, 3609409356
409, 4463810, 995596, 1025026, 1000196, 970296, 236348, 236348, 4073479741
405, 4472263, 1117686, 913625, 890144, 1093592, 228608, 228608, 2802152719
413, 4473451, 757331, 1267266, 1242389, 733169, 236648, 236648, 2439915161
411, 4475741, 855372, 1162689, 1137939, 831171, 244285, 244285, 3112719500
414, 4466727, 862818, 1128490, 1101991, 838360, 267534, 267534, 196501347
412, 4471440, 883849, 1136219, 1111671, 859649, 240026, 240026, 1190714409
417, 4465766, 1050854, 967649, 942145, 1026584, 239267, 239267, 643490335
415, 4475075, 1283291, 751849, 727629, 1258142, 227082, 227082, 19208540
416, 4474530, 1233631, 808622, 784517, 1209366, 219197, 219197, 3360367930
422, 4471768, 775097, 1257666, 1231610, 751145, 228125, 228125, 423753096
426, 4471252, 816936, 1209881, 1183702, 792817, 233958, 233958, 4233303115
424, 4472425, 986400, 1038978, 1013680, 962079, 235644, 235644, 1525345603
418, 4474180, 902005, 1120620, 1095374, 878301, 238940, 238940, 2833673396
419, 4468962, 1158364, 863989, 838704, 1133215, 237345, 237345, 2486785636
421, 4476729, 646416, 1392051, 1367023, 623555, 223842, 223842, 629708391
420, 4477290, 933861, 1100315, 1075616, 910160, 228669, 228669, 2609050650
423, 4462608, 1188889, 829416, 804228, 1163313, 238381, 238381, 4026583638
425, 4469407, 718174, 1291018, 1266334, 694127, 249877, 249877, 1111519775
430, 4465460, 1440050, 568594, 544785, 1413357, 249337, 249337, 3661009275
427, 4467908, 1115347, 909829, 884726, 1090268, 233869, 233869, 3757854153
428, 4469081, 1110735, 897147, 872471, 1085944, 251392, 251392, 796589429
429, 4474361, 1064043, 951386, 926631, 1039141, 246580, 246580, 3456377655
431, 4472405, 1092616, 927630, 903017, 1068398, 240372, 240372, 4279934482
432, 4470590, 994518, 1033559, 1009154, 969861, 231749, 231749, 2460251393
435, 4469265, 1175114, 838071, 812861, 1150289, 246465, 246465, 2098332640
433, 4467277, 1136053, 891198, 866729, 1110665, 231316, 231316, 631007573
434, 4471770, 858372, 1156661, 1131828, 833261, 245824, 245824, 2067172496
441, 4477429, 1079157, 931716, 908034, 1054236, 252143, 252143, 684262605
440, 4472027, 882174, 1142839, 1117607, 857879, 235764, 235764, 828308229
439, 4478732, 1381687, 624515, 600763, 1356839, 257464, 257464, 3738112410
437, 4469239, 817367, 1190998, 1165615, 793557, 250851, 250851, 157897807
436, 4473507, 1393009, 627109, 603317, 1367198, 241437, 241437, 1559990427
438, 4474680, 699988, 1321061, 1296395, 675884, 240676, 240676, 1856950689
442, 4468554, 1189478, 835816, 811810, 1163468, 233991, 233991, 3072524409
446, 4479258, 908413, 1127429, 1102901, 884517, 227999, 227999, 2937568455
444, 4467029, 1100549, 928916, 903814, 1075760, 228995, 228995, 1638666773
445, 4476051, 634295, 1373206, 1347922, 610528, 255050, 255050, 2119457914
443, 4475939, 972133, 1029899, 1006164, 948117, 259813, 259813, 2494446039
448, 4467495, 867859, 1069830, 1044634, 843656, 320758, 320758, 2511804026
449, 4479685, 633369, 1407956, 1382290, 610106, 222982, 222982, 1310595450
451, 4479129, 559661, 1475285, 1451623, 536220, 228170, 228170, 2744260378
455, 4470506, 679938, 1355786, 1330892, 655908, 223991, 223991, 2212959177
450, 4465188, 1172774, 847448, 823341, 1147503, 237061, 237061, 3568563581
447, 4471133, 1004134, 1010048, 986339, 979034, 245789, 245789, 1852164666
454, 4465992, 1396449, 634614, 610195, 1372060, 226337, 226337, 1896880410
456, 4465862, 676927, 1335285, 1310491, 652489, 245335, 245335, 1626766890
452, 4474138, 804721, 1225208, 1199680, 780613, 231958, 231958, 3122356611
453, 4474150, 1252049, 755254, 731797, 1225982, 254534, 254534, 2714405454
457, 4467665, 1089913, 911334, 886496, 1065920, 257001, 257001, 1320645248
458, 4467894, 985512, 1024754, 1000111, 960841, 248338, 248338, 1073673684
459, 4466147, 883571, 1129407, 1103516, 858511, 245571, 245571, 3408757756
460, 4467562, 1047884, 967035, 941668, 1023093, 243941, 243941, 2212951095
463, 4474005, 819507, 1168261, 1143277, 795504, 273728, 273728, 3806692344
461, 4473711, 1237767, 781115, 756841, 1212482, 242753, 242753, 3407960863
462, 4476399, 1215236, 808704, 785282, 1190673, 238252, 238252, 440323121
464, 4471475, 836289, 1147813, 1122681, 811800, 276446, 276446, 2331351116
465, 4472214, 1030815, 986297, 961828, 1004396, 244439, 244439, 3609864943
467, 4477360, 1161817, 881339, 857037, 1137491, 219838, 219838, 1180197031
468, 4467170, 930066, 1090721, 1065596, 905457, 237665, 237665, 1399025571
470, 4475644, 854437, 1176964, 1151457, 830654, 231066, 231066, 3847623059
469, 4470939, 883910, 1147318, 1122036, 860099, 228788, 228788, 245816539
466, 4476028, 752458, 1261459, 1236557, 728242, 248656, 248656, 451154422
472, 4472233, 949471, 1047706, 1023258, 923956, 263921, 263921, 2805358990
473, 4464012, 1083710, 944507, 920083, 1058448, 228632, 228632, 1352327298
474, 4469821, 1197090, 837699, 813979, 1171823, 224615, 224615, 815038289
476, 4472734, 786324, 1251533, 1226140, 762415, 223161, 223161, 4175543695
471, 4475683, 675808, 1331076, 1306177, 651928, 255347, 255347, 212278446
477, 4471552, 800649, 1201841, 1177002, 775914, 258073, 258073, 981451657
478, 4475681, 1184342, 847811, 823391, 1158787, 230675, 230675, 535558606
475, 4468702, 1192551, 834583, 810908, 1166684, 231988, 231988, 3506063429
479, 4472787, 1099039, 933800, 908989, 1074081, 228439, 228439, 3142613125
480, 4464619, 583768, 1451306, 1424841, 558882, 222911, 222911, 3379883393
484, 4470030, 790162, 1237061, 1211865, 765240, 232851, 232851, 2493589141
482, 4476982, 1049737, 977717, 952580, 1025260, 235844, 235844, 2435455581
481, 4470817, 1147540, 870489, 846000, 1122418, 242185, 242185, 1634914244
486, 4474273, 641229, 1378987, 1353708, 617423, 241463, 241463, 3300127818
488, 4471595, 1102139, 912391, 887881, 1077022, 246081, 246081, 3651003738
487, 4466984, 998822, 1013892, 988105, 974573, 245796, 245796, 520365259
483, 4472606, 1098170, 925340, 900795, 1073257, 237522, 237522, 3698829709
485, 4472357, 1048969, 958627, 933381, 1024892, 253244, 253244, 238894722
492, 4470951, 810825, 1215045, 1189733, 786258, 234545, 234545, 589036313
489, 4475377, 1171457, 825217, 800648, 1147241, 265407, 265407, 2767045230
490, 4470391, 985407, 1038011, 1012068, 960821, 237042, 237042, 473799832
491, 4468604, 1147435, 880299, 856073, 1122233, 231282, 231282, 1375666462
493, 4473013, 873010, 1155839, 1131659, 848159, 232173, 232173, 1510910166
494, 4476236, 1409028, 613593, 590572, 1383251, 239896, 239896, 4203469121
495, 4468289, 740077, 1236182, 1211574, 715272, 282592, 282592, 676733223
499, 4470532, 700994, 1327973, 1302845, 677022, 230849, 230849, 1100114815
500, 4470315, 1136308, 898556, 874181, 1110226, 225522, 225522, 171164733
501, 4473442, 640864, 1386432, 1361051, 617367, 233864, 233864, 831374319
496, 4467917, 1112283, 896849, 872198, 1086847, 249870, 249870, 1587028334
498, 4469450, 866773, 1149980, 1124428, 842587, 242841, 242841, 1345767053
502, 4466848, 526289, 1493833, 1468297, 502679, 237875, 237875, 778682551
497, 4472920, 844000, 1178173, 1152733, 820532, 238741, 238741, 1597952019
503, 4477751, 1131933, 889068, 864618, 1107210, 242461, 242461, 3952984176
504, 4470992, 1099088, 910441, 886170, 1075021, 250136, 250136, 2990537345
507, 4465258, 909698, 1113860, 1088385, 885105, 234105, 234105, 3424019741
506, 4468782, 826914, 1182234, 1156860, 802578, 250098, 250098, 1351214110
505, 4465275, 823049, 1200593, 1174588, 799043, 234001, 234001, 3021586908
510, 4474477, 1089138, 920294, 896550, 1064221, 252137, 252137, 3874477493
508, 4470557, 660232, 1364621, 1339785, 635955, 234982, 234982, 2253210006
509, 4472280, 672529, 1331910, 1307477, 648348, 256008, 256008, 95303896
511, 4476059, 769302, 1267770, 1242686, 745589, 225356, 225356, 1295782317
514, 4465639, 764759, 1248174, 1223023, 740251, 244716, 244716, 3342103396
512, 4476734, 1016137, 1016632, 991825, 991442, 230349, 230349, 3432886453
513, 4471369, 935965, 1033888, 1009077, 911399, 290520, 290520, 1470243998
515, 4470732, 1000891, 1012629, 987909, 975861, 246721, 246721, 839166494
516, 4476893, 1024709, 1007275, 982555, 1000216, 231069, 231069, 1346733970
517, 4466679, 922510, 1070378, 1045662, 897807, 265161, 265161, 2923260435
521, 4475782, 1056471, 980129, 954782, 1031202, 226599, 226599, 2643570194
520, 4472785, 1042851, 985746, 960549, 1018045, 232797, 232797, 3365655553
522, 4477370, 723578, 1273537, 1248265, 699820, 266085, 266085, 3678266582
518, 4473167, 990690, 1032699, 1008008, 966270, 237750, 237750, 3924260716
523, 4473257, 1169665, 856616, 831787, 1144619, 235285, 235285, 320135971
525, 4470234, 1278346, 738395, 713977, 1253120, 243198, 243198, 2748421124
524, 4460928, 756883, 1247998, 1223075, 732322, 250325, 250325, 1210040604
519, 4471007, 1199911, 797289, 772273, 1175272, 263131, 263131, 760459069
527, 4469566, 1152445, 869229, 843856, 1126734, 238651, 238651, 975862958
528, 4477071, 1023913, 999456, 974954, 999422, 239663, 239663, 2827775285
530, 4472724, 1147596, 871893, 846987, 1122830, 241709, 241709, 1793150640
534, 4468204, 855781, 1147711, 1123095, 830413, 255602, 255602, 2914845231
532, 4471358, 945985, 1042346, 1018084, 921111, 271916, 271916, 1094542921
536, 4470630, 959217, 1044922, 1019554, 935825, 255556, 255556, 249513397
535, 4478872, 749114, 1288132, 1263435, 725411, 226390, 226390, 1296959285
533, 4471962, 969747, 1042275, 1016867, 945045, 249014, 249014, 304278100
526, 4481065, 758220, 1284033, 1260315, 733705, 222396, 222396, 4183592590
529, 4472970, 1053028, 960076, 935579, 1028887, 247700, 247700, 1900858771
537, 4471007, 1204274, 803819, 779940, 1179028, 251973, 251973, 1855938490
531, 4472932, 708012, 1317346, 1291545, 684353, 235838, 235838, 3036482753
540, 4479634, 767788, 1249765, 1224342, 743503, 247118, 247118, 3385475039
541, 4468213, 558094, 1476910, 1450514, 534515, 224090, 224090, 796547668
538, 4483684, 968771, 1064467, 1040566, 945260, 232310, 232310, 3053419969
539, 4473644, 926028, 1101287, 1076690, 902631, 233504, 233504, 265572793
542, 4466370, 853154, 1170219, 1145357, 828652, 234494, 234494, 810201929
545, 4476454, 810889, 1205596, 1180870, 786799, 246150, 246150, 3924484758
543, 4474183, 1234781, 800331, 776400, 1208945, 226863, 226863, 600461237
544, 4470545, 811306, 1218659, 1193800, 787320, 229730, 229730, 344659584
549, 4465698, 1216419, 794424, 769628, 1189793, 247717, 247717, 2521738297
547, 4469439, 605906, 1424386, 1397979, 582404, 229382, 229382, 3675597746
553, 4464348, 709462, 1316052, 1290844, 684782, 231604, 231604, 1128656423
546, 4463537, 1290013, 728215, 703866, 1264171, 238636, 238636, 1222735692
550, 4475212, 1120961, 901178, 877353, 1095992, 239864, 239864, 2723405139
552, 4464599, 1116709, 902878, 877933, 1091891, 237594, 237594, 128656436
548, 4469739, 1132047, 887008, 862535, 1107285, 240432, 240432, 1338406575
551, 4468049, 841349, 1188200, 1163522, 816862, 229058, 229058, 1865286225
555, 4469877, 1021774, 998289, 972990, 996782, 240021, 240021, 3641383724
556, 4469431, 786631, 1239558, 1213624, 762670, 233474, 233474, 1834313020
554, 4464872, 1001771, 1010428, 986415, 976822, 244718, 244718, 1352585171
558, 4470633, 611410, 1427185, 1400193, 588051, 221897, 221897, 963916315
557, 4466356, 1045455, 968171, 942631, 1020361, 244869, 244869, 279040272
559, 4473869, 1173025, 851117, 826961, 1148502, 237132, 237132, 3469767759
561, 4470722, 780826, 1257848, 1233268, 756796, 220992, 220992, 1198522509
564, 4470703, 1240450, 778884, 755078, 1215793, 240249, 240249, 2836024368
560, 4483288, 756093, 1271124, 1246061, 732744, 238633, 238633, 1811973651
565, 4467407, 1353934, 653809, 629588, 1328292, 250892, 250892, 2394838114
562, 4474747, 675143, 1357634, 1332631, 651201, 229069, 229069, 2534389111
566, 4464629, 1510994, 516008, 491869, 1485594, 230082, 230082, 1384991760
563, 4469607, 1156505, 844844, 820183, 1132121, 257977, 257977, 781745774
568, 4473898, 892737, 1131696, 1107267, 867692, 237253, 237253, 413773489
570, 4468768, 886877, 1145731, 1120304, 861326, 227265, 227265, 2598769172
567, 4470242, 933731, 1082829, 1057673, 909721, 243144, 243144, 1183038150
571, 4472325, 1284674, 730336, 706258, 1258759, 246149, 246149, 551873332
572, 4461416, 1126580, 902070, 877961, 1100613, 227096, 227096, 4254904652
569, 4473238, 966307, 1044099, 1020349, 941851, 250316, 250316, 3432024917
574, 4469540, 1054688, 971307, 946819, 1029690, 233518, 233518, 4149512838
577, 4470316, 940102, 1056437, 1032066, 915973, 262869, 262869, 2508179600
580, 4467105, 957020, 1053592, 1029870, 932367, 247128, 247128, 3965377533
573, 4485234, 1174166, 836484, 813380, 1149556, 255824, 255824, 997821372
575, 4469146, 1200175, 810054, 786144, 1175395, 248689, 248689, 1223750015
579, 4478345, 1117830, 884853, 860978, 1092562, 261061, 261061, 1868975563
576, 4475862, 1199742, 818825, 795315, 1174598, 243691, 243691, 2357369246
584, 4473427, 955286, 1064031, 1038963, 930757, 242195, 242195, 3404663717
581, 4472001, 1214841, 818771, 793538, 1189159, 227846, 227846, 958092007
585, 4472963, 902839, 1121589, 1096019, 879388, 236564, 236564, 2883887108
578, 4466872, 828162, 1133352, 1108794, 804008, 296278, 296278, 1436789592
582, 4479469, 1292779, 734185, 710868, 1267773, 236932, 236932, 2014434109
583, 4476957, 1016399, 1003731, 979044, 992085, 242849, 242849, 2764047785
586, 4474557, 1583208, 455570, 432497, 1557254, 223014, 223014, 2871683363
587, 4468479, 1268708, 741011, 717638, 1243614, 248754, 248754, 1286293259
588, 4470209, 850116, 1152091, 1127120, 825100, 257891, 257891, 1482011739
589, 4463768, 693454, 1329215, 1303377, 669034, 234344, 234344, 959753136
590, 4470183, 803423, 1230200, 1205288, 778872, 226200, 226200, 811945408
593, 4475985, 1127715, 914247, 889040, 1103139, 220922, 220922, 3273812757
592, 4474288, 911849, 1098458, 1073140, 887079, 251881, 251881, 425749479
596, 4467879, 1098536, 931825, 906416, 1072950, 229076, 229076, 729969919
591, 4474737, 873016, 1103021, 1078274, 848762, 285832, 285832, 408746540
594, 4467968, 823401, 1196131, 1170458, 799064, 239457, 239457, 2326642135
600, 4461995, 739457, 1264830, 1238258, 715336, 252057, 252057, 4060106291
595, 4474287, 1054770, 940789, 917049, 1029773, 265953, 265953, 1117175426
597, 4477711, 1155747, 857631, 833069, 1131730, 249767, 249767, 61660699
602, 4471430, 844801, 1179862, 1155065, 820152, 235775, 235775, 341776254
598, 4474716, 1180267, 849174, 825186, 1155823, 232133, 232133, 4155837073
603, 4467574, 1131414, 888716, 863054, 1105986, 239202, 239202, 1255897275
604, 4470403, 966983, 1046994, 1021953, 941849, 246312, 246312, 458736409
605, 4468163, 837450, 1189228, 1163782, 812859, 232422, 232422, 1035538996
599, 4468056, 921788, 1108148, 1084292, 897408, 228210, 228210, 3194115641
601, 4470747, 1134415, 890462, 865270, 1110132, 235234, 235234, 1917132403
606, 4473641, 809122, 1203278, 1177825, 784534, 249441, 249441, 2098442064
607, 4478261, 1402016, 635332, 611793, 1377288, 225916, 225916, 3932370144
608, 4476470, 1104333, 913667, 889630, 1078874, 244983, 244983, 2457817697
612, 4470755, 1082196, 917192, 892590, 1057815, 260481, 260481, 2984026744
609, 4472363, 955546, 1065899, 1041419, 930347, 239576, 239576, 1218278523
614, 4466539, 863575, 1153190, 1128601, 839255, 240959, 240959, 4109335235
615, 4470127, 1214352, 815097, 790911, 1189473, 230147, 230147, 491828273
616, 4473215, 817014, 1216677, 1191747, 792903, 227437, 227437, 3028063460
610, 4467822, 1513566, 519775, 496268, 1486547, 225833, 225833, 3831791514
617, 4470066, 1131084, 891547, 867381, 1106452, 236801, 236801, 102998899
611, 4479375, 1036571, 985618, 961823, 1012385, 241489, 241489, 1509247930
618, 4468875, 1135704, 876256, 851847, 1110542, 247263, 247263, 3601486057
620, 4468251, 944668, 1072932, 1047236, 919767, 241824, 241824, 2863909584
619, 4467017, 670983, 1352815, 1326956, 646431, 234916, 234916, 938857140
613, 4475175, 1317250, 694501, 671814, 1292326, 249642, 249642, 2996447451
622, 4473540, 1365200, 666538, 643003, 1339401, 229699, 229699, 3935166780
621, 4482868, 1434244, 607263, 584200, 1408371, 224395, 224395, 3517058020
623, 4474526, 1066719, 943462, 918622, 1041689, 252017, 252017, 2664955797
633, 4473726, 905537, 1128807, 1102581, 881017, 227892, 227892, 367159569
625, 4476277, 897811, 1125531, 1100823, 873784, 239164, 239164, 1216381430
624, 4474085, 1357310, 683137, 660086, 1331366, 221093, 221093, 2969148926
631, 4470439, 899085, 1106393, 1081398, 874893, 254335, 254335, 1371695768
626, 4472049, 886064, 1108132, 1083520, 861405, 266464, 266464, 2889516554
629, 4475422, 942948, 1088427, 1063928, 918283, 230918, 230918, 25649429
628, 4474648, 898194, 1131553, 1106574, 873817, 232255, 232255, 1265926637
630, 4476703, 1082373, 916918, 893607, 1057441, 263182, 263182, 2151501520
627, 4476674, 951702, 1036992, 1012114, 927630, 274118, 274118, 3094232108
635, 4472265, 630708, 1393933, 1368771, 606455, 236199, 236199, 1441765866
632, 4463892, 1031240, 979009, 954443, 1006576, 246312, 246312, 1996623911
636, 4468058, 791115, 1227082, 1201533, 766688, 240820, 240820, 1797548464
638, 4472352, 842326, 1185519, 1160364, 817581, 233281, 233281, 162336206
634, 4464570, 1271343, 709070, 684678, 1245649, 276915, 276915, 4131267696
639, 4470204, 548412, 1488435, 1461573, 524532, 223626, 223626, 3774453670
637, 4472193, 1210123, 808967, 784024, 1184601, 242239, 242239, 4183092825
647, 4475219, 863431, 1155669, 1130338, 839345, 243218, 243218, 572735281
641, 4472956, 1347627, 670302, 646333, 1321574, 243560, 243560, 1009775444
643, 4464371, 721541, 1311155, 1284738, 697109, 224914, 224914, 2453676935
640, 4467336, 1027058, 993543, 969331, 1001724, 237840, 237840, 3766602498
645, 4464454, 930861, 974633, 948370, 906058, 352266, 352266, 1024982702
648, 4472352, 937456, 1087530, 1062613, 912221, 236266, 236266, 2856532504
642, 4473418, 1318542, 699809, 676188, 1293585, 242647, 242647, 2239198311
644, 4475387, 707491, 1330865, 1305576, 683869, 223793, 223793, 1221438925
646, 4482644, 914599, 1107255, 1082242, 890486, 244031, 244031, 3095166329
651, 4474658, 1101126, 924218, 900210, 1076370, 236367, 236367, 3956051501
649, 4479209, 887640, 1146998, 1122509, 863980, 229041, 229041, 370193412
653, 4462967, 642234, 1369319, 1344066, 618078, 244635, 244635, 3253843333
654, 4470347, 802823, 1212122, 1186675, 778457, 245135, 245135, 592599874
650, 4462629, 1238427, 778825, 754383, 1213290, 238852, 238852, 1074382090
652, 4473622, 1187762, 853747, 829263, 1163062, 219894, 219894, 981371052
655, 4473440, 1138090, 872101, 847445, 1112792, 251506, 251506, 1719151775
660, 4469460, 957479, 1067860, 1043471, 931640, 234505, 234505, 725591982
656, 4460384, 1146941, 870741, 845857, 1121811, 237517, 237517, 870864779
659, 4467427, 1258208, 760808, 736302, 1232557, 239776, 239776, 902059892
661, 4477850, 1041368, 977833, 953342, 1017349, 243979, 243979, 4002984403
663, 4478409, 950348, 1052088, 1028647, 926620, 260353, 260353, 2918630245
658, 4479854, 1131721, 877201, 853241, 1108221, 254735, 254735, 3754051528
657, 4480529, 932646, 1104005, 1080003, 908169, 227853, 227853, 3730331521
664, 4462075, 837854, 1175120, 1149355, 813212, 243267, 243267, 3190683426
666, 4469470, 819660, 1199105, 1172543, 795102, 241530, 241530, 2873956949
665, 4470832, 898078, 1088788, 1064181, 873867, 272959, 272959, 470298079
667, 4474940, 609284, 1405039, 1380171, 585556, 247445, 247445, 1615833856
662, 4477575, 863473, 1132064, 1107289, 839793, 267478, 267478, 684056303
669, 4468402, 1154298, 873640, 849046, 1129308, 231055, 231055, 2855790936
670, 4471358, 1205420, 824902, 800932, 1180472, 229816, 229816, 667361169
673, 4462458, 955270, 1070502, 1044846, 929864, 230988, 230988, 1441120232
668, 4478441, 1137472, 840768, 816783, 1112192, 285613, 285613, 1003456172
672, 4471769, 756923, 1263433, 1237968, 732625, 240410, 240410, 2352099756
671, 4473774, 901732, 1132476, 1107434, 876898, 227617, 227617, 2772906150
680, 4465785, 506024, 1516905, 1490954, 482546, 234678, 234678, 412423216
674, 4475608, 1034445, 993859, 970142, 1009820, 233671, 233671, 1697904331
677, 4475695, 755000, 1244340, 1219478, 730993, 262942, 262942, 360224785
675, 4473639, 727215, 1276024, 1250566, 703072, 258381, 258381, 2467449159
676, 4469710, 1015153, 1007850, 981958, 991513, 236618, 236618, 1394500510
679, 4469130, 876512, 1150204, 1124686, 851776, 232976, 232976, 129575581
681, 4471943, 797266, 1225594, 1199727, 772626, 238365, 238365, 2589240059
682, 4469863, 1112205, 910905, 886163, 1086882, 236854, 236854, 273545263
678, 4473120, 1258805, 748722, 724987, 1233634, 253486, 253486, 4226764337
683, 4458700, 1021366, 990369, 965240, 995953, 242886, 242886, 2750988484
686, 4470963, 1484707, 546792, 522843, 1458099, 229261, 229261, 3184560800
684, 4478718, 993338, 1030735, 1006691, 969414, 239270, 239270, 1117230843
685, 4472836, 1128166, 907606, 884099, 1103029, 224968, 224968, 480558553
689, 4465686, 728183, 1294828, 1269950, 703595, 234565, 234565, 4279224256
690, 4476989, 831557, 1197220, 1171950, 807748, 234257, 234257, 44531792
688, 4479631, 969935, 1039035, 1014814, 945499, 255174, 255174, 579382991
687, 4472732, 967407, 1028137, 1003789, 942971, 265214, 265214, 2916459094
692, 4462404, 1054079, 970258, 945259, 1028514, 232147, 232147, 440388092
693, 4466526, 668542, 1352333, 1326113, 644552, 237493, 237493, 2409082449
695, 4482703, 947320, 1074011, 1049444, 923662, 244133, 244133, 2955312031
696, 4474905, 973676, 1068282, 1043758, 949253, 219968, 219968, 291358633
694, 4469782, 569889, 1442543, 1416664, 545914, 247386, 247386, 3802272751
691, 4476366, 672999, 1353108, 1328827, 649446, 235993, 235993, 2722272968
699, 4464125, 1164704, 857619, 832566, 1138766, 235235, 235235, 1981651497
697, 4470339, 1081178, 946618, 922314, 1055669, 232280, 232280, 816577746
698, 4478881, 1165757, 857057, 832777, 1140594, 241348, 241348, 2070953821
700, 4467315, 1109313, 906441, 881600, 1084031, 242965, 242965, 4145469422
702, 4470623, 900672, 1126948, 1101506, 876639, 232429, 232429, 3269338242
701, 4465127, 1348871, 674391, 650284, 1322985, 234298, 234298, 179018400
706, 4471741, 834530, 1211367, 1185334, 810580, 214965, 214965, 1480820538
704, 4473126, 839209, 1183669, 1158912, 815344, 237996, 237996, 2361374824
703, 4472823, 1220802, 798038, 773806, 1195405, 242386, 242386, 2533949702
705, 4471290, 897344, 1128802, 1104315, 872323, 234253, 234253, 3596745510
711, 4479443, 574087, 1449868, 1424881, 550867, 239870, 239870, 280507801
708, 4462796, 1113849, 900213, 875438, 1088138, 242579, 242579, 3432984272
707, 4470086, 886940, 1123972, 1098884, 862178, 249056, 249056, 3928517685
710, 4474389, 1322810, 689462, 665716, 1296671, 249865, 249865, 1837398765
712, 4462583, 821279, 1195617, 1169809, 796928, 239475, 239475, 2379059020
709, 4481450, 1353161, 675462, 652118, 1329027, 235841, 235841, 690576655
716, 4468315, 625297, 1378012, 1353294, 601304, 255204, 255204, 2564265453
714, 4468978, 533342, 1485806, 1459924, 510086, 239910, 239910, 3675334027
715, 4466482, 958949, 1050075, 1025466, 933636, 249178, 249178, 3016603999
713, 4470383, 979050, 1033833, 1009310, 954302, 246944, 246944, 2403446968
717, 4474379, 1111383, 919915, 895564, 1086245, 230636, 230636, 353395273
718, 4479374, 805190, 1235942, 1211413, 782041, 222394, 222394, 984556139
720, 4476053, 1179799, 855396, 830829, 1154651, 227689, 227689, 40563972
719, 4470976, 785581, 1127995, 1103529, 761591, 346140, 346140, 3056716610
721, 4470181, 1016177, 988422, 963609, 991825, 255074, 255074, 3172464577
722, 4478024, 806409, 1217563, 1193304, 782748, 239000, 239000, 1258976598
723, 4471685, 1205364, 806527, 783002, 1179376, 248708, 248708, 3701902349
726, 4474442, 1053844, 967578, 943285, 1029075, 240330, 240330, 1173283856
727, 4478445, 1364748, 650683, 627595, 1339575, 247922, 247922, 3451080499
729, 4470848, 846179, 1165784, 1139912, 821615, 248679, 248679, 551737334
725, 4462038, 809215, 1175189, 1150054, 784590, 271495, 271495, 1333455699
724, 4473737, 1234934, 751457, 727907, 1209943, 274748, 274748, 2972091206
728, 4470573, 1482957, 535657, 512418, 1457197, 241172, 241172, 3749300979
732, 4468481, 1006280, 1010067, 984761, 981377, 242998, 242998, 2612422522
730, 4469789, 1058818, 959272, 935190, 1034565, 240972, 240972, 2304708997
733, 4467326, 1085985, 937712, 912091, 1061530, 235004, 235004, 3142012886
731, 4472688, 1157562, 869138, 844776, 1133322, 233945, 233945, 3910610945
736, 4468665, 1027847, 992132, 967451, 1003065, 239085, 239085, 704539214
735, 4467320, 891276, 1136401, 1111892, 865769, 230991, 230991, 2383673425
734, 4458869, 1058362, 957344, 932928, 1032665, 238785, 238785, 2290341511
737, 4472175, 985946, 1049142, 1024739, 961558, 225395, 225395, 1169960535
739, 4474164, 483072, 1551523, 1525399, 459644, 227263, 227263, 2241007318
738, 4472226, 853640, 1141901, 1116716, 828713, 265628, 265628, 3377044
742, 4461353, 1081836, 936991, 911905, 1056559, 237031, 237031, 1345634762
741, 4474031, 803765, 1215702, 1191200, 779304, 242030, 242030, 3132409876
745, 4471061, 1025411, 993008, 968260, 1001452, 241465, 241465, 2267019529
747, 4464769, 965319, 1033750, 1009193, 940647, 257930, 257930, 2751648083
740, 4471412, 1277282, 702806, 678736, 1251996, 280296, 280296, 2997359043
743, 4472804, 703555, 1324967, 1299650, 680038, 232297, 232297, 993251213
748, 4468778, 832363, 1189963, 1165339, 807445, 236834, 236834, 2676063043
746, 4478836, 637467, 1392041, 1367191, 614013, 234062, 234062, 1047636914
750, 4465575, 868469, 1141946, 1117139, 843441, 247290, 247290, 3190069341
744, 4469448, 1116513, 893119, 868931, 1090715, 250085, 250085, 3675920971
749, 4471219, 1368063, 664704, 641165, 1342659, 227314, 227314, 1119238170
752, 4474260, 914647, 1103142, 1077858, 890331, 244141, 244141, 397213280
753, 4472784, 954645, 1049294, 1025055, 929974, 256908, 256908, 841582579
751, 4473578, 956976, 1065019, 1040524, 932493, 239283, 239283, 3244571853
755, 4473333, 643873, 1372509, 1347633, 619950, 244684, 244684, 3982682243
756, 4479343, 966705, 1058261, 1034635, 942240, 238751, 238751, 1471003681
754, 4470994, 889982, 1132953, 1108382, 865981, 236848, 236848, 373189392
758, 4472919, 669018, 1337665, 1312337, 644451, 254724, 254724, 3698432546
757, 4476736, 1250541, 775105, 750640, 1225638, 237406, 237406, 3443083317
759, 4477575, 1378495, 668211, 645099, 1352138, 216816, 216816, 3881322903
764, 4464736, 842209, 1165549, 1140212, 817786, 249490, 249490, 2626007181
760, 4470389, 1070438, 949824, 925407, 1045750, 239485, 239485, 1811399627
761, 4474208, 1336587, 690424, 666677, 1310882, 234819, 234819, 3203731363
763, 4477920, 809123, 1211434, 1186083, 784748, 243266, 243266, 3394255986
766, 4470831, 809346, 1207876, 1182106, 785007, 243248, 243248, 470837206
765, 4467704, 1044424, 982206, 957615, 1018973, 232243, 232243, 335497357
767, 4471654, 790013, 1236777, 1211674, 765204, 233993, 233993, 4284452483
762, 4466921, 1308338, 717863, 693157, 1283113, 232225, 232225, 1798951313
768, 4472094, 805280, 1219205, 1194588, 781621, 235700, 235700, 131334144
770, 4479700, 1294731, 751798, 728203, 1270026, 217471, 217471, 1234337561
771, 4470217, 871545, 1154251, 1129332, 846687, 234201, 234201, 1125398090
772, 4473843, 834928, 1195557, 1170882, 810490, 230993, 230993, 226560569
775, 4471153, 886247, 1141638, 1117086, 861790, 232196, 232196, 2399873853
769, 4474389, 1056607, 940956, 916147, 1031799, 264440, 264440, 4263530819
774, 4471934, 943696, 983739, 958860, 918475, 333582, 333582, 517690335
773, 4468439, 945266, 1052646, 1027397, 920832, 261149, 261149, 2970774391
778, 4476262, 807103, 1202289, 1176940, 783292, 253319, 253319, 3267015663
779, 4474852, 802273, 1227235, 1202068, 778806, 232235, 232235, 118737959
780, 4471987, 913934, 1110144, 1084670, 889761, 236739, 236739, 950780741
777, 4467348, 967261, 1058881, 1033623, 941721, 232931, 232931, 1006567619
781, 4462419, 1168642, 831626, 807453, 1143126, 255786, 255786, 2345709900
783, 4475058, 732370, 1293006, 1268358, 708606, 236359, 236359, 911041617
782, 4468078, 1049470, 965949, 941363, 1024038, 243629, 243629, 971751525
785, 4464549, 1143840, 877616, 853385, 1118082, 235813, 235813, 2548090042
776, 4478631, 1003867, 1003080, 978859, 980007, 256409, 256409, 1882220781
784, 4472244, 1240177, 779602, 755377, 1215108, 240990, 240990, 693299092
788, 4464401, 1253744, 764829, 739881, 1228129, 238909, 238909, 589262822
787, 4468721, 976244, 1042229, 1017162, 951954, 240566, 240566, 575258427
790, 4465775, 587977, 1451315, 1425724, 563843, 218458, 218458, 3769004156
791, 4466979, 1019063, 1008358, 983313, 994415, 230915, 230915, 1625619742
794, 4467893, 1000613, 1038085, 1013386, 975597, 220106, 220106, 109088884
786, 4476149, 1158020, 841291, 817534, 1132900, 263202, 263202, 2087132240
789, 4465314, 930664, 1081208, 1055886, 906410, 245573, 245573, 678620864
793, 4478929, 923459, 1103563, 1079102, 898757, 237024, 237024, 181431897
795, 4479924, 885716, 1116928, 1092069, 861683, 261764, 261764, 998405751
792, 4468784, 797112, 1231854, 1207502, 772916, 229700, 229700, 2582520454
796, 4475135, 1456961, 567795, 543510, 1431379, 237745, 237745, 1149623266
798, 4470694, 1155179, 855278, 831214, 1129239, 249892, 249892, 1659220807
799, 4471766, 1034338, 955846, 930894, 1009186, 270751, 270751, 3068623745
800, 4473162, 812438, 1199180, 1175201, 788309, 249017, 249017, 59066175
801, 4469233, 1046728, 960321, 935072, 1022606, 252253, 252253, 1202825182
797, 4479524, 751851, 1252451, 1227045, 728141, 260018, 260018, 2651806388
803, 4475244, 764968, 1261830, 1237092, 741022, 235166, 235166, 3496507728
805, 4466234, 1106024, 915136, 890235, 1080051, 237394, 237394, 699107534
802, 4468978, 550686, 1479590, 1453978, 526354, 229185, 229185, 3436587190
810, 4469526, 489515, 1546381, 1519609, 465987, 224017, 224017, 865627695
809, 4473465, 1082988, 927537, 902495, 1057553, 251446, 251446, 341336038
804, 4473686, 1094818, 931625, 907003, 1070746, 234747, 234747, 3089180682
806, 4465671, 829425, 1195797, 1170017, 805212, 232610, 232610, 1288532667
807, 4468776, 1259238, 764277, 740283, 1233718, 235630, 235630, 1648770602
811, 4476108, 988762, 1025801, 1000730, 964577, 248119, 248119, 2321778514
812, 4465469, 956059, 1036794, 1011913, 931263, 264720, 264720, 1351814236
814, 4465177, 944342, 1066255, 1040972, 920188, 246710, 246710, 1495981704
808, 4473070, 830681, 1189307, 1165612, 807344, 240063, 240063, 964151886
813, 4478145, 1230019, 793303, 768977, 1204936, 240455, 240455, 3614906324
815, 4471026, 1012234, 984755, 960116, 986931, 263495, 263495, 3700678933
816, 4466525, 857864, 1156533, 1130802, 833020, 244153, 244153, 3792842485
817, 4475683, 1071085, 951804, 928103, 1045325, 239683, 239683, 895242582
818, 4469356, 1291077, 731243, 706546, 1265810, 237340, 237340, 355899155
820, 4464275, 1224731, 774450, 750159, 1197625, 258655, 258655, 3573243599
821, 4475560, 475582, 1570772, 1544781, 452903, 215761, 215761, 700061026
822, 4469666, 978064, 1038449, 1013240, 953521, 243196, 243196, 1688196571
819, 4473031, 783581, 1258798, 1233430, 759954, 218634, 218634, 158991954
824, 4466020, 1284893, 738357, 713946, 1260286, 234269, 234269, 1721019316
827, 4464989, 1153569, 862465, 837791, 1128618, 241273, 241273, 4115219787
825, 4475435, 931807, 1106599, 1081521, 906864, 224322, 224322, 446333496
828, 4476832, 1101552, 934948, 910359, 1076519, 226727, 226727, 2542283510
826, 4471862, 1106293, 919890, 895276, 1081587, 234408, 234408, 3279965111
823, 4469900, 934509, 1082845, 1058709, 909909, 241964, 241964, 2914400198
829, 4473471, 889446, 1099981, 1074603, 865263, 272089, 272089, 2071880955
830, 4471488, 752684, 1285811, 1260857, 729070, 221533, 221533, 846605634
831, 4473419, 1349575, 671766, 647907, 1324061, 240055, 240055, 4126703332
833, 4477982, 791020, 1227588, 1201935, 766903, 245268, 245268, 2464246519
832, 4476837, 1149186, 879137, 854858, 1123346, 235155, 235155, 4187545487
835, 4468438, 1217422, 788476, 763929, 1191245, 253683, 253683, 2784369516
836, 4467067, 594262, 1441387, 1415661, 570655, 222551, 222551, 3840606084
834, 4466590, 1064105, 938164, 913485, 1038256, 256290, 256290, 1093988815
837, 4478063, 749013, 1274744, 1250299, 724801, 239603, 239603, 1375287254
841, 4476991, 909224, 1118981, 1094638, 885416, 234366, 234366, 2016484911
838, 4470822, 856410, 1136866, 1112236, 832464, 266423, 266423, 4093122628
839, 4476611, 1508378, 526719, 502890, 1482550, 228037, 228037, 4143373992
840, 4473927, 1171484, 860659, 835948, 1147138, 229349, 229349, 1544418581
843, 4469827, 860311, 1159093, 1134211, 835614, 240299, 240299, 3215884584
846, 4469923, 531123, 1514722, 1488462, 507306, 214155, 214155, 918715305
844, 4471493, 1004399, 1012629, 987731, 980050, 243342, 243342, 19136960
847, 4469982, 537581, 1498533, 1471706, 513344, 224409, 224409, 3956755580
848, 4478424, 1264389, 758260, 734457, 1238362, 241478, 241478, 573466330
845, 4479240, 760753, 1216453, 1192363, 736973, 286349, 286349, 3572563231
849, 4469706, 799863, 1238767, 1212971, 775719, 221193, 221193, 792935200
842, 4475647, 683657, 1345474, 1321088, 659610, 232909, 232909, 2958661431
851, 4469228, 922592, 1087506, 1062634, 897540, 249478, 249478, 1047560627
850, 4468441, 1541708, 493459, 469835, 1515977, 223731, 223731, 3354126252
853, 4476746, 1006271, 999759, 974958, 981406, 257176, 257176, 3825594534
852, 4463069, 963141, 1056149, 1032078, 938565, 236568, 236568, 1409813597
854, 4467551, 1101976, 921967, 896372, 1077514, 234861, 234861, 3683003807
856, 4468775, 1017649, 1015898, 990402, 992788, 226019, 226019, 2230661919
858, 4467305, 1078358, 945844, 921076, 1053455, 234286, 234286, 1886768738
857, 4474053, 873829, 1146829, 1122196, 849553, 240823, 240823, 2241974066
859, 4467063, 949931, 1048653, 1023905, 925734, 259420, 259420, 1859483017
855, 4475300, 859626, 1183033, 1158424, 835371, 219423, 219423, 1498852690
860, 4468401, 798584, 1218657, 1194386, 773384, 241695, 241695, 2378084605
861, 4478085, 752406, 1286175, 1261785, 727613, 225053, 225053, 4087420602
865, 4479008, 667824, 1369776, 1344420, 643644, 226672, 226672, 2884046551
862, 4474571, 1024173, 993300, 968461, 1000265, 244186, 244186, 3931559866
864, 4468484, 946144, 1084982, 1060325, 921105, 227964, 227964, 2243087809
863, 4479417, 1180096, 818590, 794922, 1155817, 264996, 264996, 2928144107
868, 4471570, 807955, 1193288, 1168385, 783694, 259124, 259124, 2669202279
866, 4477102, 1366107, 671823, 648245, 1340747, 225090, 225090, 728335082
867, 4476709, 972986, 1026064, 1001961, 949340, 263179, 263179, 342836095
870, 4470079, 835572, 1198611, 1173726, 811658, 225256, 225256, 276755065
869, 4470881, 937704, 1077338, 1051705, 913102, 245516, 245516, 4139757379
872, 4474742, 874199, 1142571, 1118036, 849942, 244997, 244997, 126342076
873, 4474328, 1063132, 948194, 924337, 1038271, 250197, 250197, 1945472238
871, 4467964, 908341, 1109684, 1085191, 883336, 240706, 240706, 1402080175
876, 4468637, 1037556, 958210, 933107, 1013004, 263380, 263380, 583932687
875, 4466501, 1241386, 790091, 765336, 1215782, 226953, 226953, 1044588379
874, 4476132, 1209746, 829865, 806350, 1184825, 222673, 222673, 2900299787
877, 4473079, 1175383, 852274, 828741, 1149577, 233552, 233552, 3301402389
878, 4470743, 666983, 1290381, 1265577, 642294, 302754, 302754, 1631938883
879, 4471445, 924043, 1107075, 1082410, 899735, 229091, 229091, 1154440641
880, 4471967, 1468320, 564450, 540515, 1442732, 227975, 227975, 4134072881
883, 4466858, 704257, 1299075, 1273863, 680339, 254662, 254662, 1677459704
881, 4475223, 1231458, 809085, 785586, 1207096, 220999, 220999, 1957838262
882, 4471153, 1088343, 928387, 904241, 1064026, 243078, 243078, 1037491981
884, 4475129, 947201, 1056739, 1031759, 922612, 258409, 258409, 2562507599
888, 4469184, 777242, 1252755, 1227147, 752792, 229624, 229624, 2108645006
886, 4471816, 920992, 1091228, 1065573, 896651, 248686, 248686, 2686065825
892, 4470494, 992679, 1035910, 1010175, 968480, 231625, 231625, 2428150760
887, 4477839, 1257927, 764623, 740409, 1233518, 240681, 240681, 2358807974
885, 4472399, 1102438, 906047, 881135, 1077547, 252616, 252616, 1007943873
891, 4479911, 1118576, 902790, 878221, 1093596, 243364, 243364, 1711248834
890, 4478830, 1075807, 920787, 896890, 1050122, 267612, 267612, 2717957743
893, 4473691, 1004851, 1024733, 999494, 979965, 232324, 232324, 3361031736
894, 4468849, 780055, 1222126, 1196890, 755742, 257018, 257018, 2920987706
895, 4470979, 854015, 1166998, 1141421, 830333, 239106, 239106, 1502114292
896, 4466576, 995439, 998055, 973064, 970404, 264807, 264807, 394135063
889, 4472073, 1175279, 835753, 811783, 1150158, 249550, 249550, 1068265917
899, 4481435, 1062400, 976568, 953036, 1038079, 225676, 225676, 1296858433
897, 4462639, 1593504, 435751, 412168, 1567590, 226813, 226813, 40418972
900, 4474426, 1068786, 960486, 936678, 1043914, 232281, 232281, 2740045029
898, 4469387, 1139354, 875154, 850444, 1114443, 244996, 244996, 3129631571
908, 4472815, 923365, 1093977, 1068430, 898039, 244502, 244502, 2745805523
910, 4466667, 1078404, 947545, 921900, 1052724, 233047, 233047, 2892418745
905, 4472165, 975677, 1039236, 1014704, 951120, 245714, 245714, 672066387
901, 4463910, 986536, 1043836, 1019225, 962563, 225875, 225875, 4178923109
902, 4475624, 813555, 1209308, 1184340, 789277, 239572, 239572, 3058625469
903, 4476798, 849322, 1188036, 1162801, 825149, 225745, 225745, 490416777
909, 4471238, 1030101, 993663, 969344, 1005202, 236464, 236464, 3409990055
904, 4468534, 906111, 1095460, 1070568, 881431, 257482, 257482, 1992697086
907, 4472325, 870777, 1066550, 1041547, 846609, 323421, 323421, 3340939445
906, 4478213, 1103218, 910068, 886444, 1079027, 249728, 249728, 3985630487
912, 4470897, 884163, 1105222, 1080223, 860055, 270617, 270617, 1230939811
913, 4475161, 672506, 1367372, 1341353, 648066, 222932, 222932, 2232061036
911, 4473839, 1115100, 920924, 897146, 1090479, 225095, 225095, 1569060977
914, 4473604, 1040790, 991851, 967226, 1016653, 228542, 228542, 2111032962
915, 4477687, 794281, 1241939, 1216582, 770955, 226965, 226965, 3602691179
916, 4469919, 804282, 1218939, 1193772, 779278, 236824, 236824, 2186461143
918, 4470515, 1325860, 708755, 685064, 1299646, 225595, 225595, 2276560042
920, 4474053, 700051, 1335032, 1309800, 676320, 226425, 226425, 1242437100
921, 4471068, 818442, 1209128, 1183938, 794640, 232460, 232460, 3312717025
925, 4470465, 908106, 1109671, 1084960, 883128, 242300, 242300, 3380016064
926, 4466674, 1004686, 1009207, 984416, 979657, 244354, 244354, 3343522400
923, 4460910, 920902, 1088148, 1062740, 895414, 246853, 246853, 511875857
922, 4470527, 799516, 1213615, 1188426, 775750, 246610, 246610, 523667916
927, 4471929, 838180, 1157961, 1132600, 813880, 264654, 264654, 3334242872
917, 4469829, 1121284, 907391, 882258, 1096184, 231356, 231356, 724473815
919, 4469595, 971648, 1015297, 990360, 947226, 272532, 272532, 2667548267
924, 4468761, 1331861, 671721, 648306, 1306733, 255070, 255070, 2497617491
931, 4469163, 1256929, 758022, 733684, 1231412, 244558, 244558, 4244544241
928, 4471543, 731213, 1248884, 1223366, 706594, 280743, 280743, 2577833873
930, 4466428, 1304964, 686968, 662806, 1280076, 265807, 265807, 2728114273
929, 4469886, 1025225, 987086, 962578, 1000673, 247162, 247162, 3788397563
935, 4467939, 647469, 1379548, 1353833, 623751, 231669, 231669, 3412401392
933, 4469587, 941852, 1059146, 1034660, 917801, 258064, 258064, 4029324041
934, 4474405, 1065919, 974161, 949850, 1041443, 221516, 221516, 2742554058
932, 4471071, 1078092, 922551, 897776, 1053766, 259443, 259443, 908197882
938, 4468956, 1241001, 775990, 750719, 1215020, 243113, 243113, 541382557
936, 4470234, 1114904, 911937, 887129, 1089366, 233449, 233449, 3465648436
937, 4471636, 915987, 1096029, 1070379, 892043, 248599, 248599, 248062501
942, 4472775, 728449, 1302386, 1276422, 703828, 230845, 230845, 1078001488
939, 4474206, 1463741, 570053, 545744, 1438996, 227836, 227836, 3669263519
940, 4471435, 686458, 1354839, 1329710, 662224, 219102, 219102, 1762673810
941, 4471241, 996341, 1024462, 1000083, 971951, 239202, 239202, 529572677
943, 4472145, 1331896, 676483, 651258, 1306854, 252827, 252827, 1318612678
944, 4473268, 1263263, 754156, 730662, 1237691, 243748, 243748, 1830038457
946, 4471865, 1134845, 878925, 854304, 1110517, 246637, 246637, 194355849
947, 4472499, 821046, 1207536, 1182175, 796538, 232602, 232602, 42428944
945, 4471352, 857671, 1167146, 1141253, 833024, 236129, 236129, 3555931778
949, 4473031, 686000, 1351317, 1325957, 662571, 223593, 223593, 944166722
948, 4483096, 663844, 1369996, 1344265, 641115, 231938, 231938, 1801496526
951, 4479232, 997971, 829879, 806145, 973049, 436094, 436094, 2372347196
955, 4464658, 735453, 1285915, 1259750, 710712, 236414, 236414, 2888114679
950, 4473481, 1139740, 883032, 857806, 1115299, 238802, 238802, 1352133122
957, 4479280, 1090067, 934439, 910157, 1065239, 239689, 239689, 2291409910
952, 4468243, 739968, 1283627, 1258520, 715646, 235241, 235241, 2553267363
956, 4474472, 832635, 1195903, 1171122, 808298, 233257, 233257, 1045068526
958, 4473869, 808113, 1219608, 1195163, 783225, 233880, 233880, 1739423182
954, 4466342, 1269531, 745820, 721805, 1244372, 242407, 242407, 3082298737
959, 4474560, 1052595, 977779, 952996, 1027824, 231683, 231683, 1554617367
963, 4463519, 698057, 1319581, 1294151, 672906, 239412, 239412, 4293668794
953, 4475821, 909505, 1120988, 1096499, 885375, 231727, 231727, 3037368110
961, 4479232, 1223918, 788254, 764071, 1198877, 252056, 252056, 2001122536
962, 4474151, 1131211, 860802, 836503, 1106945, 269345, 269345, 2578922108
966, 4463305, 997597, 1007601, 982088, 973257, 251381, 251381, 25642748
964, 4465407, 817259, 1191613, 1166319, 792308, 248954, 248954, 1245896912
965, 4471284, 1189722, 799961, 776177, 1164272, 270576, 270576, 196977911
960, 4474162, 1467755, 521108, 497958, 1442581, 272380, 272380, 3000612866
968, 4468525, 1318300, 678792, 654735, 1294014, 261342, 261342, 2617674002
967, 4478459, 1228735, 800976, 777358, 1202380, 234505, 234505, 2289990931
969, 4468327, 647175, 1378073, 1353445, 623002, 233316, 233316, 3949944301
971, 4470940, 889407, 1139613, 1114025, 864545, 231675, 231675, 3469284889
972, 4471911, 1196963, 809413, 785192, 1172163, 254090, 254090, 3146073639
975, 4477425, 729394, 1308568, 1283083, 705372, 225504, 225504, 1074657863
974, 4465109, 895591, 1114802, 1089787, 870793, 247068, 247068, 2361032341
970, 4471004, 1256127, 781044, 755972, 1230597, 223632, 223632, 3974050201
973, 4473594, 867892, 1120369, 1095596, 843445, 273146, 273146, 2963604853
976, 4472802, 881269, 1130334, 1106121, 856318, 249380, 249380, 2594310864
980, 4483718, 1043324, 989698, 965796, 1018956, 232972, 232972, 2499779309
978, 4472571, 993070, 1023206, 998765, 968710, 244410, 244410, 2237114
979, 4470430, 853493, 1172362, 1147420, 828637, 234259, 234259, 1864949104
977, 4477079, 1068526, 949216, 924257, 1044554, 245263, 245263, 2233739690
982, 4466777, 857476, 1077842, 1051977, 832188, 323647, 323647, 1635736141
981, 4481606, 714132, 1326357, 1301670, 690719, 224364, 224364, 2938701171
984, 4469466, 1234292, 748147, 724528, 1207689, 277405, 277405, 170879036
985, 4462941, 826741, 1183358, 1158684, 802232, 245963, 245963, 519579001
983, 4466816, 787084, 1232400, 1207748, 763200, 238192, 238192, 2249921087
988, 4478285, 1233654, 788618, 764443, 1208184, 241693, 241693, 2389521167
992, 4466186, 1088816, 922323, 897301, 1063328, 247209, 247209, 3066005600
990, 4477866, 1046329, 980424, 955355, 1021502, 237128, 237128, 1491691465
986, 4475418, 1123903, 889105, 865647, 1098983, 248890, 248890, 3771821643
991, 4473290, 994605, 1018590, 994004, 970229, 247931, 247931, 2631277248
989, 4470962, 950843, 1067667, 1043204, 925900, 241674, 241674, 1040814988
995, 4475298, 844982, 1174380, 1149133, 820155, 243324, 243324, 1558797076
987, 4475901, 1375490, 660761, 636315, 1350943, 226196, 226196, 371395868
998, 4471844, 1310682, 717075, 693163, 1284046, 233439, 233439, 3465109933
997, 4473272, 985247, 1030501, 1006035, 960399, 245545, 245545, 3613190317
993, 4476236, 852609, 1174925, 1150655, 829315, 234366, 234366, 4272795307
999, 4462185, 1062785, 934266, 909333, 1037675, 259063, 259063, 3009165324
994, 4471939, 1085084, 943434, 919618, 1060639, 231582, 231582, 3563080824
996, 4472141, 1000020, 1025463, 1000873, 975281, 235252, 235252, 1272238906
