sample_id, N_active, N_A_1, N_B_1, N_A_0, N_B_0, N_A_*, N_B_*, seed
5, 4205985, 898909, 946436, 907764, 861318, 295779, 295779, 3157557712
3, 4205664, 830259, 986725, 947471, 793357, 323926, 323926, 181870594
10, 4210467, 849848, 1007653, 968905, 812519, 285771, 285771, 3285608977
7, 4201792, 912937, 933659, 895685, 875325, 292093, 292093, 2853246517
1, 4205325, 957714, 896597, 858452, 919724, 286419, 286419, 731925208
2, 4214776, 882657, 971496, 933587, 845212, 290912, 290912, 1087215802
8, 4208774, 907955, 938270, 900802, 869711, 296018, 296018, 2609828467
6, 4208496, 838821, 998683, 960577, 801003, 304706, 304706, 2615991327
13, 4210715, 857078, 991087, 952812, 820318, 294710, 294710, 2750909657
14, 4213865, 814421, 1016649, 977125, 777958, 313856, 313856, 4041802918
0, 4210963, 867231, 986389, 947895, 830682, 289383, 289383, 3885654029
15, 4210644, 981068, 865530, 827972, 942242, 296916, 296916, 929849612
12, 4205897, 882367, 966922, 929156, 844652, 291400, 291400, 1602220138
11, 4214813, 885866, 941329, 903696, 849390, 317266, 317266, 4090095686
9, 4210206, 948693, 906428, 869587, 910486, 287506, 287506, 2685957760
4, 4211727, 964271, 883301, 845622, 925381, 296576, 296576, 1075009373
20, 4207071, 856429, 994680, 955932, 818372, 290829, 290829, 583651938
19, 4211393, 949376, 889138, 851897, 911324, 304829, 304829, 142516768
16, 4204292, 984781, 861384, 822790, 946801, 294268, 294268, 3535150971
18, 4208762, 873543, 964082, 925602, 835673, 304931, 304931, 1633480492
23, 4211538, 892818, 954573, 915518, 855845, 296392, 296392, 3464132276
21, 4207048, 939916, 898639, 861145, 901852, 302748, 302748, 3703610065
17, 4207869, 973929, 871475, 833845, 935602, 296509, 296509, 3880060759
26, 4212396, 942214, 919238, 880338, 904338, 283134, 283134, 2555795331
28, 4208201, 886136, 965738, 928162, 848551, 289807, 289807, 685342382
24, 4211906, 919385, 939547, 902815, 881639, 284260, 284260, 611538770
27, 4209962, 960614, 902767, 865395, 922044, 279571, 279571, 228847106
25, 4204514, 1023815, 820687, 782770, 985086, 296078, 296078, 445889635
29, 4209109, 822281, 1009948, 971096, 784528, 310628, 310628, 577945896
22, 4218761, 970015, 883405, 846694, 932873, 292887, 292887, 1258760042
30, 4207531, 1027312, 829309, 791778, 988280, 285426, 285426, 4196725643
31, 4206316, 870500, 978934, 939995, 832557, 292165, 292165, 2239708631
32, 4203480, 846107, 1004478, 964782, 808285, 289914, 289914, 2234574955
33, 4207149, 914656, 931616, 893980, 875869, 295514, 295514, 1439699795
34, 4208553, 907911, 939456, 902338, 869756, 294546, 294546, 2342824415
36, 4210348, 907428, 944869, 906950, 869525, 290788, 290788, 1416593580
35, 4210692, 873566, 978916, 940392, 835142, 291338, 291338, 3383815315
38, 4204931, 902829, 952989, 914929, 864834, 284675, 284675, 326284110
39, 4210164, 832868, 1012732, 975187, 794645, 297366, 297366, 1631151766
43, 4203041, 937273, 906740, 868395, 899221, 295706, 295706, 346721603
40, 4214183, 874880, 973976, 936699, 837484, 295572, 295572, 1679835215
42, 4208694, 1022246, 840193, 802888, 983993, 279687, 279687, 2299157474
37, 4215060, 1058229, 796341, 759587, 1020013, 290445, 290445, 2813163904
44, 4208063, 889708, 954327, 914905, 851821, 298651, 298651, 1577788021
45, 4204601, 991655, 839341, 801169, 953258, 309589, 309589, 776131649
41, 4214283, 936604, 918472, 880912, 899619, 289338, 289338, 840130067
46, 4210308, 918147, 934264, 895112, 881461, 290662, 290662, 1549823235
47, 4210928, 965294, 880648, 843149, 926209, 297814, 297814, 1570257787
48, 4207145, 826991, 1010328, 971933, 789383, 304255, 304255, 4112558392
49, 4218878, 967224, 891297, 854256, 930047, 288027, 288027, 1080568066
50, 4203369, 989910, 865342, 827001, 950818, 285149, 285149, 2615433073
51, 4209778, 924031, 932254, 894012, 885643, 286919, 286919, 4285692929
59, 4207591, 906386, 946391, 908416, 867588, 289405, 289405, 1329549306
52, 4208045, 1034086, 794345, 758187, 995585, 312921, 312921, 2456919046
57, 4201369, 905609, 907612, 868549, 867485, 326057, 326057, 1088123773
55, 4202562, 922496, 927010, 888982, 884550, 289762, 289762, 396078499
53, 4208736, 945348, 896785, 858639, 907522, 300221, 300221, 3209856289
54, 4204113, 904694, 945531, 906380, 867674, 289917, 289917, 2533397543
56, 4210021, 895209, 953507, 915889, 858576, 293420, 293420, 980097468
58, 4209584, 946952, 914007, 876294, 909221, 281555, 281555, 2201147615
60, 4203451, 921439, 914192, 875911, 884047, 303931, 303931, 826368874
61, 4213510, 931975, 920095, 882909, 893933, 292299, 292299, 2417937918
62, 4210880, 914831, 935504, 897055, 876562, 293464, 293464, 670582812
66, 4209215, 883360, 965640, 926980, 845527, 293854, 293854, 2574799756
64, 4203061, 862619, 963948, 925259, 824889, 313173, 313173, 1003818226
65, 4206451, 903478, 937292, 898907, 866266, 300254, 300254, 2561586073
63, 4209394, 963199, 876081, 838686, 925754, 302837, 302837, 213963248
67, 4209018, 923998, 914575, 877025, 885994, 303713, 303713, 616966966
68, 4201681, 961944, 880046, 842369, 923656, 296833, 296833, 3187045022
71, 4207721, 1038929, 796736, 760331, 1000195, 305765, 305765, 3464685634
69, 4217255, 1014831, 846567, 809516, 976741, 284800, 284800, 1064386614
70, 4202336, 1004464, 839809, 803209, 964962, 294946, 294946, 3668199200
76, 4210220, 956125, 909000, 871743, 918036, 277658, 277658, 3218578396
72, 4205573, 959673, 893923, 855844, 921767, 287183, 287183, 291864583
75, 4207157, 948791, 869105, 831191, 911184, 323443, 323443, 1992439779
77, 4211103, 857306, 981629, 942866, 819926, 304688, 304688, 3233482255
74, 4213075, 915708, 938277, 899862, 877834, 290697, 290697, 74007729
73, 4207686, 1022490, 826298, 788560, 983196, 293571, 293571, 1359180625
78, 4215893, 960634, 895850, 859053, 923290, 288533, 288533, 3345514945
82, 4204823, 918619, 916370, 878871, 881565, 304699, 304699, 2807596035
80, 4214585, 902322, 955371, 917175, 865165, 287276, 287276, 672706568
81, 4199718, 1013505, 834369, 797195, 973353, 290648, 290648, 671666255
79, 4217311, 964876, 892071, 854285, 927735, 289172, 289172, 2211827610
83, 4213018, 903843, 928551, 890200, 866792, 311816, 311816, 2654742295
86, 4205562, 888895, 959295, 920506, 851294, 292786, 292786, 346168089
88, 4215757, 983829, 870245, 833067, 945818, 291399, 291399, 1172242898
84, 4204757, 874176, 976198, 936897, 835824, 290831, 290831, 2852670864
87, 4204120, 878460, 948451, 909379, 841030, 313400, 313400, 361903690
91, 4213525, 980984, 866941, 829787, 942419, 296697, 296697, 2646516439
90, 4209652, 917027, 937570, 899867, 879356, 287916, 287916, 2065758100
92, 4203939, 906616, 933675, 895132, 868574, 299971, 299971, 1775486795
85, 4216305, 927460, 929634, 893407, 889952, 287926, 287926, 1453521264
89, 4206938, 882483, 974034, 934954, 845229, 285119, 285119, 4135251791
93, 4205995, 858863, 983680, 945221, 820937, 298647, 298647, 1170677634
94, 4208967, 1001058, 858342, 820243, 962320, 283502, 283502, 1924698387
96, 4208770, 875474, 970568, 932031, 838135, 296281, 296281, 141852673
98, 4212253, 864601, 975697, 937441, 827300, 303607, 303607, 1992788650
100, 4214741, 898915, 957068, 918595, 861805, 289179, 289179, 994880794
99, 4206216, 960926, 895723, 857456, 922547, 284782, 284782, 2177319574
95, 4206405, 1030442, 817583, 780971, 991867, 292771, 292771, 940450514
97, 4207049, 1001192, 852714, 815253, 961988, 287951, 287951, 817110889
105, 4210307, 865723, 979452, 941440, 827660, 298016, 298016, 845447423
102, 4212221, 1071009, 763046, 726085, 1032605, 309738, 309738, 1568573936
103, 4208664, 931483, 923420, 885238, 893517, 287503, 287503, 192618867
104, 4208255, 1006390, 849088, 811830, 968475, 286236, 286236, 1764667635
109, 4200415, 945427, 896303, 858125, 906838, 296861, 296861, 3667425005
101, 4203855, 1095369, 747970, 711487, 1055793, 296618, 296618, 1855787175
106, 4207783, 927413, 927593, 890069, 889870, 286419, 286419, 339580766
107, 4206383, 966005, 882288, 844799, 927907, 292692, 292692, 2686994886
108, 4208369, 889918, 955329, 917247, 852379, 296748, 296748, 1877865707
112, 4211182, 811530, 1056658, 1018360, 774212, 275211, 275211, 2839807954
110, 4216044, 843094, 1012677, 975063, 806580, 289315, 289315, 3211577935
111, 4205216, 986595, 852691, 814782, 946730, 302209, 302209, 2912184423
113, 4210548, 899279, 950041, 911810, 861414, 294002, 294002, 568534479
116, 4202617, 851528, 997205, 957860, 813992, 291016, 291016, 3645944889
115, 4216240, 818370, 1041310, 1003196, 781860, 285752, 285752, 1772869891
117, 4205626, 885504, 964770, 926695, 848293, 290182, 290182, 668186443
114, 4194356, 868544, 976474, 937076, 829300, 291481, 291481, 505711377
120, 4217017, 924096, 937786, 899786, 886605, 284372, 284372, 3502671492
124, 4209177, 973215, 855196, 817583, 934841, 314171, 314171, 4169921863
121, 4201826, 936227, 894119, 856196, 898660, 308312, 308312, 1879882168
119, 4212506, 849018, 1001671, 963088, 812923, 292903, 292903, 2199418136
123, 4213469, 838085, 1014909, 976465, 801006, 291502, 291502, 3579978040
118, 4213663, 1086512, 772698, 737711, 1046984, 284879, 284879, 2544931390
125, 4204651, 947556, 898094, 859541, 908572, 295444, 295444, 1902273933
122, 4202600, 1041762, 805085, 767917, 1001810, 293013, 293013, 319545300
126, 4202998, 865823, 972624, 934382, 827775, 301197, 301197, 3698623180
128, 4206397, 960385, 889106, 851285, 922493, 291564, 291564, 472652801
129, 4213631, 918602, 938614, 900629, 881332, 287227, 287227, 3037984085
130, 4211377, 905056, 946856, 908573, 867654, 291619, 291619, 2798763143
127, 4213614, 979556, 886880, 849575, 941541, 278031, 278031, 4242740361
131, 4212291, 978269, 880862, 844219, 940001, 284470, 284470, 208449436
132, 4203608, 902111, 935510, 897142, 864147, 302349, 302349, 275273835
133, 4216572, 908443, 945598, 907920, 870765, 291923, 291923, 4067754667
134, 4203054, 1008528, 837965, 800236, 968953, 293686, 293686, 6899966
136, 4215054, 940154, 914701, 877600, 902497, 290051, 290051, 1084265319
141, 4206419, 932574, 908940, 869945, 894080, 300440, 300440, 1644758763
139, 4201458, 928161, 902921, 865459, 889327, 307795, 307795, 2155052851
138, 4219033, 939895, 928442, 891025, 902313, 278679, 278679, 3630672413
137, 4202538, 919329, 935104, 896790, 882189, 284563, 284563, 1513711335
140, 4206737, 920235, 916687, 878019, 882590, 304603, 304603, 3122856194
135, 4209011, 959004, 897875, 859465, 921289, 285689, 285689, 3181192810
142, 4218079, 921740, 922248, 884415, 885064, 302306, 302306, 794295625
143, 4204941, 946474, 895630, 857738, 908905, 298097, 298097, 749271711
145, 4203476, 966699, 872222, 834387, 928298, 300935, 300935, 3340874378
148, 4213477, 928040, 908003, 870746, 889570, 308559, 308559, 4055957652
144, 4212863, 813915, 1040415, 1001581, 777208, 289872, 289872, 2715770468
150, 4209669, 893258, 964505, 926121, 854493, 285646, 285646, 2998028839
146, 4207222, 935526, 906927, 868654, 896669, 299723, 299723, 226069833
147, 4204139, 1039601, 816068, 778761, 1000529, 284590, 284590, 3122706315
149, 4212296, 931528, 904553, 867262, 893481, 307736, 307736, 292409237
151, 4208206, 936597, 904024, 866779, 897848, 301479, 301479, 1810505048
155, 4216133, 805008, 1051117, 1013061, 768493, 289227, 289227, 451813658
152, 4208418, 938366, 914997, 877407, 900012, 288818, 288818, 1720657341
153, 4209885, 985155, 869471, 832659, 946812, 287894, 287894, 1717277181
154, 4212323, 901118, 947972, 909585, 864112, 294768, 294768, 3712595379
156, 4213240, 927592, 917010, 879443, 890099, 299548, 299548, 3399938968
157, 4214943, 1001472, 843697, 806668, 963538, 299784, 299784, 424499032
158, 4207471, 911717, 948989, 911151, 873694, 280960, 280960, 579083272
159, 4210663, 986412, 873242, 835402, 948179, 283714, 283714, 4025471627
165, 4204997, 882427, 945649, 906809, 844830, 312641, 312641, 528515203
161, 4207703, 892244, 958533, 921156, 854026, 290872, 290872, 1033753360
162, 4213119, 845370, 1013870, 976055, 808326, 284749, 284749, 1062439491
160, 4206865, 877189, 967286, 929492, 839386, 296756, 296756, 46318303
164, 4215482, 979800, 864582, 826660, 941684, 301378, 301378, 843108003
170, 4207579, 1052525, 806191, 769145, 1013328, 283195, 283195, 28216461
166, 4208019, 922287, 934573, 896472, 883757, 285465, 285465, 1246884526
169, 4213890, 987897, 861640, 824756, 949705, 294946, 294946, 2210651646
163, 4211124, 866655, 962355, 924586, 830126, 313701, 313701, 3940340146
172, 4208094, 914566, 942932, 904720, 877052, 284412, 284412, 1119145287
168, 4215190, 921658, 927707, 890464, 883567, 295897, 295897, 1746259099
167, 4211150, 946627, 909974, 871547, 908982, 287010, 287010, 3095699901
171, 4212087, 900376, 953776, 915338, 862327, 290135, 290135, 1075105322
173, 4207554, 996021, 846928, 810226, 956843, 298768, 298768, 440495443
174, 4209550, 1015616, 835052, 797974, 977146, 291881, 291881, 1324366533
175, 4199576, 786920, 1053517, 1013497, 749804, 297919, 297919, 3583724432
176, 4213896, 958479, 876846, 839608, 919995, 309484, 309484, 3950545456
178, 4213965, 980851, 880745, 843446, 944241, 282341, 282341, 3123802988
179, 4207619, 1025083, 812792, 775396, 986536, 303906, 303906, 1157714750
180, 4209624, 885308, 956138, 917877, 848013, 301144, 301144, 2614447211
177, 4211764, 1012503, 825437, 788392, 973352, 306040, 306040, 1558236223
181, 4208940, 1005541, 841319, 804226, 965776, 296039, 296039, 1219920229
182, 4210051, 944919, 893172, 855533, 906635, 304896, 304896, 3826738191
185, 4206092, 902890, 948630, 910446, 863690, 290218, 290218, 152046590
186, 4210928, 917885, 932813, 894647, 880337, 292623, 292623, 3487268703
183, 4207051, 934126, 923910, 886304, 896369, 283171, 283171, 2708444642
184, 4211547, 865056, 986163, 947906, 828206, 292108, 292108, 3028208354
187, 4215338, 887034, 968634, 931354, 850256, 289030, 289030, 2731558454
189, 4204388, 835404, 1008403, 969935, 798512, 296067, 296067, 2159541806
190, 4206253, 784437, 1060550, 1020774, 748288, 296102, 296102, 3183714228
191, 4208525, 878335, 963129, 925126, 840607, 300664, 300664, 2193290949
188, 4200432, 853617, 996460, 956615, 815840, 288950, 288950, 3039923810
192, 4205074, 864730, 986752, 948444, 826238, 289455, 289455, 3662017852
196, 4210678, 921687, 906604, 869606, 883845, 314468, 314468, 4031109974
197, 4212948, 909837, 935951, 897728, 871570, 298931, 298931, 3487985036
193, 4208446, 1109408, 713704, 676904, 1070648, 318891, 318891, 3121783607
195, 4209328, 1001842, 847120, 810320, 964072, 292987, 292987, 2737487962
194, 4210927, 1106756, 739379, 703151, 1066893, 297374, 297374, 628739666
201, 4206419, 871568, 981616, 943197, 834174, 287932, 287932, 1856500126
199, 4205243, 882087, 965201, 927171, 844484, 293150, 293150, 604245263
198, 4210897, 920638, 936900, 899541, 883514, 285152, 285152, 2894414271
203, 4207736, 966828, 872014, 835004, 928346, 302772, 302772, 93831809
202, 4201656, 975362, 865896, 828125, 937549, 297362, 297362, 3974670907
204, 4204536, 900943, 949667, 911803, 863771, 289176, 289176, 3047944047
200, 4205769, 931418, 899491, 861820, 892950, 310045, 310045, 1110334089
205, 4200099, 868414, 978891, 940243, 831101, 290725, 290725, 2739215041
206, 4204881, 952943, 890025, 851441, 915396, 297538, 297538, 2780627454
207, 4208317, 929684, 902958, 864326, 891609, 309870, 309870, 649993774
208, 4215887, 940509, 897024, 859742, 902448, 308082, 308082, 86364476
209, 4205704, 899414, 936690, 897895, 861603, 305051, 305051, 1054511340
211, 4202199, 863856, 979140, 940831, 826428, 295972, 295972, 4225115728
212, 4213902, 829075, 1033972, 995386, 792103, 281683, 281683, 721758924
210, 4205254, 831976, 1021449, 983031, 794996, 286901, 286901, 4157479690
213, 4213644, 954183, 890629, 853499, 916281, 299526, 299526, 24149479
214, 4216040, 846265, 988724, 949916, 809129, 311003, 311003, 366178756
215, 4202589, 1093562, 761114, 724703, 1053788, 284711, 284711, 2389280678
216, 4205972, 903641, 944335, 906175, 866395, 292713, 292713, 1080164611
219, 4205812, 887527, 948075, 910148, 849724, 305169, 305169, 1555400497
217, 4214296, 973123, 876406, 840220, 935307, 294620, 294620, 179122601
220, 4204836, 944687, 900639, 861986, 907262, 295131, 295131, 1150134450
222, 4216570, 940014, 918178, 881432, 902678, 287134, 287134, 1707316206
221, 4210788, 919285, 925744, 887611, 881516, 298316, 298316, 326072265
223, 4209248, 922645, 912289, 874620, 885284, 307205, 307205, 7656377
218, 4212698, 896407, 938644, 900665, 858834, 309074, 309074, 1859585461
224, 4208655, 913768, 933298, 895341, 875418, 295415, 295415, 878559027
225, 4209133, 967035, 884804, 847262, 928350, 290841, 290841, 3432434035
226, 4195346, 986099, 854148, 816866, 946483, 295875, 295875, 2682273570
227, 4215270, 966229, 873876, 837466, 928871, 304414, 304414, 53866296
229, 4205183, 876354, 966049, 926995, 838361, 298712, 298712, 1828866087
228, 4212867, 976507, 876018, 838304, 938260, 291889, 291889, 1800706330
230, 4207319, 830095, 1016541, 977989, 792254, 295220, 295220, 3704552332
232, 4210163, 858199, 976282, 937139, 820909, 308817, 308817, 2022529559
231, 4203232, 781553, 1057249, 1017848, 743880, 301351, 301351, 3982446473
234, 4208521, 914852, 924039, 886232, 877366, 303016, 303016, 432338611
233, 4212741, 942817, 911171, 873826, 905385, 289771, 289771, 2402939480
236, 4216898, 889721, 975174, 938159, 852260, 280792, 280792, 1194418500
237, 4204196, 870881, 972844, 933682, 832657, 297066, 297066, 228642391
235, 4210708, 885715, 959294, 920333, 848444, 298461, 298461, 4230828995
238, 4202126, 959699, 893621, 856018, 920744, 286022, 286022, 1213916817
239, 4204657, 932221, 921430, 883933, 893303, 286885, 286885, 3612257597
241, 4204138, 1031824, 823160, 785322, 992710, 285561, 285561, 3345115484
240, 4211589, 954762, 890430, 852827, 917522, 298024, 298024, 935419905
242, 4206485, 983337, 871763, 833610, 944725, 286525, 286525, 1779432887
243, 4206748, 950993, 892587, 854716, 913648, 297402, 297402, 4098252098
244, 4207064, 887075, 958153, 919431, 849375, 296515, 296515, 3983155745
246, 4212021, 941348, 907271, 869772, 902956, 295337, 295337, 948188424
248, 4203072, 866939, 975411, 936685, 828513, 297762, 297762, 3618776662
247, 4202640, 895250, 944743, 906116, 857395, 299568, 299568, 126755796
245, 4207612, 850735, 1002454, 964067, 813286, 288535, 288535, 4050221939
249, 4205417, 961382, 879946, 842434, 922595, 299530, 299530, 1855328529
251, 4201067, 890972, 958864, 920539, 852938, 288877, 288877, 1663438022
253, 4211831, 983403, 879592, 841039, 944387, 281705, 281705, 600612833
254, 4205818, 861924, 972547, 934230, 824501, 306308, 306308, 323784142
250, 4212348, 881280, 963103, 926277, 844354, 298667, 298667, 112760627
255, 4209379, 926884, 926482, 888945, 888738, 289165, 289165, 2538088051
252, 4208674, 887198, 954445, 916700, 849563, 300384, 300384, 2148976158
256, 4211011, 865089, 978260, 939392, 828104, 300083, 300083, 2484687697
257, 4209350, 1042166, 802251, 764745, 1004190, 297999, 297999, 2277339414
258, 4201640, 877409, 975206, 936818, 839855, 286176, 286176, 502307498
259, 4212534, 839172, 1008579, 969920, 801337, 296763, 296763, 3735555118
261, 4211053, 909245, 953509, 915209, 871252, 280919, 280919, 1959634742
260, 4205919, 889173, 949822, 912001, 850875, 302024, 302024, 1581951359
265, 4203565, 815046, 1037842, 997845, 777198, 287817, 287817, 3791951618
264, 4208600, 945892, 910132, 871950, 907424, 286601, 286601, 2258595020
263, 4212887, 812126, 1041162, 1003137, 776272, 290095, 290095, 3861755601
266, 4201914, 880162, 968029, 929053, 842456, 291107, 291107, 3445704210
262, 4210009, 930896, 912444, 874971, 891698, 300000, 300000, 1112871623
269, 4208886, 907581, 948145, 909544, 869712, 286952, 286952, 3302738941
268, 4204489, 881386, 947943, 909657, 842779, 311362, 311362, 1020712648
267, 4201483, 1025880, 807016, 769500, 987301, 305893, 305893, 355617923
270, 4203042, 910661, 920640, 882217, 872898, 308313, 308313, 1091871297
271, 4202659, 915562, 929875, 891872, 876934, 294208, 294208, 3566096302
272, 4216964, 812983, 1016061, 978650, 776822, 316224, 316224, 3107270724
273, 4212045, 825446, 1025903, 986971, 787371, 293177, 293177, 4230610667
274, 4209901, 994996, 859266, 821451, 955992, 289098, 289098, 2331535399
277, 4203485, 1021858, 824513, 786045, 983479, 293795, 293795, 2447494407
275, 4210120, 957290, 882944, 844063, 919227, 303298, 303298, 243040239
276, 4209880, 897851, 941093, 903662, 860178, 303548, 303548, 1458553358
280, 4203639, 957852, 886077, 847604, 919096, 296505, 296505, 2331717536
278, 4214530, 1008027, 852223, 815070, 970104, 284553, 284553, 3669219113
281, 4210276, 887262, 957496, 918972, 850122, 298212, 298212, 1070209678
279, 4203830, 901630, 940549, 901889, 864082, 297840, 297840, 2718716974
282, 4206558, 972750, 878573, 841067, 933680, 290244, 290244, 2895822207
285, 4206668, 891675, 956008, 916979, 854086, 293960, 293960, 1342785828
283, 4210093, 920623, 938282, 900686, 881884, 284309, 284309, 2990395646
284, 4207839, 902491, 934149, 895639, 865106, 305227, 305227, 740377968
286, 4207194, 968703, 876587, 838933, 930569, 296201, 296201, 3546403433
288, 4217849, 933108, 913127, 875206, 895744, 300332, 300332, 2153450677
287, 4203389, 818287, 1024640, 986090, 781538, 296417, 296417, 3836651393
289, 4206262, 973308, 850490, 813164, 935614, 316843, 316843, 3245035732
291, 4201365, 951360, 893431, 855937, 912847, 293895, 293895, 3040187932
292, 4214842, 882255, 960250, 921955, 845692, 302345, 302345, 3748796258
290, 4206894, 915840, 916452, 878429, 877429, 309372, 309372, 1936112358
293, 4204854, 902433, 950526, 912014, 863851, 288015, 288015, 2568447495
295, 4207885, 854697, 993411, 955185, 816486, 294053, 294053, 360369674
296, 4207069, 968515, 886767, 848765, 931020, 286001, 286001, 2316540223
294, 4205407, 933451, 918229, 880371, 894656, 289350, 289350, 1789696276
297, 4206390, 955048, 888169, 850152, 917283, 297869, 297869, 3118726494
298, 4207830, 896790, 945439, 907258, 859359, 299492, 299492, 1674841213
299, 4209618, 853881, 987818, 948581, 817332, 301003, 301003, 1389100541
300, 4214482, 1039309, 817097, 780720, 1000046, 288655, 288655, 2546941720
301, 4205484, 915080, 919273, 880389, 876996, 306873, 306873, 162032306
303, 4208455, 990965, 858506, 821361, 951489, 293067, 293067, 3768203061
302, 4215252, 936097, 912156, 873884, 899011, 297052, 297052, 1838608788
304, 4207806, 906974, 937065, 898833, 869112, 297911, 297911, 3372417358
305, 4213270, 1061224, 797281, 760133, 1023246, 285693, 285693, 3215597155
307, 4199903, 941227, 894498, 856123, 902749, 302653, 302653, 871562958
306, 4206484, 1025714, 815131, 778066, 986257, 300658, 300658, 1655542067
308, 4213295, 973323, 873004, 835959, 935429, 297790, 297790, 3691045308
309, 4212066, 858644, 994899, 956324, 822085, 290057, 290057, 4072530108
311, 4205912, 977276, 867816, 829477, 939153, 296095, 296095, 1675284119
310, 4213493, 1003949, 849475, 812017, 966166, 290943, 290943, 3499616996
312, 4202798, 997135, 855801, 818751, 957597, 286757, 286757, 2369937433
316, 4206767, 901731, 935377, 897839, 864012, 303904, 303904, 2131493001
318, 4211253, 1027012, 829513, 792758, 988014, 286978, 286978, 1849812894
319, 4212473, 901223, 963307, 925458, 864403, 279041, 279041, 3824354598
313, 4213342, 803507, 1042590, 1004066, 766137, 298521, 298521, 548882374
314, 4202843, 973018, 857750, 819921, 934512, 308821, 308821, 3398027970
315, 4209978, 862973, 976610, 938292, 825347, 303378, 303378, 717781632
321, 4218300, 899442, 954787, 917357, 861546, 292584, 292584, 3158221731
320, 4201542, 936674, 898501, 860242, 898329, 303898, 303898, 3991455584
317, 4212422, 974335, 851129, 813761, 935999, 318599, 318599, 3654823961
323, 4211383, 877275, 984308, 945759, 839975, 282033, 282033, 1717584725
324, 4205375, 906615, 946876, 908603, 868841, 287220, 287220, 883663679
325, 4202277, 934186, 895578, 857469, 895372, 309836, 309836, 1234096296
322, 4208091, 888306, 950373, 912297, 850571, 303272, 303272, 373151796
326, 4207342, 956824, 899596, 862173, 918705, 285022, 285022, 2553922079
328, 4211916, 941366, 908048, 870052, 904266, 294092, 294092, 1426149325
327, 4215916, 925915, 928583, 890773, 888619, 291013, 291013, 3770631304
329, 4209855, 1089997, 759291, 722371, 1051388, 293404, 293404, 11907348
332, 4210416, 938719, 909865, 871732, 900230, 294935, 294935, 719840726
331, 4203222, 930989, 929948, 891397, 892302, 279293, 279293, 3958062494
330, 4206034, 923103, 902089, 864426, 884686, 315865, 315865, 2494115851
335, 4217095, 930102, 910012, 872228, 892375, 306189, 306189, 398254361
336, 4210622, 943790, 912107, 873698, 905533, 287747, 287747, 4090973232
333, 4204827, 899274, 938646, 900386, 860815, 302853, 302853, 2797821968
334, 4215052, 1064229, 790240, 753957, 1025126, 290750, 290750, 4233948834
337, 4216686, 996157, 849534, 813495, 957618, 299941, 299941, 1121083127
340, 4213705, 982380, 868536, 831183, 943866, 293870, 293870, 2989564100
338, 4205312, 933679, 901007, 863375, 895213, 306019, 306019, 4150189958
339, 4203398, 992313, 833861, 797096, 952574, 313777, 313777, 4230570376
342, 4201399, 972545, 878779, 841405, 932888, 287891, 287891, 2406124787
341, 4204012, 895105, 956854, 918264, 856685, 288552, 288552, 2774859608
343, 4215705, 887168, 953558, 915610, 848967, 305201, 305201, 202750683
346, 4211268, 959068, 883166, 845783, 921331, 300960, 300960, 1638128697
344, 4219524, 934719, 909429, 872530, 896504, 303171, 303171, 398968371
349, 4205227, 884571, 965983, 927558, 846637, 290239, 290239, 2392099224
351, 4206966, 938079, 916525, 879357, 899699, 286653, 286653, 1882928002
350, 4211381, 806530, 1029853, 990995, 770279, 306862, 306862, 1402018926
345, 4210364, 1047223, 810261, 772989, 1008817, 285537, 285537, 831087604
347, 4207472, 984386, 855137, 817895, 945052, 302501, 302501, 603129889
348, 4209176, 995183, 851978, 814743, 956078, 295597, 295597, 15369244
353, 4207115, 796936, 1057785, 1018022, 760242, 287065, 287065, 2077688898
352, 4212325, 871875, 956534, 918353, 834469, 315547, 315547, 3179769928
354, 4211724, 799997, 1048336, 1009660, 762733, 295499, 295499, 3912067804
355, 4210835, 927901, 913204, 876043, 889061, 302313, 302313, 343297910
359, 4208874, 969740, 874810, 837965, 931579, 297390, 297390, 2654496322
356, 4218682, 1035733, 817757, 781143, 996519, 293765, 293765, 759397627
357, 4206902, 884339, 956391, 916957, 846963, 301126, 301126, 4132672588
360, 4204997, 906433, 938954, 901044, 868212, 295177, 295177, 177789001
361, 4203766, 885569, 969169, 931094, 847164, 285385, 285385, 4276319374
358, 4216691, 917276, 946700, 909270, 880123, 281661, 281661, 3975174861
362, 4202750, 871748, 968694, 929855, 834621, 298916, 298916, 3313247307
363, 4209032, 984405, 866934, 829338, 945785, 291285, 291285, 1702869674
364, 4208949, 913907, 949200, 910886, 876484, 279236, 279236, 984073493
366, 4211765, 1031900, 821094, 784631, 992236, 290952, 290952, 169101668
367, 4207371, 911886, 938182, 900856, 874205, 291121, 291121, 1437921548
365, 4210628, 997544, 848245, 810021, 958826, 297996, 297996, 1482115327
369, 4212435, 986608, 870223, 834036, 947694, 286937, 286937, 2605278041
368, 4210735, 959515, 897601, 860839, 921530, 285625, 285625, 2433914009
370, 4210801, 921111, 933138, 895045, 883029, 289239, 289239, 1059439287
371, 4200786, 945045, 879527, 841258, 906498, 314229, 314229, 432416670
374, 4208839, 911796, 932438, 894693, 874268, 297822, 297822, 103635506
373, 4204867, 896598, 947280, 909199, 859140, 296325, 296325, 1356131127
376, 4204082, 958242, 876021, 837850, 920503, 305733, 305733, 1359333540
372, 4206231, 990080, 853109, 815913, 951689, 297720, 297720, 3177310805
377, 4206228, 896899, 953986, 915407, 859508, 290214, 290214, 2608959188
378, 4213658, 896683, 943886, 906675, 859224, 303595, 303595, 1466377790
375, 4205778, 923812, 917091, 879505, 884968, 300201, 300201, 110397799
379, 4204483, 851800, 991793, 953149, 813981, 296880, 296880, 459271472
381, 4208256, 998166, 843845, 807195, 960222, 299414, 299414, 515227328
382, 4208557, 975206, 868963, 832390, 936868, 297565, 297565, 1951997402
384, 4209572, 894974, 955980, 918356, 857022, 291620, 291620, 96897665
380, 4211308, 928648, 917812, 880133, 891217, 296749, 296749, 1900543070
383, 4205293, 964269, 891784, 853250, 925950, 285020, 285020, 4049508437
385, 4202718, 919034, 904482, 866129, 881155, 315959, 315959, 726751883
386, 4207191, 979957, 861320, 823717, 940111, 301043, 301043, 3546330075
387, 4219182, 992831, 861565, 823809, 955429, 292774, 292774, 2924699541
388, 4213467, 919284, 929376, 892072, 881425, 295655, 295655, 2982858378
389, 4210496, 1005541, 854460, 817476, 966277, 283371, 283371, 3459028594
392, 4213920, 886648, 974959, 937192, 848811, 283155, 283155, 637732872
391, 4210307, 916724, 932919, 894170, 879892, 293301, 293301, 1156136173
390, 4217539, 828947, 1025059, 986992, 793029, 291756, 291756, 872578143
394, 4210294, 929179, 911796, 874291, 891566, 301731, 301731, 3632326991
396, 4205092, 874215, 961326, 923148, 837197, 304603, 304603, 3545003178
395, 4217066, 897165, 957971, 919761, 859631, 291269, 291269, 4085269907
393, 4206419, 923326, 914990, 877673, 886122, 302154, 302154, 3363344004
397, 4209448, 996107, 853362, 815407, 957468, 293552, 293552, 162592002
401, 4211126, 801021, 1055693, 1016644, 764564, 286602, 286602, 2007534377
398, 4213439, 917412, 936419, 898277, 879883, 290724, 290724, 3157723378
400, 4211456, 918350, 931514, 893106, 881438, 293524, 293524, 3860540742
399, 4208834, 1053346, 798606, 761776, 1014786, 290160, 290160, 2367181513
402, 4203282, 928113, 912200, 874331, 890070, 299284, 299284, 649139837
403, 4205387, 987172, 861848, 823857, 948210, 292150, 292150, 2790632759
407, 4208771, 960795, 886305, 847952, 923161, 295279, 295279, 938736681
405, 4205321, 921612, 923318, 884810, 883855, 295863, 295863, 2887223227
404, 4215119, 888018, 963426, 925841, 849918, 293958, 293958, 3162584905
406, 4206266, 911196, 939303, 900212, 873637, 290959, 290959, 1742894223
408, 4213294, 903544, 943559, 905970, 866263, 296979, 296979, 3157779433
409, 4204924, 878809, 963027, 924422, 840828, 298919, 298919, 1352468689
410, 4207666, 943777, 900944, 862863, 904396, 297843, 297843, 2633460577
411, 4213184, 904028, 926693, 888667, 866830, 313483, 313483, 1336816428
412, 4214415, 934276, 904346, 867317, 896072, 306202, 306202, 2174055105
413, 4204215, 894946, 931119, 892768, 857178, 314102, 314102, 2053827181
414, 4208781, 897122, 953750, 915714, 859233, 291481, 291481, 2115378381
415, 4200731, 911892, 936153, 897452, 873086, 291074, 291074, 663835381
418, 4204607, 969380, 879967, 841423, 930591, 291623, 291623, 1390565240
416, 4207224, 965302, 881312, 844247, 927473, 294445, 294445, 2012596513
417, 4203348, 896841, 966948, 928285, 859186, 276044, 276044, 1345136541
419, 4207374, 895991, 945330, 907344, 858307, 300201, 300201, 4224775648
420, 4216546, 924342, 933065, 895637, 887196, 288153, 288153, 2817501704
422, 4214178, 1003120, 859439, 821979, 964432, 282604, 282604, 3023412847
423, 4208636, 799877, 1051120, 1011816, 762551, 291636, 291636, 824299673
421, 4207836, 923453, 932092, 894050, 884885, 286678, 286678, 3746713137
424, 4210042, 976625, 890391, 852062, 937668, 276648, 276648, 1461422443
425, 4213485, 953803, 871161, 834538, 916199, 318892, 318892, 4149724943
427, 4208426, 933482, 921520, 883986, 895424, 287007, 287007, 2471900518
429, 4205496, 897108, 954514, 915933, 859417, 289262, 289262, 3075084417
431, 4209200, 878753, 966244, 927937, 841996, 297135, 297135, 615389112
430, 4208501, 908743, 944311, 905978, 870241, 289614, 289614, 3736677715
428, 4216859, 883477, 976242, 937519, 846901, 286360, 286360, 2717696809
426, 4208994, 887629, 964481, 926079, 849437, 290684, 290684, 65735310
432, 4213425, 968840, 894660, 856613, 931114, 281099, 281099, 3035012494
434, 4206207, 974904, 867869, 830185, 936721, 298264, 298264, 698421773
433, 4210202, 967461, 870470, 833007, 929112, 305076, 305076, 1451963047
435, 4208040, 962805, 882273, 844444, 924714, 296902, 296902, 3548517294
437, 4206249, 943778, 910897, 872024, 905872, 286839, 286839, 2536269164
436, 4211392, 969641, 866460, 828330, 931631, 307665, 307665, 4205923053
439, 4207688, 986582, 862352, 825394, 947832, 292764, 292764, 787075
438, 4204250, 958893, 871520, 833793, 920802, 309621, 309621, 2760723074
440, 4210062, 959836, 903670, 864956, 922596, 279502, 279502, 3917554569
441, 4208059, 891651, 945359, 906971, 853362, 305358, 305358, 1779723047
442, 4204811, 922954, 917729, 879537, 885083, 299754, 299754, 3206264730
443, 4204835, 987243, 870416, 832580, 948198, 283199, 283199, 3786646872
448, 4207150, 908399, 948675, 909845, 869943, 285144, 285144, 2497788444
446, 4208824, 877703, 961116, 922309, 839234, 304231, 304231, 2420901054
445, 4215303, 821439, 1012983, 974472, 784483, 310963, 310963, 2363274535
447, 4219183, 956571, 900972, 864431, 918313, 289448, 289448, 2404059755
444, 4212045, 952026, 901391, 863012, 914868, 290374, 290374, 3500313854
449, 4211834, 809721, 1056310, 1017698, 772781, 277662, 277662, 5404850
451, 4203932, 841089, 1005340, 966430, 803791, 293641, 293641, 2949556043
450, 4205057, 955425, 906458, 868710, 916906, 278779, 278779, 3920543194
453, 4204055, 895200, 949812, 910919, 856706, 295709, 295709, 2279044499
452, 4216982, 935503, 917114, 879530, 897679, 293578, 293578, 2706463698
455, 4217771, 905033, 960305, 922767, 867362, 281152, 281152, 3816164979
457, 4216293, 829834, 1028424, 989814, 793021, 287600, 287600, 1656506057
454, 4210826, 889777, 975348, 937016, 852465, 278110, 278110, 1851447078
456, 4201908, 907680, 931824, 894553, 869947, 298952, 298952, 1894486702
458, 4211630, 912685, 924168, 886466, 875203, 306554, 306554, 3251661097
459, 4205516, 946120, 905746, 867405, 907493, 289376, 289376, 3972010994
461, 4210813, 916905, 922083, 883103, 879844, 304439, 304439, 562282632
462, 4220930, 981480, 879220, 842668, 944058, 286752, 286752, 1958896350
460, 4204916, 944647, 890686, 852622, 906135, 305413, 305413, 3417047572
463, 4211053, 889643, 954187, 916146, 851243, 299917, 299917, 1828595092
465, 4207624, 927943, 921219, 882465, 888971, 293513, 293513, 1161695599
466, 4211740, 899086, 950983, 912034, 862009, 293814, 293814, 2153349288
464, 4210873, 1027779, 826329, 790003, 988372, 289195, 289195, 4251203341
467, 4203632, 875961, 957814, 920038, 837667, 306076, 306076, 4207308491
468, 4215878, 910057, 935315, 897303, 871853, 300675, 300675, 312759477
470, 4209242, 892942, 961940, 923813, 854899, 287824, 287824, 1839964472
472, 4209343, 868091, 985531, 947210, 830313, 289099, 289099, 2646448383
471, 4203293, 974685, 869224, 830985, 936195, 296102, 296102, 932288215
474, 4212590, 895210, 958547, 920890, 857083, 290430, 290430, 755208318
469, 4209696, 979840, 859756, 822984, 941430, 302843, 302843, 2766975744
476, 4205991, 932580, 925134, 888231, 894100, 282973, 282973, 3496958538
478, 4210816, 893716, 947443, 910105, 855840, 301856, 301856, 1788460081
473, 4196969, 927934, 920982, 881631, 888496, 288963, 288963, 1362565981
475, 4205829, 1001229, 844610, 806990, 961518, 295741, 295741, 2016756587
482, 4203037, 933539, 891184, 853575, 895535, 314602, 314602, 1676000732
477, 4205087, 889364, 945053, 906684, 851414, 306286, 306286, 26712437
481, 4203284, 946763, 907028, 869210, 908639, 285822, 285822, 3324765468
483, 4209189, 986432, 844010, 807107, 947606, 312017, 312017, 1023181682
480, 4202796, 1069675, 771242, 734053, 1030980, 298423, 298423, 2206483730
479, 4214522, 956948, 893469, 856442, 918755, 294454, 294454, 1831702827
484, 4204623, 800688, 1065658, 1026230, 763503, 274272, 274272, 2260617741
488, 4215133, 905612, 948355, 911249, 868765, 290576, 290576, 4275630475
487, 4203848, 866579, 985661, 946793, 828981, 287917, 287917, 2488930072
485, 4218615, 892838, 956757, 918551, 855455, 297507, 297507, 1693074811
491, 4213109, 857073, 999807, 961135, 820102, 287496, 287496, 888303983
489, 4198478, 1048227, 780755, 742824, 1008578, 309047, 309047, 2239317195
486, 4215385, 956479, 898639, 861577, 919156, 289767, 289767, 1967726634
490, 4203343, 945955, 889641, 851078, 907533, 304568, 304568, 3221486956
494, 4208466, 900757, 938677, 900884, 863236, 302456, 302456, 2791827318
492, 4205376, 945914, 893195, 855782, 907805, 301340, 301340, 188629454
498, 4210953, 947228, 898426, 860932, 908731, 297818, 297818, 279505168
495, 4206992, 939089, 911769, 874416, 901866, 289926, 289926, 2290944463
493, 4207043, 871356, 989929, 951432, 833382, 280472, 280472, 3056121900
499, 4217993, 848485, 999224, 961002, 812284, 298499, 298499, 2196601412
497, 4205006, 929736, 906565, 868795, 891422, 304244, 304244, 2337220063
496, 4209979, 893139, 946464, 909026, 855694, 302828, 302828, 635629691
500, 4205250, 917986, 920900, 882607, 880297, 301730, 301730, 1470531449
502, 4211069, 995860, 868743, 831425, 957829, 278606, 278606, 3447932072
501, 4218126, 943980, 916300, 879735, 906699, 285706, 285706, 1361039798
505, 4203966, 940830, 897847, 859976, 901821, 301746, 301746, 2678042894
506, 4205590, 934034, 916567, 877471, 896314, 290602, 290602, 3769344293
504, 4208511, 939069, 907049, 869354, 900587, 296226, 296226, 166930273
507, 4207064, 917385, 930829, 893740, 880006, 292552, 292552, 1881610147
508, 4216256, 992000, 866355, 829593, 953868, 287220, 287220, 1247432921
503, 4202919, 854523, 987298, 948162, 816886, 298025, 298025, 4179195331
512, 4202767, 967836, 869900, 831829, 929188, 302007, 302007, 214198993
509, 4205333, 978615, 861649, 823997, 938142, 301465, 301465, 3660547920
511, 4217570, 907408, 946761, 909255, 869766, 292190, 292190, 3835488169
513, 4202451, 945527, 883171, 844911, 907474, 310684, 310684, 2337548571
515, 4203172, 787547, 1055275, 1016704, 749596, 297025, 297025, 2798480893
510, 4206314, 984721, 869936, 832571, 946274, 286406, 286406, 623848087
514, 4211551, 977951, 855441, 818069, 940706, 309692, 309692, 635172448
516, 4207753, 880995, 954132, 915911, 843387, 306664, 306664, 2371642009
517, 4207869, 870598, 986811, 948015, 832541, 284952, 284952, 4101955733
520, 4213583, 990559, 860998, 823645, 953583, 292399, 292399, 3437843457
518, 4202667, 977669, 853290, 816321, 939205, 308091, 308091, 3180921114
521, 4212324, 950671, 905995, 868636, 912234, 287394, 287394, 1271422
522, 4209628, 994505, 857874, 820420, 955697, 290566, 290566, 373901000
526, 4205031, 974843, 877338, 839103, 935733, 289007, 289007, 4278690258
524, 4215797, 920827, 917410, 879654, 883948, 306979, 306979, 2457913913
519, 4209188, 948328, 907079, 869588, 910845, 286674, 286674, 1239481889
529, 4206467, 919322, 907932, 869499, 882192, 313761, 313761, 1145595821
530, 4210834, 885247, 962189, 925045, 847673, 295340, 295340, 2823777653
523, 4203995, 921232, 933756, 895162, 883129, 285358, 285358, 2364415080
528, 4202023, 881719, 954472, 916711, 844099, 302511, 302511, 1189229355
525, 4211949, 915911, 919247, 881824, 878855, 308056, 308056, 3116151290
527, 4206667, 962926, 877631, 840987, 924497, 300313, 300313, 3011439092
531, 4207265, 866368, 965635, 927632, 829756, 308937, 308937, 536170820
532, 4208191, 918130, 925419, 887107, 880341, 298597, 298597, 1173381846
533, 4205336, 822007, 1034720, 995353, 784912, 284172, 284172, 1196132434
534, 4210535, 959407, 883415, 845777, 920836, 300550, 300550, 2290233314
537, 4209011, 926824, 922854, 885236, 889335, 292381, 292381, 667843692
538, 4207127, 900197, 948860, 909303, 862959, 292904, 292904, 1153898775
536, 4210583, 939567, 894890, 857481, 901519, 308563, 308563, 3269215025
535, 4212989, 811681, 1058103, 1020343, 774990, 273936, 273936, 116702096
539, 4209612, 857238, 1002923, 964326, 819709, 282708, 282708, 2726102299
540, 4205686, 1007413, 839413, 802238, 968000, 294311, 294311, 3757806947
541, 4208974, 868827, 983572, 945593, 831890, 289546, 289546, 1354095261
544, 4208387, 980028, 867609, 830335, 941391, 294512, 294512, 3962766655
547, 4201991, 956272, 887689, 849881, 917929, 295110, 295110, 711949330
543, 4217394, 960628, 883989, 845877, 923106, 301897, 301897, 723258045
545, 4209876, 882404, 966279, 927886, 844839, 294234, 294234, 518405687
546, 4214320, 949182, 892021, 854275, 911772, 303535, 303535, 3721069839
542, 4214974, 916691, 921441, 884070, 879722, 306525, 306525, 2938669267
548, 4200908, 995821, 825537, 788059, 956889, 317301, 317301, 728937387
551, 4208150, 839617, 1010889, 971066, 802238, 292170, 292170, 2777950713
549, 4212686, 975542, 886098, 848509, 937185, 282676, 282676, 1899693909
550, 4209885, 941182, 902188, 864856, 903039, 299310, 299310, 2164358435
552, 4210500, 915637, 938799, 900586, 877704, 288887, 288887, 1540392867
554, 4200858, 956213, 869222, 831658, 917673, 313046, 313046, 2333282903
555, 4214295, 948229, 898510, 861044, 910762, 297875, 297875, 1518130939
553, 4206980, 885560, 950974, 912881, 848591, 304487, 304487, 1525119784
557, 4208302, 878922, 960696, 922895, 841707, 302041, 302041, 2398107868
559, 4206479, 959735, 886593, 848964, 921433, 294877, 294877, 2392611482
560, 4204522, 886555, 954045, 915095, 848511, 300158, 300158, 4212582590
563, 4203292, 829945, 1016221, 977458, 792320, 293674, 293674, 121398530
558, 4215150, 837463, 995166, 957409, 801082, 312015, 312015, 1515183791
561, 4215955, 1018837, 843302, 806550, 981562, 282852, 282852, 3988855991
556, 4203264, 866091, 974624, 936775, 827176, 299299, 299299, 2160657492
562, 4209616, 901211, 942372, 904017, 864404, 298806, 298806, 3925799087
564, 4210853, 1011011, 843870, 807032, 972534, 288203, 288203, 516898622
565, 4206828, 917405, 926595, 887973, 879513, 297671, 297671, 4076486175
566, 4204099, 1001904, 865833, 828344, 962662, 272678, 272678, 51138377
567, 4199570, 837505, 997961, 958891, 799363, 302925, 302925, 3965425223
568, 4208088, 863347, 988866, 949539, 825942, 290197, 290197, 1258925989
570, 4218297, 878396, 978135, 940455, 840711, 290300, 290300, 3421519323
572, 4208201, 949929, 882292, 844163, 911137, 310340, 310340, 2218174499
569, 4210550, 878438, 977787, 939668, 840845, 286906, 286906, 1453225710
571, 4206303, 891419, 962479, 924524, 853931, 286975, 286975, 496268352
576, 4213673, 958704, 885427, 847484, 920706, 300676, 300676, 2830359664
573, 4206083, 896664, 953449, 915127, 858567, 291138, 291138, 3904969754
574, 4202780, 883202, 965570, 927061, 844533, 291207, 291207, 4060736472
575, 4202713, 931086, 908395, 870516, 892296, 300210, 300210, 3827885338
577, 4209445, 1001446, 851584, 815232, 963663, 288760, 288760, 2198291829
579, 4209027, 847962, 1007503, 968116, 810138, 287654, 287654, 2991790953
578, 4213811, 1025222, 827287, 790972, 986678, 291826, 291826, 2823070993
580, 4205100, 836458, 997098, 958460, 798690, 307197, 307197, 2811330671
581, 4205800, 1015213, 854252, 817074, 975135, 272063, 272063, 2984630924
583, 4207551, 881868, 971808, 933909, 844266, 287850, 287850, 2388072721
585, 4208843, 946590, 889405, 851065, 908015, 306884, 306884, 1964146754
584, 4208074, 894032, 964664, 926998, 856264, 283058, 283058, 288221241
582, 4206461, 947858, 898851, 861157, 910267, 294164, 294164, 193349198
586, 4217651, 984495, 866067, 829338, 946379, 295686, 295686, 2202608146
587, 4204381, 1005123, 843419, 805721, 966478, 291820, 291820, 2585803733
588, 4206094, 965671, 890343, 852359, 927347, 285187, 285187, 2567696059
589, 4206829, 967089, 882404, 844589, 928959, 291894, 291894, 1501374591
591, 4211471, 903403, 918700, 881778, 866184, 320703, 320703, 1558269730
590, 4207144, 895663, 960281, 921893, 858037, 285635, 285635, 160574499
593, 4203859, 852778, 1000046, 961508, 815269, 287129, 287129, 957349006
592, 4206637, 1000789, 841639, 804483, 962354, 298686, 298686, 2741496509
594, 4204282, 865247, 976657, 938166, 826916, 298648, 298648, 2056378240
595, 4213557, 876452, 971927, 933837, 838805, 296268, 296268, 3172160918
596, 4203807, 903370, 957351, 919554, 864898, 279317, 279317, 2859088875
599, 4211433, 880122, 974236, 936247, 842864, 288982, 288982, 3103930679
597, 4212667, 1031157, 808459, 771885, 991692, 304737, 304737, 2944900688
600, 4209262, 926061, 925111, 887276, 886784, 292015, 292015, 2350365256
598, 4205753, 1003355, 831294, 793153, 965381, 306285, 306285, 98453540
601, 4211441, 884028, 983199, 945061, 846217, 276468, 276468, 1464918197
602, 4207755, 890648, 962715, 924338, 854100, 287977, 287977, 1328561942
603, 4212411, 841922, 994551, 956262, 805216, 307230, 307230, 3706286349
604, 4212131, 901205, 939204, 901608, 864060, 303027, 303027, 442059804
606, 4208788, 1021842, 841181, 804860, 983545, 278680, 278680, 207843533
608, 4206580, 941444, 904200, 866924, 903014, 295499, 295499, 381407622
605, 4209300, 982538, 854234, 817476, 943618, 305717, 305717, 2957656407
607, 4212333, 1031208, 819759, 782878, 991966, 293261, 293261, 2895875314
611, 4212709, 834890, 1007000, 968804, 797767, 302124, 302124, 769531353
610, 4217422, 958827, 902140, 864647, 921110, 285349, 285349, 989867493
609, 4204977, 1026768, 803515, 766432, 988150, 310056, 310056, 3606044788
612, 4210256, 892954, 954508, 916134, 855692, 295484, 295484, 3736663140
613, 4203141, 950079, 904244, 865864, 911620, 285667, 285667, 2249736554
614, 4214264, 1012994, 822534, 786160, 974016, 309280, 309280, 1461221098
618, 4203043, 848893, 995128, 955875, 811635, 295756, 295756, 2422228380
615, 4204198, 934246, 902082, 863852, 896032, 303993, 303993, 619373190
616, 4216441, 940789, 897151, 859798, 902921, 307891, 307891, 1839804037
617, 4219326, 1064999, 773243, 737568, 1027202, 308157, 308157, 1299872021
619, 4210886, 945644, 909695, 872090, 907449, 288004, 288004, 3642344684
620, 4207486, 912850, 937350, 900031, 874599, 291328, 291328, 2410732350
621, 4205209, 895950, 951622, 913223, 858914, 292750, 292750, 3905174899
624, 4218787, 947779, 914750, 877421, 908879, 284979, 284979, 2365932475
623, 4211577, 973305, 879108, 840928, 935096, 291570, 291570, 314591523
625, 4210448, 999998, 860289, 823147, 960366, 283324, 283324, 2304522915
626, 4208344, 857137, 986527, 947716, 819506, 298729, 298729, 1561538731
622, 4204185, 966054, 892657, 854686, 928186, 281301, 281301, 1959800781
627, 4215856, 904203, 915571, 878164, 867274, 325322, 325322, 2180890356
629, 4212140, 882911, 961433, 923954, 845962, 298940, 298940, 4051815072
628, 4204481, 803912, 1033501, 994472, 767346, 302625, 302625, 1453099691
633, 4208932, 1006554, 855534, 818435, 967491, 280459, 280459, 235829434
630, 4214857, 939647, 902471, 864846, 902811, 302541, 302541, 1026605145
631, 4208280, 927204, 906650, 868845, 888513, 308534, 308534, 912930696
635, 4209116, 814669, 1045517, 1006641, 776715, 282787, 282787, 1501861030
632, 4204623, 931758, 919837, 882960, 892800, 288634, 288634, 3725535814
634, 4214330, 917793, 927129, 889632, 880060, 299858, 299858, 4016501082
636, 4212680, 984520, 871092, 834285, 945741, 288521, 288521, 2565798724
637, 4209429, 931032, 923071, 885865, 893155, 288153, 288153, 69102744
642, 4209114, 943755, 909611, 871896, 905710, 289071, 289071, 907653621
639, 4203284, 958348, 884919, 847224, 919529, 296632, 296632, 1793114510
640, 4203756, 887573, 969072, 931047, 849350, 283357, 283357, 4233261801
638, 4211046, 1027999, 823769, 787665, 989363, 291125, 291125, 1162598259
641, 4209436, 984729, 826354, 789269, 946192, 331446, 331446, 2116296132
643, 4214320, 865759, 973553, 935534, 828000, 305737, 305737, 591468955
644, 4204720, 1004118, 850776, 813157, 965279, 285695, 285695, 3691974716
645, 4209553, 909055, 935517, 897257, 871158, 298283, 298283, 370464611
646, 4206706, 798202, 1042064, 1002960, 761226, 301127, 301127, 186171582
649, 4210381, 828242, 1025228, 987390, 791311, 289105, 289105, 3677491456
648, 4209022, 920174, 929803, 891846, 882497, 292351, 292351, 505704031
647, 4204517, 988070, 856883, 819190, 949098, 295638, 295638, 2236223612
650, 4203145, 1005187, 834510, 797060, 966170, 300109, 300109, 3741438470
651, 4208563, 938493, 898847, 861419, 900164, 304820, 304820, 1135848420
652, 4214343, 992174, 858060, 821467, 954380, 294131, 294131, 74588383
655, 4202623, 808787, 1035813, 996257, 771588, 295089, 295089, 2050790562
653, 4209659, 924863, 921578, 884000, 887248, 295985, 295985, 2379061662
654, 4207705, 1049372, 812148, 775014, 1010879, 280146, 280146, 2876474100
656, 4211414, 978013, 870461, 833178, 939604, 295079, 295079, 1477517192
658, 4214162, 938262, 916940, 879409, 900667, 289442, 289442, 2312360011
657, 4213328, 865982, 986967, 948781, 828092, 291753, 291753, 1388150391
659, 4209922, 901948, 944060, 906067, 864255, 296796, 296796, 2411374828
660, 4212718, 895909, 964304, 927183, 858098, 283612, 283612, 1609843737
662, 4204958, 828815, 1014592, 975755, 791572, 297112, 297112, 1382214046
661, 4217638, 980840, 874170, 836833, 942247, 291774, 291774, 2437567005
663, 4210366, 887668, 934477, 896807, 850694, 320360, 320360, 2935805257
664, 4209051, 899605, 948089, 910457, 862004, 294448, 294448, 971875579
665, 4213181, 871368, 971777, 934046, 833388, 301301, 301301, 988605578
667, 4208408, 921792, 917548, 879489, 882777, 303401, 303401, 1644242111
668, 4210291, 875186, 990040, 951234, 837843, 277994, 277994, 2224300625
666, 4210147, 887590, 965911, 928543, 850165, 288969, 288969, 1828106031
670, 4202960, 858715, 976378, 938455, 820800, 304306, 304306, 1589163489
669, 4214630, 964030, 899693, 862625, 926246, 281018, 281018, 901558257
671, 4211987, 949203, 902196, 864394, 910772, 292711, 292711, 1346771533
674, 4201985, 867369, 976240, 937857, 829027, 295746, 295746, 408997811
672, 4213766, 875574, 968322, 931360, 837694, 300408, 300408, 1441597413
675, 4200837, 932571, 906547, 868159, 894366, 299597, 299597, 224126952
673, 4211287, 901449, 948891, 911132, 863409, 293203, 293203, 806498782
676, 4199231, 863210, 979333, 940616, 825004, 295534, 295534, 1019577901
678, 4210705, 893935, 963251, 924867, 856186, 286233, 286233, 3648974169
677, 4208472, 867558, 986621, 948097, 830054, 288071, 288071, 3666412886
680, 4211398, 843786, 1015196, 976490, 806672, 284627, 284627, 2413127896
679, 4215604, 919099, 943837, 905822, 881274, 282786, 282786, 956151142
683, 4200363, 1019633, 818792, 780633, 980257, 300524, 300524, 885811314
684, 4209503, 936722, 913591, 875699, 899439, 292026, 292026, 3932461455
681, 4211357, 961601, 893220, 856069, 923513, 288477, 288477, 3403212279
685, 4223537, 961980, 904800, 868033, 925712, 281506, 281506, 4261514146
682, 4212546, 915329, 933638, 894548, 878301, 295365, 295365, 1602135423
686, 4216261, 994281, 859801, 823508, 956237, 291217, 291217, 259510273
690, 4202954, 950443, 895420, 857219, 910622, 294625, 294625, 2802826062
689, 4215487, 937514, 909346, 872028, 900119, 298240, 298240, 2440458324
687, 4204259, 924187, 926991, 888697, 886436, 288974, 288974, 2081977800
688, 4205966, 891531, 951835, 912938, 853692, 297985, 297985, 2493987217
692, 4214544, 925867, 924320, 886727, 888802, 294414, 294414, 937498209
691, 4215421, 956698, 893009, 856461, 918287, 295483, 295483, 431589431
693, 4206355, 862924, 989706, 950998, 825559, 288584, 288584, 1304264033
694, 4213171, 828627, 1014604, 977410, 791106, 300712, 300712, 3160871487
697, 4206871, 851009, 995101, 956611, 813822, 295164, 295164, 2214962488
695, 4205910, 1007819, 829591, 792000, 968734, 303883, 303883, 2243049157
696, 4214193, 1049928, 794583, 758430, 1011264, 299994, 299994, 1051855678
698, 4213811, 927705, 929329, 892477, 890160, 287070, 287070, 3797320058
699, 4200083, 937204, 907731, 869478, 898642, 293514, 293514, 1343646037
702, 4199074, 943429, 903601, 865149, 904507, 291194, 291194, 2945020771
701, 4211604, 878467, 984125, 946404, 841102, 280753, 280753, 698001619
700, 4205132, 935840, 893995, 856786, 896915, 310798, 310798, 3109001735
703, 4210902, 899904, 961698, 922732, 862020, 282274, 282274, 2121802184
706, 4203641, 928170, 918087, 880161, 889305, 293959, 293959, 438436440
708, 4208863, 945152, 912331, 874243, 906619, 285259, 285259, 2121187766
705, 4207729, 976720, 856771, 819668, 938474, 308048, 308048, 268316743
704, 4203636, 986747, 864078, 826133, 948110, 289284, 289284, 622794428
709, 4212216, 979810, 867261, 829477, 941686, 296991, 296991, 4068889375
707, 4208380, 920885, 934242, 896236, 882955, 287031, 287031, 379598434
710, 4210280, 981576, 871559, 833800, 942859, 290243, 290243, 379803242
713, 4207360, 839286, 1001015, 962383, 801924, 301376, 301376, 641400674
712, 4214782, 904351, 945686, 908097, 866826, 294911, 294911, 57851811
711, 4210829, 909683, 941211, 903491, 871246, 292599, 292599, 621375285
714, 4211376, 912362, 940232, 902504, 874236, 291021, 291021, 618169219
715, 4210164, 940341, 918091, 879462, 902844, 284713, 284713, 438663612
716, 4209551, 894916, 969577, 931847, 857123, 278044, 278044, 1260787702
717, 4208093, 1016588, 837047, 799832, 977700, 288463, 288463, 3969127155
718, 4207010, 929898, 905184, 866319, 891425, 307092, 307092, 2203664670
720, 4213434, 955279, 879667, 842413, 917361, 309357, 309357, 2970592472
719, 4207309, 986260, 860069, 822607, 948851, 294761, 294761, 3545480796
721, 4211986, 894780, 957165, 918800, 857273, 291984, 291984, 3660251600
722, 4208247, 911041, 919655, 882036, 873523, 310996, 310996, 1167124206
723, 4208089, 907936, 949345, 911522, 869384, 284951, 284951, 1784878615
724, 4205317, 907141, 931055, 893399, 869132, 302295, 302295, 98875324
725, 4214730, 1070130, 779786, 743700, 1031296, 294909, 294909, 2148842050
728, 4202598, 948763, 871722, 833358, 910169, 319293, 319293, 1800825605
727, 4209952, 882126, 952775, 915102, 844911, 307519, 307519, 68456272
729, 4212196, 961678, 875471, 837110, 924443, 306747, 306747, 1796718058
726, 4206305, 899464, 942704, 903473, 861356, 299654, 299654, 949298383
730, 4207662, 921492, 921682, 883930, 883014, 298772, 298772, 3973175423
731, 4211152, 879819, 964944, 926549, 842988, 298426, 298426, 2108603019
732, 4208865, 1006146, 850460, 812568, 966733, 286479, 286479, 1932851395
734, 4210650, 984589, 868523, 830202, 946322, 290507, 290507, 113779402
733, 4204048, 936600, 924876, 886930, 898344, 278649, 278649, 4068748710
735, 4218446, 875758, 953436, 915402, 838258, 317796, 317796, 3127958093
737, 4212579, 848197, 1004441, 965764, 811729, 291224, 291224, 2312228652
736, 4213607, 896064, 952006, 914258, 858781, 296249, 296249, 158944404
738, 4210951, 968352, 861939, 824477, 930663, 312760, 312760, 1921884077
740, 4205787, 896423, 949240, 910620, 858960, 295272, 295272, 969810441
741, 4204437, 889081, 965306, 927165, 851715, 285585, 285585, 658084104
739, 4211404, 935106, 899328, 862683, 896959, 308664, 308664, 3092228041
745, 4206606, 851400, 987738, 948946, 814492, 302015, 302015, 3093665937
747, 4209491, 889861, 951526, 912083, 852671, 301675, 301675, 3695997892
743, 4199932, 981908, 861407, 823445, 942386, 295393, 295393, 1542856699
742, 4203950, 961165, 844846, 807203, 922292, 334222, 334222, 2150535988
744, 4206509, 881000, 940506, 902317, 843972, 319357, 319357, 2143124417
746, 4207551, 879708, 961924, 922898, 842845, 300088, 300088, 65251832
748, 4201245, 947932, 896675, 859208, 909198, 294116, 294116, 2395522207
749, 4205997, 804326, 1041751, 1002262, 767110, 295274, 295274, 1447502405
750, 4209429, 892291, 949510, 911603, 855165, 300430, 300430, 4085459487
751, 4205359, 858777, 975673, 937270, 821295, 306172, 306172, 3915487601
752, 4213907, 1036899, 819248, 782377, 997925, 288729, 288729, 3621932201
753, 4206568, 923212, 917518, 879783, 885373, 300341, 300341, 1441150200
754, 4208462, 853124, 993845, 955143, 816402, 294974, 294974, 2496623294
755, 4200312, 1019557, 819301, 782075, 981263, 299058, 299058, 784485212
757, 4206618, 868344, 963072, 925499, 831323, 309190, 309190, 2607675103
759, 4200978, 931705, 919973, 881427, 893963, 286955, 286955, 3070590665
756, 4216728, 938556, 909138, 872221, 901487, 297663, 297663, 3500392079
758, 4201396, 906245, 942198, 903985, 868482, 290243, 290243, 1375372611
760, 4212659, 999166, 839003, 801319, 960363, 306404, 306404, 1071457534
761, 4208475, 800809, 1063540, 1023139, 763485, 278751, 278751, 1851683496
763, 4223613, 842093, 1007164, 969346, 806166, 299422, 299422, 3782963255
764, 4214057, 839263, 1011452, 973147, 802469, 293863, 293863, 3613361937
762, 4210493, 965144, 871644, 834325, 926316, 306532, 306532, 2558529068
765, 4203654, 876702, 949872, 911192, 839328, 313280, 313280, 2636881357
766, 4209282, 986903, 866453, 828357, 948373, 289598, 289598, 1035936355
767, 4203027, 1015864, 840987, 803761, 977133, 282641, 282641, 3414614545
768, 4206945, 908554, 929123, 890965, 870703, 303800, 303800, 2566290885
770, 4202417, 945390, 902697, 863972, 908246, 291056, 291056, 1647727487
769, 4208905, 829610, 1027292, 988574, 792249, 285590, 285590, 91215498
771, 4209605, 832813, 1011559, 972300, 795623, 298655, 298655, 4092775127
772, 4204071, 951359, 886930, 848549, 912793, 302220, 302220, 1083829616
773, 4201095, 993780, 856078, 817455, 955256, 289263, 289263, 3566989801
774, 4205277, 966977, 876675, 838911, 929428, 296643, 296643, 2041482235
775, 4209791, 981873, 866779, 829133, 943998, 294004, 294004, 3616235768
778, 4207827, 962400, 892955, 854985, 923893, 286797, 286797, 1958079800
777, 4204000, 969008, 883507, 845969, 930086, 287715, 287715, 3656896890
776, 4209586, 861751, 985229, 946854, 824704, 295524, 295524, 3257091181
779, 4212254, 1029139, 818121, 781039, 990773, 296591, 296591, 2094349740
780, 4215800, 986936, 867011, 830105, 948740, 291504, 291504, 3559684008
781, 4208130, 904975, 903975, 865972, 867446, 332881, 332881, 4293534781
782, 4195743, 944050, 895820, 856122, 905407, 297172, 297172, 1080731182
783, 4211387, 861043, 987171, 948611, 822998, 295782, 295782, 980603524
786, 4207478, 810056, 1020844, 982729, 774173, 309838, 309838, 1861974827
787, 4204057, 779510, 1049314, 1009540, 742763, 311465, 311465, 4211228934
784, 4209643, 881824, 968391, 930377, 844639, 292206, 292206, 3887651503
785, 4211149, 897069, 970098, 931923, 859285, 276387, 276387, 2512084257
789, 4207166, 904206, 955302, 917229, 866125, 282152, 282152, 2077438752
790, 4210332, 967044, 869983, 832461, 928866, 305989, 305989, 1472047086
791, 4215856, 917086, 939205, 901822, 880251, 288746, 288746, 632802334
794, 4203772, 856679, 985507, 947414, 817710, 298231, 298231, 195578474
788, 4209264, 931541, 921633, 882781, 893685, 289812, 289812, 2563809761
793, 4205261, 916206, 917395, 879362, 877168, 307565, 307565, 4134492691
792, 4210602, 929836, 899703, 861569, 891542, 313976, 313976, 4034384151
795, 4204300, 974730, 858156, 819969, 936939, 307253, 307253, 2484391001
796, 4206660, 905434, 947422, 908507, 867433, 288932, 288932, 2984375137
797, 4217181, 892287, 968742, 930565, 855573, 285007, 285007, 590166439
798, 4198035, 903619, 916544, 878009, 865101, 317381, 317381, 2126291843
799, 4209898, 941186, 900506, 862753, 903345, 301054, 301054, 499742864
800, 4207295, 978652, 872740, 834765, 940374, 290382, 290382, 4147299905
801, 4208040, 901180, 952551, 913423, 863432, 288727, 288727, 2105441702
802, 4212180, 912945, 935390, 897894, 875259, 295346, 295346, 2102451496
803, 4202872, 853281, 979397, 940451, 814647, 307548, 307548, 4125218518
804, 4206804, 915799, 929534, 891429, 877706, 296168, 296168, 2402076693
806, 4215981, 885583, 966355, 927339, 848532, 294086, 294086, 1402471610
805, 4204252, 965020, 857713, 819762, 926055, 317851, 317851, 4260326688
807, 4205206, 859254, 993653, 955373, 822602, 287162, 287162, 1355349092
809, 4211432, 982173, 854562, 817550, 943705, 306721, 306721, 1682759775
810, 4215175, 999453, 847430, 810633, 962167, 297746, 297746, 1652087380
812, 4200870, 927967, 924233, 885979, 888823, 286934, 286934, 1381229688
811, 4211292, 937280, 897704, 860345, 899371, 308296, 308296, 4225579043
808, 4203459, 1006345, 831881, 795430, 967163, 301320, 301320, 3428765384
813, 4212067, 976695, 862261, 825228, 938451, 304716, 304716, 3537034087
814, 4213291, 837021, 1009811, 971323, 799590, 297773, 297773, 3905710941
815, 4208380, 872435, 991452, 953196, 834741, 278278, 278278, 1472454702
818, 4207688, 910295, 934710, 895810, 873311, 296781, 296781, 3123067579
817, 4216012, 962986, 889335, 852510, 925313, 292934, 292934, 3623425969
816, 4207499, 822573, 1012839, 974051, 785072, 306482, 306482, 2021334826
819, 4217613, 872066, 961912, 924854, 835379, 311701, 311701, 4267612599
820, 4210506, 938339, 923267, 885009, 900369, 281761, 281761, 2558901509
825, 4207178, 801061, 1053144, 1014218, 764637, 287059, 287059, 610421103
821, 4209416, 898543, 946972, 908944, 861183, 296887, 296887, 39245335
822, 4206294, 913137, 939622, 901481, 875652, 288201, 288201, 4051509189
826, 4204509, 857363, 994079, 955038, 819581, 289224, 289224, 1760596715
823, 4210864, 964843, 886562, 849800, 927073, 291293, 291293, 913489869
828, 4209080, 903336, 948426, 910444, 864832, 291021, 291021, 3211581508
827, 4202631, 983286, 850190, 812788, 945497, 305435, 305435, 1697909950
824, 4219475, 905934, 922321, 884435, 869353, 318716, 318716, 830963143
829, 4208225, 839382, 993709, 955747, 801701, 308843, 308843, 1348875281
830, 4215542, 753343, 1082364, 1043374, 717277, 309592, 309592, 3929990309
831, 4205171, 936663, 901196, 862323, 898861, 303064, 303064, 1258291302
832, 4210673, 1036280, 804519, 767368, 998150, 302178, 302178, 2131193547
834, 4201085, 892318, 946619, 908055, 853357, 300368, 300368, 3657867215
833, 4209641, 888561, 955315, 916791, 851828, 298573, 298573, 3364425990
835, 4208328, 826808, 1026376, 987840, 789346, 288979, 288979, 3818675302
838, 4204658, 788648, 1061392, 1022745, 750913, 290480, 290480, 1433695672
837, 4209325, 952752, 886458, 848786, 915209, 303060, 303060, 2139505599
839, 4209254, 932241, 912614, 874629, 894774, 297498, 297498, 245851806
836, 4210582, 930116, 931096, 893355, 891657, 282179, 282179, 575812858
840, 4206514, 943401, 910988, 872947, 904526, 287326, 287326, 379067397
841, 4214488, 932162, 927627, 889404, 893805, 285745, 285745, 2047819446
843, 4205930, 869932, 976856, 938128, 831626, 294694, 294694, 1118567221
842, 4217446, 969239, 879085, 842389, 931121, 297806, 297806, 3957676858
844, 4220468, 828089, 1029644, 991927, 791238, 289785, 289785, 3619747213
845, 4205125, 880273, 967608, 928970, 842484, 292895, 292895, 3978670079
846, 4219206, 853940, 1008446, 969715, 816849, 285128, 285128, 3556669270
847, 4213770, 856719, 1007445, 969648, 819376, 280291, 280291, 20139098
848, 4207360, 841876, 1007506, 967983, 804427, 292784, 292784, 1469528280
849, 4202672, 859464, 977617, 938831, 821388, 302686, 302686, 2422111859
850, 4210825, 799203, 1053549, 1014918, 762543, 290306, 290306, 2879107520
851, 4212143, 862245, 997225, 959162, 824029, 284741, 284741, 150312092
853, 4208080, 988985, 857693, 820447, 950587, 295184, 295184, 1042536050
854, 4199488, 860359, 955678, 917167, 822504, 321890, 321890, 2122340270
856, 4209558, 879078, 955029, 916169, 841614, 308834, 308834, 3756341978
852, 4209694, 948838, 891211, 853478, 908809, 303679, 303679, 1310694722
855, 4209150, 802109, 1056024, 1017556, 765013, 284224, 284224, 3172793567
857, 4215272, 883296, 957048, 919053, 846079, 304898, 304898, 2486797218
859, 4210389, 937219, 916083, 878927, 899282, 289439, 289439, 2345116271
858, 4208877, 918098, 908496, 870858, 880259, 315583, 315583, 3662286447
860, 4216013, 889258, 967464, 928432, 851461, 289699, 289699, 1672684160
861, 4207357, 925424, 904533, 866813, 888083, 311252, 311252, 4001806574
862, 4211134, 1039452, 820844, 784133, 1000837, 282934, 282934, 1062628464
864, 4207885, 962247, 892250, 854161, 924001, 287613, 287613, 699058863
863, 4201389, 902388, 952716, 914116, 863507, 284331, 284331, 2458557249
865, 4203890, 947245, 896285, 858387, 909153, 296410, 296410, 723430084
867, 4203209, 887962, 938116, 900005, 849582, 313772, 313772, 406360283
866, 4209281, 902242, 957510, 920151, 863182, 283098, 283098, 3461519731
869, 4214893, 865813, 997433, 959041, 828616, 281995, 281995, 2452636983
872, 4209618, 929443, 903568, 865819, 891918, 309435, 309435, 3546124063
871, 4207216, 867542, 977349, 939172, 830755, 296199, 296199, 911049206
875, 4211867, 845950, 996753, 958740, 808742, 300841, 300841, 308232837
870, 4215253, 915087, 933986, 896615, 877999, 295783, 295783, 2340922026
874, 4212984, 864716, 977625, 940020, 827711, 301456, 301456, 320995851
868, 4203333, 890430, 952485, 914434, 852448, 296768, 296768, 1088243760
873, 4209416, 926282, 916209, 878204, 888837, 299942, 299942, 2970710728
877, 4209988, 846296, 1006665, 968275, 808640, 290056, 290056, 1507424251
876, 4209603, 997954, 865864, 828171, 958882, 279366, 279366, 1845963379
878, 4212702, 872368, 970595, 933052, 834657, 301015, 301015, 2538917504
879, 4207685, 876955, 968011, 929822, 838985, 296956, 296956, 2390983164
881, 4208924, 966559, 883332, 846107, 928494, 292216, 292216, 3756150166
880, 4205015, 967284, 874665, 836853, 928475, 298869, 298869, 2749919563
882, 4208220, 974835, 881857, 844257, 936277, 285497, 285497, 245080066
883, 4211858, 961834, 888307, 850714, 923471, 293766, 293766, 837982422
885, 4202651, 923732, 922799, 884990, 885680, 292725, 292725, 2408745855
884, 4206827, 1059184, 795169, 757906, 1019774, 287397, 287397, 859537266
889, 4203563, 998523, 853692, 815531, 959435, 288191, 288191, 2583860420
886, 4209435, 1063660, 790043, 753575, 1024991, 288583, 288583, 247077289
887, 4208970, 888567, 961353, 923280, 850844, 292463, 292463, 2570130373
888, 4205364, 903694, 930473, 892457, 865334, 306703, 306703, 4096183042
890, 4205894, 1008789, 839494, 803085, 969462, 292532, 292532, 3682462964
892, 4195686, 990279, 858635, 819561, 951271, 287970, 287970, 253149192
891, 4208345, 821438, 1037102, 998344, 783909, 283776, 283776, 953174608
893, 4215035, 1004300, 853871, 816750, 967026, 286544, 286544, 2498785078
894, 4200813, 878968, 968602, 929184, 841081, 291489, 291489, 1762166576
896, 4204335, 961001, 884700, 848244, 921736, 294327, 294327, 4264554922
895, 4215066, 949329, 903257, 865365, 912305, 292405, 292405, 650097704
897, 4198019, 875753, 969061, 930895, 837148, 292581, 292581, 1668876461
898, 4215040, 882976, 961582, 923781, 845211, 300745, 300745, 2948174192
899, 4207951, 928173, 905752, 867927, 889967, 308066, 308066, 2457116588
901, 4205695, 819793, 1036226, 996767, 781431, 285739, 285739, 3473597453
904, 4209597, 941106, 903994, 866129, 903060, 297654, 297654, 855912310
903, 4203552, 873492, 959095, 920933, 835396, 307318, 307318, 4066229338
902, 4206387, 926163, 913944, 875540, 888404, 301168, 301168, 3630236589
900, 4202755, 909976, 924467, 885654, 872058, 305300, 305300, 932986492
905, 4206819, 903128, 933640, 895827, 865130, 304547, 304547, 1893149878
906, 4208935, 951229, 898006, 860580, 913660, 292730, 292730, 1372602218
909, 4205607, 835359, 996244, 957933, 797285, 309393, 309393, 2707262623
908, 4208147, 1002325, 838579, 801827, 962528, 301444, 301444, 484371830
907, 4214731, 989729, 863347, 826453, 951156, 292023, 292023, 739443968
912, 4202425, 962516, 889898, 851717, 924890, 286702, 286702, 3838048306
910, 4207807, 957874, 898001, 860857, 919553, 285761, 285761, 960902220
911, 4208119, 879113, 979147, 940504, 841273, 284041, 284041, 1983967053
913, 4206916, 855453, 996917, 957957, 818209, 289190, 289190, 1688482369
915, 4202391, 969483, 886858, 849529, 930257, 283132, 283132, 624503721
914, 4205040, 756985, 1083629, 1043883, 721439, 299552, 299552, 2270000721
917, 4211785, 1024196, 819496, 782475, 985172, 300223, 300223, 1739478335
918, 4206716, 931550, 905996, 868227, 892539, 304202, 304202, 1293762488
916, 4206593, 917191, 920702, 883379, 878171, 303575, 303575, 2337948712
920, 4210635, 969291, 870664, 833174, 930736, 303385, 303385, 185460722
919, 4212444, 866217, 991876, 953767, 828764, 285910, 285910, 3154866147
921, 4216617, 925290, 941635, 904028, 887126, 279269, 279269, 3972499357
925, 4213592, 864621, 992719, 954051, 827839, 287181, 287181, 678578134
922, 4206800, 891828, 949659, 911971, 853606, 299868, 299868, 1803685060
924, 4206542, 937644, 917116, 878316, 899326, 287070, 287070, 3649185854
923, 4213557, 892449, 953903, 915302, 855221, 298341, 298341, 1408487277
928, 4211648, 905339, 950622, 912728, 867535, 287712, 287712, 2470574494
926, 4205944, 996376, 846883, 808780, 957379, 298263, 298263, 3925171121
927, 4208266, 851523, 1000116, 962100, 814571, 289978, 289978, 3935810088
929, 4218121, 881614, 947518, 909709, 844848, 317216, 317216, 1711392650
932, 4207257, 920373, 918141, 880024, 881953, 303383, 303383, 1500975891
930, 4209764, 884098, 970223, 931218, 847345, 288440, 288440, 1155697926
931, 4208285, 1021670, 825390, 788828, 983397, 294500, 294500, 2414785982
935, 4207590, 919150, 932316, 894402, 881074, 290324, 290324, 2665513362
934, 4209479, 996218, 842460, 805610, 957745, 303723, 303723, 2492041351
933, 4208627, 945404, 900109, 861988, 906932, 297097, 297097, 1825412787
936, 4212896, 1027970, 829608, 792348, 989830, 286570, 286570, 2605100557
938, 4207208, 881381, 968535, 929384, 843448, 292230, 292230, 1717797545
937, 4208047, 951667, 877750, 839844, 913336, 312725, 312725, 2316833042
939, 4213105, 960637, 905014, 867822, 923518, 278057, 278057, 1735742154
940, 4215671, 858607, 1017435, 979773, 820748, 269554, 269554, 2465892793
941, 4209576, 934879, 891882, 854674, 896823, 315659, 315659, 2964908910
942, 4212506, 980429, 866143, 828558, 943556, 296910, 296910, 1498622329
944, 4206943, 954314, 894409, 857553, 915735, 292466, 292466, 1985486410
943, 4221630, 1063439, 802120, 766053, 1026478, 281770, 281770, 2687207859
945, 4212029, 1011851, 816640, 779908, 973712, 314959, 314959, 3555301734
946, 4211744, 854443, 997519, 959199, 817531, 291526, 291526, 458995996
947, 4205894, 870400, 973592, 934712, 833286, 296952, 296952, 597257396
949, 4204557, 885696, 953090, 915132, 847069, 301785, 301785, 3672460374
948, 4208657, 892118, 947750, 909315, 854400, 302537, 302537, 411659882
950, 4212519, 909715, 951283, 913212, 872699, 282805, 282805, 303502058
951, 4204304, 957750, 892128, 854409, 918901, 290558, 290558, 275973916
952, 4209485, 925769, 922653, 884210, 887831, 294511, 294511, 222784236
955, 4207754, 889473, 954224, 915763, 850968, 298663, 298663, 390331476
956, 4207566, 944049, 909651, 872305, 904921, 288320, 288320, 118258530
953, 4207696, 830799, 999002, 960453, 792860, 312291, 312291, 461829165
954, 4192585, 929871, 903698, 865100, 891144, 301386, 301386, 1881595932
957, 4213454, 841311, 1005948, 967933, 804684, 296789, 296789, 1440753268
958, 4208627, 847290, 1007836, 968870, 808859, 287886, 287886, 1441629081
960, 4205494, 945141, 911930, 874015, 906792, 283808, 283808, 3359535859
959, 4205853, 1035684, 815807, 778318, 996916, 289564, 289564, 2522307222
961, 4211109, 959898, 890925, 852884, 922048, 292677, 292677, 3400042696
962, 4206277, 965585, 871745, 834226, 926423, 304149, 304149, 3863648139
963, 4211471, 870141, 974606, 936981, 833211, 298266, 298266, 1148792239
964, 4204796, 848954, 997158, 957861, 811025, 294899, 294899, 4006075261
966, 4212205, 888686, 959717, 921618, 851540, 295322, 295322, 1466326485
965, 4205622, 1057756, 785869, 749616, 1019001, 296690, 296690, 2510254459
968, 4212995, 928230, 920175, 883175, 890015, 295700, 295700, 878737102
971, 4212051, 835920, 1021717, 983155, 798873, 286193, 286193, 2228836418
970, 4200843, 926535, 903563, 865476, 887441, 308914, 308914, 2435354298
972, 4206763, 874052, 952773, 914039, 836685, 314607, 314607, 725704059
967, 4215371, 989016, 855680, 818596, 951215, 300432, 300432, 1767001041
973, 4204458, 874652, 986251, 947421, 837644, 279245, 279245, 1672787739
969, 4213700, 1054178, 798315, 761926, 1014265, 292508, 292508, 3878686304
974, 4210950, 899017, 959458, 921535, 861868, 284536, 284536, 2665298945
975, 4211481, 907412, 944837, 907891, 869255, 291043, 291043, 3016935158
977, 4206950, 917678, 926427, 887996, 879879, 297485, 297485, 3477484257
976, 4202679, 973405, 884830, 846830, 935540, 281037, 281037, 1250628119
978, 4212606, 1025616, 822647, 784986, 987143, 296107, 296107, 1788798116
979, 4213526, 928443, 922472, 885788, 891173, 292825, 292825, 1501979173
980, 4207657, 912198, 944224, 905948, 874631, 285328, 285328, 1175090157
981, 4207484, 896222, 958384, 920032, 858022, 287412, 287412, 380508673
982, 4208084, 805553, 1044073, 1005149, 768937, 292186, 292186, 3384647687
983, 4215020, 969912, 886125, 848604, 932387, 288996, 288996, 3920832204
984, 4214018, 998102, 871293, 833527, 960492, 275302, 275302, 1769144773
985, 4202518, 936837, 909376, 871792, 898667, 292923, 292923, 3925677053
986, 4215484, 885590, 966475, 928639, 848124, 293328, 293328, 3582171310
987, 4210714, 856584, 990928, 951614, 819594, 295997, 295997, 616753729
988, 4211432, 1011074, 842935, 806024, 972475, 289462, 289462, 1935786183
991, 4212545, 883935, 966420, 928296, 845874, 294010, 294010, 789070423
989, 4210070, 763790, 1094440, 1056110, 727390, 284170, 284170, 214466307
990, 4207689, 942317, 911653, 875280, 903777, 287331, 287331, 1060892879
992, 4215755, 931169, 914206, 875893, 893479, 300504, 300504, 4286541284
993, 4211259, 825219, 1031331, 993136, 788683, 286445, 286445, 2516081656
994, 4199236, 834901, 1006255, 966246, 797056, 297389, 297389, 1028882061
998, 4204955, 920865, 930415, 893324, 882191, 289080, 289080, 1313303233
997, 4206494, 916654, 936997, 898749, 878274, 287910, 287910, 1546827483
995, 4216128, 860958, 1004028, 965882, 825118, 280071, 280071, 1726371791
999, 4204700, 920034, 923602, 884644, 881636, 297392, 297392, 2496117581
996, 4208441, 1020929, 839834, 802628, 982574, 281238, 281238, 4210115578
