sample_id, N_LCC, N_A_1_LCC, N_B_1_LCC, N_A_0_LCC, N_B_0_LCC, N_A_*_LCC, N_B_*_LCC, seed
6, 1106923, 2816, 536132, 534539, 2220, 15608, 15608, 121527393
4, 1106914, 2431, 536362, 534803, 1872, 15723, 15723, 1043586755
2, 1106525, 2759, 536640, 535333, 2159, 14817, 14817, 3051020754
7, 1109787, 2695, 538726, 537536, 2100, 14365, 14365, 1480653971
9, 1106859, 2384, 536652, 535416, 1819, 15294, 15294, 3877130843
3, 1105328, 2770, 535297, 534427, 2200, 15317, 15317, 1378499239
8, 1105370, 2643, 535443, 534362, 2080, 15421, 15421, 68893318
15, 1105003, 535147, 3157, 2511, 533946, 15121, 15121, 754319118
14, 1104780, 535593, 2498, 1924, 534341, 15212, 15212, 2497000983
11, 1105379, 536479, 2178, 1668, 535364, 14845, 14845, 2223510907
13, 1104324, 535506, 2609, 2050, 534239, 14960, 14960, 2998483077
1, 1106647, 537133, 2370, 1848, 536190, 14553, 14553, 2979314938
5, 1105097, 3061, 534701, 533998, 2461, 15438, 15438, 4127884236
0, 1105334, 535539, 2678, 2078, 534547, 15246, 15246, 2267207874
12, 1103298, 534146, 2758, 2190, 533522, 15341, 15341, 4262728841
10, 1106758, 536259, 2651, 2055, 535695, 15049, 15049, 2814378226
16, 1105668, 536447, 2693, 2152, 534746, 14815, 14815, 3804961155
17, 1105052, 535203, 2861, 2267, 534165, 15278, 15278, 4170498294
24, 1100583, 3214, 532269, 531323, 2571, 15603, 15603, 658229866
19, 1106958, 536962, 2342, 1795, 535597, 15131, 15131, 1042156874
25, 1108021, 2412, 537565, 536665, 1809, 14785, 14785, 1026055072
18, 1109710, 537911, 2505, 1934, 537222, 15069, 15069, 67884275
22, 1106667, 536267, 2614, 2056, 535158, 15286, 15286, 3641230155
21, 1106995, 3075, 535361, 534539, 2466, 15777, 15777, 648088269
20, 1108642, 2715, 536627, 536013, 2183, 15552, 15552, 2707329080
26, 1101307, 531966, 3771, 3144, 530590, 15918, 15918, 3546437196
23, 1105672, 535236, 2833, 2296, 534065, 15621, 15621, 151707342
29, 1105895, 4001, 534509, 533848, 3397, 15070, 15070, 1291678876
27, 1105551, 535563, 2783, 2194, 534671, 15170, 15170, 3516583377
28, 1108067, 537061, 2863, 2269, 536302, 14786, 14786, 3770994258
32, 1106833, 2847, 536124, 534973, 2219, 15335, 15335, 2418792090
33, 1107423, 3278, 535874, 534977, 2670, 15312, 15312, 2440359735
31, 1110328, 539301, 2679, 2099, 538011, 14119, 14119, 4051293939
30, 1109668, 537789, 2852, 2274, 536957, 14898, 14898, 1971033445
36, 1108110, 2190, 537916, 536959, 1615, 14715, 14715, 3299055630
35, 1108019, 536958, 2845, 2233, 535693, 15145, 15145, 1448204926
34, 1108661, 537825, 2382, 1805, 536761, 14944, 14944, 3573827944
38, 1104528, 2403, 535848, 534319, 1862, 15048, 15048, 3632916059
39, 1109555, 2731, 537306, 536350, 2158, 15505, 15505, 2973615616
37, 1106737, 536389, 2918, 2329, 535521, 14790, 14790, 2991684571
48, 1110689, 538751, 2486, 1930, 538056, 14733, 14733, 92198513
49, 1105867, 2770, 535234, 534212, 2177, 15737, 15737, 4023282949
40, 1109865, 2645, 538691, 537561, 2054, 14457, 14457, 3107583243
42, 1102356, 533138, 3153, 2547, 532064, 15727, 15727, 452641580
41, 1108663, 538159, 2607, 2071, 536786, 14520, 14520, 2325514368
46, 1105117, 535312, 2848, 2247, 534216, 15247, 15247, 1626111293
45, 1106311, 535806, 2872, 2311, 534498, 15412, 15412, 1209758817
43, 1105084, 534724, 3153, 2523, 533786, 15449, 15449, 2569598145
44, 1107585, 2326, 537015, 536466, 1766, 15006, 15006, 2629961467
53, 1108877, 2737, 537497, 536656, 2155, 14916, 14916, 1228050370
51, 1107278, 2871, 536242, 535292, 2339, 15267, 15267, 954532489
47, 1105606, 535562, 2884, 2272, 534388, 15250, 15250, 3227899337
60, 1103484, 2556, 535406, 533793, 2007, 14861, 14861, 1480062715
52, 1108099, 536430, 2937, 2348, 535750, 15317, 15317, 1182337374
56, 1103405, 533291, 3169, 2506, 531891, 16274, 16274, 1349494234
54, 1104717, 535029, 2688, 2097, 533869, 15517, 15517, 2053306842
50, 1108168, 537161, 2686, 2104, 536511, 14853, 14853, 4037725719
55, 1106062, 3402, 534532, 533816, 2816, 15748, 15748, 57031007
58, 1108647, 537571, 2593, 1998, 536263, 15111, 15111, 1021017540
59, 1108434, 3032, 537153, 536371, 2446, 14716, 14716, 1349313910
57, 1106836, 535694, 2975, 2357, 535058, 15376, 15376, 1150992921
61, 1104463, 2999, 534546, 533771, 2371, 15388, 15388, 345757121
65, 1104107, 3229, 534152, 533421, 2595, 15355, 15355, 2989327706
70, 1103257, 2337, 535659, 534110, 1747, 14702, 14702, 2891061674
62, 1108778, 537986, 2636, 2087, 536725, 14672, 14672, 855482080
64, 1110685, 539139, 2507, 1983, 538340, 14358, 14358, 2766351279
66, 1110170, 2694, 537794, 537119, 2131, 15216, 15216, 2255351657
72, 1106833, 2639, 536534, 535417, 2059, 15092, 15092, 2959956171
68, 1106855, 3323, 533940, 533157, 2693, 16871, 16871, 1466359998
63, 1105184, 534480, 3569, 2965, 533788, 15191, 15191, 912651023
76, 1108639, 2823, 537931, 536705, 2230, 14475, 14475, 1970437002
71, 1105757, 2952, 535538, 534810, 2401, 15028, 15028, 3226201237
67, 1108597, 537129, 2541, 1963, 536420, 15272, 15272, 448128119
69, 1107232, 536239, 3009, 2397, 535299, 15144, 15144, 545850759
74, 1107957, 536816, 2444, 1823, 535936, 15469, 15469, 524022311
75, 1108273, 537836, 2307, 1742, 537104, 14642, 14642, 1186272613
73, 1104788, 534018, 3267, 2617, 533432, 15727, 15727, 566520156
78, 1108320, 537911, 2656, 2067, 536974, 14356, 14356, 256790455
81, 1105676, 2833, 535194, 534397, 2228, 15512, 15512, 2734617722
77, 1111577, 538706, 2587, 2094, 537916, 15137, 15137, 2875643952
79, 1110612, 2940, 538073, 537476, 2405, 14859, 14859, 1275382411
84, 1107337, 3734, 535336, 534201, 3022, 15522, 15522, 3238714250
89, 1109580, 2489, 538150, 537216, 1919, 14903, 14903, 794266583
85, 1107205, 3332, 536192, 535147, 2740, 14897, 14897, 981800839
80, 1105045, 535878, 2697, 2105, 535103, 14631, 14631, 2970585293
90, 1109337, 2718, 537749, 536711, 2133, 15013, 15013, 3313302110
88, 1108187, 2874, 537029, 536326, 2282, 14838, 14838, 3136563333
86, 1106738, 2725, 536081, 535425, 2157, 15175, 15175, 1601591892
82, 1106944, 535942, 2900, 2300, 535200, 15301, 15301, 997078432
83, 1109413, 536943, 3170, 2568, 536090, 15321, 15321, 1161487926
87, 1106669, 536607, 2463, 1889, 535672, 15019, 15019, 512678592
92, 1104213, 2686, 535144, 533830, 2107, 15223, 15223, 1551371485
95, 1107776, 3085, 537178, 535441, 2550, 14761, 14761, 4110564318
93, 1108213, 2805, 537042, 535844, 2204, 15159, 15159, 2020071714
94, 1102208, 2897, 533209, 532329, 2285, 15744, 15744, 981266522
99, 1110597, 2464, 539213, 537219, 1901, 14900, 14900, 2703606876
98, 1106955, 2263, 537437, 536242, 1687, 14663, 14663, 2929552403
91, 1104088, 2750, 534136, 533594, 2150, 15729, 15729, 1226190026
100, 1104769, 2578, 535298, 534593, 2012, 15144, 15144, 2937519237
101, 1103323, 3255, 533410, 532613, 2625, 15710, 15710, 3732004841
104, 1106017, 2553, 535828, 534492, 1956, 15594, 15594, 2657324779
96, 1106899, 536737, 2359, 1819, 535706, 15139, 15139, 2349187765
97, 1108222, 537690, 2852, 2275, 536305, 14550, 14550, 3984333618
102, 1106444, 535458, 3065, 2410, 534547, 15482, 15482, 3279891703
105, 1106327, 535535, 3137, 2492, 534593, 15285, 15285, 1935176593
107, 1104789, 535342, 2704, 2070, 534635, 15019, 15019, 4129948982
103, 1105315, 535318, 2603, 2019, 534327, 15524, 15524, 543597334
110, 1107553, 2464, 536907, 536207, 1915, 15030, 15030, 3829896024
106, 1109101, 537795, 2693, 2112, 537049, 14726, 14726, 2969787704
111, 1106619, 3071, 535823, 534993, 2470, 15131, 15131, 1819395810
115, 1108354, 2366, 538028, 536090, 1838, 15016, 15016, 1713736736
108, 1107020, 536633, 2522, 1938, 535941, 14993, 14993, 3539384144
113, 1106688, 537405, 2649, 2095, 535797, 14371, 14371, 1677752194
112, 1104481, 2762, 534745, 533969, 2167, 15419, 15419, 2053724193
114, 1108845, 3058, 536583, 535983, 2445, 15388, 15388, 879436010
117, 1108422, 2654, 537172, 536456, 2106, 15017, 15017, 3979056477
118, 1103322, 535136, 2494, 1917, 533809, 14983, 14983, 1421988611
109, 1106171, 535949, 2835, 2250, 535369, 14884, 14884, 1553248934
120, 1109836, 2703, 538213, 537358, 2150, 14706, 14706, 1022981669
119, 1105837, 2386, 536384, 535634, 1853, 14790, 14790, 1627458668
116, 1107775, 536860, 2527, 1947, 536067, 15187, 15187, 2287740127
124, 1108892, 2680, 537322, 536548, 2096, 15123, 15123, 618147083
126, 1104782, 535185, 3130, 2534, 534073, 14930, 14930, 2466979327
122, 1108553, 537310, 2741, 2197, 536625, 14840, 14840, 217614561
125, 1106495, 535662, 2898, 2309, 534776, 15425, 15425, 1539315022
129, 1109195, 2373, 538120, 537465, 1805, 14716, 14716, 3759240048
127, 1103739, 2748, 533904, 533294, 2091, 15851, 15851, 582180426
121, 1107039, 535039, 3374, 2749, 534459, 15709, 15709, 2531442871
130, 1105968, 536631, 2829, 2249, 534919, 14670, 14670, 940751315
131, 1107375, 2891, 536288, 535520, 2348, 15164, 15164, 1232465488
134, 1108571, 2449, 537277, 536258, 1877, 15355, 15355, 3179720627
123, 1103685, 533382, 2993, 2406, 532604, 16150, 16150, 742031274
128, 1104577, 536241, 2198, 1671, 535585, 14441, 14441, 1970137692
132, 1107347, 2738, 537082, 536316, 2099, 14556, 14556, 2890274486
137, 1106602, 2982, 536366, 535225, 2419, 14805, 14805, 624418466
136, 1102297, 2826, 533491, 532798, 2264, 15459, 15459, 2058571722
135, 1107712, 2451, 537509, 536894, 1890, 14484, 14484, 4125679231
141, 1109466, 2606, 537698, 536393, 2027, 15371, 15371, 2816278543
133, 1106113, 534821, 2861, 2247, 534180, 16002, 16002, 3259521955
143, 1103164, 2867, 533951, 532796, 2226, 15662, 15662, 3033134292
139, 1111179, 2469, 539759, 539094, 1947, 13955, 13955, 78254824
142, 1104533, 3183, 534290, 533610, 2582, 15434, 15434, 2779203596
138, 1108898, 538574, 2109, 1576, 537597, 14521, 14521, 95217240
148, 1107686, 537349, 2988, 2405, 536238, 14353, 14353, 3770620617
146, 1109480, 2721, 537941, 537268, 2126, 14712, 14712, 808982283
140, 1107041, 537058, 2338, 1793, 536014, 14919, 14919, 156671811
149, 1108535, 3383, 536480, 535543, 2781, 15174, 15174, 616836208
144, 1105346, 2883, 535149, 534501, 2305, 15254, 15254, 116556900
150, 1106504, 2266, 537492, 536318, 1694, 14367, 14367, 1226616786
151, 1105278, 2842, 535639, 534508, 2235, 15027, 15027, 1474594079
153, 1108030, 2777, 537779, 536427, 2163, 14442, 14442, 1110857301
152, 1110079, 538489, 2475, 1959, 537448, 14854, 14854, 1351621528
154, 1103374, 2606, 534545, 533646, 2019, 15279, 15279, 218297165
147, 1103232, 534266, 2852, 2244, 533412, 15229, 15229, 2719539331
145, 1108618, 536274, 3664, 3079, 535615, 14993, 14993, 1103607432
155, 1106221, 3085, 535377, 534528, 2475, 15378, 15378, 3665827513
156, 1104447, 534726, 2880, 2282, 533503, 15528, 15528, 2816842118
157, 1107785, 536911, 3027, 2461, 535922, 14732, 14732, 4264614287
158, 1105832, 2918, 535650, 534957, 2339, 14984, 14984, 2840622555
165, 1105489, 3637, 534523, 533671, 3042, 15308, 15308, 2804198781
160, 1105802, 2496, 535409, 534767, 1936, 15597, 15597, 1762771546
159, 1106016, 535467, 3308, 2686, 534695, 14930, 14930, 3301205023
164, 1108667, 538848, 1971, 1451, 537931, 14233, 14233, 3161754545
161, 1107437, 536234, 2998, 2375, 535126, 15352, 15352, 1672333101
168, 1109073, 538366, 2542, 1981, 536944, 14620, 14620, 422522699
162, 1107382, 2729, 536821, 536122, 2176, 14767, 14767, 3490943575
167, 1107317, 537736, 2217, 1717, 536995, 14326, 14326, 932368846
169, 1106834, 2366, 537104, 536385, 1829, 14575, 14575, 1922362352
166, 1105440, 3053, 534707, 534040, 2434, 15603, 15603, 3082426693
170, 1103226, 533408, 3181, 2581, 532642, 15707, 15707, 3917948746
163, 1107429, 536118, 3223, 2678, 535508, 14951, 14951, 666670959
171, 1107165, 536576, 2396, 1840, 535755, 15299, 15299, 2278431612
173, 1111525, 538918, 2663, 2096, 537574, 15137, 15137, 908370470
172, 1110985, 2346, 539471, 538853, 1807, 14254, 14254, 2083405283
175, 1109720, 2454, 538727, 537569, 1910, 14530, 14530, 117471621
177, 1111247, 2375, 539653, 538565, 1854, 14400, 14400, 3878240322
174, 1106840, 3041, 536319, 535513, 2469, 14749, 14749, 763363195
178, 1105175, 2696, 535767, 534816, 2148, 14874, 14874, 3968267123
180, 1104843, 2724, 535436, 534065, 2134, 15242, 15242, 2012267682
183, 1110898, 2216, 540217, 538865, 1672, 13964, 13964, 160326975
176, 1107855, 536372, 3020, 2411, 535544, 15254, 15254, 2697495241
181, 1109649, 2511, 538139, 537219, 1950, 14915, 14915, 2325508856
179, 1105182, 535615, 2875, 2231, 534509, 14976, 14976, 160739131
185, 1106269, 2352, 536732, 535675, 1836, 14837, 14837, 3107375528
184, 1105307, 2479, 535821, 534947, 1906, 15077, 15077, 1888637434
188, 1107564, 2485, 537325, 536069, 1943, 14871, 14871, 751597151
191, 1108224, 2699, 537903, 536268, 2148, 14603, 14603, 2967447139
182, 1105678, 535971, 2730, 2165, 535338, 14737, 14737, 600779831
187, 1103097, 532675, 3422, 2730, 531916, 16177, 16177, 397700915
189, 1105386, 535560, 2975, 2369, 533668, 15407, 15407, 230033651
186, 1105001, 534864, 2742, 2143, 533900, 15676, 15676, 514657584
190, 1104114, 535340, 2622, 2090, 534264, 14899, 14899, 257811413
192, 1107476, 537111, 2707, 2155, 535997, 14753, 14753, 1063748849
194, 1106769, 536626, 2912, 2295, 535558, 14689, 14689, 352785785
193, 1104145, 535692, 2598, 2031, 533892, 14966, 14966, 2767382553
196, 1107966, 537650, 2643, 2098, 536421, 14577, 14577, 729016148
198, 1105070, 3073, 534835, 533924, 2498, 15370, 15370, 3079292813
197, 1105357, 3043, 535151, 534321, 2460, 15191, 15191, 3129847373
200, 1107265, 2608, 537102, 536061, 2054, 14720, 14720, 2531186831
195, 1109482, 537904, 2467, 1926, 537047, 15069, 15069, 1872137047
201, 1106744, 2998, 536114, 534905, 2401, 15163, 15163, 643038481
199, 1106117, 535968, 2612, 2021, 534968, 15274, 15274, 3012013090
203, 1106375, 3013, 535524, 534627, 2419, 15396, 15396, 1750384127
204, 1106234, 2486, 537115, 535979, 1954, 14350, 14350, 3073490781
206, 1106426, 3129, 536151, 534373, 2507, 15133, 15133, 3011241500
205, 1107484, 3019, 536687, 535655, 2445, 14839, 14839, 1181106310
202, 1111244, 539173, 2467, 1884, 538422, 14649, 14649, 1645296305
210, 1109864, 2445, 538805, 537857, 1877, 14440, 14440, 2200039521
216, 1108938, 2299, 538729, 537592, 1760, 14279, 14279, 653934046
211, 1108252, 536277, 2990, 2434, 535647, 15452, 15452, 1497332701
214, 1106396, 536558, 2418, 1845, 535409, 15083, 15083, 1680628135
219, 1110315, 2387, 539219, 537898, 1835, 14488, 14488, 2917097798
208, 1107436, 2798, 536307, 535670, 2217, 15222, 15222, 1742736112
207, 1107300, 536441, 2754, 2145, 535586, 15187, 15187, 2433404100
212, 1106510, 536512, 2175, 1648, 535465, 15355, 15355, 1158066953
209, 1105608, 535192, 2844, 2223, 534345, 15502, 15502, 182057394
213, 1106921, 536560, 2726, 2179, 535388, 15034, 15034, 3934494361
217, 1109107, 2941, 537723, 537041, 2358, 14522, 14522, 706702258
215, 1107030, 535709, 2688, 2110, 535029, 15747, 15747, 2767084620
222, 1104446, 2756, 535343, 533899, 2190, 15129, 15129, 2044571336
221, 1107474, 2656, 537015, 536183, 2084, 14768, 14768, 2026587189
218, 1108097, 536834, 3032, 2449, 535658, 15062, 15062, 2487702989
220, 1104279, 535257, 2622, 2069, 533805, 15263, 15263, 948953881
224, 1108971, 2780, 537456, 536563, 2218, 14977, 14977, 1359969234
223, 1106037, 535803, 2488, 1950, 535118, 15339, 15339, 3225093053
230, 1108931, 2595, 536896, 535912, 2036, 15746, 15746, 1640735005
225, 1106187, 535045, 3006, 2387, 534195, 15777, 15777, 3043109604
232, 1107496, 2565, 537439, 536334, 1966, 14596, 14596, 2415052563
226, 1109198, 2606, 537723, 536976, 2049, 14922, 14922, 3116310787
233, 1103932, 3296, 534331, 533458, 2649, 15099, 15099, 3672051297
239, 1109323, 2675, 538556, 536823, 2171, 14549, 14549, 2509877337
228, 1105253, 2926, 534961, 534337, 2349, 15340, 15340, 1043311866
236, 1106925, 2727, 536451, 535389, 2130, 15114, 15114, 4044943395
229, 1105088, 535320, 2953, 2330, 534085, 15200, 15200, 1080224477
234, 1107032, 536742, 2632, 2062, 535768, 14914, 14914, 3380084303
227, 1108487, 537764, 2782, 2206, 537057, 14339, 14339, 924526978
231, 1110635, 537689, 3042, 2481, 536895, 15264, 15264, 2357973829
237, 1107821, 2793, 536449, 535706, 2195, 15339, 15339, 4052978854
235, 1111233, 538145, 2940, 2349, 537459, 15170, 15170, 2208569248
238, 1106257, 535518, 3141, 2516, 534786, 15148, 15148, 236696876
243, 1109449, 2890, 537804, 536333, 2332, 15045, 15045, 3571519916
240, 1112329, 539518, 2230, 1714, 538653, 15107, 15107, 4002287810
245, 1106523, 2672, 536575, 535590, 2138, 14774, 14774, 3593553661
247, 1105022, 2700, 535057, 533988, 2147, 15565, 15565, 2013053212
252, 1106109, 2977, 536120, 534961, 2405, 14823, 14823, 966294815
242, 1107183, 2916, 536336, 535655, 2372, 14952, 14952, 1339670497
244, 1103775, 534823, 2710, 2140, 533702, 15200, 15200, 1388578444
241, 1105447, 535892, 2996, 2371, 535184, 14502, 14502, 1912204660
246, 1106982, 2579, 535988, 535057, 2028, 15665, 15665, 1696900399
255, 1107479, 3096, 536314, 535234, 2507, 15164, 15164, 2416716946
249, 1102437, 533310, 3085, 2497, 532091, 15727, 15727, 2579376906
248, 1104824, 534805, 2649, 2053, 534069, 15624, 15624, 2904888789
250, 1106810, 535560, 3669, 3086, 534147, 15174, 15174, 3174211731
253, 1106601, 534516, 3979, 3298, 533750, 15529, 15529, 2247075490
257, 1104329, 2786, 535209, 534066, 2226, 15021, 15021, 4020986832
259, 1110076, 2311, 538486, 537278, 1737, 15132, 15132, 1000875080
251, 1104481, 2915, 2508, 1966, 2344, 547374, 547374, 2612543145
261, 1111848, 2301, 540798, 539017, 1740, 13996, 13996, 3317795786
254, 1104290, 534435, 2983, 2345, 533733, 15397, 15397, 1711427980
260, 1108178, 2968, 536813, 536129, 2372, 14948, 14948, 2916176360
262, 1109122, 2912, 537387, 536508, 2347, 14984, 14984, 1954308771
258, 1106599, 536224, 2798, 2258, 535063, 15128, 15128, 3485759959
263, 1105818, 2946, 536273, 535092, 2383, 14562, 14562, 96519817
256, 1110894, 538970, 2480, 1896, 538324, 14612, 14612, 3798430325
265, 1105906, 535512, 3183, 2587, 533836, 15394, 15394, 4268838241
264, 1108706, 538083, 2513, 1943, 536965, 14601, 14601, 3936614042
269, 1108967, 2026, 538715, 537903, 1529, 14397, 14397, 4061607069
268, 1108678, 3284, 536068, 535236, 2702, 15694, 15694, 2280636774
266, 1107476, 536472, 2900, 2306, 535302, 15248, 15248, 1458440533
277, 1107590, 2497, 537821, 536515, 1939, 14409, 14409, 3656159479
278, 1106066, 2625, 536491, 535294, 2080, 14788, 14788, 4061903880
279, 1109744, 2560, 538660, 537171, 2003, 14675, 14675, 2807867872
267, 1105411, 534884, 3111, 2504, 534240, 15336, 15336, 4249175435
270, 1107930, 537965, 2512, 1980, 537257, 14108, 14108, 356582716
275, 1104707, 2678, 535285, 534584, 2078, 15041, 15041, 2463248836
274, 1104042, 3285, 533116, 532380, 2675, 16293, 16293, 2151684895
276, 1102670, 3167, 533025, 532315, 2575, 15794, 15794, 2202483742
273, 1103297, 533836, 3084, 2507, 532868, 15501, 15501, 3244129717
272, 1105362, 535863, 2956, 2335, 534836, 14686, 14686, 4204145124
271, 1104396, 534402, 2999, 2376, 533809, 15405, 15405, 1669383215
281, 1109779, 2741, 537816, 537067, 2149, 15003, 15003, 2716596850
285, 1106857, 2680, 535961, 534854, 2116, 15623, 15623, 3109722074
287, 1104626, 3021, 535738, 534051, 2468, 14674, 14674, 4136100322
286, 1109587, 2500, 538272, 537370, 1923, 14761, 14761, 2847721265
283, 1108667, 537419, 2746, 2171, 536683, 14824, 14824, 2526974318
280, 1110944, 539047, 2202, 1659, 538446, 14795, 14795, 1472317504
282, 1105510, 535382, 2635, 2061, 534702, 15365, 15365, 3457140844
284, 1108713, 538069, 2714, 2141, 536959, 14415, 14415, 1407712752
290, 1106844, 2570, 536445, 535781, 1986, 15031, 15031, 2871432145
291, 1105248, 3011, 534982, 534328, 2407, 15260, 15260, 2034206051
295, 1108427, 2698, 537424, 536192, 2151, 14981, 14981, 1277219820
289, 1107253, 536710, 2753, 2183, 535857, 14875, 14875, 3616133209
294, 1107577, 2650, 536644, 535919, 2050, 15157, 15157, 1259915613
292, 1106317, 536241, 2798, 2220, 535444, 14807, 14807, 1419009975
288, 1112534, 2568, 539523, 538994, 2003, 14723, 14723, 839978016
293, 1110359, 538573, 2369, 1817, 537294, 15153, 15153, 2783020565
300, 1106695, 3818, 534761, 533517, 3181, 15709, 15709, 3228907773
296, 1106294, 535249, 3089, 2490, 534374, 15546, 15546, 2861367427
298, 1104422, 3077, 534332, 533585, 2516, 15456, 15456, 2971217077
297, 1109617, 539103, 2431, 1848, 537867, 14184, 14184, 2702705481
301, 1112004, 2962, 538959, 538178, 2391, 14757, 14757, 458936253
302, 1104359, 535303, 2797, 2201, 533896, 15081, 15081, 2369830045
299, 1106656, 535023, 3182, 2532, 534335, 15792, 15792, 3718177628
310, 1106036, 2667, 535813, 534698, 2062, 15398, 15398, 2333145070
305, 1101080, 533071, 2643, 2067, 531985, 15657, 15657, 2246580734
306, 1105895, 536890, 2555, 1981, 535227, 14621, 14621, 1816764853
303, 1106939, 537068, 2356, 1836, 535841, 14919, 14919, 1451493244
307, 1108235, 3007, 536594, 535990, 2410, 15117, 15117, 3836626454
308, 1111401, 539601, 2275, 1727, 538514, 14642, 14642, 1825477189
309, 1104853, 3242, 534480, 533820, 2667, 15322, 15322, 2679584593
304, 1111212, 2895, 538270, 537686, 2301, 15030, 15030, 3914350709
315, 1110068, 2684, 538279, 537243, 2134, 14864, 14864, 800140682
311, 1107578, 537118, 2660, 2106, 536258, 14718, 14718, 1590247235
313, 1106803, 3397, 535888, 534979, 2871, 14834, 14834, 3789029054
316, 1108832, 2219, 538418, 537536, 1681, 14489, 14489, 3380092871
314, 1106460, 536267, 2682, 2095, 535372, 15022, 15022, 2018427146
312, 1109857, 538789, 2287, 1749, 538004, 14514, 14514, 2551622999
323, 1107693, 2941, 536831, 535519, 2304, 15049, 15049, 2784173967
318, 1107501, 536369, 2868, 2288, 535192, 15392, 15392, 4000232313
320, 1109058, 536747, 2781, 2208, 535858, 15732, 15732, 1337096982
317, 1101332, 532745, 2963, 2407, 531871, 15673, 15673, 2850596049
322, 1112230, 539746, 2352, 1840, 538766, 14763, 14763, 788888654
326, 1103889, 3011, 533782, 532890, 2444, 15881, 15881, 727525431
321, 1108986, 538649, 2254, 1775, 536780, 14764, 14764, 811893560
325, 1105828, 536079, 2584, 2014, 535421, 14865, 14865, 573688950
324, 1107358, 536102, 3344, 2706, 535208, 14999, 14999, 368857960
319, 1103846, 2887, 3527, 2922, 2242, 546134, 546134, 2582476786
327, 1106920, 536323, 3088, 2534, 535259, 14858, 14858, 3248481652
328, 1110092, 538398, 2361, 1818, 537559, 14978, 14978, 2719359110
329, 1106385, 536002, 2720, 2144, 535191, 15164, 15164, 3895202546
331, 1105684, 537643, 1937, 1446, 536030, 14314, 14314, 1136425479
333, 1102831, 2550, 534413, 533527, 1941, 15200, 15200, 240033283
334, 1106938, 536705, 2560, 2006, 535547, 15060, 15060, 1050665856
330, 1103944, 2696, 534064, 533463, 2167, 15777, 15777, 4081874609
339, 1103489, 3149, 533263, 532135, 2524, 16209, 16209, 1394839887
336, 1104131, 2723, 534624, 533764, 2118, 15451, 15451, 642934838
332, 1101745, 532348, 3092, 2510, 531607, 16094, 16094, 3378725987
338, 1107732, 537138, 2815, 2243, 536086, 14725, 14725, 1222923678
335, 1104246, 534554, 3154, 2511, 533679, 15174, 15174, 3631824860
344, 1104746, 3322, 534564, 533447, 2709, 15352, 15352, 103543287
345, 1104453, 3391, 534786, 533247, 2777, 15126, 15126, 759743937
340, 1106934, 536504, 2650, 2072, 535738, 14985, 14985, 599346763
343, 1109723, 3004, 537480, 536738, 2435, 15033, 15033, 1398997248
337, 1107153, 2371, 537061, 536401, 1838, 14741, 14741, 2632336579
341, 1110432, 538783, 2638, 2079, 537908, 14512, 14512, 3662656605
349, 1106479, 3182, 535011, 534164, 2564, 15779, 15779, 3027015016
342, 1106941, 535714, 3145, 2556, 534848, 15339, 15339, 518472101
346, 1109992, 538622, 2682, 2137, 537105, 14723, 14723, 1866747246
351, 1104541, 2790, 535645, 534650, 2168, 14644, 14644, 1251626612
350, 1111372, 3117, 538815, 537974, 2528, 14469, 14469, 3833107604
348, 1109859, 537670, 3395, 2816, 536816, 14581, 14581, 359722941
352, 1110709, 2734, 538688, 538100, 2161, 14513, 14513, 4238048828
347, 1106639, 535307, 2868, 2275, 534611, 15789, 15789, 1799900162
353, 1109667, 3415, 536533, 535862, 2831, 15513, 15513, 2161433488
355, 1106537, 3168, 535485, 534675, 2639, 15285, 15285, 4035151649
356, 1106589, 2734, 536096, 535242, 2125, 15196, 15196, 2997307574
358, 1106891, 535272, 2859, 2274, 534170, 16158, 16158, 854577518
359, 1112453, 539182, 3078, 2497, 538494, 14601, 14601, 4292032665
361, 1110807, 1784, 539931, 539047, 1303, 14371, 14371, 572921134
362, 1107408, 537204, 2377, 1766, 535895, 15083, 15083, 59102732
357, 1108603, 537857, 2525, 1956, 536789, 14738, 14738, 3970991623
365, 1109812, 2243, 539116, 537690, 1713, 14525, 14525, 77714544
364, 1106369, 2275, 537052, 535787, 1729, 14763, 14763, 3446380624
360, 1111789, 539487, 2547, 1989, 538882, 14442, 14442, 2931432966
354, 1110652, 539388, 2017, 1478, 538847, 14461, 14461, 1147496852
368, 1101840, 3037, 532983, 531960, 2438, 15711, 15711, 1479423929
366, 1107581, 536976, 3294, 2686, 535253, 14686, 14686, 598370578
363, 1110895, 538732, 2671, 2092, 538056, 14672, 14672, 2643161633
367, 1105957, 2569, 535810, 535191, 1981, 15203, 15203, 1580103769
372, 1106834, 2784, 535960, 534814, 2174, 15551, 15551, 2242110699
373, 1105236, 3153, 534977, 533901, 2623, 15291, 15291, 3894473475
377, 1113398, 2251, 540775, 539338, 1716, 14659, 14659, 2852747623
376, 1106857, 2948, 536540, 535279, 2384, 14853, 14853, 2266452342
371, 1103644, 534631, 2522, 1989, 533654, 15424, 15424, 3319626935
369, 1105024, 534894, 2751, 2166, 534249, 15482, 15482, 64703835
378, 1107193, 2634, 536404, 535536, 2085, 15267, 15267, 1353831651
370, 1102488, 532078, 3876, 3193, 531437, 15952, 15952, 4214831052
374, 1107443, 536412, 2578, 2014, 535535, 15452, 15452, 2181686768
380, 1102454, 534415, 3003, 2387, 533131, 14759, 14759, 3546272710
375, 1103696, 535137, 2522, 1907, 534280, 14925, 14925, 348327668
379, 1104923, 534891, 2949, 2338, 533871, 15437, 15437, 237325050
385, 1108193, 3155, 536566, 535607, 2521, 15172, 15172, 936998548
388, 1108355, 2822, 537495, 536084, 2222, 14866, 14866, 3487735838
381, 1104936, 535304, 2951, 2343, 534362, 14988, 14988, 4135288130
387, 1107750, 2562, 537382, 536569, 1999, 14619, 14619, 1807794817
382, 1107727, 536837, 3051, 2427, 536072, 14670, 14670, 2554036722
383, 1107680, 536267, 2931, 2375, 535141, 15483, 15483, 258978167
390, 1104728, 3015, 534629, 533751, 2371, 15481, 15481, 3784166104
384, 1109711, 538320, 2614, 2022, 537569, 14593, 14593, 4071740804
386, 1107089, 3218, 535568, 534915, 2580, 15404, 15404, 1982546343
393, 1103699, 3670, 533354, 532598, 2989, 15544, 15544, 3540761240
391, 1104231, 535156, 2706, 2207, 534138, 15012, 15012, 2705013244
389, 1104830, 535752, 2838, 2270, 534742, 14614, 14614, 735678778
392, 1107476, 536067, 3215, 2566, 534754, 15437, 15437, 3581745322
394, 1110195, 538570, 2821, 2220, 537030, 14777, 14777, 2754002412
396, 1109979, 2964, 537648, 536906, 2393, 15034, 15034, 805130374
398, 1107255, 3123, 535860, 534989, 2499, 15392, 15392, 318551907
397, 1107520, 2599, 536855, 535898, 2016, 15076, 15076, 2026582025
402, 1109484, 2502, 538669, 537554, 1981, 14389, 14389, 2170465349
400, 1107717, 2689, 536913, 536194, 2089, 14916, 14916, 456852379
395, 1105154, 535238, 3150, 2575, 534637, 14777, 14777, 2594979543
403, 1106945, 537081, 2627, 2034, 535797, 14703, 14703, 1167878352
406, 1106797, 2685, 536517, 535142, 2125, 15164, 15164, 3976940202
405, 1108263, 2201, 537687, 536993, 1652, 14865, 14865, 238433315
399, 1107602, 535736, 2815, 2239, 535182, 15815, 15815, 3835129841
404, 1111086, 538844, 2396, 1831, 537897, 15059, 15059, 520825826
407, 1105411, 535334, 2674, 2152, 534579, 15336, 15336, 613122656
401, 1107138, 536085, 2995, 2406, 535482, 15085, 15085, 2511426636
409, 1110670, 538729, 2883, 2292, 537366, 14700, 14700, 173174088
408, 1106822, 536193, 2706, 2127, 535504, 15146, 15146, 3895100851
414, 1109992, 2496, 538809, 537613, 1898, 14588, 14588, 4156921747
411, 1105908, 534967, 3663, 3005, 533889, 15192, 15192, 276076901
415, 1110577, 2777, 538354, 537207, 2205, 15017, 15017, 2969497235
410, 1111415, 539442, 2507, 1932, 538690, 14422, 14422, 499218629
412, 1106467, 2708, 535624, 534834, 2079, 15611, 15611, 2324319015
416, 1110115, 4271, 535780, 534931, 3691, 15721, 15721, 3742294493
413, 1108306, 537243, 2659, 2062, 536428, 14957, 14957, 2148318445
423, 1106817, 2653, 537174, 535989, 2053, 14474, 14474, 4013375424
417, 1105925, 535771, 2876, 2302, 534584, 15196, 15196, 2515125528
425, 1110465, 2693, 538826, 538006, 2058, 14441, 14441, 2624515967
420, 1103906, 534683, 2827, 2222, 533954, 15110, 15110, 1326101329
428, 1105372, 2805, 535089, 534297, 2209, 15486, 15486, 3404878146
418, 1108462, 536618, 2918, 2324, 535978, 15312, 15312, 2477249804
422, 1108004, 537250, 2540, 2009, 536653, 14776, 14776, 3369402948
419, 1109629, 536911, 2873, 2314, 536255, 15638, 15638, 3480405204
421, 1107109, 537256, 2449, 1910, 536378, 14558, 14558, 2387830476
427, 1104949, 536431, 2514, 1957, 534445, 14801, 14801, 2762119621
426, 1108156, 3066, 536343, 535763, 2434, 15275, 15275, 1275574752
432, 1108520, 2614, 537756, 536595, 2091, 14732, 14732, 2021981982
430, 1106695, 537361, 2277, 1770, 535859, 14714, 14714, 1114462175
429, 1104385, 534220, 3307, 2677, 533299, 15441, 15441, 2623058487
431, 1105390, 536076, 2695, 2122, 534967, 14765, 14765, 2297154873
424, 1102750, 2689, 533643, 532960, 2074, 15692, 15692, 3475604942
434, 1107439, 537634, 2549, 1986, 536172, 14549, 14549, 111338233
436, 1110363, 2535, 538546, 537344, 1920, 15009, 15009, 2468036108
433, 1107230, 2074, 537010, 536322, 1526, 15149, 15149, 736372749
435, 1102440, 533885, 2993, 2386, 533084, 15046, 15046, 3193911719
442, 1108897, 2712, 536808, 535753, 2146, 15739, 15739, 3335416657
437, 1108942, 536744, 2906, 2350, 535872, 15535, 15535, 2823656865
443, 1104739, 535564, 2790, 2185, 534198, 15001, 15001, 1028655402
448, 1105044, 3390, 533839, 532915, 2810, 16045, 16045, 1186901363
446, 1109950, 2925, 537978, 537371, 2338, 14669, 14669, 4110264375
444, 1107007, 535794, 2573, 2008, 535068, 15782, 15782, 3947263317
438, 1105584, 534922, 2961, 2378, 533961, 15681, 15681, 1523955847
439, 1109922, 537003, 3269, 2677, 536361, 15306, 15306, 1510939054
441, 1105430, 535160, 2847, 2205, 534004, 15607, 15607, 3899598952
440, 1108725, 536941, 3108, 2476, 536262, 14969, 14969, 1361642473
447, 1103959, 534767, 2801, 2170, 533783, 15219, 15219, 3480612327
450, 1107446, 536973, 2778, 2175, 535144, 15188, 15188, 459290716
449, 1104222, 535224, 2357, 1782, 533941, 15459, 15459, 3357084469
445, 1109280, 536227, 2803, 2202, 535678, 16185, 16185, 2683488033
451, 1106989, 2587, 536490, 535544, 2006, 15181, 15181, 3052532542
453, 1108151, 2655, 537423, 536693, 2094, 14643, 14643, 445274304
452, 1110340, 2962, 537739, 536863, 2366, 15205, 15205, 356348121
455, 1107284, 2558, 536960, 535978, 1970, 14909, 14909, 3162386638
456, 1104902, 2827, 534806, 533847, 2242, 15590, 15590, 3064103622
457, 1110651, 2329, 538322, 537504, 1814, 15341, 15341, 614610788
459, 1109045, 2897, 537048, 536223, 2351, 15263, 15263, 532485212
463, 1103932, 2972, 534161, 533378, 2369, 15526, 15526, 1299711129
465, 1109612, 2855, 537485, 536285, 2295, 15346, 15346, 412059752
464, 1106823, 537653, 2370, 1850, 535932, 14509, 14509, 1944606365
462, 1109130, 2380, 537984, 537155, 1869, 14871, 14871, 743440047
454, 1109712, 538202, 2550, 2037, 537435, 14744, 14744, 2258954158
461, 1106631, 535915, 2730, 2117, 535053, 15408, 15408, 1763410737
460, 1105953, 535381, 2797, 2240, 534199, 15668, 15668, 1288799308
458, 1109276, 537063, 2982, 2395, 536112, 15362, 15362, 3809673162
468, 1111652, 2413, 539747, 538756, 1818, 14459, 14459, 898596751
470, 1109273, 2399, 538429, 537371, 1898, 14588, 14588, 125833348
469, 1106374, 2305, 536298, 535591, 1754, 15213, 15213, 3796284998
466, 1107341, 537161, 2664, 2092, 536306, 14559, 14559, 3584669856
467, 1106900, 535845, 3257, 2608, 534402, 15394, 15394, 1508281870
474, 1106607, 2265, 536676, 535485, 1721, 15230, 15230, 1498364617
471, 1108029, 537285, 2319, 1790, 536587, 15024, 15024, 2218060092
479, 1102942, 2900, 534389, 533016, 2345, 15146, 15146, 213481595
477, 1109237, 2615, 538082, 537032, 2026, 14741, 14741, 3103267075
473, 1107470, 536710, 2927, 2335, 536072, 14713, 14713, 4006969176
472, 1109434, 538341, 2388, 1847, 537358, 14750, 14750, 1875086442
480, 1106133, 2626, 536527, 535584, 2058, 14669, 14669, 974875868
478, 1104861, 3548, 533544, 532806, 2903, 16030, 16030, 320687683
476, 1103923, 534579, 2639, 2069, 533528, 15554, 15554, 2447473112
475, 1110380, 2332, 539024, 538407, 1793, 14412, 14412, 605336426
481, 1103571, 535123, 2638, 2076, 533552, 15091, 15091, 3576673315
482, 1101800, 3469, 532335, 531559, 2859, 15789, 15789, 203261151
486, 1106982, 2824, 535925, 535113, 2234, 15443, 15443, 3938026062
483, 1106091, 535193, 2783, 2197, 534376, 15771, 15771, 2658848990
489, 1110689, 2667, 538765, 537642, 2063, 14776, 14776, 834741922
487, 1108209, 2395, 537789, 537171, 1844, 14505, 14505, 3165625915
488, 1105669, 2911, 534793, 534075, 2292, 15799, 15799, 1050636142
484, 1106162, 3398, 534325, 533715, 2796, 15964, 15964, 3670094408
490, 1107441, 2815, 536915, 536111, 2228, 14686, 14686, 276193326
492, 1107568, 536929, 2759, 2191, 535537, 15076, 15076, 1457103595
485, 1107521, 536629, 3029, 2458, 535665, 14870, 14870, 1199575685
491, 1109787, 539153, 2387, 1861, 537630, 14378, 14378, 93168767
495, 1106807, 537909, 2690, 2104, 535646, 14229, 14229, 1593160904
496, 1105635, 2463, 535778, 534935, 1911, 15274, 15274, 557817707
493, 1106998, 2771, 536739, 536186, 2220, 14541, 14541, 71331648
502, 1108307, 2554, 537067, 535844, 1976, 15433, 15433, 1078521572
497, 1106713, 536677, 2746, 2174, 535768, 14674, 14674, 1373199042
494, 1107157, 536249, 2786, 2181, 535475, 15233, 15233, 3501213680
501, 1099818, 2701, 532197, 531369, 2117, 15717, 15717, 2875998889
498, 1108370, 537099, 2659, 2036, 536420, 15078, 15078, 633265657
504, 1108449, 3295, 536104, 535083, 2679, 15644, 15644, 2208309618
505, 1107705, 3085, 536007, 534809, 2504, 15650, 15650, 3344575592
499, 1108244, 538195, 2503, 1938, 537156, 14226, 14226, 1943139447
503, 1106930, 536112, 2778, 2163, 535419, 15229, 15229, 2367617784
500, 1105282, 535565, 2852, 2240, 535013, 14806, 14806, 1825873011
506, 1106437, 2770, 536458, 535785, 2190, 14617, 14617, 4153858967
508, 1107745, 3387, 536256, 535409, 2751, 14971, 14971, 430992615
507, 1104829, 536042, 2306, 1737, 535072, 14836, 14836, 1420331249
510, 1109363, 2489, 538076, 537280, 1982, 14768, 14768, 2122839001
514, 1107167, 2760, 536611, 535334, 2168, 15147, 15147, 1510970629
509, 1105305, 536029, 2292, 1749, 535265, 14985, 14985, 284838796
516, 1103043, 3002, 533507, 532643, 2387, 15752, 15752, 2537771985
511, 1106354, 536727, 2539, 1971, 535491, 14813, 14813, 2411511614
518, 1109811, 2441, 538980, 538154, 1874, 14181, 14181, 1800065590
513, 1107407, 536199, 2644, 2090, 535622, 15426, 15426, 3325706835
512, 1104340, 533743, 3146, 2551, 532906, 15997, 15997, 1420572218
515, 1105379, 535115, 3393, 2773, 534050, 15024, 15024, 3598558627
517, 1104190, 534519, 2561, 2025, 533645, 15720, 15720, 1097116139
519, 1105820, 534578, 2965, 2346, 533939, 15996, 15996, 4037841533
520, 1108986, 538419, 2321, 1781, 537491, 14487, 14487, 447619967
525, 1103682, 3059, 533522, 532651, 2472, 15989, 15989, 247620337
523, 1105253, 2886, 534842, 534038, 2267, 15610, 15610, 3353080828
521, 1105927, 3198, 535269, 534580, 2594, 15143, 15143, 1205570077
527, 1104840, 3241, 534676, 533627, 2606, 15345, 15345, 3335266434
524, 1106383, 536157, 2847, 2254, 535105, 15010, 15010, 1588758769
522, 1105506, 2628, 535946, 535321, 2063, 14774, 14774, 733508687
528, 1114159, 2869, 539890, 538789, 2279, 15166, 15166, 3029132567
532, 1109588, 2939, 537791, 536502, 2334, 15011, 15011, 2168117876
526, 1108647, 537569, 2614, 2028, 536308, 15064, 15064, 4259080695
529, 1103022, 3101, 533918, 533073, 2498, 15216, 15216, 3821997757
530, 1104035, 2701, 535477, 534735, 2124, 14499, 14499, 3919211879
534, 1110257, 2734, 538578, 537771, 2200, 14487, 14487, 4008974741
531, 1103237, 2631, 533698, 533052, 2050, 15903, 15903, 350914333
540, 1107652, 2658, 537214, 535863, 2117, 14900, 14900, 3235580047
533, 1104505, 535129, 2910, 2307, 534311, 14924, 14924, 1380198672
535, 1107494, 3744, 534705, 533944, 3153, 15974, 15974, 1661290078
538, 1111954, 539248, 2662, 2114, 537844, 15043, 15043, 4211736629
543, 1110016, 2049, 538485, 537454, 1540, 15244, 15244, 1826447655
545, 1107742, 2520, 537217, 536360, 1955, 14845, 14845, 3449975922
536, 1102669, 534164, 2565, 1988, 533466, 15243, 15243, 2443673160
541, 1103189, 535708, 2458, 1912, 534061, 14525, 14525, 3910073040
537, 1109209, 536354, 2838, 2261, 535714, 16021, 16021, 3537581404
544, 1106684, 2544, 536578, 535837, 1977, 14874, 14874, 1229780619
539, 1108737, 537966, 2352, 1810, 537329, 14640, 14640, 1584113751
542, 1104640, 535026, 2532, 1954, 534248, 15440, 15440, 2201054757
546, 1110436, 539319, 2478, 1936, 537597, 14553, 14553, 3011177733
549, 1106022, 2974, 535735, 534938, 2335, 15020, 15020, 4063478674
547, 1108287, 2665, 536781, 536017, 2078, 15373, 15373, 561926400
551, 1106259, 2687, 536503, 535494, 2117, 14729, 14729, 1905192561
553, 1108489, 2828, 536738, 535749, 2244, 15465, 15465, 467983202
552, 1108694, 537335, 2894, 2299, 536610, 14778, 14778, 1019359154
548, 1110864, 538555, 3018, 2399, 537684, 14604, 14604, 945694710
554, 1107133, 2679, 536207, 535479, 2064, 15352, 15352, 3843395615
550, 1105458, 534724, 3407, 2804, 533987, 15268, 15268, 3663882659
557, 1109104, 2574, 538030, 537336, 2042, 14561, 14561, 2239963707
556, 1105702, 3447, 534383, 533581, 2899, 15696, 15696, 2476531906
555, 1110081, 538217, 2438, 1882, 537326, 15109, 15109, 574750336
560, 1106129, 535690, 3145, 2545, 534069, 15340, 15340, 2661955033
558, 1108127, 536498, 2804, 2231, 535666, 15464, 15464, 1628749364
559, 1110282, 537464, 3047, 2476, 536929, 15183, 15183, 2178048667
561, 1106700, 2735, 535973, 535379, 2165, 15224, 15224, 911056996
563, 1105473, 3605, 533665, 532970, 3021, 16106, 16106, 3003118634
562, 1106869, 535951, 2624, 2009, 534911, 15687, 15687, 1230823101
564, 1106275, 535372, 2903, 2265, 534515, 15610, 15610, 1279484338
566, 1105872, 536463, 2705, 2118, 534984, 14801, 14801, 1528792325
569, 1106896, 3107, 535725, 534677, 2549, 15419, 15419, 760028358
567, 1107755, 537941, 2428, 1904, 536306, 14588, 14588, 2931295115
571, 1104436, 2872, 535019, 534045, 2284, 15108, 15108, 753917334
565, 1110599, 536568, 4057, 3494, 535960, 15260, 15260, 846128604
568, 1105965, 535271, 2801, 2196, 534477, 15610, 15610, 3351501302
570, 1104491, 534872, 2614, 2018, 534041, 15473, 15473, 3473139534
573, 1105559, 535398, 2617, 2047, 534535, 15481, 15481, 3520756431
574, 1103716, 2953, 534243, 533506, 2390, 15312, 15312, 2961125097
572, 1104100, 533305, 3561, 2884, 532682, 15834, 15834, 3826482409
578, 1104592, 2832, 534522, 533352, 2256, 15815, 15815, 3231102884
577, 1105940, 535020, 3090, 2498, 534214, 15559, 15559, 2638614837
576, 1107590, 536343, 2533, 1966, 535634, 15557, 15557, 3945524754
579, 1108585, 537622, 2925, 2325, 536333, 14690, 14690, 3976031141
575, 1104755, 534822, 2700, 2120, 533891, 15611, 15611, 2009501178
580, 1108734, 536654, 2599, 2005, 535884, 15796, 15796, 3074732523
584, 1109246, 3015, 537760, 536706, 2435, 14665, 14665, 4003716980
582, 1105285, 535132, 3245, 2675, 534425, 14904, 14904, 3481600737
581, 1105184, 534296, 3652, 3026, 533674, 15268, 15268, 1748932711
586, 1107834, 537314, 2596, 2009, 536333, 14791, 14791, 2572285725
585, 1105602, 535642, 3288, 2680, 534510, 14741, 14741, 3440807601
588, 1103445, 2509, 534300, 533130, 1930, 15788, 15788, 2417134301
587, 1108384, 537324, 2534, 2010, 536614, 14951, 14951, 1187813191
583, 1110438, 538835, 2404, 1859, 538262, 14539, 14539, 1435685682
591, 1105838, 536620, 2593, 2034, 535219, 14686, 14686, 3175147567
589, 1102342, 533470, 3509, 2882, 532225, 15128, 15128, 1047710187
594, 1109000, 3036, 538010, 536278, 2464, 14606, 14606, 3648909950
590, 1109825, 539000, 2426, 1876, 537965, 14279, 14279, 3182386403
595, 1107804, 537991, 2493, 1969, 536207, 14572, 14572, 3123058940
597, 1106403, 2458, 535890, 535222, 1929, 15452, 15452, 4271006439
592, 1107425, 536797, 2948, 2329, 535853, 14749, 14749, 1131936571
596, 1110563, 538928, 2777, 2163, 537653, 14521, 14521, 3513535187
602, 1107381, 3018, 536605, 535789, 2413, 14778, 14778, 1443024971
600, 1107379, 537001, 2647, 2120, 535745, 14933, 14933, 3550625305
603, 1106635, 3000, 535282, 534334, 2351, 15834, 15834, 190561294
601, 1105901, 2541, 535631, 534798, 1973, 15479, 15479, 1225153297
598, 1104771, 534965, 2989, 2389, 534090, 15169, 15169, 1826684116
606, 1106983, 3389, 535903, 534673, 2740, 15139, 15139, 939077143
599, 1109827, 537635, 3004, 2401, 537085, 14851, 14851, 539443149
593, 1108202, 536414, 3156, 2561, 535743, 15164, 15164, 3577079854
604, 1105346, 535685, 2820, 2254, 534487, 15050, 15050, 453326459
607, 1105242, 535857, 2876, 2244, 534347, 14959, 14959, 922145621
605, 1109530, 2788, 538230, 536955, 2243, 14657, 14657, 3218642568
608, 1106838, 2478, 537181, 536199, 1968, 14506, 14506, 2013963640
614, 1109389, 3220, 537469, 536312, 2624, 14882, 14882, 3936045989
615, 1109397, 2423, 538564, 537376, 1848, 14593, 14593, 3329389332
609, 1107295, 536151, 2669, 2064, 535467, 15472, 15472, 3619892553
612, 1104683, 534039, 3082, 2474, 533002, 16043, 16043, 1565195203
613, 1106896, 535873, 3179, 2582, 534466, 15398, 15398, 224520391
611, 1107645, 2482, 537511, 536806, 1904, 14471, 14471, 1931026383
610, 1105063, 535547, 2719, 2101, 534550, 15073, 15073, 1438603214
623, 1107699, 2777, 536236, 535116, 2230, 15670, 15670, 1807507708
621, 1109117, 538959, 2390, 1832, 537634, 14151, 14151, 3213522918
616, 1104186, 535479, 2648, 2063, 534306, 14845, 14845, 3247616738
619, 1104364, 533990, 3503, 2858, 533049, 15482, 15482, 927661039
622, 1109904, 538369, 2585, 2047, 537213, 14845, 14845, 2280518823
620, 1108081, 537808, 2547, 2040, 537066, 14310, 14310, 2835274070
617, 1107967, 536986, 2539, 2009, 536091, 15171, 15171, 944502934
618, 1105075, 534624, 2975, 2393, 533889, 15597, 15597, 3181609106
625, 1110579, 2435, 539485, 538399, 1862, 14199, 14199, 2091675897
624, 1107958, 536266, 2937, 2353, 535224, 15589, 15589, 2136086850
628, 1106217, 2692, 536213, 535103, 2123, 15043, 15043, 2568221957
626, 1112137, 2814, 539185, 538394, 2196, 14774, 14774, 3762214478
630, 1104821, 2903, 534065, 533092, 2293, 16234, 16234, 940144780
629, 1107261, 536415, 2813, 2199, 535360, 15237, 15237, 2708915422
631, 1107837, 2584, 537054, 535970, 2049, 15090, 15090, 192481447
627, 1104545, 535563, 2678, 2148, 534138, 15009, 15009, 459118602
636, 1108818, 2497, 538418, 537146, 1915, 14421, 14421, 1644772670
635, 1107362, 3080, 536387, 535224, 2491, 15090, 15090, 1235213851
634, 1108850, 537533, 2935, 2312, 536386, 14842, 14842, 4238681009
638, 1105646, 2329, 536035, 534935, 1747, 15300, 15300, 931774610
632, 1109767, 2900, 538097, 536971, 2369, 14715, 14715, 1104441270
639, 1105994, 2819, 535304, 534616, 2273, 15491, 15491, 1570863419
633, 1105473, 3703, 534091, 533304, 3093, 15641, 15641, 2059225510
640, 1108327, 2775, 537453, 536832, 2239, 14514, 14514, 2664747606
641, 1108694, 538103, 2429, 1875, 536927, 14680, 14680, 1530966049
642, 1105595, 3094, 535149, 534277, 2477, 15299, 15299, 2721888164
637, 1107101, 536317, 3014, 2364, 535148, 15129, 15129, 161275762
643, 1101393, 533251, 2907, 2305, 532110, 15410, 15410, 754417893
644, 1104477, 535787, 2874, 2272, 533922, 14811, 14811, 3896062270
647, 1108956, 3262, 536867, 535912, 2679, 15118, 15118, 261606975
650, 1108346, 2819, 537679, 535942, 2266, 14820, 14820, 2761115053
645, 1111009, 538834, 2636, 2040, 538293, 14603, 14603, 755197627
646, 1106575, 536263, 2797, 2246, 535243, 15013, 15013, 1290364816
648, 1108553, 2631, 537111, 536458, 2067, 15143, 15143, 2338101398
649, 1109950, 538625, 2373, 1840, 537702, 14705, 14705, 2686770160
654, 1104582, 2412, 535580, 534792, 1836, 14981, 14981, 875266373
656, 1105308, 2938, 535122, 534199, 2345, 15352, 15352, 2039921012
652, 1109412, 538838, 2050, 1498, 537418, 14804, 14804, 1039370450
658, 1109645, 2825, 537718, 536871, 2245, 14993, 14993, 4065433132
657, 1104663, 535386, 2807, 2247, 533767, 15228, 15228, 3234737817
660, 1105670, 3822, 533795, 532564, 3121, 16184, 16184, 1904781635
655, 1109120, 537758, 2639, 2087, 536916, 14860, 14860, 3370896888
651, 1106386, 535542, 3136, 2502, 534928, 15139, 15139, 393688667
653, 1106083, 535234, 2792, 2242, 534619, 15598, 15598, 3621068429
661, 1111027, 2374, 539508, 538754, 1827, 14282, 14282, 664330765
659, 1103748, 534085, 2739, 2130, 532680, 16057, 16057, 4150786021
662, 1106800, 2991, 536391, 535555, 2407, 14728, 14728, 3359262036
668, 1108825, 2470, 538860, 537175, 1888, 14216, 14216, 1981773997
665, 1108088, 535974, 3207, 2597, 535190, 15560, 15560, 3176042203
663, 1111935, 538683, 2656, 2072, 537690, 15417, 15417, 284674839
666, 1106594, 534723, 3062, 2421, 533960, 16214, 16214, 3344473166
664, 1108454, 537351, 2562, 2040, 536585, 14958, 14958, 4017244424
671, 1106695, 2257, 537021, 535989, 1692, 14868, 14868, 1121882576
674, 1108484, 2934, 536650, 535556, 2322, 15511, 15511, 42472489
669, 1106479, 2613, 536213, 535431, 2026, 15098, 15098, 1728934840
672, 1106751, 2975, 536255, 535065, 2372, 15042, 15042, 2371062940
667, 1109359, 537921, 3164, 2612, 536964, 14349, 14349, 772183317
670, 1104807, 534533, 2963, 2349, 533710, 15626, 15626, 353627560
675, 1108609, 537378, 2651, 2120, 536316, 15072, 15072, 1709052797
677, 1107367, 537509, 2297, 1761, 536560, 14620, 14620, 1035123770
673, 1106108, 3502, 533700, 533079, 2903, 16462, 16462, 1914857059
679, 1108328, 2757, 537264, 536627, 2216, 14732, 14732, 4289410643
683, 1105187, 2759, 534655, 533387, 2136, 16125, 16125, 1910444315
686, 1108295, 2509, 537775, 536390, 1943, 14839, 14839, 2353742769
676, 1107762, 536249, 3169, 2570, 535528, 15123, 15123, 2645182094
678, 1107712, 536640, 2996, 2410, 535630, 15018, 15018, 802755979
681, 1103087, 3296, 532609, 531943, 2683, 16278, 16278, 156033115
685, 1106546, 2689, 535887, 535093, 2123, 15377, 15377, 4170472830
684, 1103294, 534667, 2939, 2336, 533092, 15130, 15130, 418193757
688, 1105937, 3100, 535215, 534257, 2521, 15422, 15422, 868392684
687, 1105754, 2498, 535871, 534890, 1927, 15284, 15284, 1718217992
680, 1103926, 534415, 2832, 2225, 533814, 15320, 15320, 3295956782
690, 1105716, 2705, 535680, 534408, 2161, 15381, 15381, 166063434
682, 1106180, 2719, 535127, 534460, 2154, 15860, 15860, 1130643813
689, 1109812, 538459, 2737, 2105, 536947, 14782, 14782, 2278267442
694, 1104671, 2849, 534501, 533519, 2286, 15758, 15758, 1555142456
691, 1109537, 537656, 2410, 1846, 536771, 15427, 15427, 735312995
695, 1108906, 2656, 536886, 535963, 2091, 15655, 15655, 1034341006
692, 1107797, 536948, 2719, 2177, 536179, 14887, 14887, 207882143
693, 1105889, 535299, 2954, 2316, 534490, 15415, 15415, 2175720512
699, 1112108, 2038, 540526, 539727, 1555, 14131, 14131, 2649174050
696, 1104407, 534213, 3226, 2630, 533538, 15400, 15400, 1167345055
697, 1108018, 537297, 2573, 1964, 536346, 14919, 14919, 986049203
705, 1106499, 2580, 536522, 535336, 2023, 15019, 15019, 2503564116
700, 1108189, 537591, 2819, 2302, 536361, 14558, 14558, 878243425
701, 1103573, 533480, 3269, 2673, 532849, 15651, 15651, 3665771953
703, 1107902, 2653, 537386, 536818, 2115, 14465, 14465, 2573221186
704, 1106110, 536332, 2633, 2056, 535041, 15024, 15024, 3039594153
698, 1110323, 536999, 3357, 2740, 536413, 15407, 15407, 431844868
702, 1109139, 2777, 537120, 536547, 2211, 15242, 15242, 1516241410
709, 1109866, 4275, 536226, 535343, 3738, 15142, 15142, 3033532478
707, 1109673, 2837, 537768, 537120, 2248, 14850, 14850, 3734304720
708, 1109643, 2449, 538300, 537725, 1909, 14630, 14630, 3054345755
706, 1111871, 538773, 2873, 2313, 538188, 14862, 14862, 3000062942
711, 1110295, 539285, 2473, 1934, 538315, 14144, 14144, 303884944
713, 1108380, 537667, 2586, 2022, 536905, 14600, 14600, 1572232411
710, 1109180, 537168, 2668, 2098, 536566, 15340, 15340, 2433969219
718, 1108174, 2547, 537732, 536680, 1979, 14618, 14618, 3986400118
714, 1108983, 2936, 537375, 536748, 2336, 14794, 14794, 3476547500
712, 1110277, 2858, 537761, 537169, 2243, 15123, 15123, 3383863576
716, 1106946, 2646, 536050, 535394, 2084, 15386, 15386, 333214372
717, 1107096, 2924, 536666, 535836, 2374, 14648, 14648, 4135146341
715, 1102212, 533722, 2747, 2149, 532808, 15393, 15393, 99861772
723, 1107321, 2777, 537039, 535976, 2181, 14674, 14674, 740414471
721, 1102587, 2452, 534087, 533034, 1878, 15568, 15568, 4002009517
719, 1111518, 539860, 2352, 1814, 539046, 14223, 14223, 3660424095
725, 1105975, 2852, 536317, 534894, 2278, 14817, 14817, 2297453351
724, 1104656, 2705, 535347, 534626, 2086, 14946, 14946, 3146703162
726, 1108411, 2659, 537298, 536480, 2086, 14944, 14944, 1753028985
722, 1107326, 535452, 3282, 2606, 534776, 15605, 15605, 1863979718
720, 1109148, 537439, 2831, 2240, 536562, 15038, 15038, 3241787338
729, 1106553, 2857, 536056, 535231, 2237, 15086, 15086, 1564661341
733, 1108297, 2406, 537753, 536749, 1793, 14798, 14798, 251517005
727, 1106609, 536945, 2449, 1922, 536025, 14634, 14634, 541671434
736, 1106355, 2877, 535939, 534691, 2296, 15276, 15276, 1113199431
730, 1109071, 538752, 2295, 1770, 537424, 14415, 14415, 2491774755
731, 1107009, 2761, 535885, 535110, 2229, 15512, 15512, 3096122094
734, 1108058, 2441, 537446, 536818, 1927, 14713, 14713, 628355739
732, 1106884, 538052, 2073, 1575, 537422, 13881, 13881, 3510229596
735, 1105995, 536536, 2591, 2037, 535075, 14878, 14878, 2600782581
737, 1106253, 3686, 534142, 533353, 3102, 15985, 15985, 257585897
740, 1110256, 2405, 538868, 537867, 1854, 14631, 14631, 652046640
728, 1106923, 2846, 536113, 535471, 2235, 15129, 15129, 3442925844
738, 1106111, 3331, 535401, 534537, 2728, 15057, 15057, 3815061768
739, 1104570, 534851, 3312, 2697, 533940, 14885, 14885, 2345842668
741, 1109865, 2438, 538896, 538094, 1893, 14272, 14272, 203199375
747, 1106169, 2836, 535653, 534808, 2264, 15304, 15304, 1595920036
743, 1109877, 537556, 2957, 2436, 536532, 15198, 15198, 2926701975
744, 1107344, 2371, 537262, 536565, 1766, 14690, 14690, 2653609625
745, 1107680, 536671, 2838, 2226, 535937, 15004, 15004, 490419695
753, 1105415, 2412, 536525, 535443, 1893, 14571, 14571, 813357255
750, 1107600, 2727, 536812, 536046, 2159, 14928, 14928, 4185665983
746, 1110152, 2274, 538888, 538267, 1787, 14468, 14468, 705706655
742, 1105494, 2544, 536224, 535595, 1949, 14591, 14591, 2548384221
752, 1104796, 3079, 535143, 533978, 2530, 15033, 15033, 1754997231
748, 1112297, 539393, 3056, 2467, 538559, 14411, 14411, 3258767390
755, 1102890, 2896, 533991, 533215, 2262, 15263, 15263, 3236785808
754, 1105318, 535456, 2891, 2287, 534376, 15154, 15154, 409605840
749, 1111165, 539578, 2114, 1607, 538900, 14483, 14483, 3252989212
756, 1109482, 537723, 2946, 2410, 536651, 14876, 14876, 1604266674
751, 1107644, 536341, 2848, 2247, 535662, 15273, 15273, 4246547463
758, 1104928, 2356, 536132, 534922, 1808, 14855, 14855, 682246828
760, 1105560, 2558, 535660, 534214, 2020, 15554, 15554, 1992377007
757, 1104405, 534807, 3269, 2621, 533260, 15224, 15224, 1628253166
761, 1106997, 3289, 535670, 534468, 2674, 15448, 15448, 2007615049
759, 1107588, 2666, 536994, 535968, 2118, 14921, 14921, 1054307693
763, 1107329, 2638, 536043, 534887, 2113, 15824, 15824, 2782241412
766, 1106819, 2410, 536252, 535213, 1822, 15561, 15561, 2193055668
772, 1107821, 2437, 537734, 535871, 1893, 14943, 14943, 3681588677
764, 1109676, 2782, 537524, 536908, 2214, 15124, 15124, 557386333
771, 1103852, 2719, 535255, 534009, 2107, 14881, 14881, 3030483240
769, 1107453, 536594, 2992, 2392, 535543, 14966, 14966, 2186587344
765, 1110530, 2928, 538373, 537732, 2361, 14568, 14568, 1361446831
767, 1108227, 538089, 2665, 2118, 536511, 14422, 14422, 1126496194
768, 1107464, 537728, 2349, 1845, 536356, 14593, 14593, 2065397469
762, 1102076, 532188, 3238, 2605, 531303, 16371, 16371, 1770526647
770, 1108896, 537328, 2383, 1854, 536647, 15342, 15342, 3078130505
773, 1107476, 2790, 536462, 535799, 2135, 15145, 15145, 3724656780
778, 1102220, 2844, 534018, 532568, 2234, 15278, 15278, 3720551933
775, 1105306, 2379, 535501, 534623, 1781, 15511, 15511, 1832419584
777, 1109206, 539179, 2037, 1546, 538132, 14156, 14156, 3513225698
780, 1108150, 2605, 537554, 536404, 2063, 14762, 14762, 1375648581
776, 1104238, 535335, 2984, 2393, 534534, 14496, 14496, 377255065
774, 1108563, 537407, 2617, 2040, 536697, 14901, 14901, 1486654027
784, 1108461, 2509, 536754, 535945, 1997, 15628, 15628, 1120817875
779, 1107403, 2927, 536348, 535684, 2358, 15043, 15043, 3070852224
781, 1110186, 538107, 2795, 2229, 537185, 14935, 14935, 1873971888
785, 1108406, 2420, 537278, 536719, 1847, 15071, 15071, 810230234
789, 1107946, 3291, 536017, 534879, 2709, 15525, 15525, 1755168048
791, 1105338, 2785, 535729, 534499, 2169, 15078, 15078, 2524702983
792, 1107577, 2615, 537164, 535610, 2022, 15083, 15083, 2410035067
787, 1108513, 2545, 537573, 536961, 1932, 14751, 14751, 1951649911
783, 1106265, 535970, 2709, 2151, 535325, 15055, 15055, 884846679
794, 1106222, 2952, 536281, 534819, 2352, 14909, 14909, 2026963898
790, 1106320, 2502, 536684, 535968, 1934, 14616, 14616, 533403959
786, 1107582, 536753, 2596, 2012, 536071, 15075, 15075, 2321337936
795, 1111186, 2462, 539441, 538372, 1917, 14497, 14497, 1615935750
788, 1105650, 535143, 3029, 2408, 534194, 15438, 15438, 200392842
782, 1107078, 536278, 2548, 1932, 535728, 15296, 15296, 4258797482
797, 1105288, 3149, 535065, 533922, 2554, 15299, 15299, 2232678477
799, 1109318, 2303, 538328, 537343, 1774, 14785, 14785, 3730045846
800, 1105721, 3237, 534590, 533310, 2628, 15978, 15978, 3216907073
796, 1109834, 539048, 2371, 1829, 538016, 14285, 14285, 271156087
798, 1109564, 537968, 2505, 1932, 537013, 15073, 15073, 1210279435
803, 1109151, 2330, 538053, 537132, 1762, 14937, 14937, 3886520542
802, 1104099, 3103, 533634, 532879, 2491, 15996, 15996, 25329590
793, 1109733, 536155, 3751, 3141, 535434, 15626, 15626, 2958111231
809, 1108429, 538592, 2344, 1802, 537061, 14315, 14315, 154570920
811, 1106017, 3067, 535581, 534458, 2471, 15220, 15220, 2487571325
804, 1109065, 2546, 537580, 536972, 1945, 15011, 15011, 2181252988
806, 1105089, 534252, 3392, 2779, 533196, 15735, 15735, 4024283824
805, 1104953, 535101, 2996, 2324, 534130, 15201, 15201, 18501801
801, 1108848, 3355, 536468, 535933, 2710, 15191, 15191, 424674538
810, 1108520, 537953, 2649, 2077, 536477, 14682, 14682, 707093966
813, 1106651, 2496, 536766, 535336, 1915, 15069, 15069, 2278671023
807, 1108005, 537298, 2416, 1867, 536626, 14899, 14899, 2670817805
808, 1110321, 538987, 2363, 1813, 538166, 14496, 14496, 2244585156
812, 1107432, 537076, 2489, 1920, 536255, 14846, 14846, 2181207004
814, 1105959, 535961, 2547, 1948, 535085, 15209, 15209, 199030483
815, 1104971, 535610, 3239, 2639, 534137, 14673, 14673, 157436328
817, 1107616, 2941, 537013, 536076, 2340, 14623, 14623, 3450218718
822, 1102310, 3065, 533410, 532049, 2472, 15657, 15657, 592609530
816, 1110991, 538346, 3067, 2499, 537543, 14768, 14768, 2144013019
821, 1104474, 2724, 534061, 532808, 2165, 16358, 16358, 1723201420
820, 1105701, 2426, 535653, 534671, 1877, 15537, 15537, 3623216521
825, 1106155, 2658, 535706, 534817, 2088, 15443, 15443, 3565300675
818, 1106317, 536330, 2582, 2003, 535622, 14890, 14890, 3588813260
826, 1109622, 2919, 538001, 536699, 2399, 14802, 14802, 1147243561
819, 1104392, 534899, 3054, 2417, 534110, 14956, 14956, 3248460138
824, 1105333, 2650, 535424, 534628, 2073, 15279, 15279, 1474101534
830, 1104412, 2846, 535005, 533622, 2263, 15338, 15338, 848923771
827, 1107544, 2496, 537325, 536423, 1900, 14700, 14700, 2031999044
829, 1104099, 2523, 534682, 534013, 1943, 15469, 15469, 1231731158
823, 1104778, 534944, 2965, 2366, 534009, 15247, 15247, 2812537325
837, 1109783, 2131, 539203, 537743, 1616, 14545, 14545, 4153262738
828, 1111366, 538372, 2923, 2343, 537794, 14967, 14967, 325765978
832, 1110005, 538652, 2525, 2009, 537471, 14674, 14674, 3655371362
831, 1107469, 536511, 2541, 1972, 535869, 15288, 15288, 3577645916
839, 1107690, 2573, 537487, 536387, 2015, 14614, 14614, 570747755
833, 1104101, 534527, 2800, 2228, 533720, 15413, 15413, 4183341995
841, 1104742, 2311, 536101, 534710, 1750, 14935, 14935, 3315358957
840, 1102908, 3402, 533206, 532267, 2801, 15616, 15616, 197074801
836, 1102412, 532956, 3373, 2731, 531834, 15759, 15759, 1878524260
835, 1108224, 536893, 2702, 2139, 536316, 15087, 15087, 2560110117
834, 1103573, 534187, 2959, 2366, 533465, 15298, 15298, 1845559823
844, 1108647, 2520, 537992, 536738, 1969, 14714, 14714, 4181974659
838, 1108067, 2483, 536790, 536213, 1915, 15333, 15333, 2124734443
842, 1111701, 2379, 539483, 538373, 1810, 14828, 14828, 1446084922
843, 1106242, 2446, 535731, 534843, 1886, 15668, 15668, 3482149918
851, 1106182, 2855, 535384, 534355, 2286, 15651, 15651, 1280249956
848, 1104855, 2505, 534743, 534074, 1935, 15799, 15799, 1112304695
853, 1107413, 2314, 537227, 536055, 1767, 15025, 15025, 1953639395
845, 1105838, 3022, 535308, 534595, 2385, 15264, 15264, 967476223
847, 1108394, 2976, 536483, 535888, 2395, 15326, 15326, 2354041263
850, 1104673, 3159, 534137, 533388, 2551, 15719, 15719, 4217718268
858, 1104733, 2473, 536068, 534543, 1899, 14875, 14875, 1202279953
855, 1105706, 535902, 3145, 2500, 534695, 14732, 14732, 3894056035
852, 1105803, 534837, 3062, 2487, 533895, 15761, 15761, 1278362635
849, 1102886, 532210, 3598, 2972, 531422, 16342, 16342, 4120012783
857, 1104481, 535915, 2557, 1980, 534443, 14793, 14793, 4134181001
856, 1108824, 537746, 2625, 2029, 536496, 14964, 14964, 1899044213
846, 1108966, 537998, 2368, 1828, 537406, 14683, 14683, 373633614
859, 1108076, 536542, 2928, 2338, 535498, 15385, 15385, 3980501639
854, 1107383, 537995, 2198, 1626, 537194, 14185, 14185, 2569741640
861, 1110611, 3725, 537675, 536424, 3089, 14849, 14849, 2378834404
863, 1106783, 2367, 537572, 536165, 1799, 14440, 14440, 2129417496
862, 1108918, 2792, 537639, 536495, 2220, 14886, 14886, 3993726105
864, 1108763, 2559, 538414, 537097, 1993, 14350, 14350, 1996818209
860, 1107554, 536822, 2511, 1981, 536096, 15072, 15072, 1827865697
866, 1104120, 2891, 535736, 534880, 2313, 14150, 14150, 3229198274
874, 1105633, 2673, 535804, 534035, 2113, 15504, 15504, 945975273
865, 1108431, 537812, 2691, 2097, 536807, 14512, 14512, 1444721059
869, 1105897, 536398, 2405, 1836, 535370, 14944, 14944, 3774794746
876, 1108248, 2649, 537557, 536482, 2042, 14759, 14759, 89800356
871, 1106531, 534828, 3667, 3078, 534164, 15397, 15397, 3704825574
870, 1107393, 536172, 3149, 2529, 535553, 14995, 14995, 3839669561
867, 1105531, 535792, 2334, 1812, 535007, 15293, 15293, 4246474555
873, 1109273, 2908, 536211, 535493, 2321, 16170, 16170, 1311567534
868, 1107969, 537579, 2500, 1928, 536818, 14572, 14572, 4128829952
878, 1105965, 536064, 2916, 2340, 534991, 14827, 14827, 2550712318
875, 1107207, 537306, 2484, 1896, 536073, 14724, 14724, 310468913
872, 1105764, 534857, 3317, 2696, 533928, 15483, 15483, 3578287869
880, 1106442, 536756, 2819, 2239, 534896, 14866, 14866, 2031861387
879, 1103140, 533491, 3076, 2461, 532220, 15946, 15946, 1304555134
883, 1109058, 2900, 537350, 535974, 2298, 15268, 15268, 1396889460
881, 1103246, 534453, 2758, 2155, 532902, 15489, 15489, 1432893654
877, 1107986, 537278, 2633, 2088, 536647, 14670, 14670, 2619717025
886, 1104629, 3352, 535061, 533710, 2752, 14877, 14877, 2185854328
889, 1106205, 2775, 536742, 535026, 2216, 14723, 14723, 29817111
884, 1108827, 538444, 2505, 1919, 537067, 14446, 14446, 1254046930
882, 1103743, 3237, 533639, 532964, 2629, 15637, 15637, 2548991268
891, 1104607, 3382, 534022, 533151, 2726, 15663, 15663, 2594980303
885, 1105210, 2927, 535269, 534624, 2382, 15004, 15004, 1237232777
892, 1106424, 2949, 535489, 534790, 2376, 15410, 15410, 4089963911
887, 1104817, 534515, 3142, 2541, 533823, 15398, 15398, 812586120
896, 1105872, 2403, 536791, 535030, 1862, 14893, 14893, 2322282652
890, 1106904, 536238, 3157, 2548, 535115, 14923, 14923, 3594664169
893, 1107012, 535444, 3346, 2750, 534616, 15428, 15428, 3324965063
888, 1105352, 535426, 3046, 2427, 534759, 14847, 14847, 1868812912
897, 1104337, 535128, 2557, 1987, 533905, 15380, 15380, 996235799
898, 1105113, 535178, 2939, 2315, 533647, 15517, 15517, 2100274729
901, 1108728, 2391, 538119, 536686, 1890, 14821, 14821, 3842872198
895, 1107328, 536569, 2715, 2201, 535713, 15065, 15065, 2507539634
894, 1102988, 533981, 2965, 2331, 533253, 15229, 15229, 1842818817
899, 1106261, 536446, 2763, 2197, 535319, 14768, 14768, 2427305997
900, 1105979, 2549, 535880, 535172, 1968, 15205, 15205, 3647599805
907, 1107055, 3003, 536688, 535117, 2387, 14930, 14930, 3340768330
903, 1107461, 3186, 535870, 535100, 2565, 15370, 15370, 53740610
906, 1107901, 2294, 537304, 536339, 1758, 15103, 15103, 3885297065
902, 1102936, 533577, 3564, 2972, 532437, 15193, 15193, 1848611861
904, 1105872, 535405, 2896, 2264, 534535, 15386, 15386, 66476875
911, 1107638, 3073, 536151, 535088, 2474, 15426, 15426, 97589383
908, 1107026, 537633, 2258, 1720, 536551, 14432, 14432, 1530468202
912, 1104795, 2935, 535718, 534725, 2339, 14539, 14539, 2612681327
909, 1105362, 535263, 2973, 2342, 534288, 15248, 15248, 2349641882
913, 1106781, 2634, 535627, 534713, 2093, 15857, 15857, 3079545195
914, 1109064, 3193, 536846, 536014, 2577, 15217, 15217, 1910446982
916, 1105707, 2702, 535813, 534715, 2147, 15165, 15165, 964213555
905, 1109181, 536676, 3594, 3007, 535416, 15244, 15244, 1956748980
915, 1108569, 2510, 537787, 537045, 1885, 14671, 14671, 2934562505
910, 1106186, 535504, 2678, 2087, 534917, 15500, 15500, 1315115208
918, 1107223, 3175, 536671, 535869, 2576, 14466, 14466, 1013500821
921, 1105703, 2497, 535626, 534814, 1950, 15408, 15408, 591659379
920, 1104819, 535313, 2708, 2152, 534060, 15293, 15293, 1805293510
917, 1106999, 536035, 2529, 1989, 534946, 15750, 15750, 3774814432
919, 1105973, 2968, 535525, 534827, 2363, 15145, 15145, 708554153
926, 1106869, 2743, 536077, 534884, 2145, 15510, 15510, 2297635844
923, 1107767, 2432, 536998, 536110, 1845, 15191, 15191, 3576336231
922, 1108898, 537588, 2482, 1933, 536645, 15125, 15125, 1430553010
925, 1103486, 3568, 533104, 532333, 2973, 15754, 15754, 970469806
928, 1108806, 538494, 2487, 1937, 537032, 14428, 14428, 1251828652
924, 1109329, 538258, 2259, 1721, 537257, 14917, 14917, 2146159972
927, 1105347, 535903, 2799, 2257, 534956, 14716, 14716, 2971414674
930, 1109380, 537577, 2938, 2388, 536369, 15054, 15054, 2618827846
932, 1109762, 537672, 2758, 2219, 536659, 15227, 15227, 1867958747
931, 1103446, 534927, 2720, 2140, 533719, 14970, 14970, 2193432841
935, 1107887, 3107, 536189, 535513, 2544, 15267, 15267, 2928077496
934, 1110330, 537794, 2741, 2225, 537198, 15186, 15186, 3481547010
936, 1108076, 537585, 2479, 1893, 536547, 14786, 14786, 3285714589
941, 1113200, 2539, 540222, 539369, 2024, 14523, 14523, 3352836454
933, 1107427, 536517, 2664, 2078, 535948, 15110, 15110, 1004528456
929, 1103979, 534369, 2593, 2057, 533742, 15609, 15609, 3872467569
937, 1104676, 535550, 2650, 2073, 534585, 14909, 14909, 3504462661
939, 1103618, 533931, 2822, 2250, 532851, 15882, 15882, 1918493607
938, 1110058, 2522, 538224, 537652, 1994, 14833, 14833, 522057041
940, 1106926, 2527, 536563, 535948, 1938, 14975, 14975, 1894646332
945, 1109009, 2509, 537710, 536757, 1969, 15032, 15032, 3084676614
943, 1107828, 2905, 536586, 535651, 2338, 15174, 15174, 1194399373
946, 1105112, 2865, 535515, 534749, 2297, 14843, 14843, 1754000559
942, 1104696, 535527, 2519, 1955, 534459, 15118, 15118, 286927169
944, 1103122, 534296, 3119, 2532, 533207, 14984, 14984, 3305177977
954, 1103809, 2352, 535635, 534521, 1783, 14759, 14759, 3334552004
950, 1103305, 534973, 2925, 2309, 533356, 14871, 14871, 1868304460
947, 1107469, 535514, 2999, 2403, 534815, 15869, 15869, 4074943973
949, 1105869, 2539, 536189, 535354, 1965, 14911, 14911, 690158660
948, 1107952, 536955, 2654, 2085, 535730, 15264, 15264, 2032505265
952, 1111254, 539613, 2257, 1719, 538777, 14444, 14444, 29598270
959, 1103393, 2421, 535224, 533470, 1824, 15227, 15227, 1748811266
956, 1106893, 537345, 2450, 1908, 536194, 14498, 14498, 564684958
960, 1105675, 2524, 535552, 534523, 1982, 15547, 15547, 3978001685
957, 1103009, 534480, 2853, 2269, 533067, 15170, 15170, 3688887753
951, 1109738, 538360, 2784, 2230, 537780, 14292, 14292, 219206748
958, 1109175, 538355, 2436, 1888, 537286, 14605, 14605, 2145626956
953, 1106455, 535282, 3037, 2488, 534296, 15676, 15676, 948569781
961, 1106551, 535949, 2652, 2126, 535292, 15266, 15266, 3960065381
955, 1105942, 536311, 2448, 1891, 535280, 15006, 15006, 735719517
962, 1108347, 539043, 2419, 1907, 536406, 14286, 14286, 4085410238
964, 1102354, 533800, 2687, 2144, 532487, 15618, 15618, 2227529418
969, 1104725, 2955, 534292, 533474, 2318, 15843, 15843, 822173182
967, 1109660, 538770, 2617, 2041, 537656, 14288, 14288, 3740847347
966, 1105842, 535228, 3086, 2451, 534351, 15363, 15363, 2667631426
968, 1107114, 3215, 536169, 535324, 2610, 14898, 14898, 4153545752
963, 1107021, 535397, 3378, 2743, 534641, 15431, 15431, 1145841590
973, 1110813, 2604, 539098, 538130, 2031, 14475, 14475, 3616702953
972, 1108979, 2927, 536516, 535712, 2312, 15756, 15756, 649942075
965, 1111172, 538401, 2731, 2154, 537876, 15005, 15005, 3270438810
970, 1103869, 3212, 533772, 532975, 2594, 15658, 15658, 1131010950
974, 1107218, 2976, 536704, 535935, 2347, 14628, 14628, 1030191673
977, 1107308, 539015, 2279, 1721, 537209, 13542, 13542, 3706321902
971, 1108871, 537044, 3024, 2450, 536191, 15081, 15081, 3933040002
976, 1107314, 536321, 2670, 2127, 535478, 15359, 15359, 2133575581
978, 1106999, 2477, 536798, 536017, 1913, 14897, 14897, 1679626149
981, 1108526, 2800, 537931, 536205, 2206, 14692, 14692, 2368399301
975, 1110122, 2686, 538767, 538172, 2089, 14204, 14204, 364755938
980, 1107844, 2834, 537280, 535912, 2280, 14769, 14769, 3015433621
979, 1106756, 535958, 2622, 2074, 534894, 15604, 15604, 2642527492
988, 1106533, 2303, 536845, 535624, 1733, 15014, 15014, 1245919355
982, 1107000, 3124, 535407, 534564, 2543, 15681, 15681, 4234192673
983, 1106754, 2965, 536147, 535230, 2360, 15026, 15026, 3334324981
985, 1108435, 3488, 536470, 535643, 2930, 14952, 14952, 980038030
989, 1108620, 538088, 2451, 1894, 536829, 14679, 14679, 1400437883
990, 1106573, 2510, 536575, 535799, 1965, 14862, 14862, 1661491252
991, 1108726, 2422, 538164, 537279, 1869, 14496, 14496, 2116034927
995, 1105791, 2565, 536022, 534491, 2007, 15353, 15353, 2643100979
987, 1105015, 3193, 534723, 534008, 2623, 15234, 15234, 4223473591
984, 1108974, 538766, 2310, 1728, 538192, 13989, 13989, 4973868
986, 1104866, 534237, 2748, 2110, 533411, 16180, 16180, 2897588149
992, 1106335, 536051, 2832, 2278, 535150, 15012, 15012, 1007773367
993, 1104975, 536477, 2527, 1997, 535364, 14305, 14305, 2532105998
994, 1105996, 2859, 535080, 534331, 2274, 15726, 15726, 4104309269
997, 1105397, 2169, 536516, 535297, 1663, 14876, 14876, 1117273724
998, 1108827, 2776, 537157, 536452, 2250, 15096, 15096, 2166234317
996, 1109335, 537872, 2889, 2307, 537049, 14609, 14609, 980839875
999, 1105901, 2622, 535664, 535029, 2056, 15265, 15265, 4151374512
