sample_id, N_active, N_A_1, N_B_1, N_A_0, N_B_0, N_A_*, N_B_*, seed
11, 2244310, 121101, 983874, 982406, 120129, 18400, 18400, 3933544766
1, 2240456, 15951, 1072037, 1070695, 14987, 33393, 33393, 2543134739
3, 2243784, 46721, 1058774, 1057529, 45710, 17525, 17525, 2019663504
5, 2243559, 366862, 721398, 720343, 365762, 34597, 34597, 3722365309
6, 2243044, 882819, 207467, 206427, 881589, 32371, 32371, 177795446
10, 2239873, 116896, 973014, 971854, 115859, 31125, 31125, 853700694
7, 2241279, 665477, 431513, 430414, 664335, 24770, 24770, 4071825693
8, 2243425, 833952, 246335, 245256, 832638, 42622, 42622, 496185652
2, 2244388, 859290, 236261, 235280, 858079, 27739, 27739, 2791129611
4, 2241656, 163928, 930570, 929528, 162924, 27353, 27353, 2876027749
0, 2245383, 589626, 502628, 501599, 588610, 31460, 31460, 317828728
9, 2244514, 865061, 235339, 234295, 863913, 22953, 22953, 1448374686
12, 2244595, 22303, 1078077, 1076842, 21347, 23013, 23013, 959155941
14, 2242715, 42907, 1061663, 1060238, 41903, 18002, 18002, 3054009411
13, 2241052, 48524, 1050531, 1049103, 47516, 22689, 22689, 4168173177
15, 2242599, 211489, 885893, 884512, 210395, 25155, 25155, 4139494366
16, 2242275, 31692, 1072337, 1070966, 30758, 18261, 18261, 3107234276
17, 2241325, 99511, 998319, 997047, 98518, 23965, 23965, 1521033277
20, 2244038, 1083427, 21096, 20072, 1081947, 18748, 18748, 409020420
18, 2243161, 726633, 366876, 365814, 725514, 29162, 29162, 2117021997
22, 2241700, 145170, 943400, 942331, 144235, 33282, 33282, 3644757680
19, 2246358, 228257, 871165, 870089, 227339, 24754, 24754, 3306509734
23, 2241382, 1099047, 5799, 4860, 1097726, 16975, 16975, 1217058125
21, 2240723, 867440, 227612, 226499, 866210, 26481, 26481, 1914170358
24, 2241994, 845393, 245817, 244730, 844284, 30885, 30885, 2555363900
26, 2243786, 261009, 812312, 811210, 259915, 49670, 49670, 4043732585
27, 2242661, 302155, 785056, 783864, 301112, 35237, 35237, 2331509918
28, 2244212, 1102830, 4047, 3073, 1101688, 16287, 16287, 3363485784
25, 2243104, 809271, 278745, 277673, 808141, 34637, 34637, 407259133
31, 2244133, 219722, 880366, 879228, 218745, 23036, 23036, 3822073349
29, 2241441, 419600, 676159, 675103, 418343, 26118, 26118, 3820640749
30, 2242329, 352645, 402114, 401082, 351598, 367445, 367445, 809082
33, 2243476, 58640, 1040859, 1039661, 57668, 23324, 23324, 279515713
37, 2243333, 21276, 1085677, 1084175, 20317, 15944, 15944, 3938443082
32, 2240799, 453766, 637992, 636976, 452689, 29688, 29688, 3499874963
34, 2240014, 566962, 511113, 509915, 565752, 43136, 43136, 703294147
36, 2242616, 594123, 499337, 498143, 593109, 28952, 28952, 2033090304
35, 2242986, 1059586, 40682, 39701, 1058515, 22251, 22251, 2340146733
38, 2244228, 1079084, 24003, 23072, 1078039, 20015, 20015, 3589588482
39, 2244007, 224604, 866526, 865589, 223606, 31841, 31841, 669146744
41, 2242101, 558722, 533184, 531981, 557552, 30331, 30331, 1614853100
40, 2243085, 654224, 435927, 434914, 653212, 32404, 32404, 576677059
42, 2245504, 17504, 1090211, 1089111, 16510, 16084, 16084, 2481096471
46, 2242452, 16526, 1078049, 1076885, 15586, 27703, 27703, 3071377722
43, 2241482, 929396, 153080, 152069, 927943, 39497, 39497, 2324582415
47, 2243280, 808869, 287973, 286971, 807659, 25904, 25904, 1777787829
45, 2244938, 1018784, 85397, 84378, 1017535, 19422, 19422, 3245194626
44, 2243009, 436257, 662222, 661114, 435232, 24092, 24092, 2693545195
53, 2242880, 3538, 1102416, 1100953, 2555, 16709, 16709, 672242976
49, 2242171, 161302, 867806, 866549, 160202, 93156, 93156, 2960642859
48, 2243360, 264773, 831258, 830202, 263739, 26694, 26694, 3133540781
52, 2241190, 18318, 1085245, 1084118, 17351, 18079, 18079, 1907037250
51, 2239175, 311556, 776586, 775383, 310438, 32606, 32606, 3872653052
50, 2240419, 1079639, 22504, 21505, 1078477, 19147, 19147, 3790928235
54, 2243078, 128714, 960090, 959050, 127686, 33769, 33769, 2151477345
59, 2243683, 13271, 1094734, 1093347, 12371, 14980, 14980, 2414166879
56, 2246059, 1106611, 2675, 1766, 1105375, 14816, 14816, 977763358
55, 2242961, 964420, 137780, 136789, 963128, 20422, 20422, 3837167203
58, 2242376, 1048613, 52826, 51850, 1047591, 20748, 20748, 3357323315
57, 2240961, 812113, 273376, 272285, 810871, 36158, 36158, 1582460566
60, 2242253, 715335, 381831, 380747, 714130, 25105, 25105, 1475680975
61, 2240858, 210062, 886038, 884958, 209038, 25381, 25381, 147479631
62, 2238991, 516273, 563927, 562785, 515188, 40409, 40409, 3336672998
63, 2244094, 1100466, 5693, 4702, 1099507, 16863, 16863, 1215603377
65, 2242720, 1077700, 27906, 26942, 1076462, 16855, 16855, 3885666637
64, 2241359, 938594, 156627, 155585, 937551, 26501, 26501, 4090238850
66, 2239489, 171030, 909295, 908040, 170024, 40550, 40550, 2405648669
67, 2244942, 1002953, 91711, 90667, 1001903, 28854, 28854, 45266605
70, 2244043, 258902, 834751, 833490, 257878, 29511, 29511, 3578246009
71, 2242178, 147518, 951476, 950286, 146436, 23231, 23231, 693855597
69, 2241259, 985013, 110167, 109129, 983938, 26506, 26506, 2763872515
68, 2243515, 1059111, 45362, 44382, 1058022, 18319, 18319, 1190163984
72, 2244202, 660757, 431816, 430671, 659446, 30756, 30756, 2282129291
73, 2243371, 93367, 1000823, 999644, 92403, 28567, 28567, 2659301189
77, 2243874, 180355, 918443, 917009, 179263, 24402, 24402, 2460138473
74, 2243272, 504603, 586969, 585895, 503501, 31152, 31152, 2507313781
75, 2243119, 825613, 272752, 271694, 824472, 24294, 24294, 2180802441
76, 2243475, 1035101, 68550, 67577, 1034035, 19106, 19106, 1533288302
78, 2244419, 6328, 1101904, 1100609, 5388, 15095, 15095, 3358451609
81, 2244944, 98038, 999674, 998430, 97080, 25861, 25861, 1826284915
79, 2244615, 445810, 647177, 645935, 444761, 30466, 30466, 890937651
83, 2241224, 1100020, 3766, 2795, 1098577, 18033, 18033, 3274754770
84, 2246144, 25455, 1081308, 1080168, 24481, 17366, 17366, 2669311110
80, 2242336, 388071, 705202, 703978, 386999, 29043, 29043, 2019616201
82, 2244151, 387637, 705187, 704074, 386673, 30290, 30290, 3921313594
90, 2240234, 4729, 1097451, 1095883, 3759, 19206, 19206, 906711296
85, 2242367, 10225, 1095127, 1094062, 9241, 16856, 16856, 1147949642
88, 2243407, 154028, 748939, 747807, 153055, 219789, 219789, 256210630
87, 2243434, 612073, 478250, 477131, 610938, 32521, 32521, 3098016073
89, 2246086, 1104570, 3315, 2414, 1103355, 16216, 16216, 1685495879
86, 2244491, 905812, 182130, 181153, 904602, 35397, 35397, 4180164697
94, 2241376, 40189, 1054894, 1053575, 39224, 26747, 26747, 1313432051
92, 2242330, 271469, 823115, 822085, 270527, 27567, 27567, 84939695
93, 2241370, 456364, 631383, 630247, 455050, 34163, 34163, 1172523454
91, 2239719, 533682, 526649, 525600, 532572, 60608, 60608, 3588283329
95, 2240923, 360984, 731233, 730124, 359878, 29352, 29352, 938238962
99, 2238600, 151154, 945038, 943849, 149997, 24281, 24281, 1975375183
100, 2241896, 5447, 1100489, 1099293, 4441, 16113, 16113, 3590817949
97, 2242722, 740420, 339883, 338786, 739437, 42098, 42098, 611373524
98, 2242194, 1041490, 60762, 59817, 1040387, 19869, 19869, 2011033805
102, 2242816, 17112, 1087239, 1085993, 16152, 18160, 18160, 2066547726
96, 2247349, 1030658, 75838, 74896, 1029661, 18148, 18148, 2204016227
104, 2242931, 301289, 795378, 794214, 300246, 25902, 25902, 2436191829
101, 2241385, 861961, 143864, 142849, 860669, 116021, 116021, 2230299122
105, 2241192, 634489, 455092, 454055, 633448, 32054, 32054, 3121429652
106, 2242370, 1087008, 18120, 17109, 1085861, 17136, 17136, 1199514252
103, 2243246, 777311, 265756, 264717, 776260, 79601, 79601, 1189477580
107, 2241833, 50823, 1052162, 1050811, 49905, 19066, 19066, 1221029222
110, 2240582, 127900, 965476, 964295, 126937, 27987, 27987, 2678878477
108, 2245875, 528231, 566362, 565346, 527158, 29389, 29389, 2054042251
111, 2240470, 245031, 824260, 822904, 244029, 52123, 52123, 2819720667
112, 2243908, 3978, 1103464, 1102436, 3032, 15499, 15499, 978388091
109, 2241566, 1019744, 78473, 77457, 1018728, 23582, 23582, 2016917339
113, 2244935, 1101673, 5084, 4136, 1100338, 16852, 16852, 1869313368
115, 2241663, 6789, 1098525, 1097346, 5809, 16597, 16597, 1964662954
116, 2243372, 1102857, 3549, 2613, 1101577, 16388, 16388, 536520415
114, 2244016, 3727, 954664, 953688, 2799, 164569, 164569, 860175379
119, 2241364, 93916, 1007044, 1005879, 92935, 20795, 20795, 230158927
118, 2240531, 490002, 605071, 603886, 488880, 26346, 26346, 3043825976
123, 2244457, 71768, 1031917, 1030657, 70797, 19659, 19659, 1039112850
117, 2244052, 689321, 409903, 408883, 688257, 23844, 23844, 1263481996
120, 2242260, 1044442, 50545, 49585, 1043284, 27202, 27202, 3053425103
122, 2244601, 342519, 745970, 744986, 341540, 34793, 34793, 3261283662
121, 2241420, 494676, 599296, 598268, 493534, 27823, 27823, 1089290835
125, 2241073, 6582, 1097357, 1096072, 5616, 17723, 17723, 1911115770
127, 2242587, 452979, 641899, 640875, 452022, 27406, 27406, 989249913
124, 2244737, 1014562, 89063, 88025, 1013571, 19758, 19758, 3991281917
132, 2240964, 6360, 1098760, 1097351, 5383, 16555, 16555, 3813695450
129, 2243196, 32644, 1069114, 1067950, 31642, 20923, 20923, 3418962981
130, 2241486, 901856, 194642, 193545, 900727, 25358, 25358, 2062316100
126, 2244336, 1101717, 3707, 2741, 1100595, 17788, 17788, 349451557
133, 2243372, 419597, 671377, 670281, 418625, 31746, 31746, 1057038391
131, 2241804, 1102097, 2817, 1913, 1100899, 17039, 17039, 3325135254
128, 2245101, 970132, 131448, 130511, 968984, 22013, 22013, 311480546
134, 2243203, 390660, 708677, 707440, 389604, 23411, 23411, 1494357523
138, 2244813, 8682, 1094540, 1093145, 7710, 20368, 20368, 2074636734
137, 2243249, 59989, 1036876, 1035698, 59038, 25824, 25824, 2771855637
135, 2242150, 332118, 719096, 718055, 331133, 70874, 70874, 630961609
136, 2242531, 453101, 636677, 635678, 452053, 32511, 32511, 487944945
143, 2244906, 15942, 1080142, 1078831, 14995, 27498, 27498, 4269619099
142, 2243145, 976570, 126589, 125571, 975383, 19516, 19516, 1676654397
140, 2241675, 1069598, 32457, 31459, 1068593, 19784, 19784, 595805686
139, 2244330, 684188, 401750, 400658, 683146, 37294, 37294, 3528617550
141, 2242224, 1097151, 8887, 7928, 1096056, 16101, 16101, 4041923967
147, 2240503, 157998, 942374, 941023, 156926, 21091, 21091, 1859869201
148, 2242053, 21994, 1062411, 1061177, 21039, 37716, 37716, 1723473516
145, 2243547, 1089962, 16038, 15088, 1088857, 16801, 16801, 1141037872
149, 2245562, 1106382, 3036, 2156, 1104952, 14518, 14518, 3469254228
144, 2242112, 869605, 206215, 205270, 868528, 46247, 46247, 1603799442
150, 2244715, 108697, 992212, 991032, 107774, 22500, 22500, 559164361
146, 2246848, 989392, 114898, 113940, 988326, 20146, 20146, 2815202281
153, 2241406, 54618, 1034024, 1032870, 53614, 33140, 33140, 2760188369
158, 2243624, 194621, 906687, 905392, 193616, 21654, 21654, 1203328871
151, 2245361, 1057569, 37939, 36936, 1056541, 28188, 28188, 4145619051
152, 2243389, 575338, 510590, 509325, 574302, 36917, 36917, 2813434803
156, 2244015, 53391, 1039603, 1038524, 52325, 30086, 30086, 68148153
155, 2240811, 863789, 216845, 215732, 862661, 40892, 40892, 1474492794
159, 2243803, 215011, 878606, 877559, 214009, 29309, 29309, 3075628096
157, 2243556, 1045413, 58667, 57711, 1044255, 18755, 18755, 1977092788
154, 2242182, 1054909, 28826, 27849, 1053780, 38409, 38409, 4120161951
160, 2242191, 810992, 249068, 248083, 809772, 62138, 62138, 1029540891
161, 2243061, 56376, 1039351, 1038368, 55332, 26817, 26817, 3751490355
162, 2244971, 1085832, 18931, 17920, 1084546, 18871, 18871, 806372583
166, 2240380, 388408, 701981, 700676, 387333, 30991, 30991, 2553630341
165, 2243015, 84459, 1018091, 1017087, 83450, 19964, 19964, 3602765289
168, 2241607, 1016394, 62845, 61893, 1015093, 42691, 42691, 3068871314
163, 2238557, 1082175, 19346, 18332, 1080898, 18903, 18903, 2400480360
171, 2244718, 3464, 1103802, 1102643, 2627, 16091, 16091, 1162901138
167, 2242187, 503514, 591879, 590718, 502056, 27010, 27010, 2961984200
164, 2244212, 1102321, 5275, 4347, 1101133, 15568, 15568, 153871347
172, 2243112, 3606, 1104414, 1103061, 2665, 14683, 14683, 3144222895
170, 2243614, 735575, 351834, 350738, 734477, 35495, 35495, 2160302755
169, 2243414, 983756, 101288, 100308, 982758, 37652, 37652, 516272390
173, 2242484, 77552, 1012455, 1011421, 76614, 32221, 32221, 3125091765
177, 2242691, 116372, 980288, 978738, 115365, 25964, 25964, 711701612
178, 2244065, 5838, 1101589, 1100191, 4863, 15792, 15792, 3232314364
174, 2243821, 937640, 158138, 157158, 936443, 27221, 27221, 2810045583
180, 2243104, 97141, 1004580, 1003055, 96162, 21083, 21083, 895886672
179, 2243644, 13716, 1091839, 1090467, 12778, 17422, 17422, 120013862
176, 2243605, 797254, 299315, 298372, 796108, 26278, 26278, 2974818605
175, 2242792, 862946, 234298, 233303, 861881, 25182, 25182, 731852232
181, 2243803, 237781, 859646, 858228, 236740, 25704, 25704, 2697032667
182, 2240583, 1002155, 82104, 81134, 1000854, 37168, 37168, 1137562765
183, 2243273, 915562, 172164, 171123, 914384, 35020, 35020, 3737595718
185, 2242087, 341349, 743874, 742814, 340322, 36864, 36864, 1655242884
190, 2243028, 10620, 1094544, 1093321, 9687, 17428, 17428, 2912639199
188, 2241596, 61207, 1029841, 1028796, 60284, 30734, 30734, 2532810351
184, 2244133, 907565, 192966, 191923, 906331, 22674, 22674, 2141910012
189, 2242240, 38848, 982459, 981421, 37864, 100824, 100824, 304752456
186, 2244158, 966852, 127766, 126802, 965806, 28466, 28466, 602890356
192, 2243369, 428388, 661199, 660030, 427410, 33171, 33171, 969807230
191, 2241819, 859413, 226580, 225547, 858129, 36075, 36075, 1345210819
187, 2244246, 783393, 316459, 315460, 782186, 23374, 23374, 2207837871
193, 2240680, 800110, 293646, 292640, 798794, 27745, 27745, 551964170
195, 2241509, 1095885, 3642, 2671, 1094647, 22332, 22332, 1264103647
194, 2243930, 1007047, 64450, 63510, 1005953, 51485, 51485, 3142594955
197, 2242702, 174666, 920887, 919660, 173631, 26929, 26929, 1714976476
196, 2240207, 683859, 401426, 400347, 682745, 35915, 35915, 1124943430
198, 2243837, 356936, 734851, 733645, 355781, 31312, 31312, 1112382745
199, 2244115, 957897, 145672, 144682, 956570, 19647, 19647, 1633748834
203, 2245092, 445831, 652950, 651937, 444736, 24819, 24819, 3092299789
202, 2243378, 883208, 216159, 215038, 882191, 23391, 23391, 4178192999
200, 2241650, 1024386, 76486, 75462, 1023350, 20983, 20983, 3880382862
204, 2243171, 85614, 1006787, 1005759, 84593, 30209, 30209, 3504775128
201, 2243715, 1090863, 15505, 14606, 1089727, 16507, 16507, 1346955598
205, 2242897, 566089, 532441, 531436, 564965, 23983, 23983, 3973314658
208, 2247240, 385550, 711838, 710698, 384538, 27308, 27308, 3070748248
209, 2241153, 90389, 1010530, 1009340, 89348, 20773, 20773, 1279994952
206, 2242596, 579697, 514774, 513626, 578711, 27894, 27894, 1391480650
210, 2243134, 1067182, 34173, 33183, 1066116, 21240, 21240, 3252706305
212, 2244342, 5032, 1100281, 1098941, 4052, 18018, 18018, 3528848735
211, 2243117, 1070619, 30874, 29877, 1069529, 21109, 21109, 2455149160
207, 2246898, 1099821, 7952, 6951, 1098720, 16727, 16727, 4190676270
215, 2241528, 52701, 1049765, 1048440, 51774, 19424, 19424, 1761080870
217, 2245261, 3247, 1102604, 1101419, 2323, 17834, 17834, 4168627344
214, 2245386, 579026, 515924, 514657, 577927, 28926, 28926, 1127418970
213, 2241001, 347432, 727769, 726582, 346216, 46501, 46501, 4226709369
216, 2243318, 982582, 118719, 117728, 981375, 21457, 21457, 423085258
219, 2242291, 114678, 977436, 976429, 113616, 30066, 30066, 1332173394
218, 2245113, 1058983, 45462, 44464, 1057998, 19103, 19103, 2672019059
226, 2244258, 3105, 1102853, 1101563, 2101, 17318, 17318, 2969390801
225, 2241190, 12541, 1047091, 1045954, 11542, 62031, 62031, 3004994268
221, 2238840, 1096222, 5535, 4526, 1095063, 18747, 18747, 2519151851
227, 2243567, 83683, 1021088, 1019852, 82770, 18087, 18087, 2851294553
224, 2240669, 603005, 474799, 473705, 601942, 43609, 43609, 773790933
220, 2244437, 1103370, 3608, 2636, 1102165, 16329, 16329, 833584545
222, 2242441, 779378, 318651, 317555, 778277, 24290, 24290, 1295414043
223, 2244513, 109659, 992636, 991636, 108732, 20925, 20925, 2136338960
228, 2244551, 256012, 839599, 838556, 254958, 27713, 27713, 3944800353
230, 2243131, 433832, 654924, 653824, 432783, 33884, 33884, 2160605242
229, 2243272, 950099, 149373, 148403, 948953, 23222, 23222, 4073311009
231, 2240000, 1101745, 3506, 2484, 1100295, 15985, 15985, 2206587069
232, 2240416, 608721, 484092, 483002, 607389, 28606, 28606, 45600319
234, 2243181, 283831, 780793, 779507, 282792, 58129, 58129, 2778136314
235, 2242727, 460758, 609016, 608002, 459715, 52618, 52618, 2529955155
233, 2244293, 733794, 360704, 359708, 732609, 28739, 28739, 2791573532
237, 2245403, 122914, 975681, 974528, 121964, 25158, 25158, 3978518905
236, 2243355, 199642, 903014, 902005, 198638, 20028, 20028, 2330009529
239, 2242687, 50284, 1054557, 1053438, 49282, 17563, 17563, 3804126320
240, 2243611, 1002883, 96058, 95084, 1001628, 23979, 23979, 3914463888
238, 2239789, 933842, 162446, 161386, 932747, 24684, 24684, 2591840472
242, 2245511, 1100369, 5229, 4245, 1099038, 18315, 18315, 694684268
241, 2241125, 1098319, 7041, 6055, 1097102, 16304, 16304, 516377315
245, 2243455, 1092554, 12431, 11468, 1091040, 17981, 17981, 2068889570
246, 2241308, 255780, 836942, 835689, 254719, 29089, 29089, 4163452071
243, 2240356, 945674, 148703, 147624, 944629, 26863, 26863, 1671098887
247, 2244245, 481840, 615036, 613769, 480882, 26359, 26359, 1603901775
244, 2246878, 1105949, 3162, 2215, 1104822, 15365, 15365, 1968941215
248, 2244157, 1099339, 5725, 4777, 1098058, 18129, 18129, 1311815653
250, 2242030, 815738, 271510, 270415, 814591, 34888, 34888, 2626869638
249, 2247506, 323100, 773712, 772715, 322049, 27965, 27965, 4276859206
252, 2243817, 179551, 902626, 901584, 178532, 40762, 40762, 3631818984
251, 2244060, 519214, 576256, 575204, 518120, 27633, 27633, 3007016615
257, 2243699, 10446, 1096048, 1094726, 9467, 16506, 16506, 1620274290
253, 2241760, 945815, 155773, 154725, 944701, 20373, 20373, 2351816967
255, 2244765, 67027, 1031547, 1030246, 66083, 24931, 24931, 548133213
256, 2241961, 400373, 687217, 686117, 399428, 34413, 34413, 4146714058
254, 2244964, 944519, 155359, 154332, 943454, 23650, 23650, 2879454913
262, 2244535, 218490, 878823, 877680, 217502, 26020, 26020, 2572801363
260, 2243445, 28603, 1063531, 1062476, 27589, 30623, 30623, 1929665559
259, 2243491, 719289, 370306, 369310, 718180, 33203, 33203, 3097726951
258, 2244772, 471976, 624073, 623080, 470943, 27350, 27350, 2163563595
261, 2242295, 626739, 460287, 459222, 625521, 35263, 35263, 1642782369
264, 2243277, 575458, 521479, 520376, 574296, 25834, 25834, 1232071452
265, 2243978, 1102058, 5086, 4134, 1100998, 15851, 15851, 2289440341
263, 2240859, 1071859, 14708, 13693, 1070595, 35002, 35002, 1894256806
266, 2243301, 1008121, 87917, 86944, 1007019, 26650, 26650, 2342639130
267, 2240026, 429726, 663640, 662396, 428672, 27796, 27796, 246997039
268, 2241366, 815657, 277271, 276270, 814572, 28798, 28798, 3104892153
269, 2243420, 764484, 331450, 330438, 763382, 26833, 26833, 3876188537
273, 2244424, 461132, 631854, 630831, 459991, 30308, 30308, 3405968428
270, 2246432, 1033443, 5016, 4126, 1032037, 85905, 85905, 1196132149
271, 2243093, 1100893, 3994, 2987, 1099807, 17706, 17706, 72281682
274, 2240001, 1095088, 7366, 6325, 1093704, 18759, 18759, 3047630161
275, 2243898, 123033, 977269, 976029, 121977, 22795, 22795, 2917844504
272, 2244719, 812917, 285531, 284537, 811922, 24906, 24906, 210487619
276, 2243898, 673597, 414454, 413330, 672479, 35019, 35019, 2520506543
279, 2242089, 220222, 869811, 868419, 219209, 32214, 32214, 1785294546
278, 2240174, 840805, 253162, 252133, 839716, 27179, 27179, 2520932466
277, 2244752, 554284, 526714, 525711, 553245, 42399, 42399, 3354051639
280, 2243043, 514429, 576432, 575345, 513329, 31754, 31754, 2200770462
284, 2245056, 3230, 1100080, 1098966, 2356, 20212, 20212, 1990847403
283, 2242824, 360904, 734839, 733718, 359867, 26748, 26748, 3351912978
281, 2244538, 340549, 719277, 718238, 339514, 63480, 63480, 2746923418
285, 2246411, 102023, 1000899, 999804, 101109, 21288, 21288, 4125688772
282, 2243936, 967644, 135242, 134222, 966626, 20101, 20101, 2562280085
288, 2244330, 1103721, 3023, 2144, 1102334, 16554, 16554, 240654277
286, 2242958, 2559, 1104794, 1103877, 1654, 15037, 15037, 2034723082
289, 2243123, 590870, 491351, 490241, 589811, 40425, 40425, 3795658143
287, 2243355, 766904, 327938, 326952, 765701, 27930, 27930, 4254409636
293, 2239773, 23383, 1070339, 1069188, 22391, 27236, 27236, 917639384
295, 2243729, 4160, 1103773, 1102411, 3203, 15091, 15091, 733048657
290, 2242576, 1102277, 3911, 2861, 1101277, 16125, 16125, 3049777108
291, 2242611, 991222, 111022, 109982, 989821, 20282, 20282, 3228532348
297, 2239582, 70417, 974026, 972755, 69318, 76533, 76533, 3613895393
296, 2241375, 56898, 1040855, 1039644, 55924, 24027, 24027, 167543142
294, 2242132, 163512, 938302, 937115, 162559, 20322, 20322, 251230300
292, 2242845, 249189, 848189, 847109, 248174, 25092, 25092, 1007541630
298, 2242469, 215933, 878762, 877599, 214885, 27645, 27645, 2454024675
299, 2245428, 209348, 889976, 888897, 208407, 24400, 24400, 3616412043
305, 2241998, 158006, 939567, 938334, 156953, 24569, 24569, 3639331016
301, 2243625, 1074687, 30874, 29888, 1073524, 17326, 17326, 2398465424
300, 2243757, 6673, 1100104, 1098933, 5699, 16174, 16174, 4237845662
302, 2243371, 1103087, 4626, 3644, 1102098, 14958, 14958, 2613128724
304, 2244536, 96383, 1004960, 1003935, 95366, 21946, 21946, 2505302530
306, 2243478, 1087325, 9594, 8626, 1086065, 25934, 25934, 2913917679
303, 2244942, 761677, 339383, 338413, 760565, 22452, 22452, 2526174642
307, 2244957, 414153, 672782, 671600, 413096, 36663, 36663, 1432048176
310, 2240352, 1098198, 5236, 4206, 1096600, 18056, 18056, 2822791212
309, 2244893, 1073045, 29929, 28990, 1071903, 20513, 20513, 3472080125
308, 2242650, 765378, 307912, 306898, 764196, 49133, 49133, 2186368175
312, 2242216, 244756, 849602, 848464, 243754, 27820, 27820, 1339001815
311, 2242518, 1024374, 75781, 74823, 1023118, 22211, 22211, 1846704083
315, 2242403, 855287, 234340, 233365, 854091, 32660, 32660, 927063733
319, 2241984, 55874, 1040886, 1039527, 54915, 25391, 25391, 1939523867
313, 2241326, 439901, 651680, 650566, 438991, 30094, 30094, 3353725119
316, 2242483, 275131, 818669, 817511, 274078, 28547, 28547, 3453972534
314, 2241963, 859664, 237899, 236847, 858511, 24521, 24521, 1458911571
321, 2242263, 20236, 1069607, 1068284, 19270, 32433, 32433, 1087591685
318, 2243233, 213751, 887376, 886315, 212721, 21535, 21535, 966136564
317, 2241612, 748109, 347430, 346332, 747091, 26325, 26325, 4146470606
323, 2242194, 12952, 1091393, 1090004, 11905, 17970, 17970, 636565457
322, 2240019, 218574, 876494, 875287, 217510, 26077, 26077, 3003696712
320, 2242521, 585220, 501800, 500757, 584028, 35358, 35358, 899362427
324, 2244172, 33138, 1073038, 1071925, 32149, 16961, 16961, 1679338510
325, 2242910, 86424, 1008393, 1007081, 85442, 27785, 27785, 1001112631
331, 2241917, 14150, 1090392, 1088749, 13100, 17763, 17763, 802616858
326, 2242516, 608326, 429113, 428041, 607182, 84927, 84927, 477541456
330, 2245204, 232577, 866776, 865460, 231633, 24379, 24379, 3637944496
328, 2242921, 7153, 1098183, 1096907, 6202, 17238, 17238, 2431935573
327, 2242749, 1095633, 7119, 6144, 1094363, 19745, 19745, 4040083463
333, 2239499, 1011735, 86492, 85530, 1010354, 22694, 22694, 280452098
334, 2244563, 152139, 938589, 937459, 151202, 32587, 32587, 53168380
329, 2243861, 921564, 176183, 175231, 920397, 25243, 25243, 3175996053
336, 2243094, 49401, 1051517, 1050305, 48371, 21750, 21750, 2071125565
332, 2243433, 275455, 777683, 776741, 274416, 69569, 69569, 2964012643
335, 2241034, 296978, 793861, 792818, 295871, 30753, 30753, 2058536119
339, 2239333, 284918, 801655, 800394, 283890, 34238, 34238, 1083736243
338, 2243674, 827625, 272615, 271563, 826391, 22740, 22740, 2525267456
340, 2244750, 1089098, 3397, 2406, 1088069, 30890, 30890, 1073549732
344, 2244988, 3682, 1103699, 1102436, 2789, 16191, 16191, 2522572384
337, 2244408, 791859, 293405, 292389, 790841, 37957, 37957, 3228671710
342, 2243920, 1102782, 3326, 2381, 1101451, 16990, 16990, 3206789246
343, 2246112, 625123, 473223, 472227, 624067, 25736, 25736, 3155375784
341, 2244465, 634847, 460508, 459492, 633822, 27898, 27898, 3603014215
346, 2242121, 10341, 1093675, 1092376, 9443, 18143, 18143, 2735276764
345, 2243497, 934173, 165462, 164498, 932900, 23232, 23232, 292149795
351, 2242045, 1040317, 61871, 60897, 1038686, 20137, 20137, 669168575
348, 2243632, 994242, 109288, 108261, 993191, 19325, 19325, 2151026293
349, 2241439, 1067171, 32148, 31178, 1065972, 22485, 22485, 2792147246
353, 2242713, 12410, 1085504, 1084308, 11425, 24533, 24533, 2208335705
350, 2241511, 761137, 328379, 327333, 760124, 32269, 32269, 2160612241
347, 2245759, 859261, 241418, 240361, 858241, 23239, 23239, 597407316
352, 2244583, 34786, 1057203, 1056109, 33791, 31347, 31347, 2771132247
354, 2243033, 639236, 455057, 453984, 638054, 28351, 28351, 3017654347
355, 2242593, 439629, 656176, 655141, 438695, 26476, 26476, 1409186361
356, 2244433, 166902, 928811, 927713, 165959, 27524, 27524, 375150741
357, 2243892, 640134, 455225, 454160, 639049, 27662, 27662, 3123987655
364, 2241992, 4308, 1101599, 1100141, 3352, 16296, 16296, 2409236950
361, 2240230, 181415, 901218, 899833, 180330, 38717, 38717, 973631838
358, 2241697, 372539, 706945, 705647, 371484, 42541, 42541, 2391432973
363, 2242148, 7818, 1096036, 1094822, 6832, 18320, 18320, 1558291861
360, 2243456, 6754, 1099422, 1098266, 5770, 16622, 16622, 860363577
362, 2243180, 128483, 965530, 964235, 127512, 28710, 28710, 3347913702
359, 2241139, 44482, 1058351, 1057265, 43481, 18780, 18780, 3532116956
366, 2243953, 182949, 918329, 917057, 181904, 21857, 21857, 3054680805
365, 2245451, 660940, 437746, 436654, 659815, 25148, 25148, 852405532
367, 2241815, 135776, 963234, 962153, 134834, 22909, 22909, 496702899
368, 2241483, 1022299, 33954, 32977, 1021093, 65580, 65580, 996263416
371, 2241591, 50324, 1049315, 1047980, 49412, 22280, 22280, 2474492183
374, 2241719, 4688, 1098136, 1096946, 3687, 19131, 19131, 4129276428
370, 2245141, 643597, 440320, 439228, 642516, 39740, 39740, 612899994
375, 2243582, 32809, 1070333, 1069236, 31812, 19696, 19696, 2382809547
369, 2241187, 585371, 349283, 348225, 584260, 187024, 187024, 2801871803
372, 2243467, 639561, 460454, 459449, 638507, 22748, 22748, 3372710847
373, 2242062, 569578, 515234, 514250, 568232, 37384, 37384, 2377057098
377, 2244066, 7898, 1046340, 1045295, 6913, 68810, 68810, 2119161039
376, 2243940, 543922, 552429, 551279, 542900, 26705, 26705, 3951831357
379, 2241634, 1079265, 23012, 22079, 1077740, 19769, 19769, 4185929140
378, 2241543, 280310, 813718, 812561, 279092, 27931, 27931, 4100899445
380, 2241106, 129539, 970401, 969244, 128532, 21695, 21695, 376156546
381, 2240636, 142078, 923202, 921820, 141066, 56235, 56235, 180499498
383, 2242276, 282049, 776776, 775516, 281003, 63466, 63466, 1992589450
382, 2241963, 1102130, 4285, 3315, 1100977, 15628, 15628, 4205331474
384, 2239977, 920695, 178899, 177849, 919520, 21507, 21507, 2152747118
388, 2242606, 133612, 954160, 953062, 132574, 34599, 34599, 4248200257
391, 2242559, 34492, 1069599, 1068294, 33516, 18329, 18329, 2324006961
387, 2243539, 725349, 368761, 367692, 724311, 28713, 28713, 2176348337
385, 2242718, 901453, 181235, 180193, 900355, 39741, 39741, 1484967763
390, 2241511, 1099299, 6049, 5088, 1098035, 16520, 16520, 3114870465
386, 2244163, 1056829, 42848, 41911, 1055699, 23438, 23438, 1747304908
389, 2243682, 1096661, 8617, 7691, 1095655, 17529, 17529, 731910568
392, 2242312, 430473, 662632, 661390, 429335, 29241, 29241, 4252818390
395, 2240863, 11142, 1094961, 1093323, 10167, 15635, 15635, 3388294137
393, 2241400, 1070218, 26671, 25692, 1069119, 24850, 24850, 774880941
398, 2243574, 89438, 1012500, 1011266, 88504, 20933, 20933, 2040803816
399, 2243399, 310937, 789369, 787999, 309892, 22601, 22601, 340711406
394, 2245536, 1104912, 3793, 2828, 1103675, 15164, 15164, 2628813886
397, 2241533, 991256, 100415, 99347, 989941, 30287, 30287, 2432152950
396, 2245364, 1100783, 6376, 5435, 1099768, 16501, 16501, 3843373473
400, 2241779, 1055014, 48250, 47220, 1053501, 18897, 18897, 3076461432
401, 2241715, 646305, 430177, 429007, 645038, 45594, 45594, 2284845493
402, 2242891, 304397, 789215, 788132, 303323, 28912, 28912, 3583012960
404, 2242385, 774946, 320789, 319767, 773777, 26553, 26553, 1874087704
406, 2241683, 465640, 628145, 626871, 464683, 28172, 28172, 3065968032
405, 2244508, 207850, 890786, 889756, 206820, 24648, 24648, 2282072775
403, 2244825, 972356, 109750, 108734, 971243, 41371, 41371, 3844190940
408, 2243462, 63352, 1041374, 1040030, 62356, 18175, 18175, 2438030508
407, 2242485, 349481, 746663, 745347, 348464, 26265, 26265, 2648788991
409, 2242141, 923530, 172846, 171814, 922501, 25725, 25725, 1313155184
410, 2242819, 997228, 103439, 102397, 996093, 21831, 21831, 3653486261
411, 2244037, 42227, 842993, 841936, 41245, 237818, 237818, 184834164
413, 2243340, 87428, 1016368, 1015243, 86437, 18932, 18932, 1906513000
412, 2244991, 553234, 528985, 527866, 552168, 41369, 41369, 771862601
414, 2241388, 1099050, 6394, 5448, 1097750, 16373, 16373, 1393713031
415, 2245344, 1106465, 2677, 1719, 1105079, 14702, 14702, 236376570
417, 2241775, 1100645, 4709, 3759, 1099540, 16561, 16561, 2460773877
416, 2242518, 838504, 247218, 246175, 837501, 36560, 36560, 2653382756
418, 2242860, 1086308, 19565, 18642, 1085179, 16583, 16583, 4041832671
419, 2242342, 1099793, 4970, 4022, 1098395, 17581, 17581, 1792257984
421, 2242539, 500877, 580195, 579048, 499863, 41278, 41278, 470077722
424, 2245808, 8200, 1097832, 1096764, 7296, 17858, 17858, 4172615427
426, 2241910, 120027, 973988, 972700, 119123, 28036, 28036, 1697467106
425, 2242388, 94315, 1000572, 999431, 93340, 27365, 27365, 3398561141
420, 2242949, 311274, 787122, 786064, 310251, 24119, 24119, 3462298702
422, 2242042, 962026, 138036, 137098, 960876, 22003, 22003, 1250935571
423, 2242636, 499965, 594247, 593232, 498918, 28137, 28137, 1675872846
427, 2242028, 437280, 656425, 655349, 436282, 28346, 28346, 3695828534
428, 2243187, 731988, 362862, 361852, 730807, 27839, 27839, 4266906923
430, 2241710, 1102505, 4034, 3123, 1101220, 15414, 15414, 1388871504
429, 2239278, 785723, 304082, 302941, 784560, 30986, 30986, 3786190371
431, 2241397, 234414, 848454, 847407, 233388, 38867, 38867, 404160932
434, 2243934, 91203, 997830, 996702, 90191, 34004, 34004, 2305107790
435, 2242490, 517405, 575958, 574785, 516322, 29010, 29010, 4218879681
433, 2240795, 191787, 905793, 904702, 190659, 23927, 23927, 1252763646
432, 2242019, 929507, 167275, 166239, 928308, 25345, 25345, 1429225529
437, 2240803, 188993, 892851, 891634, 188007, 39659, 39659, 580760415
439, 2244847, 142352, 955969, 954597, 141381, 25274, 25274, 1475867769
436, 2240504, 877420, 220402, 219358, 876338, 23493, 23493, 4179393101
438, 2242954, 642196, 430801, 429719, 641078, 49580, 49580, 2550501180
441, 2241053, 2908, 1101458, 1100164, 1905, 17309, 17309, 1988552682
443, 2243209, 74831, 1019446, 1017984, 73830, 28559, 28559, 2844529789
440, 2242134, 982545, 88040, 87123, 981372, 51527, 51527, 2474205814
442, 2242730, 188056, 900671, 899581, 187130, 33646, 33646, 1892498106
448, 2245616, 45863, 1056414, 1055195, 44876, 21634, 21634, 931396414
450, 2243847, 135621, 961801, 960640, 134661, 25562, 25562, 1373435369
446, 2241498, 203057, 890722, 889481, 201934, 28152, 28152, 705263788
445, 2241446, 1090921, 12514, 11477, 1089674, 18430, 18430, 2356893809
447, 2241620, 1066425, 37762, 36854, 1065145, 17717, 17717, 4017155802
444, 2244762, 592593, 500070, 499006, 591505, 30794, 30794, 2707640795
451, 2243438, 122179, 949225, 947948, 121232, 51427, 51427, 3482181250
449, 2242593, 613129, 472066, 471087, 611927, 37192, 37192, 3416148222
455, 2239443, 3358, 1082408, 1081217, 2430, 35015, 35015, 1133129869
452, 2242025, 253628, 823967, 822956, 252690, 44392, 44392, 2172981448
454, 2244128, 211288, 887475, 886381, 210300, 24342, 24342, 690050903
453, 2244864, 1067708, 17817, 16865, 1066748, 37863, 37863, 761817912
460, 2240580, 340578, 757173, 755853, 339524, 23726, 23726, 1959691569
456, 2244330, 479694, 608594, 607512, 478568, 34981, 34981, 2059433798
457, 2241089, 963373, 125620, 124595, 961877, 32812, 32812, 2633495081
458, 2242565, 1094745, 7672, 6663, 1093707, 19889, 19889, 2060129036
462, 2241800, 645447, 443771, 442628, 644402, 32776, 32776, 1338690508
459, 2241539, 1021788, 80027, 79018, 1020694, 20006, 20006, 1955653487
461, 2241704, 682159, 395619, 394615, 681133, 44089, 44089, 3836200541
463, 2242156, 1101352, 4349, 3341, 1099804, 16655, 16655, 1307670411
465, 2244071, 216506, 868962, 867832, 215505, 37633, 37633, 732549471
468, 2240149, 27072, 1076339, 1075146, 26060, 17766, 17766, 560795507
469, 2240685, 155901, 940295, 939132, 154853, 25252, 25252, 2490468974
464, 2246275, 904454, 167421, 166431, 903457, 52256, 52256, 502409014
466, 2244085, 588477, 491929, 490978, 587371, 42665, 42665, 907115865
472, 2242778, 1099389, 4281, 3356, 1098174, 18789, 18789, 2525588859
467, 2245755, 1102414, 3985, 3058, 1101362, 17468, 17468, 1337805241
470, 2243447, 31475, 1058224, 1057129, 30485, 33067, 33067, 2750848856
473, 2242832, 1098510, 8213, 7252, 1097373, 15742, 15742, 3600983283
471, 2243093, 855218, 236744, 235609, 854044, 30739, 30739, 54189955
475, 2242429, 8302, 1096944, 1095815, 7318, 17025, 17025, 2538133817
476, 2244009, 3317, 1103702, 1102611, 2345, 16017, 16017, 3851774018
474, 2243980, 1041595, 61394, 60440, 1040273, 20139, 20139, 3042383147
481, 2244227, 3789, 1104482, 1103169, 2753, 15017, 15017, 2872478145
479, 2240386, 411422, 683677, 682414, 410429, 26222, 26222, 3603588325
483, 2242053, 57236, 1044983, 1043801, 56249, 19892, 19892, 883193274
480, 2240544, 56676, 1046785, 1045609, 55730, 17872, 17872, 3497993984
477, 2241951, 1058848, 44617, 43553, 1057579, 18677, 18677, 1710185341
478, 2241762, 1020076, 75625, 74656, 1018829, 26288, 26288, 313809493
485, 2243581, 221725, 844267, 843130, 220743, 56858, 56858, 2453719541
482, 2241932, 635197, 457656, 456479, 634134, 29233, 29233, 252002042
484, 2243808, 799888, 148202, 147170, 798772, 174888, 174888, 494299988
487, 2243913, 273595, 811616, 810380, 272616, 37853, 37853, 2404647163
491, 2240065, 2566, 1101519, 1100061, 1659, 17130, 17130, 2338306405
488, 2244865, 1095997, 9028, 8104, 1094776, 18480, 18480, 80465911
489, 2244192, 12121, 1073039, 1071741, 11193, 38049, 38049, 3942440202
486, 2241434, 1098520, 6266, 5250, 1097304, 17047, 17047, 1661179043
495, 2243023, 88764, 1013533, 1012262, 87836, 20314, 20314, 4059089003
493, 2240868, 25618, 1075288, 1074051, 24649, 20631, 20631, 2554866399
492, 2242531, 759842, 325299, 324175, 758647, 37284, 37284, 391180216
490, 2243389, 1050499, 49376, 48396, 1049366, 22876, 22876, 2048868520
494, 2244352, 330222, 764112, 762910, 329162, 28973, 28973, 3309491718
497, 2243720, 1015957, 86282, 85215, 1014952, 20657, 20657, 1436516458
496, 2242136, 1038393, 62646, 61658, 1037297, 21071, 21071, 221866050
501, 2246068, 60597, 1044752, 1043762, 59665, 18646, 18646, 146935597
503, 2243678, 199920, 902742, 901613, 198901, 20251, 20251, 3344000709
498, 2241962, 700815, 391367, 390283, 699793, 29852, 29852, 2749521113
502, 2243429, 152854, 937505, 936455, 151837, 32389, 32389, 2524715580
499, 2241300, 545834, 551332, 550289, 544755, 24545, 24545, 2447351864
500, 2242192, 893709, 204134, 203139, 892348, 24431, 24431, 316813296
504, 2243362, 1084901, 10443, 9471, 1083705, 27421, 27421, 1652069267
508, 2243591, 138738, 953058, 951728, 137681, 31193, 31193, 1125879058
505, 2241374, 1041981, 48788, 47794, 1040801, 31005, 31005, 1902528405
509, 2245678, 93523, 1013201, 1012093, 92609, 17126, 17126, 629170943
506, 2243004, 737521, 356412, 355390, 736397, 28642, 28642, 922011674
507, 2242634, 1065139, 34086, 33099, 1063842, 23234, 23234, 3441856468
514, 2237787, 5006, 1094784, 1093531, 3988, 20239, 20239, 2590535580
515, 2243065, 5773, 1098746, 1097312, 4792, 18221, 18221, 2956601738
511, 2242524, 485905, 608132, 606850, 484757, 28440, 28440, 3114109665
510, 2245482, 3473, 1104252, 1103137, 2504, 16058, 16058, 3655656222
512, 2240552, 476761, 618666, 617529, 475728, 25934, 25934, 2583111057
513, 2243142, 1024042, 75404, 74453, 1022673, 23285, 23285, 3224421121
518, 2241557, 27315, 1075367, 1074240, 26327, 19154, 19154, 1124729026
517, 2242895, 34202, 829518, 828461, 33282, 258716, 258716, 380460459
516, 2244719, 1099544, 7369, 6389, 1098327, 16545, 16545, 777446049
520, 2242263, 419352, 665245, 664258, 418276, 37566, 37566, 1642990055
519, 2244109, 1067113, 31480, 30476, 1066070, 24485, 24485, 2228103
525, 2241717, 137712, 952518, 951172, 136705, 31805, 31805, 382609970
521, 2243478, 682947, 407255, 406209, 681783, 32642, 32642, 1664865074
524, 2244678, 218938, 863457, 862411, 217872, 41000, 41000, 2994609299
526, 2244157, 505470, 585755, 584656, 504368, 31954, 31954, 3002801915
523, 2243604, 1013269, 89428, 88429, 1012202, 20138, 20138, 2527914195
522, 2243041, 1095910, 9591, 8646, 1094804, 17045, 17045, 3265916479
530, 2243806, 20960, 1084888, 1083548, 19970, 17220, 17220, 3561659059
528, 2241030, 810254, 266928, 265822, 808948, 44539, 44539, 695575230
527, 2242551, 1028849, 60182, 59198, 1027562, 33380, 33380, 1370537040
531, 2238712, 416222, 657971, 656712, 415099, 46354, 46354, 2808627757
529, 2244624, 1021088, 71719, 70765, 1020090, 30481, 30481, 339486146
533, 2240970, 234446, 864804, 863622, 233332, 22383, 22383, 4240607086
532, 2243135, 893747, 208288, 207249, 892553, 20649, 20649, 839669636
534, 2244138, 249818, 830540, 829507, 248799, 42737, 42737, 2256278992
538, 2242320, 6788, 1098370, 1097113, 5791, 17129, 17129, 3864202630
537, 2243208, 1096222, 10482, 9512, 1095066, 15963, 15963, 3203451028
536, 2242992, 1101267, 3705, 2715, 1100215, 17545, 17545, 3502283864
535, 2241724, 777467, 287355, 286308, 776310, 57142, 57142, 1976873719
539, 2241776, 953522, 115546, 114511, 952329, 52934, 52934, 276999772
540, 2240222, 319302, 762916, 761823, 318313, 38934, 38934, 2603270381
544, 2241534, 1098566, 7177, 6158, 1097309, 16162, 16162, 3727843891
542, 2242704, 830310, 260365, 259239, 829296, 31747, 31747, 335644343
543, 2245047, 1084521, 20406, 19434, 1083298, 18694, 18694, 158596254
541, 2243957, 458452, 639073, 638088, 457356, 25494, 25494, 1352716253
545, 2241952, 222974, 762241, 761097, 221940, 136850, 136850, 1900863218
546, 2241985, 12318, 1091483, 1090393, 11363, 18214, 18214, 646930097
550, 2241156, 393633, 689279, 688008, 392476, 38880, 38880, 200432371
548, 2243900, 433649, 663774, 662700, 432643, 25567, 25567, 1337397397
552, 2242590, 29104, 1073530, 1072274, 28084, 19799, 19799, 321056221
547, 2246331, 717795, 373860, 372875, 716769, 32516, 32516, 2791656534
549, 2240644, 527263, 562554, 561479, 526244, 31552, 31552, 3818896016
554, 2244947, 13196, 1093269, 1092148, 12248, 17043, 17043, 945912648
553, 2241743, 19591, 1085328, 1084157, 18573, 17047, 17047, 3119807510
556, 2242104, 70033, 1032887, 1031660, 69054, 19235, 19235, 40066386
557, 2244217, 235922, 865615, 864473, 234897, 21655, 21655, 1423114076
555, 2245051, 457348, 639716, 638651, 456196, 26570, 26570, 318612553
551, 2244339, 1022742, 43882, 42993, 1021640, 56541, 56541, 609334478
558, 2243336, 844857, 247941, 246862, 843510, 30083, 30083, 1527293752
559, 2243070, 1093700, 6229, 5297, 1092396, 22724, 22724, 2736966816
560, 2242378, 582945, 499765, 498710, 581900, 39529, 39529, 651876284
561, 2243221, 1090322, 15194, 14220, 1089005, 17240, 17240, 2840298904
565, 2243019, 59719, 943029, 941892, 58759, 119810, 119810, 3922704253
563, 2244228, 903301, 176599, 175513, 902051, 43382, 43382, 911339111
564, 2244909, 1099062, 4373, 3433, 1097383, 20329, 20329, 314088758
566, 2241815, 63810, 1037769, 1036729, 62883, 20312, 20312, 1056307581
562, 2242177, 587758, 508531, 507582, 586622, 25842, 25842, 469197277
567, 2240618, 670280, 407776, 406674, 669202, 43343, 43343, 217376321
568, 2244946, 565346, 490519, 489575, 564258, 67624, 67624, 2015002553
569, 2242490, 500422, 578482, 577427, 499433, 43363, 43363, 1465944378
570, 2244163, 469328, 623666, 622545, 468228, 30198, 30198, 191614370
572, 2242908, 385645, 706429, 705201, 384635, 30499, 30499, 2546870306
575, 2239622, 187676, 904612, 903417, 186621, 28648, 28648, 932664600
576, 2242050, 4730, 1101538, 1100423, 3733, 15813, 15813, 3848832234
571, 2243477, 822615, 254238, 253276, 821384, 45982, 45982, 2962619658
574, 2240300, 39760, 754516, 753231, 38701, 327046, 327046, 2664490702
577, 2243208, 300489, 793232, 792083, 299478, 28963, 28963, 2846255676
573, 2244204, 13387, 1062903, 1061732, 12494, 46844, 46844, 3775616832
578, 2244206, 1098264, 3833, 2878, 1097167, 21032, 21032, 3024419794
579, 2243661, 699166, 394843, 393731, 698015, 28953, 28953, 382342396
580, 2244543, 678111, 412097, 411115, 677094, 33063, 33063, 456956226
581, 2242349, 667266, 429478, 428374, 666189, 25521, 25521, 2096686882
583, 2241949, 410739, 665907, 664668, 409711, 45462, 45462, 1175294078
582, 2244031, 414695, 667897, 666811, 413644, 40492, 40492, 2694443892
584, 2241055, 30894, 1070218, 1068912, 29917, 20557, 20557, 1429175568
585, 2245557, 3901, 1105009, 1103749, 2998, 14950, 14950, 401589967
586, 2240545, 808133, 281701, 280580, 806975, 31578, 31578, 2260935791
589, 2242383, 1101767, 4405, 3414, 1100479, 16159, 16159, 1965391602
587, 2242335, 964151, 137936, 136937, 962743, 20284, 20284, 3394398205
590, 2242841, 60201, 1036835, 1035692, 59273, 25420, 25420, 2627486686
588, 2245530, 974187, 86699, 85702, 972722, 63110, 63110, 2372802236
591, 2245275, 14062, 1091891, 1090856, 13118, 17674, 17674, 3594179419
592, 2240728, 414277, 645373, 644149, 413097, 61916, 61916, 3405626472
596, 2241237, 79988, 1009909, 1008514, 78968, 31929, 31929, 190210523
594, 2247417, 1104201, 4128, 3159, 1102917, 16506, 16506, 3674624968
593, 2245047, 1051044, 47471, 46520, 1050026, 24993, 24993, 130181459
598, 2243908, 3684, 1103055, 1101882, 2645, 16321, 16321, 3362268222
595, 2242699, 653296, 441897, 440837, 652171, 27249, 27249, 1829543593
599, 2242092, 106296, 995672, 994338, 105360, 20213, 20213, 2341910518
597, 2242299, 479380, 598498, 597337, 478396, 44344, 44344, 3415393473
601, 2243810, 1079384, 18085, 17120, 1077955, 25633, 25633, 1244678029
600, 2242451, 580976, 516100, 514910, 579851, 25307, 25307, 2908142400
602, 2241956, 793994, 303246, 302218, 792882, 24808, 24808, 1835769536
604, 2242527, 297081, 730537, 729394, 296043, 94736, 94736, 1774120648
606, 2242138, 914969, 164277, 163235, 913741, 42958, 42958, 160794947
605, 2242059, 207191, 887801, 886737, 206228, 27051, 27051, 2975962337
603, 2243528, 692996, 406462, 405502, 691932, 23318, 23318, 2621095781
607, 2242632, 923342, 177326, 176301, 922089, 21787, 21787, 2908756944
609, 2245037, 152054, 934602, 933484, 151069, 36914, 36914, 808602553
614, 2243048, 71674, 1032038, 1030630, 70686, 19010, 19010, 1027731699
608, 2242231, 737893, 356395, 355425, 736694, 27912, 27912, 663700198
612, 2244427, 471822, 623936, 622899, 470802, 27484, 27484, 1071109071
610, 2244587, 1001923, 38489, 37514, 1000563, 83049, 83049, 2569544428
613, 2243388, 356494, 740297, 739173, 355458, 25983, 25983, 1376191616
611, 2242873, 629860, 362762, 361802, 628849, 129800, 129800, 3103811203
615, 2241762, 976396, 121129, 120098, 975121, 24509, 24509, 69018580
617, 2241906, 969642, 131319, 130315, 968108, 21261, 21261, 2005202654
616, 2242889, 1064606, 40069, 39077, 1063447, 17845, 17845, 3162031008
624, 2243375, 26523, 1067672, 1066284, 25528, 28684, 28684, 3980027722
618, 2244869, 655924, 439752, 438747, 654840, 27803, 27803, 2498101489
619, 2244733, 1094706, 11211, 10289, 1093537, 17495, 17495, 2553526805
623, 2243387, 5096, 1097387, 1096007, 4113, 20392, 20392, 2424353743
621, 2244106, 769925, 323840, 322850, 768573, 29459, 29459, 3153505014
625, 2239546, 110730, 763329, 762125, 109680, 246841, 246841, 951298640
620, 2241966, 613143, 453641, 452490, 612004, 55344, 55344, 2784093805
622, 2244081, 120358, 983540, 982400, 119359, 19212, 19212, 361584606
626, 2243076, 797333, 301416, 300336, 796255, 23868, 23868, 1355269441
628, 2243683, 72628, 1030834, 1029612, 71643, 19483, 19483, 2511231601
632, 2241283, 1098163, 3958, 2981, 1097001, 19590, 19590, 2806277574
629, 2242291, 1088570, 14880, 13899, 1087502, 18720, 18720, 786164169
627, 2242909, 542930, 547689, 546573, 541879, 31919, 31919, 3129896819
630, 2240018, 597032, 493430, 492407, 595879, 30635, 30635, 3561542216
631, 2242788, 1091364, 12820, 11822, 1090138, 18322, 18322, 3443754354
633, 2241970, 1030860, 65176, 64162, 1029658, 26057, 26057, 2245142064
637, 2242294, 753365, 345548, 344453, 752252, 23338, 23338, 2068138044
636, 2243002, 23313, 1073215, 1072031, 22391, 26026, 26026, 2181636705
635, 2245532, 1105118, 3066, 2154, 1103948, 15623, 15623, 3055057165
634, 2242761, 1090646, 14785, 13860, 1089444, 17013, 17013, 3643595866
638, 2241009, 50474, 1042664, 1041477, 49476, 28459, 28459, 1212559416
639, 2242960, 61011, 1025157, 1023914, 60020, 36429, 36429, 306355032
641, 2244092, 78242, 1023970, 1022754, 77310, 20908, 20908, 2026000912
643, 2243458, 371130, 724199, 723104, 370093, 27466, 27466, 1197206127
640, 2245148, 1100775, 5829, 4872, 1099454, 17109, 17109, 87373301
642, 2243886, 1043436, 60587, 59591, 1042258, 19007, 19007, 408031229
644, 2243568, 1102518, 4775, 3825, 1101232, 15609, 15609, 1732661401
648, 2238977, 4476, 1099746, 1098425, 3458, 16436, 16436, 3457995073
647, 2242164, 1097244, 3119, 2173, 1095848, 21890, 21890, 724732936
649, 2242709, 1104675, 3049, 2113, 1103446, 14713, 14713, 2427330349
645, 2241193, 459736, 606718, 605484, 458657, 55299, 55299, 2674257635
650, 2242945, 422014, 678397, 677316, 420848, 22185, 22185, 3671218751
646, 2242083, 976440, 112111, 111107, 975185, 33620, 33620, 1950689627
651, 2245184, 73242, 1028598, 1027474, 72240, 21815, 21815, 4110461688
654, 2243537, 224619, 871541, 870259, 223560, 26779, 26779, 2718853277
652, 2243321, 1042018, 61953, 60974, 1040956, 18710, 18710, 670066012
655, 2241821, 337166, 754653, 753582, 336038, 30191, 30191, 3785974397
653, 2243596, 377159, 716228, 715226, 376155, 29414, 29414, 2969792724
656, 2244476, 901538, 196364, 195381, 900545, 25324, 25324, 3500126643
661, 2241601, 44836, 1057815, 1056538, 43862, 19275, 19275, 3229162459
658, 2242386, 4501, 1093195, 1092092, 3526, 24536, 24536, 2762353161
660, 2244083, 46086, 1057137, 1056030, 45092, 19869, 19869, 4197429422
662, 2241744, 211938, 887756, 886486, 210852, 22356, 22356, 657238841
659, 2244714, 1092453, 14212, 13197, 1091168, 16842, 16842, 4262007849
664, 2244970, 26569, 1080596, 1079334, 25609, 16431, 16431, 2225352086
657, 2243918, 1058580, 46544, 45531, 1057449, 17907, 17907, 479333938
665, 2242787, 55371, 1048986, 1047710, 54412, 18154, 18154, 3649732403
663, 2242272, 1072960, 31196, 30249, 1071755, 18056, 18056, 1552362035
670, 2243633, 160236, 933636, 932533, 159110, 29059, 29059, 2479208180
666, 2243662, 1094380, 11262, 10270, 1093324, 17213, 17213, 3672278137
668, 2241463, 914652, 176369, 175379, 913423, 30820, 30820, 608604791
669, 2244368, 972997, 129089, 128165, 971635, 21241, 21241, 3766564378
667, 2241700, 889028, 209840, 208702, 887958, 23086, 23086, 2243669600
672, 2242602, 587189, 497160, 495929, 586042, 38141, 38141, 2794695388
673, 2244759, 1051413, 36975, 35998, 1050309, 35032, 35032, 1054625290
674, 2242321, 987220, 91176, 90171, 986156, 43799, 43799, 3846305598
671, 2243495, 739336, 359011, 357909, 738385, 24427, 24427, 2326284906
675, 2243056, 1103117, 3773, 2805, 1101793, 15784, 15784, 262262563
678, 2242746, 218532, 873815, 872808, 217535, 30028, 30028, 3678332450
682, 2240992, 56724, 1041697, 1040625, 55692, 23127, 23127, 125790596
677, 2242725, 876571, 221028, 219987, 875523, 24808, 24808, 1785941321
685, 2244457, 3106, 1105000, 1103864, 2197, 15145, 15145, 2663616317
676, 2242981, 1028860, 30514, 29518, 1027681, 63204, 63204, 374951884
684, 2243694, 522778, 571167, 569952, 521785, 29006, 29006, 2453105745
679, 2243732, 665232, 422610, 421590, 664062, 35119, 35119, 3780844267
680, 2247032, 1102729, 5487, 4529, 1101427, 16430, 16430, 1216886710
683, 2246064, 6588, 1100200, 1099234, 5638, 17202, 17202, 1692070460
681, 2242440, 853238, 242936, 241870, 852130, 26133, 26133, 4009988040
687, 2243312, 24429, 1078347, 1077214, 23412, 19955, 19955, 3454807104
686, 2242989, 1068544, 36393, 35395, 1067533, 17562, 17562, 551856068
688, 2243265, 134533, 967179, 965773, 133546, 21117, 21117, 1692579080
689, 2244053, 522243, 567963, 567013, 521058, 32888, 32888, 3861820448
695, 2244502, 34064, 1045662, 1044392, 33100, 43642, 43642, 1023057942
697, 2242245, 4859, 1099823, 1098310, 3865, 17694, 17694, 4170541460
694, 2241739, 304586, 787940, 786727, 303484, 29501, 29501, 1280927268
690, 2243680, 732262, 350069, 349037, 730866, 40723, 40723, 1042548742
692, 2244596, 755741, 339184, 338192, 754759, 28360, 28360, 3262438948
691, 2244286, 1103544, 4896, 3916, 1102252, 14839, 14839, 3282678381
693, 2245210, 633283, 463165, 462173, 632221, 27184, 27184, 3771600677
696, 2240899, 601449, 481667, 480519, 600442, 38411, 38411, 2275392038
700, 2246042, 2708, 1106254, 1105281, 1747, 15026, 15026, 4266546724
698, 2241617, 548311, 529943, 528893, 547070, 43700, 43700, 2811866541
699, 2242992, 60193, 1043339, 1042317, 59263, 18940, 18940, 4220222456
705, 2244012, 3349, 1104569, 1103021, 2373, 15350, 15350, 3851427712
701, 2242513, 38174, 1057824, 1056549, 37222, 26372, 26372, 4249788105
702, 2244659, 63482, 1039771, 1038659, 62483, 20132, 20132, 1942404119
704, 2242873, 35617, 1064218, 1063186, 34614, 22619, 22619, 477581029
703, 2244315, 1081102, 23495, 22547, 1080097, 18537, 18537, 1571933168
706, 2244365, 99645, 1005000, 1003950, 98676, 18547, 18547, 1380057317
707, 2241976, 507415, 589199, 588217, 506345, 25400, 25400, 275726020
708, 2242976, 1052498, 50272, 49354, 1051376, 19738, 19738, 2095327138
712, 2243979, 273253, 822892, 821690, 272182, 26981, 26981, 1701619256
711, 2244100, 117681, 977188, 976089, 116754, 28194, 28194, 848051619
710, 2241998, 992508, 92870, 91797, 991505, 36659, 36659, 4281273560
716, 2244840, 2680, 1106676, 1105249, 1737, 14249, 14249, 3155070148
717, 2241701, 28703, 1072718, 1071364, 27810, 20553, 20553, 2564697523
709, 2245325, 1061675, 43558, 42640, 1060732, 18360, 18360, 1364797125
714, 2245428, 966062, 134321, 133381, 965162, 23251, 23251, 1208262866
715, 2240991, 629061, 461109, 460128, 627931, 31381, 31381, 2888052114
713, 2242824, 983000, 116224, 115182, 981686, 23366, 23366, 3254946393
719, 2243966, 386441, 704853, 703794, 385394, 31742, 31742, 3064515782
718, 2244843, 1036718, 68558, 67567, 1035464, 18268, 18268, 4285474493
725, 2239639, 11768, 1090152, 1088718, 10775, 19113, 19113, 2063223381
727, 2243909, 8162, 1098056, 1096674, 7239, 16889, 16889, 1508064216
721, 2243056, 1069591, 35862, 34877, 1068266, 17230, 17230, 2390888073
723, 2243714, 877165, 3610, 2665, 876078, 242098, 242098, 901042435
722, 2240713, 314006, 778092, 777057, 312888, 29335, 29335, 2679104521
726, 2242810, 735727, 362078, 360874, 734723, 24704, 24704, 4260261160
720, 2242220, 870914, 98446, 97469, 869823, 152784, 152784, 1520737840
728, 2242294, 1093447, 13010, 12106, 1092145, 15793, 15793, 3737507139
724, 2242051, 968214, 132766, 131773, 966978, 21160, 21160, 1090647073
729, 2244898, 611730, 486336, 485207, 610533, 25546, 25546, 3730944186
733, 2240907, 122867, 979045, 977703, 121902, 19695, 19695, 3389621102
730, 2242716, 1051411, 40499, 39492, 1050034, 30640, 30640, 1713802568
735, 2242727, 145345, 953652, 952422, 144318, 23495, 23495, 4204166700
731, 2243360, 790113, 307561, 306513, 788881, 25146, 25146, 3112433114
732, 2243107, 479640, 610141, 609103, 478565, 32829, 32829, 3467556376
734, 2243277, 245563, 853361, 852127, 244570, 23828, 23828, 524245398
740, 2243273, 128946, 970786, 969610, 127945, 22993, 22993, 4254687624
736, 2241400, 8833, 1096205, 1095208, 7898, 16628, 16628, 3109291641
738, 2241538, 770983, 319395, 318310, 769850, 31500, 31500, 4097651533
737, 2244070, 795368, 301116, 300036, 794316, 26617, 26617, 3095614952
742, 2240062, 225105, 865057, 863779, 224073, 31024, 31024, 1990795579
741, 2243751, 779225, 301802, 300811, 778111, 41901, 41901, 3842222923
739, 2241959, 798288, 294922, 293840, 797193, 28858, 28858, 2304008957
744, 2238813, 1091208, 7550, 6597, 1089908, 21775, 21775, 4223736941
743, 2239557, 952085, 131615, 130635, 951004, 37109, 37109, 1434658857
748, 2243214, 373745, 710515, 709178, 372766, 38505, 38505, 348787636
745, 2242367, 650668, 422699, 421613, 649411, 48988, 48988, 3235905969
747, 2244685, 278998, 819064, 818000, 277891, 25366, 25366, 1279281808
749, 2241831, 1102543, 4705, 3680, 1101215, 14844, 14844, 4019879768
746, 2244200, 942747, 157619, 156695, 941675, 22732, 22732, 2433998161
750, 2241153, 395771, 697752, 696577, 394685, 28184, 28184, 3968987017
751, 2242877, 830493, 265528, 264398, 829450, 26504, 26504, 4224713720
752, 2241649, 1100201, 4362, 3329, 1098703, 17527, 17527, 2159075157
753, 2245090, 1102968, 4414, 3469, 1101847, 16196, 16196, 1170899132
754, 2244796, 451403, 636339, 635208, 450258, 35794, 35794, 631357671
760, 2243434, 3328, 1103129, 1101959, 2408, 16305, 16305, 586637129
757, 2244057, 24854, 1074364, 1073284, 23897, 23829, 23829, 2001625112
756, 2243694, 85359, 1009127, 1008053, 84487, 28334, 28334, 1395568157
758, 2241766, 775087, 192983, 191969, 774081, 153823, 153823, 2305275248
763, 2245157, 3709, 1104522, 1103320, 2832, 15387, 15387, 2452396074
761, 2243630, 1012159, 89090, 88096, 1011091, 21597, 21597, 1227447402
759, 2241607, 967107, 125152, 124044, 965628, 29838, 29838, 3669943978
755, 2240767, 767544, 286222, 285252, 766487, 67631, 67631, 1946961310
765, 2243726, 111467, 984633, 983561, 110489, 26788, 26788, 727999407
764, 2243695, 659011, 432930, 431827, 657933, 30997, 30997, 2682832423
762, 2244039, 1023886, 78377, 77417, 1022885, 20737, 20737, 3202466274
768, 2244361, 68959, 1022554, 1021274, 67938, 31818, 31818, 1496991785
773, 2241500, 77002, 1024411, 1023064, 75963, 20530, 20530, 955036695
766, 2240248, 751074, 342225, 341048, 749831, 28035, 28035, 2322160740
767, 2245873, 1055998, 48365, 47464, 1054786, 19630, 19630, 742525638
769, 2241139, 738954, 358139, 357115, 737787, 24572, 24572, 2261022819
771, 2242302, 216189, 881580, 880401, 215170, 24481, 24481, 1058261335
770, 2244273, 331388, 760260, 759166, 330329, 31565, 31565, 3159275325
774, 2242302, 25890, 632676, 631331, 24853, 463776, 463776, 3804137832
772, 2244666, 963966, 82912, 81967, 962653, 76584, 76584, 2675821828
775, 2241939, 494831, 603713, 602523, 493746, 23563, 23563, 1898935693
776, 2242244, 1016298, 79216, 78262, 1015096, 26686, 26686, 2753191508
778, 2242832, 2721, 1104630, 1103534, 1791, 15078, 15078, 722503317
779, 2241067, 223433, 861496, 860484, 222386, 36634, 36634, 1529625788
780, 2243725, 375946, 708744, 707615, 374788, 38316, 38316, 728982045
777, 2240143, 885172, 203730, 202692, 884005, 32272, 32272, 3723517914
781, 2244467, 580628, 500938, 499880, 579649, 41686, 41686, 1694481274
782, 2244605, 1100291, 5939, 4990, 1099073, 17156, 17156, 2307669754
784, 2244367, 906644, 185542, 184501, 905302, 31189, 31189, 1190419495
783, 2241666, 7663, 1095755, 1094705, 6679, 18432, 18432, 4257310238
786, 2246404, 201639, 894824, 893600, 200587, 27877, 27877, 3498126146
785, 2240216, 287919, 804932, 803804, 286769, 28396, 28396, 2801421225
788, 2244993, 102902, 848798, 847532, 101903, 171929, 171929, 3982950946
787, 2243776, 998475, 105356, 104312, 997201, 19216, 19216, 4240420537
792, 2241958, 4132, 1100814, 1099554, 3182, 17138, 17138, 3462146988
789, 2240240, 567192, 496369, 495259, 566094, 57663, 57663, 4130934820
790, 2242830, 972300, 130510, 129537, 971069, 19707, 19707, 221293407
791, 2245819, 1017574, 85512, 84497, 1016364, 20936, 20936, 4035342602
797, 2242471, 46292, 1054665, 1053588, 45356, 21285, 21285, 3528364595
793, 2243147, 952257, 143601, 142595, 951176, 26759, 26759, 3627299034
796, 2241569, 408527, 682025, 680962, 407517, 31269, 31269, 1146153131
800, 2243191, 5082, 1101288, 1099965, 4158, 16349, 16349, 3073866382
794, 2243229, 650386, 443411, 442406, 649304, 28861, 28861, 1932628585
795, 2247720, 1103460, 5959, 5046, 1102299, 15478, 15478, 2182635169
799, 2243602, 4641, 1100571, 1099516, 3688, 17593, 17593, 2629729784
798, 2242124, 898654, 192861, 191866, 897311, 30716, 30716, 2800593778
801, 2240826, 7458, 1097730, 1096598, 6498, 16271, 16271, 1673314730
805, 2242811, 213853, 882851, 881559, 212906, 25821, 25821, 2460122612
802, 2242506, 1084290, 22131, 21185, 1083112, 15894, 15894, 2410559543
804, 2241907, 1029398, 59128, 58161, 1028014, 33603, 33603, 1731539173
803, 2245952, 952449, 139899, 138960, 951394, 31625, 31625, 1267018562
807, 2242120, 574523, 512641, 511519, 573421, 35008, 35008, 1922661248
808, 2245084, 220763, 877942, 876612, 219755, 25006, 25006, 84087098
806, 2241348, 759532, 338201, 337183, 758484, 23974, 23974, 62879730
810, 2242683, 1062911, 38098, 37102, 1061696, 21438, 21438, 4230715619
811, 2242144, 96149, 1005159, 1004030, 95166, 20820, 20820, 1455792266
809, 2242049, 768593, 327794, 326734, 767586, 25671, 25671, 993528447
812, 2242518, 205475, 820187, 819089, 204515, 96626, 96626, 1647767829
817, 2242491, 68518, 1035129, 1033652, 67480, 18856, 18856, 1625725407
813, 2240521, 663476, 389870, 388865, 662394, 67958, 67958, 731077738
814, 2244118, 9872, 1095740, 1094669, 8891, 17473, 17473, 1724165831
815, 2242947, 798160, 236397, 235354, 796994, 88021, 88021, 4269555854
816, 2243537, 967805, 132789, 131836, 966725, 22191, 22191, 3703965177
821, 2243592, 1095919, 10173, 9241, 1094645, 16807, 16807, 3466367834
819, 2244129, 1022591, 69872, 68849, 1021513, 30652, 30652, 1514236361
818, 2241660, 1097726, 2963, 2012, 1096573, 21193, 21193, 2695829874
820, 2242734, 844196, 209530, 208430, 842968, 68805, 68805, 423141814
822, 2244397, 1023819, 80139, 79175, 1022622, 19321, 19321, 3145971878
826, 2240819, 7436, 1095519, 1094245, 6487, 18566, 18566, 1577445492
828, 2241954, 3705, 1093672, 1092083, 2750, 24872, 24872, 2901084627
823, 2242775, 1083911, 18792, 17785, 1082615, 19836, 19836, 1188805190
824, 2242974, 1099051, 6939, 5950, 1097634, 16700, 16700, 3241120821
825, 2245794, 1003686, 88406, 87471, 1002449, 31891, 31891, 751967780
827, 2242428, 1080562, 19471, 18542, 1079399, 22227, 22227, 3186359710
829, 2243799, 1101346, 5633, 4639, 1100097, 16042, 16042, 2003824905
832, 2241395, 353943, 739001, 737618, 352853, 28990, 28990, 1465965874
833, 2244354, 564379, 522218, 521115, 563408, 36617, 36617, 4101508002
830, 2245685, 1080744, 15161, 14217, 1079613, 27975, 27975, 1346566717
835, 2240843, 26634, 1076714, 1075595, 25660, 18120, 18120, 3988023074
831, 2242756, 997925, 101656, 100684, 996929, 22781, 22781, 3390033142
836, 2242141, 663995, 431732, 430531, 662933, 26475, 26475, 275194793
837, 2242646, 311806, 781276, 780066, 310800, 29349, 29349, 1800872255
838, 2242088, 478432, 608638, 607553, 477395, 35035, 35035, 961698286
839, 2240592, 250118, 815155, 813985, 249086, 56124, 56124, 1232430455
834, 2243571, 1047748, 51214, 50247, 1046424, 23969, 23969, 4192852277
841, 2243037, 378751, 708556, 707516, 377526, 35344, 35344, 2905749361
845, 2241961, 19441, 1082913, 1081577, 18432, 19799, 19799, 3614206458
842, 2244457, 59431, 1044707, 1043336, 58521, 19231, 19231, 2904151022
840, 2242813, 1026977, 75113, 74127, 1025834, 20381, 20381, 3752539052
844, 2241481, 102053, 999149, 997959, 101026, 20647, 20647, 1262841359
848, 2240374, 3295, 1103129, 1101816, 2290, 14922, 14922, 340904870
843, 2242547, 569185, 520964, 519967, 568043, 32194, 32194, 1962371416
847, 2241801, 864762, 224451, 223419, 863641, 32764, 32764, 2817722040
851, 2242687, 10027, 1095985, 1094925, 9102, 16324, 16324, 61464325
849, 2244642, 324814, 772643, 771633, 323780, 25886, 25886, 4106229855
846, 2244674, 900937, 189343, 188366, 899688, 33170, 33170, 3870916634
850, 2240698, 1070470, 33738, 32760, 1069156, 17287, 17287, 3049212315
855, 2242589, 4139, 1102418, 1101209, 3149, 15837, 15837, 2956245017
854, 2244394, 51564, 1053648, 1052464, 50612, 18053, 18053, 3773251327
853, 2242889, 20918, 1084497, 1083354, 20004, 17058, 17058, 1081275432
857, 2244001, 763819, 330072, 329018, 762682, 29205, 29205, 3755313658
863, 2241772, 152333, 950518, 949267, 151338, 19158, 19158, 3648671221
860, 2242444, 287242, 804701, 803538, 286111, 30426, 30426, 495577983
852, 2243797, 979291, 120126, 119112, 978034, 23617, 23617, 1258613505
859, 2243384, 168131, 935265, 934244, 167142, 19301, 19301, 1605382025
856, 2243386, 859152, 240845, 239802, 857983, 22802, 22802, 757340597
861, 2243002, 1033433, 71167, 70180, 1032196, 18013, 18013, 586837710
862, 2241456, 17205, 1080700, 1079600, 16237, 23857, 23857, 3202547404
858, 2244536, 927194, 172963, 171952, 926251, 23088, 23088, 22516015
864, 2242390, 203053, 886265, 884930, 202068, 33037, 33037, 1758690448
865, 2242002, 145284, 946015, 944932, 144245, 30763, 30763, 929539202
867, 2240773, 5427, 1087781, 1086561, 4470, 28267, 28267, 2491176622
871, 2242881, 12141, 1093816, 1092322, 11164, 16719, 16719, 2013079052
866, 2242606, 431556, 652993, 652017, 430542, 37749, 37749, 1580387685
872, 2242919, 211204, 866098, 864819, 210214, 45292, 45292, 3328071866
873, 2244688, 2762, 1105064, 1103598, 1810, 15727, 15727, 3936501179
868, 2240646, 439100, 647961, 646820, 437921, 34422, 34422, 3215838085
869, 2244312, 1102178, 4972, 4022, 1100924, 16108, 16108, 2186756495
874, 2242498, 106105, 996242, 995197, 105056, 19949, 19949, 788302793
870, 2243281, 555533, 529566, 528566, 554462, 37577, 37577, 688898621
875, 2243215, 699848, 374222, 373070, 698835, 48620, 48620, 1730731323
876, 2241614, 798969, 292552, 291562, 797735, 30398, 30398, 3567725691
877, 2244240, 219015, 876973, 875838, 218056, 27179, 27179, 2811596972
881, 2239113, 38998, 1053511, 1052109, 37985, 28255, 28255, 3144246979
880, 2242015, 244440, 850069, 848756, 243356, 27697, 27697, 3934394534
878, 2244943, 905394, 195803, 194727, 904155, 22432, 22432, 3850243588
879, 2243994, 448549, 645951, 644749, 447359, 28693, 28693, 4248842397
887, 2242015, 5185, 1099745, 1098504, 4219, 17181, 17181, 3038700767
882, 2241965, 218613, 871990, 871020, 217574, 31384, 31384, 2016719063
885, 2244286, 174143, 925540, 924254, 173199, 23575, 23575, 2549568169
884, 2243644, 817063, 275727, 274717, 816013, 30062, 30062, 4294524596
883, 2241945, 865417, 226134, 225171, 864225, 30499, 30499, 4255286158
886, 2240842, 1037431, 49436, 48439, 1036084, 34726, 34726, 2530793640
889, 2243071, 360192, 731513, 730287, 359217, 30931, 30931, 3159229807
892, 2242835, 168100, 934602, 933402, 167185, 19773, 19773, 2817391206
888, 2244599, 692642, 355556, 354577, 691402, 75211, 75211, 3028711272
890, 2245326, 1081090, 23833, 22915, 1079990, 18749, 18749, 1005261344
895, 2244268, 3967, 1103796, 1102483, 3080, 15471, 15471, 3048718392
891, 2242740, 669346, 422982, 421970, 668264, 30089, 30089, 3299026971
893, 2242251, 487462, 580372, 579273, 486384, 54380, 54380, 1976834547
897, 2241896, 386311, 702126, 700870, 385221, 33684, 33684, 3529923500
896, 2245179, 175141, 913820, 912682, 174202, 34667, 34667, 2633001334
894, 2244261, 547591, 544617, 543567, 546506, 30990, 30990, 1915961067
899, 2242393, 614875, 482218, 481146, 613554, 25300, 25300, 476339192
900, 2243466, 1089380, 15601, 14618, 1088025, 17921, 17921, 34517209
901, 2242435, 391845, 706897, 705762, 390837, 23547, 23547, 1498477458
902, 2241659, 476193, 616581, 615244, 475175, 29233, 29233, 2367455877
905, 2240775, 104902, 995311, 994056, 103870, 21318, 21318, 1978131180
898, 2241196, 809505, 270381, 269331, 808449, 41765, 41765, 3012846098
904, 2240068, 456811, 611086, 609980, 455741, 53225, 53225, 844088478
906, 2242996, 1092561, 12806, 11839, 1091516, 17137, 17137, 904101086
908, 2244450, 1101489, 4125, 3092, 1100238, 17753, 17753, 745537163
903, 2243002, 1097666, 6331, 5338, 1096459, 18604, 18604, 1879881111
909, 2242892, 1096139, 10036, 9020, 1094755, 16471, 16471, 3815077210
910, 2243254, 221638, 862116, 860989, 220595, 38958, 38958, 2899175442
911, 2244338, 850864, 247904, 246791, 849689, 24545, 24545, 208896211
907, 2245972, 829779, 261770, 260686, 828595, 32571, 32571, 2859171421
913, 2241650, 552314, 522313, 521060, 551011, 47476, 47476, 309731940
914, 2243348, 33535, 1066234, 1065071, 32552, 22978, 22978, 285827413
915, 2244455, 504458, 589259, 588189, 503447, 29551, 29551, 2669694147
917, 2241550, 46449, 1039340, 1038061, 45480, 36110, 36110, 2083638544
912, 2242143, 714908, 360190, 359127, 713830, 47044, 47044, 675764596
918, 2243482, 45920, 1058641, 1057361, 44972, 18294, 18294, 3894209688
916, 2243023, 509818, 576256, 575254, 508805, 36445, 36445, 1515354640
922, 2243470, 13305, 1093318, 1092230, 12391, 16113, 16113, 4187071653
926, 2244164, 54213, 1047226, 1046012, 53297, 21708, 21708, 3409508218
921, 2240736, 367233, 686919, 685725, 366149, 67355, 67355, 2909560983
920, 2246909, 396148, 664551, 663495, 395079, 63818, 63818, 4092698416
919, 2243514, 1051932, 48673, 47664, 1050747, 22249, 22249, 4161425253
929, 2243961, 3412, 1103226, 1102010, 2411, 16451, 16451, 2852248067
923, 2243426, 447667, 632350, 631368, 446729, 42656, 42656, 3432450447
925, 2245124, 1098948, 8465, 7575, 1097758, 16189, 16189, 3384069916
924, 2242229, 392119, 697705, 696573, 391106, 32363, 32363, 2325634139
930, 2242989, 1038634, 60262, 59243, 1037224, 23813, 23813, 3417415859
927, 2241777, 1020118, 83858, 82823, 1018800, 18089, 18089, 2583049750
928, 2242623, 278226, 809754, 808629, 277266, 34374, 34374, 3353797363
933, 2244611, 1105900, 2774, 1862, 1104437, 14819, 14819, 2709010526
935, 2243869, 296011, 802169, 800937, 295008, 24872, 24872, 2222484854
932, 2242513, 684812, 400594, 399419, 683504, 37092, 37092, 3505488710
931, 2243228, 383866, 714784, 713659, 382769, 24075, 24075, 1347668886
940, 2241625, 36933, 1068549, 1067233, 35956, 16477, 16477, 3088167444
936, 2245245, 1071560, 30627, 29618, 1070442, 21499, 21499, 1698857519
939, 2242788, 283454, 814622, 813513, 282353, 24423, 24423, 1688139046
934, 2242737, 749672, 321019, 319923, 748559, 51782, 51782, 3753769736
938, 2243195, 554232, 541267, 540253, 553247, 27098, 27098, 2412166388
937, 2244057, 965268, 136037, 134984, 964208, 21780, 21780, 1168093312
941, 2240630, 317684, 774903, 773727, 316616, 28850, 28850, 1244496665
945, 2240623, 226181, 868910, 867851, 225115, 26283, 26283, 3263081954
944, 2241348, 544344, 548394, 547280, 543294, 29018, 29018, 1116511582
950, 2244220, 8512, 1097437, 1096088, 7545, 17319, 17319, 795609460
943, 2244858, 447378, 648433, 647402, 446367, 27639, 27639, 3582699560
946, 2242390, 1093950, 6122, 5111, 1092655, 22276, 22276, 3095255023
947, 2242267, 188689, 910742, 909662, 187674, 22750, 22750, 1466696680
948, 2243695, 440346, 649929, 648823, 439333, 32632, 32632, 2713217314
949, 2242663, 1041535, 55765, 54704, 1040273, 25193, 25193, 2659421177
951, 2241950, 635692, 392823, 391793, 634400, 93621, 93621, 215554241
942, 2242817, 976688, 126821, 125888, 975676, 18872, 18872, 1242514976
952, 2245315, 126568, 971182, 970157, 125592, 25908, 25908, 2366612785
953, 2244442, 1039731, 63533, 62536, 1038512, 20065, 20065, 2591236756
955, 2245067, 226826, 873781, 872562, 225822, 23038, 23038, 3095539116
957, 2245488, 6599, 1100855, 1099686, 5648, 16350, 16350, 546850969
954, 2244142, 514745, 551278, 550216, 513741, 57081, 57081, 825303330
956, 2241760, 11290, 1091239, 1090259, 10328, 19322, 19322, 674424782
958, 2245115, 1104572, 2662, 1699, 1103326, 16428, 16428, 2389263601
962, 2241440, 144048, 919286, 918134, 142968, 58502, 58502, 749064633
963, 2242515, 1080815, 24149, 23231, 1079344, 17488, 17488, 144280136
961, 2242788, 236816, 789942, 788779, 235761, 95745, 95745, 1614621277
959, 2244205, 1011173, 92939, 91953, 1009966, 19087, 19087, 3036320784
964, 2242792, 1043694, 33419, 32402, 1042201, 45538, 45538, 3577329904
960, 2241617, 545404, 547552, 546537, 544328, 28898, 28898, 1597350803
966, 2241043, 1063690, 36436, 35439, 1062448, 21515, 21515, 492881158
965, 2241346, 893550, 205098, 204038, 892518, 23071, 23071, 3445702380
969, 2240728, 1079438, 21827, 20842, 1078317, 20152, 20152, 3987238578
967, 2242462, 516490, 579231, 578137, 515344, 26630, 26630, 363685348
968, 2243581, 1102444, 3981, 3043, 1101107, 16503, 16503, 2926229433
971, 2241116, 398159, 687837, 686613, 397081, 35713, 35713, 620615689
974, 2242186, 38749, 1054054, 1052974, 37815, 29297, 29297, 1618638821
975, 2241568, 879706, 211372, 210321, 878237, 30966, 30966, 1744849579
973, 2246603, 489662, 610898, 609813, 488662, 23784, 23784, 2072645606
970, 2242749, 1032400, 68858, 67864, 1030973, 21327, 21327, 2802273108
976, 2242431, 989194, 108168, 107084, 988135, 24925, 24925, 2103334528
977, 2243001, 673530, 418395, 417217, 672405, 30727, 30727, 676581271
972, 2241597, 947063, 154027, 152988, 945895, 20812, 20812, 410140522
978, 2242532, 531441, 456705, 455629, 530501, 134128, 134128, 1517000297
980, 2243696, 392776, 705623, 704437, 391738, 24561, 24561, 254968507
979, 2241133, 893305, 193234, 192227, 892207, 35080, 35080, 2616467892
983, 2244168, 291106, 801355, 800211, 290056, 30720, 30720, 3528612464
982, 2242615, 856566, 240783, 239740, 855524, 25001, 25001, 1508942883
986, 2242492, 1011663, 83751, 82726, 1010456, 26948, 26948, 1123326214
985, 2242048, 689788, 374133, 373011, 688726, 58195, 58195, 1345337324
981, 2243332, 1056790, 45235, 44284, 1055569, 20727, 20727, 2184324623
984, 2242859, 1078924, 26014, 25100, 1077783, 17519, 17519, 2765967196
987, 2244805, 895198, 202007, 200958, 894210, 26216, 26216, 393784361
989, 2243411, 184482, 915445, 914244, 183408, 22916, 22916, 2754211706
990, 2243386, 208279, 879207, 878105, 207287, 35254, 35254, 3538902240
988, 2243354, 1100079, 3144, 2136, 1098857, 19569, 19569, 2107310485
991, 2239744, 1077252, 24568, 23504, 1075944, 19238, 19238, 3318295186
994, 2241038, 116489, 982264, 980962, 115473, 22925, 22925, 2566252720
992, 2242821, 692198, 388194, 387078, 690911, 42220, 42220, 3251032035
993, 2243450, 915566, 180268, 179256, 914488, 26936, 26936, 1338730644
995, 2242880, 448199, 644659, 643605, 447133, 29642, 29642, 1895251939
998, 2239076, 624942, 462813, 461738, 623879, 32852, 32852, 3650931904
999, 2243881, 1097697, 8503, 7604, 1096523, 16777, 16777, 1257775022
996, 2245010, 734719, 335388, 334422, 733521, 53480, 53480, 3561870871
997, 2242379, 945563, 31627, 30677, 944508, 145002, 145002, 1159304919
