sample_id, N_LCC, N_A_1_LCC, N_B_1_LCC, N_A_0_LCC, N_B_0_LCC, N_A_*_LCC, N_B_*_LCC, seed
10, 1967858, 419843, 408583, 390162, 401192, 174039, 174039, 151780085
12, 1967131, 448800, 391277, 373037, 429665, 162176, 162176, 795305938
15, 1976359, 397371, 446422, 427405, 379335, 162913, 162913, 4223230556
4, 1972972, 432994, 402006, 383344, 413998, 170315, 170315, 2330850284
9, 1972932, 424686, 416743, 398645, 405992, 163433, 163433, 1051966374
6, 1972477, 376438, 466873, 447722, 358230, 161607, 161607, 1945557370
0, 1970826, 427924, 412741, 394428, 409181, 163276, 163276, 721123798
14, 1969512, 444943, 395572, 377505, 426392, 162550, 162550, 209723326
13, 1968246, 421107, 410417, 391683, 402181, 171429, 171429, 1928889824
5, 1970447, 407902, 432417, 412772, 389922, 163717, 163717, 344729202
1, 1969078, 434218, 401463, 381978, 415223, 168098, 168098, 1870268955
7, 1965956, 410642, 424847, 406059, 391750, 166329, 166329, 784727024
8, 1968535, 422266, 414870, 396409, 403050, 165970, 165970, 2173386859
2, 1971433, 420756, 418450, 399892, 401963, 165186, 165186, 511658009
3, 1968498, 430503, 400168, 381065, 411660, 172551, 172551, 2086484035
11, 1971708, 434611, 407502, 388983, 416242, 162185, 162185, 3617163047
16, 1962990, 387764, 444512, 424799, 369431, 168242, 168242, 3866413624
17, 1965841, 424776, 412502, 393589, 405712, 164631, 164631, 3334193192
18, 1971580, 388137, 444284, 425298, 370005, 171928, 171928, 3348688553
19, 1970814, 390613, 448166, 428830, 372289, 165458, 165458, 353011006
21, 1965651, 396457, 437688, 418479, 378587, 167220, 167220, 3854408863
24, 1968546, 387015, 444067, 425120, 368444, 171950, 171950, 2853675058
26, 1971620, 417645, 417977, 399115, 399727, 168578, 168578, 2784806652
22, 1976641, 417418, 425130, 406567, 399574, 163976, 163976, 624315162
23, 1980998, 406875, 435995, 417502, 389286, 165670, 165670, 2509805638
20, 1966884, 389772, 442836, 423655, 371865, 169378, 169378, 4132674915
25, 1967889, 404733, 429987, 410815, 385874, 168240, 168240, 4019848615
28, 1971331, 413455, 424568, 405805, 394431, 166536, 166536, 2446902978
27, 1969912, 390919, 441768, 422278, 372957, 170995, 170995, 1915587266
29, 1975255, 442168, 398973, 380777, 423349, 164994, 164994, 2540586404
30, 1971651, 413478, 424940, 406628, 394523, 166041, 166041, 3179678192
31, 1963538, 419533, 406795, 387346, 400302, 174781, 174781, 1851514159
32, 1972685, 406349, 432401, 414367, 388438, 165565, 165565, 2678517487
33, 1972314, 424723, 412409, 393738, 406086, 167679, 167679, 3451402031
34, 1970426, 384900, 453055, 433705, 366514, 166126, 166126, 1894562077
36, 1965860, 462800, 376059, 358092, 442557, 163176, 163176, 436429985
35, 1971006, 438109, 400304, 382356, 419197, 165520, 165520, 2590286977
39, 1968193, 448734, 387199, 368623, 429547, 167045, 167045, 2277022705
37, 1969448, 401557, 427009, 408340, 382854, 174844, 174844, 4054383998
40, 1972652, 420710, 415568, 397014, 401886, 168737, 168737, 2783198584
42, 1968304, 442080, 391922, 373303, 422865, 169067, 169067, 1905260204
38, 1970448, 405362, 429210, 410393, 386791, 169346, 169346, 2511501319
41, 1973515, 406753, 433172, 414621, 388541, 165214, 165214, 2459046745
47, 1968223, 406162, 430527, 411491, 387775, 166134, 166134, 259681496
43, 1968016, 388319, 449500, 430386, 369949, 164931, 164931, 3800006357
44, 1972129, 410890, 430041, 410999, 392823, 163688, 163688, 3805299711
45, 1972673, 378516, 462066, 443307, 361054, 163865, 163865, 364985368
46, 1972713, 409401, 432849, 414069, 390958, 162718, 162718, 3064439356
48, 1979309, 409463, 432360, 413965, 391209, 166156, 166156, 511050934
49, 1966453, 407508, 426195, 407416, 388698, 168318, 168318, 748510476
50, 1967461, 403719, 427491, 408885, 384920, 171223, 171223, 1256714876
51, 1972195, 411765, 428188, 409231, 393799, 164606, 164606, 2002833120
52, 1975348, 437662, 400649, 381811, 419136, 168045, 168045, 1752037924
53, 1971960, 401287, 436253, 416712, 383626, 167041, 167041, 1036316957
56, 1963203, 407420, 423111, 403463, 389105, 170052, 170052, 2005197130
55, 1967338, 407254, 426554, 407968, 388468, 168547, 168547, 2838447525
57, 1972206, 412203, 425974, 408005, 393482, 166271, 166271, 3913207650
54, 1970897, 437415, 404500, 386524, 417896, 162281, 162281, 1537236399
63, 1970956, 442311, 402714, 384819, 422824, 159144, 159144, 2522616999
60, 1974245, 431418, 403705, 385307, 412831, 170492, 170492, 3865856082
61, 1972700, 431685, 409337, 391352, 412798, 163764, 163764, 3301033899
58, 1970279, 406741, 428729, 409500, 388343, 168483, 168483, 62763741
62, 1971891, 410752, 427198, 408979, 392650, 166156, 166156, 1339910190
59, 1973255, 419080, 426439, 408042, 400044, 159825, 159825, 1597953431
64, 1969815, 426279, 406253, 387464, 407855, 170982, 170982, 1292402441
65, 1974173, 434231, 407918, 389403, 415619, 163501, 163501, 1983679594
67, 1977533, 411096, 433288, 414824, 392765, 162780, 162780, 1380504216
66, 1967013, 405870, 431533, 412974, 387478, 164579, 164579, 1944789779
69, 1969418, 407374, 436057, 417069, 388886, 160016, 160016, 709202250
68, 1970252, 440182, 399046, 380364, 421746, 164457, 164457, 3612185174
70, 1966647, 431913, 405858, 387013, 413037, 164413, 164413, 2374792175
73, 1973350, 406051, 438755, 419636, 387338, 160785, 160785, 3059349249
71, 1972580, 433223, 398995, 380625, 415045, 172346, 172346, 2492824419
75, 1965777, 418413, 412548, 394165, 400127, 170262, 170262, 672544033
72, 1971774, 421872, 407248, 389427, 403815, 174706, 174706, 1034699952
76, 1970837, 390350, 439245, 419962, 372098, 174591, 174591, 2119742321
74, 1970851, 401428, 435233, 416486, 382996, 167354, 167354, 3021271061
78, 1964974, 398304, 433410, 414571, 379569, 169560, 169560, 2867933721
80, 1967962, 451713, 387926, 369621, 432462, 163120, 163120, 2831985475
77, 1970096, 447089, 389811, 371383, 428023, 166895, 166895, 2711833267
79, 1969767, 397540, 434449, 415418, 379478, 171441, 171441, 3063083302
81, 1970702, 436866, 402057, 383743, 418070, 164983, 164983, 3367078031
83, 1965768, 360537, 472633, 452750, 342992, 168428, 168428, 137706593
82, 1972919, 439198, 397430, 379595, 419732, 168482, 168482, 3320230816
84, 1974839, 404753, 436811, 417783, 386406, 164543, 164543, 3705725103
85, 1967653, 425087, 414295, 395753, 405970, 163274, 163274, 2608109939
86, 1966200, 411809, 422780, 404258, 392803, 167275, 167275, 94223123
87, 1967043, 436971, 406167, 387607, 417086, 159606, 159606, 1164835654
88, 1964845, 412502, 415014, 396262, 393969, 173549, 173549, 1653925487
89, 1972824, 428054, 410583, 392195, 409972, 166010, 166010, 1023390721
93, 1972323, 390465, 449658, 430455, 371941, 164902, 164902, 4263520962
90, 1969800, 446899, 386752, 368703, 427850, 169798, 169798, 3379685765
92, 1976261, 417542, 413442, 395117, 399454, 175353, 175353, 1467202605
94, 1973677, 392072, 442157, 423309, 373801, 171169, 171169, 1967082096
95, 1976726, 389535, 450638, 431604, 371699, 166625, 166625, 943923657
96, 1966882, 412768, 417078, 398412, 394386, 172119, 172119, 4132299078
91, 1971869, 444422, 390931, 372844, 425580, 169046, 169046, 2324824221
97, 1970227, 414237, 411033, 392037, 395814, 178553, 178553, 135616821
98, 1965706, 441775, 390397, 372591, 422379, 169282, 169282, 2164052842
99, 1970032, 406021, 427540, 408990, 388047, 169717, 169717, 542766939
100, 1969326, 442081, 387143, 368769, 422855, 174239, 174239, 3285610812
101, 1973597, 388868, 447128, 428571, 371134, 168948, 168948, 42237567
102, 1969388, 410671, 428280, 409671, 392122, 164322, 164322, 6897350
103, 1972047, 416110, 423274, 404961, 397222, 165240, 165240, 3897971601
105, 1970937, 390873, 443980, 424997, 373255, 168916, 168916, 1144905670
104, 1975873, 418010, 420953, 401927, 399397, 167793, 167793, 1540458984
107, 1971859, 430250, 417533, 399206, 411988, 156441, 156441, 2639117892
106, 1968680, 375104, 458723, 439653, 356930, 169135, 169135, 1949863381
110, 1969943, 424170, 408554, 390358, 405745, 170558, 170558, 3672878225
108, 1975807, 455503, 389309, 371337, 436492, 161583, 161583, 1795236362
109, 1965739, 409911, 422457, 402934, 390619, 169909, 169909, 3282208936
112, 1973539, 445092, 393549, 375225, 425571, 167051, 167051, 1709920462
111, 1970198, 445079, 393808, 375854, 426053, 164702, 164702, 2089046287
113, 1964235, 419562, 421960, 402691, 401018, 159502, 159502, 468598673
114, 1968808, 425112, 406404, 387952, 406472, 171434, 171434, 2936630956
115, 1971930, 405912, 434785, 416102, 387417, 163857, 163857, 1515888176
116, 1965198, 441266, 392804, 374348, 422236, 167272, 167272, 3050639748
117, 1970397, 444279, 386969, 369055, 424828, 172633, 172633, 367151559
119, 1973230, 416952, 422848, 404279, 398245, 165453, 165453, 2206704884
120, 1973281, 358358, 481661, 461624, 341204, 165217, 165217, 1892332165
118, 1966590, 393793, 440556, 421596, 375677, 167484, 167484, 2557799939
122, 1967757, 417831, 414165, 395567, 399500, 170347, 170347, 2473425691
121, 1974310, 453890, 389327, 371325, 434656, 162556, 162556, 937582195
123, 1971536, 421406, 417657, 399332, 402889, 165126, 165126, 422744184
126, 1971689, 380621, 460768, 440894, 363170, 163118, 163118, 1677906364
124, 1974204, 427448, 409147, 390604, 409289, 168858, 168858, 3904670419
125, 1976780, 416970, 422574, 404027, 398669, 167270, 167270, 4263424562
127, 1969182, 407012, 430955, 412422, 388345, 165224, 165224, 3553761876
128, 1973114, 407334, 428937, 410221, 389534, 168544, 168544, 3931799148
129, 1968679, 435442, 398943, 380353, 416475, 168733, 168733, 2669054289
130, 1966301, 425105, 412859, 394175, 406404, 163879, 163879, 1140211855
131, 1966822, 381796, 461221, 441376, 363875, 159277, 159277, 1455525440
132, 1967396, 395623, 439025, 420606, 377430, 167356, 167356, 722043360
133, 1971725, 434486, 395909, 377492, 415542, 174148, 174148, 2073018246
135, 1973353, 436162, 399774, 381975, 417496, 168973, 168973, 1820619715
136, 1971291, 421113, 417892, 399648, 402274, 165182, 165182, 269882913
134, 1973326, 399567, 435094, 416565, 381146, 170477, 170477, 12390421
138, 1965761, 402001, 428081, 409268, 382767, 171822, 171822, 3355671265
137, 1967660, 436979, 399167, 379918, 417636, 166980, 166980, 1321392988
139, 1969061, 393571, 442836, 423784, 375474, 166698, 166698, 1907574625
140, 1968241, 426020, 404580, 386311, 407332, 171999, 171999, 3633966339
141, 1966986, 412691, 425058, 405721, 394070, 164723, 164723, 3234539360
143, 1968004, 413787, 418530, 399913, 395398, 170188, 170188, 4155879956
145, 1969321, 395653, 452503, 432882, 377405, 155439, 155439, 2265404433
144, 1969186, 432880, 407770, 388554, 413916, 163033, 163033, 881346516
142, 1968434, 401169, 427842, 408698, 383367, 173679, 173679, 2002909244
147, 1967027, 409710, 426827, 408047, 390709, 165867, 165867, 2914720015
148, 1961760, 407767, 424849, 405604, 388744, 167398, 167398, 293818463
146, 1976483, 390271, 451220, 432612, 372170, 165105, 165105, 2485798634
149, 1971565, 417130, 421085, 402123, 398473, 166377, 166377, 1411137464
150, 1970511, 409807, 432408, 413049, 390969, 162139, 162139, 1483428465
152, 1966721, 418392, 415358, 396509, 399518, 168472, 168472, 2823284551
151, 1973651, 413446, 419231, 400223, 394843, 172954, 172954, 3664158259
155, 1970361, 414011, 420572, 401536, 395262, 169490, 169490, 4281887046
154, 1967762, 404762, 435145, 415887, 386860, 162554, 162554, 1237056879
153, 1972253, 423979, 415028, 396690, 406160, 165198, 165198, 3642721264
157, 1972249, 427346, 403917, 385615, 408671, 173350, 173350, 1531297780
156, 1972377, 408135, 424834, 405653, 389649, 172053, 172053, 1567403402
159, 1965115, 406672, 427125, 407961, 388135, 167611, 167611, 3653783692
160, 1969120, 424568, 415600, 396840, 405886, 163113, 163113, 2316908476
158, 1971430, 401642, 445608, 426612, 383200, 157184, 157184, 52985537
161, 1966120, 406940, 431437, 412034, 388233, 163738, 163738, 1552440727
162, 1979388, 428196, 417623, 400023, 409730, 161908, 161908, 171942293
163, 1971768, 425563, 411108, 393233, 406476, 167694, 167694, 1925614564
164, 1975422, 391016, 445783, 426533, 373496, 169297, 169297, 3330778131
165, 1968653, 406500, 431717, 413268, 387774, 164697, 164697, 4110751938
167, 1972861, 395905, 438743, 419765, 377842, 170303, 170303, 3595114457
168, 1971156, 429808, 416981, 398457, 410528, 157691, 157691, 3371960126
166, 1969477, 398751, 435675, 416967, 380764, 168660, 168660, 3409401471
169, 1972724, 451847, 381765, 364147, 432697, 171134, 171134, 2341784803
170, 1972054, 407211, 434162, 415938, 389269, 162737, 162737, 367452540
171, 1970346, 403437, 433121, 413964, 385344, 167240, 167240, 193682715
172, 1969783, 420741, 419093, 400115, 401386, 164224, 164224, 3483902815
173, 1968384, 387718, 448601, 429890, 369057, 166559, 166559, 2471196302
175, 1969118, 417202, 415844, 397318, 398014, 170370, 170370, 3462914284
174, 1968598, 433975, 406321, 388468, 415262, 162286, 162286, 2422987246
176, 1969768, 410717, 425257, 406908, 392104, 167391, 167391, 4080081771
177, 1970340, 390724, 445240, 426169, 372447, 167880, 167880, 4088744848
178, 1971790, 414906, 420421, 401073, 396874, 169258, 169258, 1350191306
179, 1969877, 421589, 412550, 393801, 403323, 169307, 169307, 1533755617
180, 1969137, 445667, 390255, 372301, 426062, 167426, 167426, 3572433504
181, 1970987, 428493, 414891, 396317, 409356, 160965, 160965, 17481344
183, 1969509, 414036, 421669, 403473, 395543, 167394, 167394, 3703950398
182, 1968996, 429428, 403738, 385053, 410759, 170009, 170009, 3443386056
184, 1966183, 399945, 439209, 420040, 381405, 162792, 162792, 3058252520
185, 1969874, 437754, 393027, 375073, 418274, 172873, 172873, 2220377642
187, 1971280, 427957, 408429, 390309, 409721, 167432, 167432, 2201540843
186, 1970072, 419114, 409889, 391225, 399856, 174994, 174994, 1294866999
188, 1970961, 413183, 420014, 401214, 394676, 170937, 170937, 4205808918
191, 1966498, 432902, 408677, 389927, 413494, 160749, 160749, 661504618
190, 1970152, 435402, 399817, 381779, 416708, 168223, 168223, 1591124009
189, 1967730, 433923, 397316, 378937, 414598, 171478, 171478, 3784427918
193, 1973774, 437279, 404427, 386034, 418526, 163754, 163754, 3388276052
194, 1968624, 397106, 436458, 417663, 379145, 169126, 169126, 3497189700
192, 1972218, 430636, 402629, 385005, 412164, 170892, 170892, 1314330088
195, 1965398, 432206, 404975, 385713, 412244, 165130, 165130, 2305097608
196, 1967315, 416578, 422097, 403790, 397274, 163788, 163788, 3265159373
197, 1968541, 410422, 421885, 403062, 391940, 170616, 170616, 2944901387
199, 1969043, 384368, 448705, 429198, 365928, 170422, 170422, 2791499174
200, 1967040, 431368, 396260, 376942, 412718, 174876, 174876, 2343050670
198, 1970311, 430141, 414241, 395717, 411192, 159510, 159510, 2788336157
201, 1970338, 402633, 429484, 410693, 384580, 171474, 171474, 4069550784
206, 1968116, 392037, 443715, 424631, 373131, 167301, 167301, 1264244817
202, 1965788, 411002, 427943, 408635, 392780, 162714, 162714, 2682799327
203, 1975690, 396605, 441467, 422789, 378779, 168025, 168025, 198995387
204, 1968721, 432483, 398543, 380437, 413466, 171896, 171896, 1958204027
205, 1968336, 429847, 406819, 388172, 411110, 166194, 166194, 1537319241
208, 1969551, 443369, 397432, 379672, 423946, 162566, 162566, 3933534886
207, 1967735, 420217, 419634, 401385, 401125, 162687, 162687, 908350657
210, 1970084, 372544, 454220, 434959, 354545, 176908, 176908, 4230701514
212, 1967342, 407545, 428251, 408222, 388984, 167170, 167170, 3161395972
211, 1976230, 422200, 412302, 393933, 403907, 171944, 171944, 1288369910
209, 1973148, 417281, 422632, 403722, 399057, 165228, 165228, 387253833
213, 1965623, 416348, 418214, 399227, 397602, 167116, 167116, 432847040
214, 1973488, 438661, 405593, 387427, 419975, 160916, 160916, 2533998388
215, 1973105, 423940, 413920, 395424, 405781, 167020, 167020, 1104076615
216, 1970887, 401131, 433970, 415373, 383149, 168632, 168632, 2719200794
217, 1966042, 416631, 418443, 399501, 397423, 167022, 167022, 1258439277
218, 1973887, 442977, 401569, 383594, 424173, 160787, 160787, 2091002395
219, 1968402, 427189, 406429, 387808, 408746, 169115, 169115, 3337099055
220, 1968180, 420502, 418866, 400213, 401619, 163490, 163490, 557741400
221, 1968263, 435890, 397159, 378965, 416621, 169814, 169814, 3347172822
222, 1971746, 419614, 406944, 388617, 401209, 177681, 177681, 3433490674
223, 1966085, 416903, 414110, 395852, 398156, 170532, 170532, 3356758041
224, 1966576, 417065, 421597, 402608, 398024, 163641, 163641, 528525450
226, 1973817, 397976, 441004, 422615, 379434, 166394, 166394, 2149027065
225, 1973163, 419295, 428718, 410043, 401181, 156963, 156963, 1671052952
230, 1973167, 440392, 400361, 382507, 421633, 164137, 164137, 2572023201
227, 1969833, 406501, 432155, 413502, 388219, 164728, 164728, 1577088233
229, 1969237, 427232, 403913, 385839, 408747, 171753, 171753, 3503602988
231, 1966959, 406215, 426457, 406834, 387231, 170111, 170111, 1824300280
228, 1965356, 441040, 388358, 370092, 421558, 172154, 172154, 3005528911
232, 1969386, 392451, 440787, 422183, 374417, 169774, 169774, 1819907200
233, 1966599, 411162, 425362, 406375, 392272, 165714, 165714, 3277232234
234, 1969386, 397077, 438224, 418903, 379312, 167935, 167935, 126278758
235, 1974386, 392575, 448039, 429024, 374616, 165066, 165066, 2922859956
236, 1970571, 391510, 436378, 417044, 373991, 175824, 175824, 672823247
237, 1966961, 386631, 435400, 416351, 368343, 180118, 180118, 2406574828
239, 1969672, 419168, 415309, 396429, 400210, 169278, 169278, 1096123946
238, 1969887, 410209, 425289, 406479, 392130, 167890, 167890, 3122633853
240, 1973225, 405839, 428336, 409553, 387705, 170896, 170896, 1683134284
243, 1969518, 449635, 387364, 369634, 430421, 166232, 166232, 2784765426
242, 1970339, 452947, 383797, 366157, 433558, 166940, 166940, 2744765959
244, 1968864, 419373, 420293, 401672, 400828, 163349, 163349, 1757106958
245, 1974647, 421079, 413924, 395634, 402062, 170974, 170974, 4036794852
241, 1968669, 430023, 407184, 388984, 411594, 165442, 165442, 1056186851
247, 1966396, 411756, 418433, 399778, 392781, 171824, 171824, 783962927
246, 1966093, 401480, 429740, 410710, 382929, 170617, 170617, 1937317892
248, 1963430, 421573, 405131, 386217, 402715, 173897, 173897, 959279730
249, 1974955, 398591, 445085, 425929, 380122, 162614, 162614, 1667058065
250, 1970422, 372939, 466896, 447493, 355166, 163964, 163964, 1168897173
252, 1970812, 435966, 405598, 387271, 416761, 162608, 162608, 3200711398
251, 1969154, 371795, 454898, 435879, 353830, 176376, 176376, 2054896068
254, 1970967, 393045, 443735, 424991, 375610, 166793, 166793, 1652502504
256, 1967493, 407276, 425760, 406536, 388627, 169647, 169647, 800462067
255, 1968478, 423269, 406051, 388098, 404300, 173380, 173380, 2943954537
253, 1973094, 402874, 435590, 416828, 385250, 166276, 166276, 4179890907
257, 1971486, 443573, 390329, 372341, 424399, 170422, 170422, 661141687
261, 1965674, 415529, 427938, 409816, 396863, 157764, 157764, 2968353287
258, 1969633, 414693, 430385, 411379, 396100, 158538, 158538, 2848835827
262, 1962843, 404776, 433946, 414900, 386285, 161468, 161468, 3505473229
259, 1972323, 435375, 405128, 386963, 417213, 163822, 163822, 1872539790
260, 1971330, 412225, 425380, 407068, 393049, 166804, 166804, 984797768
265, 1970903, 411526, 420936, 402401, 392708, 171666, 171666, 273021558
263, 1975179, 425765, 418807, 400800, 406899, 161454, 161454, 2283260491
264, 1969004, 449046, 391997, 373681, 429184, 162548, 162548, 1869505059
266, 1975266, 391456, 450864, 431571, 374029, 163673, 163673, 3951016939
267, 1963967, 434385, 397729, 378841, 414914, 169049, 169049, 4139645963
269, 1972963, 456817, 386440, 368148, 437146, 162206, 162206, 2863427953
270, 1968535, 413805, 422307, 404053, 395514, 166428, 166428, 137017263
268, 1972929, 417447, 419539, 401350, 398479, 168057, 168057, 526564315
271, 1966930, 426844, 412696, 394018, 407640, 162866, 162866, 1255643169
272, 1970162, 412526, 423172, 403790, 393950, 168362, 168362, 1957352123
273, 1967889, 422478, 416660, 397505, 403274, 163986, 163986, 1973030697
274, 1967145, 410926, 422038, 402884, 391919, 169689, 169689, 1194608275
275, 1967474, 419675, 416409, 397320, 400926, 166572, 166572, 3871834458
277, 1965817, 429677, 405328, 386915, 410787, 166555, 166555, 1667095840
278, 1973587, 426564, 405997, 387781, 407671, 172787, 172787, 865785496
280, 1962266, 468128, 365211, 347326, 448035, 166783, 166783, 1681213008
281, 1969110, 416147, 414852, 396761, 397228, 172061, 172061, 2869655467
279, 1973812, 426945, 413167, 394096, 408942, 165331, 165331, 2360332864
276, 1969521, 405403, 428565, 409254, 387041, 169629, 169629, 4249436035
282, 1969983, 448434, 388654, 370505, 429232, 166579, 166579, 4148537212
283, 1969121, 414699, 425506, 406912, 395900, 163052, 163052, 1856375223
285, 1967853, 400948, 440794, 421663, 382504, 160972, 160972, 1506521019
284, 1970427, 408152, 434735, 416067, 389559, 160957, 160957, 4214407159
287, 1969505, 426277, 407672, 388912, 407446, 169599, 169599, 60263549
286, 1974483, 402844, 436376, 416818, 385139, 166653, 166653, 4087153658
290, 1964222, 406820, 426708, 407627, 387339, 167864, 167864, 2397650061
289, 1970858, 384229, 454282, 435041, 366302, 165502, 165502, 788351062
292, 1972979, 416713, 421813, 403545, 398278, 166315, 166315, 1331135617
291, 1968448, 397734, 440434, 420828, 379484, 164984, 164984, 708922017
288, 1970759, 430138, 405541, 387007, 411745, 168164, 168164, 1517688995
296, 1971468, 428763, 412903, 394701, 410285, 162408, 162408, 2322064634
295, 1971261, 412679, 430138, 411898, 393856, 161345, 161345, 1971500782
293, 1968501, 418527, 416195, 397900, 399583, 168148, 168148, 1478139886
297, 1969927, 411474, 428958, 409394, 393081, 163510, 163510, 61868250
294, 1961842, 431692, 395619, 377475, 412160, 172448, 172448, 76429682
298, 1974090, 459377, 382784, 365125, 439414, 163695, 163695, 3674807830
299, 1971343, 429981, 408569, 389777, 411398, 165809, 165809, 4113798699
300, 1970985, 441908, 396007, 377421, 422869, 166390, 166390, 3480881090
302, 1971166, 392016, 442377, 423283, 373992, 169749, 169749, 1274180614
301, 1968459, 395783, 435572, 416458, 377682, 171482, 171482, 194075943
303, 1973053, 393802, 442534, 422882, 375935, 168950, 168950, 1733740637
304, 1966827, 464428, 370955, 352503, 444527, 167207, 167207, 1278615883
305, 1975138, 409517, 428483, 410080, 391294, 167882, 167882, 3779452043
308, 1970638, 412086, 424839, 406337, 393424, 166976, 166976, 2505093206
306, 1974394, 371130, 470202, 450388, 354036, 164319, 164319, 2452603540
307, 1966750, 405613, 425364, 406830, 386669, 171137, 171137, 3462456664
311, 1971079, 417497, 420139, 401544, 398855, 166522, 166522, 3655058585
309, 1966267, 437599, 395510, 376713, 418005, 169220, 169220, 3549737211
312, 1971529, 401180, 442511, 423285, 383565, 160494, 160494, 2546412866
310, 1971612, 436264, 407382, 388800, 417170, 160998, 160998, 921376799
313, 1960664, 447068, 375432, 356918, 427242, 177002, 177002, 3383143901
314, 1964749, 427598, 399930, 381360, 408045, 173908, 173908, 604737182
315, 1959655, 416438, 412347, 393552, 397214, 170052, 170052, 3282924291
316, 1967227, 443408, 395994, 377706, 423429, 163345, 163345, 636181431
317, 1964250, 398371, 439326, 420164, 379501, 163444, 163444, 3542036270
318, 1969386, 440594, 397566, 379085, 421401, 165370, 165370, 1241956816
319, 1970229, 406751, 430851, 412059, 388454, 166057, 166057, 4272967677
320, 1972224, 445516, 392635, 374360, 426425, 166644, 166644, 4079246935
322, 1973271, 431850, 409247, 391412, 412668, 164047, 164047, 2561159012
323, 1971141, 374660, 456679, 436482, 356914, 173203, 173203, 1802583540
321, 1975151, 400473, 441849, 423024, 382447, 163679, 163679, 3080899641
328, 1967869, 397518, 438367, 419250, 378812, 166961, 166961, 4183973949
326, 1973413, 407855, 431540, 412870, 389710, 165719, 165719, 3653029288
325, 1973640, 472190, 374136, 355931, 452907, 159238, 159238, 2389665001
324, 1970275, 393516, 440372, 420938, 375307, 170071, 170071, 1313217487
327, 1973626, 457970, 380671, 363402, 438699, 166442, 166442, 117808141
329, 1970984, 399848, 429212, 410750, 380978, 175098, 175098, 3340210925
331, 1968401, 409217, 425788, 407551, 390149, 167848, 167848, 4180448535
330, 1969092, 441657, 394040, 376275, 422700, 167210, 167210, 3664699010
332, 1968672, 429266, 406487, 388111, 410636, 167086, 167086, 1658348893
333, 1966228, 417097, 422852, 404404, 398219, 161828, 161828, 1296374417
334, 1972083, 391998, 448070, 428457, 374116, 164721, 164721, 956513085
335, 1973668, 409575, 431322, 413006, 391397, 164184, 164184, 878478438
336, 1967196, 404054, 429592, 410422, 385782, 168673, 168673, 367474991
339, 1970604, 422281, 413779, 395291, 403365, 167944, 167944, 2818290620
338, 1966702, 437718, 400291, 381736, 418331, 164313, 164313, 1904635278
337, 1974244, 388597, 450579, 431266, 370658, 166572, 166572, 3861494547
342, 1966764, 427989, 417961, 399420, 409052, 156171, 156171, 3194536120
344, 1965111, 394415, 445180, 425304, 375312, 162450, 162450, 1238239174
346, 1971009, 441242, 401042, 382764, 422289, 161836, 161836, 3117210278
347, 1970572, 397656, 433851, 414858, 379147, 172530, 172530, 1817213300
341, 1969072, 431411, 408371, 389518, 412702, 163535, 163535, 1190608944
343, 1974891, 426558, 411369, 393006, 408432, 167763, 167763, 28754483
340, 1970007, 414069, 417541, 397980, 395841, 172288, 172288, 1828596481
348, 1969433, 411592, 427526, 408927, 393058, 164165, 164165, 1119029658
345, 1971170, 463966, 372901, 355806, 444795, 166851, 166851, 176744890
349, 1968202, 455596, 372027, 353632, 436165, 175391, 175391, 1870159619
350, 1969506, 437435, 401719, 382625, 418115, 164806, 164806, 3775080176
351, 1966366, 432780, 401766, 383169, 412887, 167882, 167882, 3773539734
352, 1965557, 422943, 411517, 392990, 403917, 167095, 167095, 3943247908
353, 1968045, 395521, 438222, 419337, 377467, 168749, 168749, 685074035
354, 1974679, 405944, 423413, 404206, 388166, 176475, 176475, 2626002948
355, 1963896, 420696, 416804, 397911, 401257, 163614, 163614, 1428280120
356, 1969587, 459647, 374560, 356381, 440137, 169431, 169431, 3012574941
359, 1970576, 422609, 408902, 390553, 403792, 172360, 172360, 1281534656
358, 1970767, 409502, 429847, 410646, 391600, 164586, 164586, 3940421382
357, 1971695, 406017, 423115, 404618, 387323, 175311, 175311, 3379972102
362, 1964994, 430375, 401827, 382881, 410861, 169525, 169525, 4288050915
361, 1973079, 452427, 399561, 380926, 433365, 153400, 153400, 1460139914
363, 1968191, 470100, 366220, 348527, 450062, 166641, 166641, 3481385038
360, 1970308, 411725, 419706, 401578, 392589, 172355, 172355, 2284291786
366, 1975945, 422112, 420439, 401923, 403777, 163847, 163847, 2251798351
364, 1973665, 442699, 400365, 382393, 423186, 162511, 162511, 3285494345
365, 1968230, 401739, 417357, 398743, 383321, 183535, 183535, 782429525
367, 1967336, 384899, 454443, 435134, 366376, 163242, 163242, 4227960498
368, 1968313, 434320, 396295, 378616, 415214, 171934, 171934, 1016570744
370, 1973550, 385634, 457789, 437802, 367823, 162251, 162251, 1954408569
369, 1970683, 409472, 427960, 409093, 390992, 166583, 166583, 1296621748
371, 1968602, 395680, 432352, 413336, 377378, 174928, 174928, 1445143317
372, 1971357, 400141, 441507, 422739, 381964, 162503, 162503, 1147808535
373, 1962172, 422554, 409829, 390932, 403021, 167918, 167918, 135639272
376, 1965513, 441777, 397073, 378926, 422145, 162796, 162796, 88628555
375, 1973336, 411146, 426848, 408143, 392443, 167378, 167378, 294616282
378, 1969820, 413522, 426358, 407152, 394940, 163924, 163924, 1720159811
381, 1963603, 425531, 409233, 390290, 406247, 166151, 166151, 4129501567
374, 1976539, 422954, 415252, 396785, 404552, 168498, 168498, 3957495530
377, 1970268, 422820, 414752, 395839, 404441, 166208, 166208, 127807483
380, 1970060, 411799, 426338, 407696, 393449, 165389, 165389, 692148101
382, 1968306, 428322, 410919, 392426, 410005, 163317, 163317, 4006805104
379, 1970409, 442913, 394979, 377356, 424139, 165511, 165511, 3419280792
383, 1973195, 400338, 431022, 411916, 382237, 173841, 173841, 2718757089
384, 1977105, 434608, 410489, 391979, 415635, 162197, 162197, 2862630450
385, 1967887, 406513, 434496, 415650, 387130, 162049, 162049, 583994012
386, 1968237, 418981, 414147, 395824, 399915, 169685, 169685, 2954987254
388, 1971594, 456765, 378411, 360053, 437083, 169641, 169641, 720187143
387, 1967389, 385462, 450612, 431273, 366732, 166655, 166655, 1143992194
389, 1973109, 436824, 403306, 385596, 418389, 164497, 164497, 4207981705
391, 1967572, 380983, 458867, 439715, 362599, 162704, 162704, 4139281260
390, 1970554, 424298, 412933, 394288, 405877, 166579, 166579, 3932381990
395, 1971978, 440112, 396952, 378699, 421497, 167359, 167359, 2237101218
393, 1972128, 404277, 433078, 413891, 385970, 167456, 167456, 3270788119
394, 1966683, 397988, 431266, 412450, 379807, 172586, 172586, 2782200984
398, 1973956, 413717, 422778, 403909, 395920, 168816, 168816, 138152867
400, 1968862, 427097, 411481, 393195, 408875, 164107, 164107, 2370715195
397, 1970779, 421113, 417507, 399804, 402583, 164886, 164886, 2985657303
396, 1972637, 399106, 438499, 418920, 380948, 167582, 167582, 3503206218
399, 1972118, 384578, 461580, 441810, 366388, 158881, 158881, 3240534221
392, 1967939, 422278, 417350, 398491, 403990, 162915, 162915, 4276850288
401, 1968993, 399937, 442945, 423608, 381961, 160271, 160271, 576625208
402, 1964580, 408637, 429292, 409886, 389947, 163409, 163409, 3921827747
404, 1969873, 393930, 443897, 424340, 376016, 165845, 165845, 179900524
405, 1971271, 419625, 422945, 404577, 400372, 161876, 161876, 2477808032
403, 1969402, 403161, 429910, 411113, 384414, 170402, 170402, 2220736442
407, 1973609, 405803, 429398, 411057, 386865, 170243, 170243, 807858028
409, 1970042, 424153, 410329, 391965, 405991, 168802, 168802, 1198068644
408, 1967266, 423557, 410596, 392531, 405032, 167775, 167775, 2201762732
410, 1964447, 418677, 412417, 393757, 399934, 169831, 169831, 2478870452
411, 1968173, 394679, 438156, 419438, 376208, 169846, 169846, 579888690
414, 1962018, 457377, 366977, 349294, 437770, 175300, 175300, 2763500189
412, 1966088, 418067, 417997, 399647, 399891, 165243, 165243, 422555175
406, 1976720, 416621, 423715, 404557, 398525, 166651, 166651, 1124724457
413, 1967099, 413757, 421660, 402302, 394222, 167579, 167579, 3127122963
416, 1968966, 394611, 437573, 418084, 375500, 171599, 171599, 3990101926
415, 1969445, 416121, 426443, 407402, 397315, 161082, 161082, 4131046095
417, 1966359, 415319, 421135, 401641, 396402, 165931, 165931, 3749468529
418, 1970918, 369339, 470295, 451065, 351843, 164188, 164188, 661864117
419, 1978599, 440827, 397925, 379820, 422577, 168725, 168725, 3881719012
420, 1963973, 421118, 411552, 392310, 402051, 168471, 168471, 3126492003
421, 1971347, 414888, 427420, 408088, 396275, 162338, 162338, 2612786113
422, 1976659, 405340, 431005, 412616, 386946, 170376, 170376, 2130745819
423, 1965320, 419615, 414485, 395101, 401245, 167437, 167437, 871135461
426, 1965242, 404086, 433753, 414641, 385714, 163524, 163524, 3074584344
425, 1968782, 396564, 439081, 419713, 377860, 167782, 167782, 3957168527
424, 1969390, 434542, 406610, 388134, 415532, 162286, 162286, 1785034783
427, 1963891, 428737, 407292, 388083, 409617, 165081, 165081, 2484855632
429, 1964191, 433432, 396723, 377767, 414337, 170966, 170966, 2654890006
428, 1964942, 397193, 440918, 421367, 379014, 163225, 163225, 2848523078
430, 1966539, 435290, 390290, 372006, 416491, 176231, 176231, 1292867274
431, 1966655, 430903, 407926, 388881, 412565, 163190, 163190, 2282951534
432, 1967605, 418818, 414473, 395739, 400567, 169004, 169004, 3799597341
434, 1972423, 414944, 422537, 403233, 396933, 167388, 167388, 4226050528
435, 1972025, 403420, 430631, 411618, 385026, 170665, 170665, 961003365
433, 1964794, 417900, 422934, 403889, 399195, 160438, 160438, 2160713579
436, 1964716, 423276, 414888, 395812, 404248, 163246, 163246, 623845278
437, 1966878, 413195, 428248, 408779, 394482, 161087, 161087, 1304865006
438, 1971008, 416698, 419977, 401245, 397648, 167720, 167720, 3732398664
439, 1967419, 415720, 410036, 390966, 396545, 177076, 177076, 2298766953
440, 1964757, 429237, 407814, 389395, 410573, 163869, 163869, 1526186973
441, 1967400, 442599, 399350, 380493, 423642, 160658, 160658, 218425697
442, 1966603, 436769, 402562, 384308, 417572, 162696, 162696, 2027881727
443, 1966373, 430191, 408052, 389192, 410606, 164166, 164166, 538898631
444, 1968106, 388765, 453594, 433654, 371117, 160488, 160488, 4200202807
445, 1966203, 407027, 428887, 409890, 388137, 166131, 166131, 2542213808
446, 1974345, 413973, 430118, 410979, 395817, 161729, 161729, 3852480250
447, 1972951, 391474, 442584, 423194, 373593, 171053, 171053, 1860025374
448, 1970026, 433880, 406669, 387925, 415762, 162895, 162895, 1889541376
449, 1969804, 414644, 422201, 403342, 395757, 166930, 166930, 531396964
450, 1971316, 416901, 419891, 401128, 398230, 167583, 167583, 566125163
452, 1971860, 425777, 410303, 391259, 407291, 168615, 168615, 2633569701
451, 1974924, 399447, 448464, 429772, 381121, 158060, 158060, 2140577113
453, 1974182, 417752, 418677, 400196, 399687, 168935, 168935, 702011765
454, 1970378, 399300, 431775, 412824, 380639, 172920, 172920, 156967355
455, 1969537, 421548, 423135, 404861, 402433, 158780, 158780, 2906348514
458, 1968976, 418164, 422714, 403602, 399542, 162477, 162477, 2535670166
457, 1973064, 411862, 428102, 409465, 393343, 165146, 165146, 1662109382
456, 1972916, 464515, 378371, 360808, 445000, 162111, 162111, 2462350806
461, 1972162, 426325, 413925, 395691, 407039, 164591, 164591, 697960963
459, 1961383, 414061, 417578, 397958, 395018, 168384, 168384, 2557006518
462, 1969269, 436696, 402508, 383565, 417316, 164592, 164592, 3828961399
460, 1968618, 403312, 426758, 407875, 384963, 172855, 172855, 740158201
463, 1969327, 395019, 441535, 422189, 376534, 167025, 167025, 3670729284
464, 1970223, 439283, 392832, 374243, 420297, 171784, 171784, 893262130
465, 1970194, 389976, 447576, 428641, 372075, 165963, 165963, 111110426
466, 1971664, 444640, 383195, 365485, 425406, 176469, 176469, 2163328616
467, 1966546, 414771, 421505, 402429, 396101, 165870, 165870, 1374797492
469, 1964003, 418487, 417937, 399019, 399210, 164675, 164675, 3294068983
468, 1969215, 432827, 403546, 385219, 413729, 166947, 166947, 1356989270
470, 1965651, 427153, 402410, 383666, 408464, 171979, 171979, 3224900868
471, 1966775, 415444, 421616, 403177, 396632, 164953, 164953, 2791746421
472, 1971381, 436720, 398409, 380345, 417023, 169442, 169442, 3960673231
474, 1967255, 429922, 405193, 387211, 410443, 167243, 167243, 92857573
473, 1970789, 463912, 378855, 360947, 443919, 161578, 161578, 1489293017
476, 1967255, 395607, 433923, 415032, 377059, 172817, 172817, 3288499157
475, 1963454, 405668, 423032, 404312, 386704, 171869, 171869, 2911017253
477, 1968570, 389362, 455763, 436363, 371120, 157981, 157981, 486998752
479, 1971700, 379339, 457475, 438525, 361107, 167627, 167627, 2223854102
478, 1973364, 402164, 427300, 408147, 384591, 175581, 175581, 2482491762
482, 1969541, 427005, 409821, 391069, 407746, 166950, 166950, 2604085884
481, 1968292, 442728, 393218, 374836, 423690, 166910, 166910, 3821150836
483, 1972239, 406217, 434096, 415230, 387370, 164663, 164663, 3834632326
480, 1974858, 407504, 430899, 412954, 389005, 167248, 167248, 2344882953
484, 1971397, 387424, 447207, 428437, 369839, 169245, 169245, 1573129099
485, 1971109, 397820, 440417, 421775, 379589, 165754, 165754, 84708586
486, 1969708, 407698, 423487, 404418, 389447, 172329, 172329, 3649853213
487, 1971857, 414810, 422266, 403332, 396071, 167689, 167689, 2491196491
488, 1973841, 431645, 410144, 391890, 412634, 163764, 163764, 1926034497
489, 1970901, 427025, 409198, 390612, 407902, 168082, 168082, 2456400531
490, 1974315, 389470, 452251, 433188, 371520, 163943, 163943, 2845636251
491, 1971188, 425720, 410376, 391657, 407179, 168128, 168128, 239844203
492, 1970625, 428012, 409454, 390557, 409400, 166601, 166601, 2389359578
494, 1968443, 412917, 423862, 404781, 394629, 166127, 166127, 333067748
495, 1965799, 379396, 452629, 433456, 361200, 169559, 169559, 2609992208
496, 1966649, 402582, 426622, 407291, 384236, 172959, 172959, 86046760
493, 1970224, 438754, 400539, 382031, 420234, 164333, 164333, 133352373
497, 1964796, 423263, 413384, 394567, 403948, 164817, 164817, 3813211061
499, 1963627, 418076, 418629, 399663, 399447, 163906, 163906, 2760788926
500, 1972696, 381003, 456682, 437465, 363502, 167022, 167022, 1119165782
498, 1966199, 431487, 402308, 383856, 412452, 168048, 168048, 45861128
502, 1967721, 404680, 426587, 408063, 386037, 171177, 171177, 4118172710
501, 1973209, 405448, 434760, 415835, 387494, 164836, 164836, 3842857630
503, 1965862, 441947, 389202, 370740, 422741, 170616, 170616, 1220561143
504, 1967486, 412742, 425720, 406905, 393819, 164150, 164150, 4097837994
505, 1970855, 436182, 402639, 384835, 416915, 165142, 165142, 3580352385
506, 1963075, 430139, 401684, 383025, 410631, 168798, 168798, 3438263304
507, 1974874, 446815, 393195, 374786, 427924, 166077, 166077, 1688638401
509, 1962258, 417942, 412194, 393085, 399375, 169831, 169831, 4125949983
510, 1966401, 425245, 418213, 399238, 405699, 159003, 159003, 1840484036
511, 1965790, 439898, 398297, 379864, 421145, 163293, 163293, 3382023365
512, 1974373, 393492, 445184, 426412, 375501, 166892, 166892, 344922189
508, 1969556, 418957, 418007, 399358, 400284, 166475, 166475, 1602719727
514, 1970273, 429094, 412756, 394447, 410762, 161607, 161607, 3313588629
513, 1965156, 398949, 432922, 412592, 381007, 169843, 169843, 2262073133
516, 1973867, 410212, 436590, 417766, 392081, 158609, 158609, 3504037139
515, 1966797, 402421, 423591, 405104, 383769, 175956, 175956, 4256833456
518, 1973777, 398759, 437126, 418742, 380758, 169196, 169196, 2717976326
517, 1970051, 461769, 373593, 355936, 442567, 168093, 168093, 439401373
519, 1964412, 402547, 432668, 414389, 383804, 165502, 165502, 3490850703
520, 1974945, 428948, 406261, 387431, 409663, 171321, 171321, 2441194343
521, 1967922, 447490, 391544, 373188, 428514, 163593, 163593, 2948681781
522, 1972199, 440864, 400308, 382617, 421032, 163689, 163689, 296584196
525, 1960175, 397014, 432112, 412408, 378045, 170298, 170298, 3796209043
523, 1967267, 427709, 407823, 388944, 409035, 166878, 166878, 2085249643
524, 1966202, 422820, 417785, 398804, 404071, 161361, 161361, 3656886759
526, 1969375, 435688, 398132, 380347, 416620, 169294, 169294, 1508393620
530, 1971636, 413501, 428875, 409887, 395211, 162081, 162081, 2045569949
532, 1972455, 398116, 437234, 418506, 379939, 169330, 169330, 2162515947
531, 1972892, 432974, 408887, 390842, 413665, 163262, 163262, 2379619095
533, 1969479, 411735, 428638, 409975, 393111, 163010, 163010, 2059320357
529, 1974185, 415929, 418239, 399343, 397398, 171638, 171638, 1362628707
527, 1966084, 404073, 428086, 409412, 385335, 169589, 169589, 84282009
528, 1971483, 401931, 432252, 413277, 383987, 170018, 170018, 1392439452
534, 1966478, 418844, 420825, 402615, 399498, 162348, 162348, 2251072683
535, 1966161, 401132, 435443, 416346, 382688, 165276, 165276, 2141269021
536, 1971578, 436190, 394512, 376066, 417296, 173757, 173757, 3633985822
537, 1970754, 415032, 419497, 400332, 396647, 169623, 169623, 3138950844
538, 1969266, 425527, 412685, 393409, 406825, 165410, 165410, 3969724281
541, 1966855, 401025, 438103, 418782, 381787, 163579, 163579, 4156067196
539, 1974971, 408719, 428037, 409763, 390128, 169162, 169162, 1251650019
540, 1972293, 434354, 408679, 389988, 415262, 162005, 162005, 3222589557
542, 1970980, 408841, 429984, 411096, 390427, 165316, 165316, 4159293193
543, 1965809, 422464, 407711, 388609, 403683, 171671, 171671, 348398563
544, 1964484, 434470, 399553, 380634, 415397, 167215, 167215, 4278461724
549, 1969644, 448532, 391218, 372968, 429222, 163852, 163852, 4130930850
546, 1973598, 392069, 442572, 424138, 373657, 170581, 170581, 719499190
548, 1972056, 399376, 432056, 413621, 381495, 172754, 172754, 1014963592
545, 1969716, 420393, 419801, 401351, 401927, 163122, 163122, 3403297295
550, 1976380, 413112, 422543, 404437, 394892, 170698, 170698, 920451167
551, 1974164, 419602, 423309, 404272, 401299, 162841, 162841, 4237426125
547, 1970731, 382438, 455926, 436722, 364247, 165699, 165699, 621755513
553, 1966770, 434260, 401404, 382915, 414953, 166619, 166619, 2522453181
552, 1975082, 427692, 411148, 392526, 409880, 166918, 166918, 1541935077
554, 1960835, 401012, 432611, 413450, 382148, 165807, 165807, 3966460644
555, 1967116, 403572, 424652, 405763, 384733, 174198, 174198, 1121175596
557, 1970305, 403410, 441543, 423026, 384812, 158757, 158757, 1008977467
556, 1971580, 450217, 391407, 373524, 430952, 162740, 162740, 2171744126
560, 1973594, 411557, 430302, 411417, 393742, 163288, 163288, 1797390237
558, 1971036, 425236, 408645, 390338, 406449, 170184, 170184, 3172303106
559, 1973267, 397717, 431962, 413400, 379676, 175256, 175256, 1018332121
561, 1970419, 401763, 435976, 417361, 383297, 166011, 166011, 3072351573
564, 1966629, 445231, 394567, 376070, 425683, 162539, 162539, 3353351383
562, 1973175, 393115, 440657, 422019, 375640, 170872, 170872, 2615751708
563, 1971192, 415456, 419493, 401160, 396557, 169263, 169263, 2046102879
568, 1972122, 402265, 444561, 425320, 383750, 158113, 158113, 695058701
566, 1968277, 422342, 417626, 398088, 403757, 163232, 163232, 74230121
565, 1968070, 419180, 415568, 396554, 400310, 168229, 168229, 1716862007
569, 1973887, 445404, 393656, 376066, 425887, 166437, 166437, 698600676
567, 1970826, 410367, 427211, 408755, 391635, 166429, 166429, 3154997171
570, 1971624, 442085, 400342, 382029, 422530, 162319, 162319, 2010530454
571, 1970747, 431055, 405371, 387045, 411774, 167751, 167751, 144216910
572, 1969560, 446539, 389539, 371409, 427361, 167356, 167356, 1212232131
573, 1969501, 405799, 434264, 415138, 387708, 163296, 163296, 3661669899
576, 1969969, 449965, 392034, 373950, 431082, 161469, 161469, 128460113
574, 1972658, 399272, 440995, 422551, 380256, 164792, 164792, 1039411515
575, 1970840, 392561, 448318, 429146, 374267, 163274, 163274, 1399147831
578, 1970329, 427938, 407473, 388799, 409091, 168514, 168514, 51304175
577, 1972275, 426992, 411607, 393054, 408748, 165937, 165937, 1462735061
579, 1975085, 431925, 415268, 396321, 413355, 159108, 159108, 3386584827
580, 1974108, 428836, 406688, 388075, 410611, 169949, 169949, 1507855140
581, 1971242, 410833, 421050, 402548, 392651, 172080, 172080, 2522011753
582, 1963909, 442860, 395296, 376773, 422970, 163005, 163005, 3369967309
584, 1972515, 402261, 438636, 419700, 383758, 164080, 164080, 2762120188
583, 1965581, 424433, 411424, 393052, 405222, 165725, 165725, 3813232989
585, 1974686, 450610, 391620, 373935, 431537, 163492, 163492, 1147149368
586, 1966505, 445407, 389783, 372132, 426157, 166513, 166513, 2661320248
587, 1966473, 385361, 452062, 432963, 367311, 164388, 164388, 1744379241
589, 1965552, 399505, 434632, 415700, 380665, 167525, 167525, 2299513958
588, 1973946, 434219, 406127, 387565, 415137, 165449, 165449, 1869514405
590, 1972989, 401231, 431081, 412782, 382907, 172494, 172494, 522241153
591, 1968369, 379215, 458849, 439308, 361061, 164968, 164968, 2510003359
592, 1974773, 433326, 408583, 390264, 414204, 164198, 164198, 571842559
593, 1972489, 423061, 417070, 399128, 404442, 164394, 164394, 213630911
595, 1966758, 421302, 410650, 391849, 401793, 170582, 170582, 461385601
594, 1969763, 410590, 424277, 405512, 392284, 168550, 168550, 3053568436
597, 1967665, 403264, 426411, 407701, 384911, 172689, 172689, 1111110956
600, 1972773, 420490, 411019, 392798, 402006, 173230, 173230, 2370759749
602, 1971312, 403894, 439264, 420154, 385380, 161310, 161310, 1801796790
596, 1971919, 435515, 398569, 380482, 416633, 170360, 170360, 3325077340
598, 1972111, 453029, 383839, 366242, 433877, 167562, 167562, 1440359368
599, 1967227, 378128, 458219, 438839, 359811, 166115, 166115, 1152478698
601, 1968449, 402547, 437022, 417919, 384135, 163413, 163413, 2408760369
603, 1966371, 403793, 425626, 406194, 385012, 172873, 172873, 3451867013
604, 1972876, 420456, 419857, 401249, 401910, 164702, 164702, 1203433636
605, 1971627, 416404, 422065, 403690, 398084, 165692, 165692, 135781079
606, 1975849, 441667, 391735, 373673, 422588, 173093, 173093, 2532478777
607, 1970804, 421533, 426085, 407196, 402818, 156586, 156586, 290850430
609, 1973416, 448907, 393600, 375620, 429131, 163079, 163079, 2335382406
610, 1969838, 400929, 433909, 414888, 383008, 168552, 168552, 3795359508
611, 1977115, 417391, 424289, 406117, 399416, 164951, 164951, 841912120
608, 1970884, 454273, 383236, 364899, 434974, 166751, 166751, 2070683958
615, 1972225, 419424, 422055, 403901, 400567, 163139, 163139, 1900143500
617, 1971288, 404952, 443617, 424151, 386324, 156122, 156122, 3424879079
616, 1966073, 417715, 416201, 397121, 398782, 168127, 168127, 140016653
613, 1969416, 393435, 439858, 420340, 375035, 170374, 170374, 1217476165
618, 1974651, 438506, 407355, 389281, 418709, 160400, 160400, 872916203
612, 1972629, 441694, 401438, 382957, 423166, 161687, 161687, 2755663552
614, 1967921, 410730, 418684, 399945, 392456, 173053, 173053, 3027143566
619, 1969121, 430810, 407558, 388679, 412344, 164865, 164865, 3929202166
620, 1973438, 451218, 389271, 370909, 432292, 164874, 164874, 2699934216
621, 1971402, 409595, 430107, 411825, 391027, 164424, 164424, 1039992910
622, 1961768, 397512, 434542, 414514, 378816, 168192, 168192, 1825957338
623, 1971350, 460667, 385187, 367409, 440935, 158576, 158576, 3024048965
627, 1968723, 401711, 436241, 416742, 383345, 165342, 165342, 608911311
626, 1968335, 431766, 401326, 382920, 413105, 169609, 169609, 2795639005
625, 1970905, 434572, 405134, 386641, 416052, 164253, 164253, 2657858581
624, 1967292, 403987, 421528, 402774, 385875, 176564, 176564, 4020135352
630, 1969365, 432356, 401189, 383323, 413465, 169516, 169516, 4290091369
631, 1975697, 410542, 427057, 408900, 392390, 168404, 168404, 1731613094
632, 1969432, 398530, 436871, 417886, 380393, 167876, 167876, 1841536763
629, 1969616, 407479, 420939, 402232, 389320, 174823, 174823, 535141426
628, 1971983, 412169, 425195, 406807, 394008, 166902, 166902, 3161522964
633, 1968269, 451310, 392538, 374381, 432122, 158959, 158959, 2302385346
634, 1969657, 450646, 390341, 372241, 431447, 162491, 162491, 2673777016
637, 1965236, 409202, 429023, 409991, 390404, 163308, 163308, 4279065566
635, 1973207, 425203, 413554, 395160, 406392, 166449, 166449, 2798252032
636, 1967741, 429593, 403615, 384917, 410610, 169503, 169503, 1889537931
638, 1972071, 448523, 391726, 373301, 429449, 164536, 164536, 3133132812
639, 1972374, 407083, 422872, 403764, 388197, 175229, 175229, 801352810
640, 1974417, 426738, 412925, 394432, 408266, 166028, 166028, 2744841074
641, 1969399, 413462, 426114, 406811, 394792, 164110, 164110, 3219052833
642, 1969415, 424940, 414575, 395419, 405991, 164245, 164245, 448790106
643, 1965677, 406722, 423627, 404546, 387678, 171552, 171552, 1614645037
644, 1969086, 422710, 419696, 400850, 403440, 161195, 161195, 2078171
647, 1967381, 404500, 429524, 410111, 386198, 168524, 168524, 217292795
645, 1967276, 423402, 414433, 395730, 404437, 164637, 164637, 2773052050
651, 1965399, 403532, 436192, 417292, 384623, 161880, 161880, 1934212768
646, 1971223, 387480, 453477, 433957, 369075, 163617, 163617, 1394441541
648, 1965858, 403162, 432099, 413575, 384122, 166450, 166450, 3326771883
649, 1970826, 457492, 381114, 362998, 438248, 165487, 165487, 1374870946
652, 1971158, 400017, 433220, 414734, 381925, 170631, 170631, 3346638818
653, 1961651, 412156, 417012, 398170, 392837, 170738, 170738, 1111780200
650, 1965273, 438969, 392615, 374115, 419664, 169955, 169955, 2886345225
654, 1973601, 420874, 415434, 396994, 402679, 168810, 168810, 424926421
655, 1973980, 408508, 431800, 412398, 390638, 165318, 165318, 3896485695
656, 1970077, 416963, 418503, 399729, 397894, 168494, 168494, 4153110555
657, 1969770, 418254, 414186, 394973, 399467, 171445, 171445, 1156745309
658, 1966134, 432703, 401049, 382814, 413798, 167885, 167885, 597647513
659, 1972013, 448412, 387757, 369066, 429418, 168680, 168680, 945262240
662, 1973789, 427088, 412587, 394345, 408741, 165514, 165514, 2540202225
661, 1969139, 389659, 446700, 428222, 371376, 166591, 166591, 1177186155
660, 1968123, 389377, 446459, 427114, 371329, 166922, 166922, 1305742229
663, 1966307, 401324, 434788, 416192, 382499, 165752, 165752, 954809866
664, 1971781, 412130, 422679, 404094, 393130, 169874, 169874, 4003096650
667, 1967439, 401050, 433394, 414025, 382938, 168016, 168016, 4223880677
666, 1970001, 442351, 391946, 373857, 423461, 169193, 169193, 890193934
665, 1968468, 419656, 411816, 393709, 400731, 171278, 171278, 3341515266
669, 1969133, 394822, 443855, 425217, 376591, 164324, 164324, 3530477423
668, 1967135, 457057, 375564, 357912, 437454, 169574, 169574, 135551703
670, 1978141, 428385, 414650, 396835, 409743, 164264, 164264, 1177365647
671, 1968172, 419617, 412394, 393237, 400342, 171291, 171291, 1318581248
672, 1971791, 412606, 415252, 396033, 394226, 176837, 176837, 307389092
673, 1970247, 433893, 407658, 389273, 414905, 162259, 162259, 4156283830
674, 1970357, 408767, 430153, 411393, 390570, 164737, 164737, 2366503214
675, 1969756, 434344, 397107, 379354, 415169, 171891, 171891, 699148370
676, 1973702, 439057, 402969, 384868, 420120, 163344, 163344, 3201799869
678, 1969913, 410737, 430940, 411871, 392009, 162178, 162178, 2570931517
679, 1972350, 438528, 399463, 381559, 419680, 166560, 166560, 2268754222
677, 1967127, 421850, 407830, 389428, 403135, 172442, 172442, 100441081
682, 1967203, 390183, 441049, 421849, 371756, 171183, 171183, 2671758105
680, 1974426, 412438, 419287, 400436, 393945, 174160, 174160, 3335488794
685, 1975567, 459989, 379382, 361334, 441676, 166593, 166593, 417951670
683, 1973052, 410994, 427200, 408432, 392576, 166925, 166925, 3778161786
681, 1971749, 401624, 447280, 428335, 383350, 155580, 155580, 2644122723
686, 1973875, 439707, 398919, 380671, 420618, 166980, 166980, 3783654123
684, 1965888, 420541, 418829, 399521, 402059, 162469, 162469, 3329610040
687, 1968671, 394237, 435337, 416150, 375619, 173664, 173664, 1751235771
688, 1967526, 405774, 434392, 415645, 386863, 162426, 162426, 1986666186
689, 1970152, 403746, 433551, 414227, 385314, 166657, 166657, 946389696
690, 1978202, 426433, 426347, 408218, 407902, 154651, 154651, 2053397214
693, 1969882, 407567, 429711, 410913, 389145, 166273, 166273, 715755001
692, 1971667, 427172, 405482, 386728, 408713, 171786, 171786, 2531339436
691, 1975315, 441893, 398682, 380865, 423709, 165083, 165083, 2541649542
694, 1959359, 411291, 417571, 398748, 392049, 169850, 169850, 1614905908
695, 1967932, 404434, 427218, 407956, 386298, 171013, 171013, 2286466421
696, 1967243, 425552, 411824, 392870, 406391, 165303, 165303, 2387803199
697, 1967793, 397253, 437388, 417551, 378893, 168354, 168354, 693395689
699, 1975729, 407100, 436942, 417406, 388511, 162885, 162885, 1263761233
698, 1977233, 408086, 439685, 420190, 390356, 159458, 159458, 1969177056
701, 1968969, 439339, 397218, 378575, 420461, 166688, 166688, 4225448636
702, 1964970, 421272, 419190, 400194, 402244, 161035, 161035, 1278894128
700, 1965999, 415032, 411935, 393519, 396031, 174741, 174741, 584744099
703, 1973531, 428520, 416934, 398463, 410466, 159574, 159574, 1056211184
704, 1974128, 415798, 426086, 406781, 396759, 164352, 164352, 2264444404
705, 1969631, 427325, 402683, 384514, 407673, 173718, 173718, 3337596188
706, 1969177, 442140, 386347, 368188, 422660, 174921, 174921, 212416606
707, 1967788, 427237, 414556, 396523, 408014, 160729, 160729, 169912846
708, 1975404, 431425, 411830, 393663, 412714, 162886, 162886, 1942020491
709, 1978393, 411433, 423522, 405719, 393659, 172030, 172030, 2343573577
710, 1974451, 425843, 412894, 394867, 406657, 167095, 167095, 1440210828
711, 1970886, 400787, 436675, 417474, 382152, 166899, 166899, 3953449260
712, 1969626, 425079, 408514, 390149, 406022, 169931, 169931, 1005357488
716, 1963063, 386216, 450247, 430678, 367200, 164361, 164361, 3423337278
713, 1969215, 387820, 448177, 428885, 369079, 167627, 167627, 613951173
714, 1970990, 424467, 415204, 396662, 405959, 164349, 164349, 1513075862
715, 1967348, 447923, 390464, 371947, 428962, 164026, 164026, 1783001313
717, 1969819, 435242, 405106, 385929, 416512, 163515, 163515, 3959378943
718, 1963523, 410383, 420721, 400898, 391193, 170164, 170164, 2218154395
719, 1966898, 420997, 411950, 393008, 402761, 169091, 169091, 1228063596
720, 1968088, 388223, 437459, 418446, 369490, 177235, 177235, 2573352419
722, 1975815, 414377, 409455, 391436, 396047, 182250, 182250, 3411297298
721, 1980035, 419788, 424309, 405907, 401643, 164194, 164194, 1975709454
723, 1969001, 422672, 417774, 398397, 403912, 163123, 163123, 212927478
724, 1964776, 416643, 424284, 405048, 397457, 160672, 160672, 1851800510
726, 1975881, 370187, 467650, 448820, 353070, 168077, 168077, 3277692179
725, 1965856, 420482, 420524, 401335, 401681, 160917, 160917, 2052627094
727, 1970478, 426220, 413904, 395450, 407078, 163913, 163913, 2458044828
728, 1972373, 418601, 421607, 403262, 400157, 164373, 164373, 255090421
732, 1969684, 408625, 429008, 410292, 389913, 165923, 165923, 554987316
729, 1968411, 427419, 411005, 392825, 408140, 164511, 164511, 3119571188
731, 1968563, 409821, 422550, 403725, 391043, 170712, 170712, 2986863564
730, 1964937, 432497, 399919, 381735, 413214, 168786, 168786, 3145574699
733, 1969238, 432452, 403806, 385675, 413613, 166846, 166846, 2929945578
734, 1971034, 425987, 410748, 392542, 406711, 167523, 167523, 3641493172
735, 1969376, 418118, 426903, 408505, 399448, 158201, 158201, 4222389666
736, 1966401, 448611, 385329, 366488, 429591, 168191, 168191, 3324483376
737, 1971495, 428013, 412585, 394045, 409160, 163846, 163846, 782935373
738, 1970461, 414072, 423323, 404045, 395155, 166933, 166933, 25813568
739, 1973017, 446742, 395193, 377210, 427524, 163174, 163174, 2746231615
740, 1969541, 404256, 428371, 409520, 386094, 170650, 170650, 2538062737
741, 1975396, 420498, 419187, 401290, 402221, 166100, 166100, 827827003
742, 1968890, 411884, 424072, 405610, 393740, 166792, 166792, 1817611996
743, 1964710, 400858, 434039, 415089, 382312, 166206, 166206, 891241582
744, 1972026, 408610, 431713, 412429, 390594, 164340, 164340, 252266616
745, 1974196, 434334, 406090, 387270, 415534, 165484, 165484, 1077380484
749, 1965936, 416453, 419956, 401324, 397473, 165365, 165365, 224325798
746, 1971361, 426739, 412563, 393332, 408523, 165102, 165102, 2718872913
748, 1968065, 410060, 421465, 402436, 390726, 171689, 171689, 1410159019
751, 1967424, 434681, 391446, 373072, 415581, 176322, 176322, 888223542
747, 1968738, 405559, 431567, 413015, 386705, 165946, 165946, 4013245691
750, 1971917, 378034, 464138, 444944, 360057, 162372, 162372, 2276376425
752, 1965539, 446650, 387623, 368967, 427063, 167618, 167618, 1817639279
753, 1969463, 435140, 394501, 376373, 415497, 173976, 173976, 3819804511
755, 1970035, 417165, 417483, 399007, 398278, 169051, 169051, 1573588750
756, 1968950, 413307, 426477, 407535, 393879, 163876, 163876, 1108366994
754, 1974829, 419683, 417726, 399152, 401424, 168422, 168422, 4028982428
757, 1978122, 428956, 415847, 397433, 410728, 162579, 162579, 3091155201
759, 1968800, 452210, 388758, 370539, 432857, 162218, 162218, 3344489817
758, 1965742, 443137, 393947, 375368, 423352, 164969, 164969, 3850980022
761, 1973311, 399173, 438455, 419423, 381636, 167312, 167312, 4214234699
760, 1970016, 420911, 411163, 392440, 402374, 171564, 171564, 132766104
762, 1976083, 410030, 434251, 416191, 391773, 161919, 161919, 986008291
763, 1969407, 409053, 427422, 408408, 390900, 166812, 166812, 662662349
766, 1966421, 399222, 429052, 410093, 380828, 173613, 173613, 2979438553
765, 1967603, 443376, 395493, 377099, 424433, 163601, 163601, 2841592849
764, 1969804, 403202, 435052, 415884, 385010, 165328, 165328, 159357792
767, 1969245, 424012, 417132, 398102, 404681, 162659, 162659, 2108179692
768, 1972978, 383984, 453033, 433508, 366399, 168027, 168027, 635466444
769, 1972401, 420532, 421987, 403364, 401598, 162460, 162460, 4146639518
770, 1966467, 411220, 417735, 399107, 392289, 173058, 173058, 3163413758
772, 1968988, 412819, 422197, 403853, 394079, 168020, 168020, 981829594
773, 1973435, 408465, 429560, 411096, 390262, 167026, 167026, 2680419823
771, 1970922, 421830, 415589, 396820, 402957, 166863, 166863, 1497207103
774, 1968920, 422950, 404772, 386147, 404007, 175522, 175522, 2365769652
775, 1968186, 423441, 419051, 400709, 404389, 160298, 160298, 536954783
776, 1967669, 417011, 422640, 403100, 397954, 163482, 163482, 2224070036
778, 1971161, 421961, 413908, 394866, 403260, 168583, 168583, 2320734899
777, 1966572, 418503, 418864, 399497, 399922, 164893, 164893, 3665376817
779, 1973111, 430626, 407156, 389030, 411789, 167255, 167255, 2005851084
780, 1970306, 381969, 447960, 428244, 364363, 173885, 173885, 4011367888
782, 1973797, 385299, 456915, 438287, 367074, 163111, 163111, 4287901313
781, 1971583, 422010, 425776, 407320, 403867, 156305, 156305, 52512864
783, 1969007, 400480, 434510, 415239, 382296, 168241, 168241, 1044200920
785, 1972144, 451203, 391933, 373762, 432446, 161400, 161400, 2863886642
784, 1970084, 431687, 403147, 384452, 413342, 168728, 168728, 1386176637
786, 1974203, 439098, 404553, 385871, 420515, 162083, 162083, 4112167121
787, 1969601, 393374, 442011, 422747, 374993, 168238, 168238, 4045284106
790, 1974347, 427480, 410810, 392717, 408868, 167236, 167236, 945414771
789, 1968401, 436274, 399194, 380370, 417045, 167759, 167759, 3089797879
788, 1968041, 440845, 396249, 377998, 421951, 165499, 165499, 1511530433
791, 1973888, 419258, 424445, 405665, 400980, 161770, 161770, 95060745
792, 1971448, 442101, 401310, 382784, 422427, 161413, 161413, 22218809
793, 1963760, 413778, 418380, 399735, 394425, 168721, 168721, 3992472705
795, 1970766, 409142, 425654, 405759, 391189, 169511, 169511, 1908582514
794, 1975241, 414465, 426390, 407955, 396315, 165058, 165058, 2599332998
796, 1969943, 386984, 453012, 433794, 368333, 163910, 163910, 991227363
799, 1970622, 422701, 414049, 395684, 404212, 166988, 166988, 164158992
797, 1969977, 423826, 409440, 391384, 404771, 170278, 170278, 3109926677
798, 1967028, 398493, 434345, 415732, 380348, 169055, 169055, 260985812
801, 1970740, 413994, 418945, 400439, 395486, 170938, 170938, 2770120576
802, 1969042, 401217, 431718, 413181, 383214, 169856, 169856, 4000762020
800, 1969024, 430213, 409244, 390561, 411526, 163740, 163740, 2285146840
803, 1970564, 411793, 431669, 412454, 393238, 160705, 160705, 2302484225
804, 1968353, 440651, 390249, 372017, 421376, 172030, 172030, 325516001
805, 1969841, 425896, 414125, 395551, 406803, 163733, 163733, 2345717324
807, 1966499, 391524, 440049, 420533, 373549, 170422, 170422, 1957195538
806, 1974477, 430763, 412563, 394028, 411449, 162837, 162837, 2089715109
808, 1971628, 416975, 421178, 402518, 398563, 166197, 166197, 493448034
811, 1972862, 390011, 455658, 436847, 372248, 159049, 159049, 792656571
810, 1969920, 407643, 433320, 414059, 389038, 162930, 162930, 1742994501
814, 1970641, 396972, 448363, 429311, 379021, 158487, 158487, 2628638992
809, 1971225, 434854, 396992, 378475, 415712, 172596, 172596, 2752146072
813, 1974777, 415961, 414406, 395924, 397098, 175694, 175694, 385788394
815, 1971579, 434863, 401336, 382522, 416084, 168387, 168387, 794263379
812, 1969513, 431882, 406049, 387269, 412957, 165678, 165678, 2413924394
816, 1967262, 422470, 411152, 392936, 403476, 168614, 168614, 242150353
818, 1970862, 419685, 422914, 404441, 401706, 161058, 161058, 1419739445
817, 1973804, 441880, 393732, 375815, 422803, 169787, 169787, 3874585798
819, 1973211, 438687, 399336, 381171, 420315, 166851, 166851, 52604618
823, 1969278, 415960, 427598, 408587, 396987, 160073, 160073, 1230060307
822, 1974745, 404012, 442889, 423342, 385312, 159595, 159595, 459916167
820, 1973262, 407770, 436301, 417270, 389493, 161214, 161214, 3925734729
824, 1972525, 442000, 399640, 381562, 423191, 163066, 163066, 1490329486
821, 1964554, 426804, 408326, 389059, 407819, 166273, 166273, 1464349469
826, 1964406, 411683, 421965, 402657, 392785, 167658, 167658, 1608567877
825, 1969785, 464881, 374278, 356375, 445479, 164386, 164386, 1826732265
830, 1964632, 432472, 405661, 386193, 413174, 163566, 163566, 364016395
828, 1971192, 434709, 409883, 391659, 416055, 159443, 159443, 2753264896
827, 1969230, 422993, 421630, 402374, 404547, 158843, 158843, 1288281859
829, 1972141, 406932, 427160, 409033, 388696, 170160, 170160, 3969927840
832, 1976744, 435649, 407747, 389947, 417359, 163021, 163021, 317257812
831, 1968597, 451217, 387921, 369625, 432406, 163714, 163714, 1553263678
834, 1977049, 394655, 454286, 435489, 376847, 157886, 157886, 2543384728
833, 1972401, 398395, 442255, 423046, 380787, 163959, 163959, 3428211773
835, 1969922, 419981, 409243, 390973, 401187, 174269, 174269, 449028085
839, 1966498, 400341, 432802, 413612, 381925, 168909, 168909, 2518411316
836, 1972607, 426715, 411978, 393017, 408449, 166224, 166224, 3360439667
837, 1970248, 415443, 420902, 402968, 396541, 167197, 167197, 879246003
838, 1965588, 406225, 428721, 409135, 387273, 167117, 167117, 1246714250
840, 1971233, 410459, 424527, 405466, 391461, 169660, 169660, 1470868573
841, 1969059, 432106, 412806, 394455, 412748, 158472, 158472, 2483424925
843, 1969787, 402812, 431828, 412551, 384318, 169139, 169139, 3666200249
842, 1974454, 404359, 432227, 413721, 385937, 169105, 169105, 1348692677
845, 1966956, 425529, 397485, 378725, 406301, 179458, 179458, 1371485190
844, 1971595, 432002, 402777, 384574, 413012, 169615, 169615, 1758356984
846, 1971886, 421960, 418136, 399797, 402939, 164527, 164527, 4240354255
847, 1969884, 424733, 415758, 397190, 405413, 163395, 163395, 1316417637
848, 1974896, 423800, 412112, 394411, 404233, 170170, 170170, 2849524460
849, 1967401, 398345, 441180, 422327, 379733, 162908, 162908, 1732664777
851, 1971836, 374126, 471987, 452269, 356502, 158476, 158476, 3654016128
852, 1966462, 428816, 409784, 391263, 409743, 163428, 163428, 1787476619
853, 1972962, 415633, 417771, 399199, 397779, 171290, 171290, 3671446474
850, 1976987, 438228, 400145, 382093, 419387, 168567, 168567, 2423430424
854, 1968277, 386448, 442302, 423501, 368784, 173621, 173621, 1789437013
855, 1971460, 426755, 412139, 394209, 408319, 165019, 165019, 1759870823
856, 1969759, 413689, 426923, 407976, 395735, 162718, 162718, 375965548
857, 1973546, 418013, 430431, 411864, 399484, 156877, 156877, 1688153239
858, 1973602, 400308, 437382, 418258, 382298, 167678, 167678, 1075576398
859, 1977155, 433049, 411713, 393331, 414676, 162193, 162193, 4284112643
861, 1965005, 409380, 430126, 411312, 390723, 161732, 161732, 1287853567
860, 1978822, 447023, 393113, 374894, 428828, 167482, 167482, 3839359724
862, 1970013, 420152, 414959, 396480, 401566, 168428, 168428, 2470462059
863, 1973087, 415015, 414924, 396505, 396477, 175083, 175083, 2961455658
864, 1966613, 387716, 444778, 425334, 369569, 169608, 169608, 3257954537
867, 1968702, 398851, 434147, 414803, 380883, 170009, 170009, 249900764
866, 1967736, 433914, 394656, 376179, 415341, 173823, 173823, 2875736414
869, 1973631, 402358, 428150, 410059, 383336, 174864, 174864, 2785022611
865, 1966415, 438270, 403559, 385082, 418664, 160420, 160420, 1592178211
868, 1966396, 422815, 413624, 394721, 403742, 165747, 165747, 2227003912
872, 1973073, 425858, 417413, 398401, 407715, 161843, 161843, 1132245163
870, 1967496, 419501, 416519, 397460, 400874, 166571, 166571, 3982651085
871, 1966577, 394005, 437817, 418500, 375507, 170374, 170374, 356554043
873, 1978849, 415458, 427937, 409132, 397574, 164374, 164374, 814644322
875, 1966593, 380597, 456206, 436800, 362336, 165327, 165327, 3222997692
874, 1977877, 415173, 419576, 400792, 396734, 172801, 172801, 1900862518
876, 1966471, 409903, 429578, 410021, 391227, 162871, 162871, 570571375
878, 1971278, 410512, 423954, 405456, 392108, 169624, 169624, 4033059632
877, 1969644, 425818, 406945, 388163, 406998, 170860, 170860, 2883074486
880, 1972152, 423097, 420527, 402032, 403934, 161281, 161281, 3046082463
879, 1970836, 434281, 398053, 380180, 415380, 171471, 171471, 4027475740
884, 1969041, 410672, 429766, 411134, 391851, 162809, 162809, 156316810
882, 1966553, 398366, 439786, 420696, 380113, 163796, 163796, 3613859225
881, 1972470, 426357, 410697, 392206, 408162, 167524, 167524, 2233556577
883, 1971093, 441304, 398622, 380309, 422770, 164044, 164044, 4115462452
887, 1967186, 423158, 415350, 395402, 403976, 164650, 164650, 3836560964
886, 1967723, 410435, 430592, 410952, 392214, 161765, 161765, 929897513
885, 1971086, 435768, 403918, 385471, 416455, 164737, 164737, 566251172
888, 1968859, 423668, 413740, 394842, 404955, 165827, 165827, 3559488428
889, 1972588, 466665, 377573, 360298, 447164, 160444, 160444, 1781776786
890, 1974365, 439450, 404200, 386181, 420394, 162070, 162070, 2141752178
891, 1966981, 427320, 413076, 394366, 409147, 161536, 161536, 1873169697
892, 1971313, 386469, 455000, 435343, 367893, 163304, 163304, 908136013
893, 1969545, 403547, 438491, 419551, 384994, 161481, 161481, 948039558
894, 1969656, 434456, 400117, 382133, 415494, 168728, 168728, 4238221754
896, 1964465, 397813, 423549, 404383, 378818, 179951, 179951, 796608283
895, 1973785, 407616, 431875, 412723, 389255, 166158, 166158, 625780620
898, 1969228, 416355, 421600, 402948, 398101, 165112, 165112, 180190569
900, 1972972, 424333, 412414, 394581, 405902, 167871, 167871, 2753175031
899, 1974948, 420655, 422686, 404281, 402118, 162604, 162604, 2566560738
902, 1966199, 430440, 410420, 391620, 411173, 161273, 161273, 1928401051
903, 1966935, 455172, 383200, 365016, 435677, 163935, 163935, 613256442
897, 1974374, 403174, 439261, 420267, 385086, 163293, 163293, 3966005990
904, 1971236, 436963, 399861, 381172, 418414, 167413, 167413, 413421133
901, 1973683, 413485, 419715, 401526, 395397, 171780, 171780, 642812500
905, 1966756, 420790, 418216, 399161, 401719, 163435, 163435, 734492247
906, 1974443, 415926, 425361, 406803, 396737, 164808, 164808, 312630338
907, 1966880, 427568, 403893, 385144, 408495, 170890, 170890, 2448058592
908, 1969024, 424253, 408688, 390340, 404687, 170528, 170528, 3953696578
909, 1965151, 435018, 399375, 381247, 415143, 167184, 167184, 266266497
910, 1969046, 405773, 426698, 407848, 386895, 170916, 170916, 4136242844
911, 1961428, 415816, 422616, 402865, 396541, 161795, 161795, 3991083682
914, 1972722, 457304, 377272, 358904, 438006, 170618, 170618, 2736827377
912, 1968622, 385705, 457007, 437462, 367152, 160648, 160648, 3347297213
915, 1968566, 393935, 447823, 428796, 375300, 161356, 161356, 2269956574
913, 1964131, 424113, 411775, 392930, 404903, 165205, 165205, 3916292751
916, 1964959, 462609, 374357, 356123, 443242, 164314, 164314, 3854797113
918, 1975474, 403627, 431422, 412070, 385693, 171331, 171331, 2035215711
917, 1966259, 416294, 418665, 399890, 397876, 166767, 166767, 44131333
919, 1972009, 440467, 394516, 376250, 421598, 169589, 169589, 4211207405
920, 1972292, 433574, 409118, 390952, 414492, 162078, 162078, 3029183436
921, 1969882, 420668, 412449, 393304, 402461, 170500, 170500, 2186914662
923, 1967472, 415506, 417929, 399612, 396025, 169200, 169200, 1431318173
922, 1965620, 429622, 403025, 385031, 410376, 168783, 168783, 326233930
924, 1970108, 441297, 395075, 376829, 422207, 167350, 167350, 873464313
925, 1969896, 420085, 416573, 398181, 401123, 166967, 166967, 3646223683
927, 1966247, 392185, 452664, 433458, 373312, 157314, 157314, 2778967391
926, 1966623, 419707, 415586, 397466, 400756, 166554, 166554, 3126442712
929, 1964263, 414910, 420346, 401013, 395264, 166365, 166365, 2239233121
928, 1970282, 414849, 420851, 401919, 396633, 168015, 168015, 3284485218
930, 1970295, 409881, 429465, 410040, 391335, 164787, 164787, 3192399996
934, 1966591, 391297, 443534, 424323, 372821, 167308, 167308, 1811770207
931, 1964146, 399918, 435085, 416174, 380989, 165990, 165990, 3064410364
932, 1970524, 412506, 418154, 399668, 393374, 173411, 173411, 2425488665
933, 1968925, 410305, 419889, 401656, 392031, 172522, 172522, 3923726834
935, 1968879, 396968, 444477, 425802, 379314, 161159, 161159, 860937456
937, 1969670, 427041, 409570, 391488, 407819, 166876, 166876, 720526318
936, 1972778, 422398, 416766, 398061, 403815, 165869, 165869, 3339885274
938, 1969515, 414436, 415316, 397002, 395757, 173502, 173502, 4236748711
939, 1969320, 417530, 417646, 398980, 399102, 168031, 168031, 4134910082
940, 1969761, 436172, 398276, 379561, 417348, 169202, 169202, 2305247995
941, 1973410, 420457, 422588, 403576, 401745, 162522, 162522, 2955580365
942, 1971869, 450574, 389937, 371662, 431484, 164106, 164106, 1260239565
943, 1969155, 440497, 392240, 373999, 421251, 170584, 170584, 1783623720
944, 1968344, 379951, 455076, 436061, 361402, 167927, 167927, 2860145076
946, 1967724, 410256, 434046, 415019, 391761, 158321, 158321, 1502543936
945, 1973179, 410628, 426834, 407938, 392037, 167871, 167871, 250281778
948, 1974383, 444428, 400094, 381086, 425159, 161808, 161808, 1763795723
947, 1966699, 396155, 439413, 420244, 378623, 166132, 166132, 1327731735
949, 1965891, 422484, 415544, 396727, 403050, 164043, 164043, 1132145063
951, 1972792, 430956, 403367, 385120, 412267, 170541, 170541, 3363968987
952, 1975257, 422047, 412615, 394315, 402934, 171673, 171673, 3521051961
950, 1971080, 427803, 413798, 394877, 409046, 162778, 162778, 2549999361
953, 1975433, 397164, 438675, 420322, 378762, 170255, 170255, 1414630790
954, 1969465, 430881, 402539, 383969, 411370, 170353, 170353, 412793415
955, 1972908, 365446, 470955, 451388, 347455, 168832, 168832, 2853917319
956, 1962807, 415199, 415151, 396331, 395506, 170310, 170310, 3648437184
957, 1965347, 414384, 418061, 399404, 395336, 169081, 169081, 1127656646
958, 1974153, 424407, 416215, 397599, 405902, 165015, 165015, 3506175726
959, 1969934, 435282, 408180, 389960, 416086, 160213, 160213, 3023139306
960, 1972732, 407113, 428307, 409666, 388650, 169498, 169498, 2289953827
962, 1973716, 430959, 413751, 395706, 412472, 160414, 160414, 3375348225
963, 1966436, 425923, 412618, 394157, 406670, 163534, 163534, 470409921
961, 1968795, 403924, 431689, 412835, 384977, 167685, 167685, 907977174
965, 1974622, 423494, 415879, 397653, 405100, 166248, 166248, 2878835600
964, 1969426, 432829, 403578, 385227, 413560, 167116, 167116, 3061905509
966, 1968918, 419230, 413135, 394288, 400925, 170670, 170670, 3857063718
967, 1971951, 443649, 395989, 378370, 424933, 164505, 164505, 423663207
968, 1972355, 416120, 426137, 407471, 397627, 162500, 162500, 2359058381
970, 1962831, 436712, 395528, 377239, 416940, 168206, 168206, 1876886050
969, 1970442, 425971, 408594, 390378, 407649, 168925, 168925, 327270029
972, 1975985, 409249, 424941, 406071, 391436, 172144, 172144, 3590549392
973, 1964941, 427664, 412727, 393965, 408411, 161087, 161087, 139720674
971, 1972958, 408270, 431487, 413054, 390207, 164970, 164970, 1491111414
974, 1971666, 415006, 424068, 405441, 396287, 165432, 165432, 720349307
975, 1972142, 420412, 413931, 394956, 402515, 170164, 170164, 2760359022
976, 1967997, 418785, 413825, 395163, 400106, 170059, 170059, 3863668316
978, 1973981, 412646, 426287, 407983, 394115, 166475, 166475, 2004290376
979, 1969525, 413422, 419091, 399926, 394610, 171238, 171238, 1773738699
977, 1973347, 381351, 455701, 436618, 363929, 167874, 167874, 3608097896
980, 1966301, 415435, 414024, 395783, 397061, 171999, 171999, 315968298
982, 1973355, 447582, 383751, 366068, 428838, 173558, 173558, 2380474134
983, 1969731, 417696, 417822, 398873, 399662, 167839, 167839, 2538272791
981, 1967156, 411317, 425393, 406962, 393152, 165166, 165166, 4038574109
985, 1965999, 407600, 426964, 407400, 388593, 167721, 167721, 3326431881
986, 1972553, 418309, 421105, 402825, 399522, 165396, 165396, 372881988
987, 1970463, 407629, 431366, 412515, 389299, 164827, 164827, 3595786686
984, 1969359, 457332, 381103, 363065, 437901, 164979, 164979, 340104544
989, 1976478, 427838, 413695, 395010, 409031, 165452, 165452, 4128922333
988, 1971141, 408840, 432692, 413385, 390642, 162791, 162791, 789639450
990, 1969575, 429565, 399611, 381023, 410138, 174619, 174619, 2976709115
991, 1967890, 397513, 423757, 405077, 378805, 181369, 181369, 981455664
992, 1970378, 418124, 419447, 401263, 399660, 165942, 165942, 2970517584
995, 1969225, 449120, 386140, 368325, 430498, 167571, 167571, 1292429875
996, 1970836, 418202, 418662, 400130, 399328, 167257, 167257, 1851174373
993, 1970248, 422432, 417344, 398877, 403979, 163808, 163808, 1433551131
994, 1968311, 408861, 430652, 411222, 390392, 163592, 163592, 3600207248
998, 1968337, 408493, 429772, 410273, 389467, 165166, 165166, 1019266959
997, 1974776, 412228, 413797, 395798, 393845, 179554, 179554, 3043260795
999, 1973917, 397631, 444541, 425666, 379991, 163044, 163044, 715409281
