sample_id, N_LCC, N_A_1_LCC, N_B_1_LCC, N_A_0_LCC, N_B_0_LCC, N_A_*_LCC, N_B_*_LCC, seed
6, 2417052, 31125, 1117544, 1112987, 27906, 63745, 63745, 883443661
13, 2416943, 36045, 1108962, 1104987, 33019, 66965, 66965, 2151625528
10, 2415710, 25090, 1124850, 1121014, 21914, 61421, 61421, 783602980
0, 2422375, 37286, 1111655, 1108214, 34190, 65515, 65515, 243465504
8, 2417190, 24016, 1124491, 1121120, 20893, 63335, 63335, 212388550
9, 2415546, 37952, 1107649, 1103984, 34797, 65582, 65582, 1156866516
5, 2414053, 25539, 1120990, 1117228, 22416, 63940, 63940, 561156949
4, 2414850, 41932, 1103445, 1099465, 38650, 65679, 65679, 3182292603
14, 2419626, 1112757, 32834, 29665, 1109050, 67660, 67660, 772449970
15, 2416503, 1101388, 43764, 40328, 1097919, 66552, 66552, 953138896
3, 2416694, 1100212, 43448, 40215, 1096841, 67989, 67989, 3256400527
12, 2420005, 1122773, 28785, 25796, 1119061, 61795, 61795, 3297273246
1, 2414827, 1094147, 48006, 44750, 1090616, 68654, 68654, 1203523809
2, 2420054, 40612, 1108393, 1104893, 37478, 64339, 64339, 3814600569
7, 2413571, 62865, 1072776, 1069443, 59539, 74474, 74474, 3293675914
16, 2417771, 37403, 1107694, 1103346, 34244, 67542, 67542, 4169658436
11, 2422952, 1087597, 60808, 57412, 1084415, 66360, 66360, 357105891
17, 2418236, 29449, 1117524, 1113617, 26086, 65780, 65780, 3005687169
26, 2419167, 44207, 1104092, 1099434, 41072, 65181, 65181, 3606370841
19, 2416924, 33893, 1112582, 1109062, 30769, 65309, 65309, 3255477413
18, 2416172, 59258, 1083675, 1080512, 56035, 68346, 68346, 1045272988
23, 2420812, 37923, 1109275, 1105880, 34766, 66484, 66484, 2437580224
25, 2414193, 40329, 1106075, 1102189, 37168, 64216, 64216, 3312998162
21, 2417562, 1120955, 26444, 23275, 1117274, 64807, 64807, 2722710572
24, 2419508, 1114526, 31579, 28460, 1111073, 66935, 66935, 1468751684
28, 2407608, 1117968, 26005, 22769, 1113238, 63814, 63814, 1196699359
31, 2421731, 48481, 1098940, 1095137, 45359, 66907, 66907, 973772612
20, 2415448, 1102723, 40939, 37591, 1099485, 67355, 67355, 1362284316
22, 2422364, 43433, 1104185, 1100758, 40398, 66795, 66795, 1877818793
27, 2411116, 1102097, 38477, 35204, 1098682, 68328, 68328, 3191689723
33, 2418120, 24814, 1124064, 1120515, 21803, 63462, 63462, 2939480104
29, 2415205, 1110243, 32134, 28933, 1106877, 68509, 68509, 1444721091
30, 2418856, 1115771, 32365, 29215, 1111831, 64837, 64837, 2308585797
34, 2415761, 33563, 1105680, 1102161, 30329, 72014, 72014, 2489127619
36, 2414999, 1119129, 27939, 24824, 1114705, 64201, 64201, 4229176226
37, 2415268, 1116104, 31529, 28334, 1111917, 63692, 63692, 1340289838
32, 2417480, 1096466, 46948, 43583, 1092801, 68841, 68841, 1027703711
35, 2420835, 1110106, 39645, 36521, 1105619, 64472, 64472, 2564181648
44, 2416913, 28838, 1119906, 1115384, 25655, 63565, 63565, 3572169906
43, 2419356, 38341, 1109410, 1105831, 35054, 65360, 65360, 727162830
41, 2408581, 37100, 1100848, 1097096, 33791, 69873, 69873, 1360812007
38, 2417854, 1095572, 47230, 43936, 1092050, 69533, 69533, 576185450
40, 2418630, 1113014, 31620, 28500, 1109664, 67916, 67916, 3153639041
47, 2419191, 27940, 1121752, 1117912, 24729, 63429, 63429, 2914087893
39, 2414577, 1118101, 27821, 24697, 1114836, 64561, 64561, 187511030
42, 2417111, 33848, 1105447, 1102050, 30616, 72575, 72575, 3874701121
46, 2415272, 1094784, 48603, 45341, 1090952, 67796, 67796, 3476115953
51, 2414156, 1110331, 31887, 28522, 1106476, 68470, 68470, 565246065
45, 2412279, 1052572, 83034, 79694, 1048707, 74136, 74136, 1523860238
53, 2418531, 37538, 1109257, 1105557, 34303, 65938, 65938, 2582844156
50, 2423156, 41863, 1107381, 1103956, 38538, 65709, 65709, 2786295845
48, 2416315, 1086380, 54527, 51248, 1083084, 70538, 70538, 439260376
57, 2416132, 23367, 1124948, 1119377, 20306, 64067, 64067, 168897613
55, 2418465, 1121149, 27472, 24289, 1115779, 64888, 64888, 1209877080
54, 2419890, 26660, 1120426, 1116086, 23630, 66544, 66544, 1733028665
61, 2419187, 27400, 1119045, 1114927, 24241, 66787, 66787, 3097425866
56, 2414063, 1113339, 31916, 28682, 1108904, 65611, 65611, 1092050085
49, 2421099, 1122642, 28428, 25316, 1119263, 62725, 62725, 1236242163
52, 2415473, 1116085, 29925, 26812, 1112461, 65095, 65095, 62394748
58, 2423833, 1128130, 24017, 20995, 1124241, 63225, 63225, 1889022396
59, 2415741, 1109472, 37086, 33850, 1106155, 64589, 64589, 366039638
60, 2420431, 1111850, 39011, 35779, 1107777, 63007, 63007, 1774852269
69, 2418704, 26798, 1123830, 1119091, 23767, 62609, 62609, 4102454761
68, 2415321, 1112306, 34601, 31487, 1108139, 64394, 64394, 662465920
66, 2412242, 1104931, 38114, 34773, 1100408, 67008, 67008, 1144758347
62, 2414602, 1122302, 22759, 19662, 1118261, 65809, 65809, 837458908
73, 2419311, 38917, 1109271, 1104681, 35722, 65360, 65360, 2464414935
71, 2419601, 25485, 1121154, 1117762, 22334, 66433, 66433, 615442326
74, 2412142, 49539, 1085515, 1080628, 46174, 75143, 75143, 4251747448
63, 2421271, 33330, 1115962, 1112897, 29968, 64557, 64557, 1810994709
64, 2416712, 1092772, 49487, 46120, 1089429, 69452, 69452, 1223601753
65, 2413535, 25233, 1120395, 1117104, 22001, 64401, 64401, 653764895
70, 2419017, 1105443, 40345, 37041, 1101978, 67105, 67105, 3299851959
75, 2413044, 27324, 1118051, 1113639, 24238, 64896, 64896, 1373896407
77, 2418097, 27358, 1120255, 1116113, 24087, 65142, 65142, 1833964475
72, 2417700, 1100038, 43073, 39849, 1096392, 69174, 69174, 3864551414
67, 2407801, 888852, 240375, 236797, 885107, 78335, 78335, 2508534373
79, 2413134, 47806, 1090305, 1086191, 44404, 72214, 72214, 298510252
85, 2418893, 26327, 1123235, 1117962, 23159, 64105, 64105, 574478137
84, 2419549, 31280, 1117244, 1113228, 28053, 64872, 64872, 2689360836
78, 2416728, 70700, 1072149, 1068593, 67422, 68932, 68932, 4126564853
81, 2412300, 37874, 1102561, 1099033, 34564, 69134, 69134, 274406392
76, 2420330, 1093061, 49729, 46646, 1089594, 70650, 70650, 2505796079
80, 2413047, 1088184, 50097, 46906, 1083952, 71954, 71954, 1793165209
83, 2418521, 36238, 1110495, 1106783, 33013, 65996, 65996, 2573712576
82, 2416663, 1121581, 27339, 24262, 1117239, 63121, 63121, 872685580
90, 2416776, 32170, 1115247, 1110324, 29161, 64937, 64937, 348647298
91, 2423693, 26020, 1126857, 1122763, 23025, 62514, 62514, 2901572752
86, 2421030, 1116328, 31699, 28549, 1112518, 65968, 65968, 2894340381
87, 2414501, 35804, 1107140, 1103761, 32532, 67632, 67632, 1468809872
89, 2413299, 1102351, 41375, 38000, 1098979, 66297, 66297, 4215527808
95, 2419502, 44408, 1099960, 1095973, 41137, 69012, 69012, 244326057
88, 2419060, 1052417, 88459, 85275, 1048133, 72388, 72388, 530977234
98, 2419869, 33696, 1114949, 1111182, 30566, 64738, 64738, 1483486956
94, 2425387, 1122094, 30221, 27197, 1117777, 64049, 64049, 37408182
93, 2423056, 1126015, 26015, 23074, 1122752, 62600, 62600, 3301461392
101, 2420404, 36416, 1112863, 1109079, 33154, 64446, 64446, 4180117900
100, 2415194, 34038, 1107622, 1103196, 30832, 69753, 69753, 2067810331
97, 2414355, 1106381, 30533, 27440, 1102621, 73690, 73690, 1177408610
92, 2420806, 1100462, 45208, 42026, 1096806, 68152, 68152, 3914843452
103, 2420916, 30036, 1118473, 1115074, 26973, 65180, 65180, 799667781
102, 2419755, 1108264, 41595, 38298, 1103952, 63823, 63823, 3803557892
104, 2418548, 56566, 1086451, 1082357, 53354, 69910, 69910, 2203089217
99, 2414780, 1084801, 56278, 53038, 1080735, 69964, 69964, 4231747814
96, 2420276, 27859, 28875, 25731, 24729, 1156541, 1156541, 769904670
107, 2412607, 45012, 1096848, 1093153, 41816, 67889, 67889, 4093986364
112, 2425088, 22538, 1132020, 1127217, 19601, 61856, 61856, 2432924668
108, 2417269, 42634, 1100279, 1096365, 39323, 69334, 69334, 2828607384
106, 2415193, 1114977, 27956, 24744, 1111496, 68010, 68010, 394838331
110, 2414617, 38771, 1104716, 1100792, 35682, 67328, 67328, 2644474565
114, 2415987, 51058, 1090987, 1086872, 47896, 69587, 69587, 4205754666
118, 2414393, 22687, 1123178, 1118907, 19665, 64978, 64978, 3106490570
119, 2423908, 25215, 1127434, 1122971, 22144, 63072, 63072, 729181153
115, 2413890, 1113836, 30188, 26871, 1110405, 66295, 66295, 189687337
109, 2415207, 1083507, 59030, 55883, 1079303, 68742, 68742, 3024193315
113, 2416584, 1110419, 35445, 32270, 1106978, 65736, 65736, 1856425823
117, 2422365, 31821, 1117748, 1113916, 28776, 65052, 65052, 3669444513
116, 2408840, 1067680, 70794, 67609, 1064171, 69293, 69293, 2840910646
105, 2416197, 500490, 621125, 617577, 497141, 89932, 89932, 3970233873
111, 2415331, 996010, 139048, 135567, 992528, 76089, 76089, 2463021299
123, 2420099, 29462, 1121038, 1116825, 26292, 63241, 63241, 3578788831
121, 2417901, 28916, 1118547, 1115122, 25734, 64791, 64791, 1990621157
125, 2416380, 35041, 1112214, 1108250, 31911, 64482, 64482, 3154264955
127, 2412221, 1112547, 31913, 28573, 1107798, 65695, 65695, 4045633197
120, 2417430, 1113823, 31568, 28363, 1110538, 66569, 66569, 337576781
122, 2421011, 1087764, 60346, 57120, 1084147, 65817, 65817, 2661155242
131, 2421184, 29050, 1120246, 1115811, 25893, 65092, 65092, 2486688175
128, 2411894, 1107139, 37202, 33869, 1103594, 65045, 65045, 4200208034
124, 2413440, 1107235, 35211, 31901, 1103747, 67673, 67673, 1526369282
126, 2416134, 1041600, 91843, 88533, 1037314, 78422, 78422, 3904118044
129, 2420244, 1116219, 33347, 29963, 1112055, 64330, 64330, 2519183862
130, 2417712, 1105945, 39698, 36241, 1102128, 66850, 66850, 3034017966
132, 2417067, 25663, 1123682, 1120097, 22495, 62565, 62565, 1390718726
133, 2414046, 1112736, 33938, 30598, 1108022, 64376, 64376, 639576284
139, 2414516, 27490, 1120719, 1115968, 24293, 63023, 63023, 4191652787
134, 2417302, 35885, 1108325, 1104458, 32614, 68010, 68010, 1445813035
141, 2417632, 29303, 1119839, 1115184, 26134, 63586, 63586, 2149967484
136, 2416321, 1112664, 34284, 31070, 1109135, 64584, 64584, 2251798360
137, 2416061, 1086452, 57162, 53927, 1082256, 68132, 68132, 180839852
135, 2420776, 1119381, 29582, 26411, 1116258, 64572, 64572, 3312402030
140, 2419060, 1114466, 31348, 28093, 1109823, 67665, 67665, 532971936
138, 2422630, 1114657, 35611, 32332, 1110542, 64744, 64744, 1473653692
144, 2412297, 1084672, 54921, 51516, 1079788, 70700, 70700, 424585519
145, 2415935, 32246, 1112996, 1109560, 28961, 66086, 66086, 487841428
146, 2416506, 42075, 1102079, 1098560, 38810, 67491, 67491, 944750677
151, 2416655, 1117711, 30029, 26878, 1113885, 64076, 64076, 1157857593
143, 2421932, 1085750, 55669, 52524, 1082203, 72893, 72893, 501702028
149, 2416600, 32070, 1114491, 1111113, 28850, 65038, 65038, 2186438359
147, 2415092, 50168, 1093296, 1089812, 46936, 67440, 67440, 3663899381
150, 2421068, 1121594, 28022, 24834, 1117010, 64804, 64804, 4227242834
142, 2418822, 1083929, 59049, 55814, 1080596, 69717, 69717, 3441317402
157, 2416800, 38852, 1103644, 1099999, 35487, 69409, 69409, 1699666200
155, 2416912, 1104447, 42038, 38834, 1100533, 65530, 65530, 3983231761
152, 2417117, 33605, 1112774, 1109010, 30260, 65734, 65734, 1556168958
154, 2418930, 1095025, 49079, 45720, 1091358, 68874, 68874, 2902758024
148, 2420953, 1103926, 42395, 39365, 1100601, 67333, 67333, 371340306
156, 2416492, 34953, 1109069, 1105429, 31739, 67651, 67651, 574894913
160, 2423018, 29298, 1124160, 1120987, 26245, 61164, 61164, 143087024
153, 2415433, 1105232, 39396, 36270, 1101097, 66719, 66719, 3837945400
163, 2422027, 32961, 1119544, 1115319, 29801, 62201, 62201, 4109208116
158, 2415225, 102908, 1037203, 1033387, 99465, 71131, 71131, 3348832366
159, 2419434, 29573, 1119451, 1115848, 26362, 64100, 64100, 1042800607
161, 2411036, 31324, 1108415, 1104275, 28064, 69479, 69479, 3006493890
165, 2422315, 27444, 1126536, 1123275, 24456, 60302, 60302, 193767785
162, 2412655, 38587, 1103561, 1099764, 35361, 67691, 67691, 2723959191
167, 2418065, 44984, 1097927, 1094280, 41700, 69587, 69587, 142553552
166, 2414036, 37903, 1105318, 1101290, 34745, 67390, 67390, 3556391910
164, 2416430, 1108715, 37523, 34350, 1104560, 65641, 65641, 3529484138
172, 2423841, 32977, 1116420, 1112189, 29915, 66170, 66170, 3153918145
168, 2422707, 28122, 1123933, 1119952, 25022, 62839, 62839, 3995605506
169, 2413632, 1062455, 76289, 72971, 1058217, 71850, 71850, 3601715767
171, 2418007, 24461, 1123582, 1120275, 21383, 64153, 64153, 3749836610
175, 2414953, 31590, 1115551, 1111397, 28581, 63917, 63917, 255045222
174, 2420861, 27676, 1124193, 1120714, 24616, 61831, 61831, 1415932
173, 2417002, 1113456, 35790, 32638, 1109294, 62912, 62912, 1533015113
170, 2413882, 96914, 1037787, 1034404, 93371, 75703, 75703, 539418369
176, 2419861, 1101797, 41369, 38119, 1097462, 70557, 70557, 878549896
178, 2417243, 30055, 1112682, 1109087, 26737, 69341, 69341, 1903430522
179, 2412334, 1114459, 29109, 26059, 1110399, 66154, 66154, 3043079978
180, 2420430, 1104002, 41537, 38252, 1100179, 68230, 68230, 3179668697
177, 2416511, 1115211, 32060, 28740, 1111694, 64403, 64403, 3822159966
183, 2419581, 45697, 1101792, 1098449, 42363, 65640, 65640, 2240022161
181, 2421844, 1091144, 56775, 53639, 1087178, 66554, 66554, 2107209835
188, 2414183, 27543, 1113915, 1109972, 24447, 69153, 69153, 3213357523
186, 2417537, 39935, 1104650, 1100660, 36562, 67865, 67865, 1991820262
184, 2416034, 80479, 1059979, 1056148, 77374, 71027, 71027, 2692501096
191, 2418718, 29685, 1119976, 1115918, 26625, 63257, 63257, 1124665897
182, 2411730, 1063686, 76864, 73662, 1059088, 69215, 69215, 3981542722
185, 2416504, 1104823, 37180, 33928, 1101463, 69555, 69555, 4103865778
187, 2421283, 1117398, 33641, 30507, 1114105, 62816, 62816, 533787729
189, 2414015, 1109101, 33044, 29789, 1105525, 68278, 68278, 1050670749
196, 2417314, 1113182, 33132, 30096, 1108994, 65955, 65955, 4259013055
192, 2419827, 83661, 1057568, 1054393, 80335, 71935, 71935, 32031689
197, 2415615, 1114128, 31834, 28603, 1110472, 65289, 65289, 362699029
194, 2415244, 1106738, 38885, 35680, 1103165, 65388, 65388, 274985950
190, 2419093, 50234, 1067529, 1064238, 47108, 94992, 94992, 441694780
199, 2416165, 1127469, 23194, 20099, 1122827, 61288, 61288, 2944997247
198, 2416370, 33448, 1110271, 1106610, 30181, 67930, 67930, 2744831055
195, 2419536, 67939, 1071621, 1067715, 64767, 73747, 73747, 3464460523
201, 2420355, 1121996, 27414, 24193, 1118466, 64143, 64143, 2899315924
200, 2414698, 1126921, 23170, 20277, 1122102, 61114, 61114, 1478050116
193, 2416411, 1114513, 30633, 27537, 1111164, 66282, 66282, 2363501989
203, 2421554, 25904, 1122286, 1119070, 22740, 65777, 65777, 535930025
205, 2419893, 1110611, 37104, 33914, 1106678, 65793, 65793, 2345714739
204, 2415197, 45301, 1098083, 1094329, 42056, 67714, 67714, 27981734
202, 2413105, 144446, 984867, 981141, 141057, 80797, 80797, 3034570691
207, 2413816, 1111303, 33935, 30638, 1107114, 65413, 65413, 1844851795
209, 2422023, 55483, 1090153, 1086875, 52094, 68709, 68709, 4161270439
208, 2420972, 53889, 1092342, 1088840, 50595, 67653, 67653, 877127419
212, 2413383, 1118504, 29443, 26345, 1113713, 62689, 62689, 2718372880
214, 2412982, 1098714, 42159, 38702, 1093703, 69852, 69852, 1288096483
210, 2423137, 34555, 1114148, 1110668, 31486, 66140, 66140, 2227257697
215, 2416926, 28680, 1117731, 1114046, 25429, 65520, 65520, 596402339
211, 2414187, 58445, 1082513, 1078870, 55085, 69637, 69637, 1939480198
206, 2418736, 1084890, 59977, 56892, 1081677, 67650, 67650, 3701089544
213, 2413457, 30406, 1115231, 1111639, 27081, 64550, 64550, 347508713
216, 2413807, 34103, 1109266, 1105576, 30774, 67044, 67044, 3638332953
221, 2418758, 28555, 1120594, 1116686, 25435, 63744, 63744, 2576295076
217, 2418694, 1120142, 27022, 23895, 1116883, 65376, 65376, 3567045296
226, 2422576, 29297, 1122921, 1118482, 26150, 62863, 62863, 2089777300
227, 2412782, 25851, 1120118, 1115170, 22799, 64422, 64422, 257458469
219, 2418594, 1121005, 27803, 24638, 1117510, 63819, 63819, 3074121062
218, 2421540, 26996, 1123004, 1119729, 23927, 63942, 63942, 966441881
220, 2414452, 1100756, 42755, 39429, 1096654, 67429, 67429, 478867817
223, 2414231, 21510, 1123890, 1120515, 18404, 64956, 64956, 201236972
232, 2414598, 29454, 1119162, 1114395, 26369, 62609, 62609, 2891770159
231, 2416572, 33525, 1112694, 1109505, 30188, 65330, 65330, 2823732785
225, 2415553, 67574, 1070261, 1065544, 64208, 73983, 73983, 1951748083
224, 2413406, 1111327, 32610, 29347, 1106832, 66645, 66645, 1787050645
229, 2416643, 30060, 1116662, 1112502, 26873, 65273, 65273, 1096284253
228, 2414371, 1116584, 28536, 25305, 1112692, 65627, 65627, 475532288
233, 2415734, 32799, 1113309, 1109068, 29466, 65546, 65546, 1178952382
222, 2416876, 191090, 933213, 929975, 187548, 87525, 87525, 886060773
238, 2423445, 32742, 1120283, 1115988, 29648, 62392, 62392, 2839734864
230, 2417967, 32557, 1112339, 1109040, 29359, 67336, 67336, 672826937
235, 2416766, 129718, 1009253, 1004977, 126160, 73329, 73329, 749541644
236, 2416942, 43579, 1102311, 1098284, 40252, 66258, 66258, 1425770793
234, 2422067, 30949, 1118269, 1114869, 27916, 65032, 65032, 2182331429
240, 2419125, 33242, 1114570, 1110992, 30097, 65112, 65112, 4267786848
239, 2417730, 30927, 1115776, 1112157, 27692, 65589, 65589, 2254864159
237, 2417475, 24511, 1120253, 1116896, 21471, 67172, 67172, 1064980405
245, 2421368, 44740, 1106005, 1102262, 41651, 63355, 63355, 723148598
247, 2417692, 1124477, 25667, 22511, 1120055, 62491, 62491, 389948097
242, 2417236, 1086598, 56100, 52905, 1083203, 69215, 69215, 762367678
250, 2419712, 1130483, 24060, 20963, 1125902, 59152, 59152, 3182710372
244, 2416972, 1114135, 31915, 28583, 1110863, 65738, 65738, 3633323351
241, 2412918, 1107424, 36741, 33443, 1103652, 65829, 65829, 3356408610
243, 2419099, 1107264, 40401, 37147, 1103291, 65498, 65498, 2546222086
251, 2417970, 24701, 1123135, 1119671, 21757, 64353, 64353, 606351972
254, 2411866, 25238, 1119273, 1115126, 22065, 65082, 65082, 1344855491
248, 2417052, 77704, 1061588, 1058356, 74398, 72503, 72503, 2111316250
253, 2418105, 1112523, 35041, 31841, 1108612, 65044, 65044, 2718877315
246, 2415399, 84707, 1047437, 1044085, 81382, 78894, 78894, 1005291867
249, 2422242, 1111583, 35333, 32128, 1108112, 67543, 67543, 58687595
257, 2421893, 26417, 1122916, 1119184, 23252, 65062, 65062, 3733878474
255, 2416842, 1114515, 32032, 28925, 1110320, 65525, 65525, 3509961550
259, 2423269, 28087, 1125458, 1121012, 25114, 61799, 61799, 492752721
252, 2417908, 1065581, 68350, 65077, 1061968, 78466, 78466, 1428781287
258, 2418714, 1126195, 23290, 20118, 1121929, 63591, 63591, 2865578443
261, 2417730, 24229, 1124217, 1120595, 21049, 63820, 63820, 2862195851
256, 2415023, 1077980, 63472, 60342, 1074097, 69566, 69566, 384964759
267, 2416690, 25638, 1119826, 1116160, 22540, 66263, 66263, 210711313
260, 2419641, 1100091, 42307, 39164, 1096837, 70621, 70621, 546622640
262, 2421468, 1112052, 37722, 34882, 1107856, 64478, 64478, 3623205584
265, 2416487, 1108235, 38477, 35249, 1104700, 64913, 64913, 3967097759
271, 2418821, 28454, 1118166, 1114528, 25239, 66217, 66217, 3359590181
269, 2411864, 1119761, 25468, 22324, 1115999, 64156, 64156, 199254640
268, 2416691, 33020, 1112017, 1108942, 29696, 66508, 66508, 80580805
263, 2420163, 1097106, 46359, 43380, 1092932, 70193, 70193, 3726093629
272, 2418442, 33510, 1115215, 1111143, 30360, 64107, 64107, 3378124777
264, 2416045, 1104808, 37137, 33821, 1101271, 69504, 69504, 77806632
273, 2411103, 1112671, 29664, 26470, 1109226, 66536, 66536, 4002413134
270, 2414856, 1113875, 31833, 28693, 1110425, 65015, 65015, 1756912621
275, 2417129, 1111699, 34408, 31324, 1107120, 66289, 66289, 2423775152
276, 2414432, 30807, 1114059, 1110475, 27635, 65728, 65728, 22821661
266, 2421573, 1077270, 67284, 63982, 1073753, 69642, 69642, 1338306324
274, 2412853, 1114901, 30307, 27202, 1110833, 64805, 64805, 1654108872
277, 2416941, 41688, 1101319, 1097893, 38451, 68795, 68795, 1680919025
285, 2419098, 45205, 1101508, 1096997, 42038, 66675, 66675, 3668124751
284, 2417212, 24765, 1122954, 1118624, 21579, 64645, 64645, 3454892223
279, 2416188, 1118509, 27687, 24469, 1114137, 65693, 65693, 3303554058
278, 2415229, 1118743, 25921, 22779, 1114776, 66505, 66505, 367961000
283, 2414222, 1113823, 33126, 29800, 1108717, 64378, 64378, 3316861284
287, 2417835, 26318, 1124804, 1120291, 23242, 61590, 61590, 2532196074
286, 2416856, 1113880, 30517, 27368, 1110085, 67503, 67503, 4016037776
280, 2417790, 36137, 1109146, 1105696, 32925, 66943, 66943, 2614498533
282, 2418736, 1112134, 35268, 31905, 1108257, 65586, 65586, 679829735
291, 2417789, 28469, 1122424, 1118472, 25352, 61536, 61536, 2838586288
290, 2418554, 41126, 1103317, 1099411, 38034, 68333, 68333, 3916710589
288, 2415525, 1116722, 28943, 25665, 1113549, 65323, 65323, 155628298
293, 2413739, 30374, 1113064, 1108791, 27262, 67124, 67124, 2349749894
292, 2412086, 1098638, 42429, 39039, 1095134, 68423, 68423, 258863668
281, 2420590, 1077543, 63801, 60619, 1074303, 72162, 72162, 3794259758
289, 2419079, 1117538, 30796, 27757, 1113504, 64742, 64742, 466632893
296, 2410814, 1105625, 37599, 34113, 1101487, 65995, 65995, 2705333430
298, 2416779, 31516, 1106379, 1102432, 28294, 74079, 74079, 4171914601
295, 2419748, 1107853, 39932, 36836, 1104389, 65369, 65369, 1953714364
304, 2420394, 23571, 1129561, 1125509, 20549, 60602, 60602, 4012607233
297, 2424301, 83310, 1064619, 1061326, 80264, 67391, 67391, 3986034883
294, 2418735, 1112993, 35156, 31847, 1109297, 64721, 64721, 2265307988
299, 2418162, 37503, 1103461, 1099889, 34227, 71541, 71541, 808736370
301, 2416153, 1115681, 29863, 26529, 1111470, 66305, 66305, 3916024470
302, 2413373, 1082445, 61874, 58421, 1077463, 66585, 66585, 3788658046
300, 2410948, 1101658, 40512, 37251, 1098167, 66680, 66680, 988793319
307, 2417755, 1125840, 25066, 21951, 1120352, 62273, 62273, 2348308728
305, 2420033, 45603, 1101915, 1098205, 42444, 65933, 65933, 2800321988
306, 2413392, 46677, 1090783, 1087080, 43322, 72765, 72765, 4050623395
303, 2417354, 1037720, 105714, 102556, 1033430, 68967, 68967, 2814629888
311, 2415878, 23868, 1124317, 1119722, 20751, 63610, 63610, 2229506190
312, 2414010, 36797, 1109178, 1105289, 33566, 64590, 64590, 2621312704
309, 2419975, 1125390, 26622, 23509, 1120768, 61843, 61843, 3053923684
308, 2411113, 1107642, 35386, 32089, 1103906, 66045, 66045, 2050876927
318, 2418355, 30421, 1116703, 1112397, 27386, 65724, 65724, 4173373531
314, 2423201, 1122921, 25968, 22831, 1119305, 66088, 66088, 4238605631
310, 2420207, 39301, 1105634, 1102395, 35993, 68442, 68442, 2436260527
313, 2413658, 1117703, 29362, 26293, 1113236, 63532, 63532, 378445359
319, 2421479, 1125953, 24335, 21142, 1121885, 64082, 64082, 2394025111
316, 2417863, 1083864, 56852, 53617, 1080154, 71688, 71688, 762119656
325, 2413302, 46418, 1093172, 1089013, 43105, 70797, 70797, 497572337
323, 2415828, 1112739, 32604, 29435, 1108064, 66493, 66493, 675573629
315, 2410426, 37871, 1101826, 1098538, 34495, 68848, 68848, 1922347886
324, 2416733, 34692, 1108354, 1104480, 31373, 68917, 68917, 4016729372
320, 2418028, 1106734, 38539, 35343, 1102792, 67310, 67310, 4010196067
321, 2420822, 32188, 1099201, 1095900, 29061, 82236, 82236, 999622352
326, 2423121, 1117808, 28271, 25110, 1113324, 69304, 69304, 2581456743
317, 2417918, 975469, 161171, 157843, 971737, 75849, 75849, 3793572366
322, 2417791, 1055023, 59220, 55819, 1051329, 98200, 98200, 751556554
327, 2412901, 1102957, 39953, 36718, 1099503, 66885, 66885, 1796181530
329, 2419738, 1113495, 35918, 32690, 1110009, 63813, 63813, 1858593226
331, 2422522, 1119160, 28514, 25530, 1115866, 66726, 66726, 2515214056
335, 2413427, 35748, 1102231, 1098043, 32495, 72455, 72455, 2513495079
328, 2423056, 1111233, 35243, 32170, 1107868, 68271, 68271, 951902657
334, 2417295, 57138, 1086268, 1082807, 53762, 68660, 68660, 2470998361
336, 2411075, 1092253, 47168, 43957, 1087627, 70035, 70035, 833892403
332, 2420629, 1106652, 40005, 36713, 1103097, 67081, 67081, 49650217
337, 2418889, 47142, 1096019, 1092354, 43784, 69795, 69795, 3042476205
330, 2419749, 1111947, 34962, 31783, 1108311, 66373, 66373, 2916841224
338, 2417326, 49217, 1096346, 1092860, 46137, 66383, 66383, 1866128958
339, 2415650, 1114473, 32003, 28823, 1110845, 64753, 64753, 2881044205
333, 2412516, 1116980, 27634, 24433, 1112829, 65320, 65320, 240768810
342, 2420433, 1090576, 27086, 23869, 1086590, 96156, 96156, 4017294754
346, 2426235, 50851, 1095568, 1090821, 47691, 70652, 70652, 1890743267
341, 2410609, 34730, 1086680, 1083185, 31346, 87334, 87334, 659981828
343, 2417268, 1104915, 39504, 36316, 1101877, 67328, 67328, 2112383732
345, 2412086, 39534, 1101590, 1097767, 36175, 68510, 68510, 4036343162
340, 2420952, 54431, 1091462, 1088170, 51251, 67819, 67819, 3434943431
350, 2423343, 33033, 1117500, 1113559, 29963, 64644, 64644, 41260266
354, 2421872, 24160, 1127584, 1124032, 21258, 62419, 62419, 152576975
352, 2418529, 44107, 1104710, 1100282, 40984, 64223, 64223, 2108359074
344, 2415650, 41412, 1098317, 1094645, 38084, 71596, 71596, 1215944319
349, 2419678, 1105850, 42305, 39133, 1101710, 65340, 65340, 251428470
348, 2418435, 1117538, 28252, 25227, 1113612, 66903, 66903, 721145531
351, 2416239, 1099478, 36439, 33323, 1096201, 75399, 75399, 1589388289
355, 2419111, 25986, 1123769, 1119304, 22830, 63611, 63611, 2107970196
353, 2421056, 1124042, 27532, 24360, 1120716, 62203, 62203, 3884008704
357, 2418453, 35621, 1111928, 1107939, 32397, 65284, 65284, 4213203838
359, 2419131, 29918, 1114492, 1110665, 26862, 68597, 68597, 3350012799
360, 2418126, 33188, 1113434, 1109658, 29942, 65952, 65952, 3189194998
347, 2413681, 36894, 1106281, 1102896, 33594, 67008, 67008, 1372788636
365, 2414375, 31531, 1113129, 1109234, 28453, 66014, 66014, 3503670691
358, 2416597, 1107799, 37738, 34424, 1103856, 66390, 66390, 1222311649
361, 2418940, 1115832, 31038, 27748, 1111258, 66532, 66532, 3682231091
356, 2420050, 1094059, 51125, 47858, 1090584, 68212, 68212, 2282330518
362, 2412315, 1114034, 29819, 26687, 1109719, 66028, 66028, 3516906710
363, 2417641, 1099692, 43519, 40352, 1095756, 69161, 69161, 1793808814
364, 2415945, 58154, 1080557, 1076835, 54739, 72830, 72830, 2522376444
370, 2417067, 1115656, 34182, 31025, 1111400, 62402, 62402, 4075324057
369, 2419338, 43591, 1103072, 1099552, 40373, 66375, 66375, 3836732285
367, 2413726, 32429, 1111928, 1108498, 29325, 65773, 65773, 2579723000
368, 2416882, 1097419, 41462, 38158, 1094157, 72843, 72843, 1054328481
366, 2416691, 1005397, 134070, 130941, 1001585, 72349, 72349, 1258052058
372, 2422782, 35587, 1108040, 1104482, 32519, 71077, 71077, 3182362676
373, 2416037, 1085986, 57839, 54443, 1082179, 67795, 67795, 541609360
374, 2420980, 34108, 1114502, 1110943, 30957, 65235, 65235, 3848339945
371, 2416548, 1051339, 87907, 84490, 1047078, 72867, 72867, 2922387694
376, 2418277, 37918, 1109617, 1106234, 34786, 64861, 64861, 2612417336
381, 2420495, 1115915, 33311, 30172, 1111339, 64879, 64879, 895215215
375, 2420438, 1107169, 40284, 37091, 1103484, 66205, 66205, 1834493253
378, 2421673, 1123284, 27643, 24614, 1119044, 63544, 63544, 3962042578
387, 2418533, 28976, 1121540, 1116849, 25936, 62616, 62616, 4002297727
379, 2416024, 1113728, 34024, 30625, 1110407, 63620, 63620, 2876619102
388, 2414273, 29467, 1117955, 1113764, 26197, 63445, 63445, 3077076251
380, 2413189, 25133, 1111165, 1107947, 21874, 73535, 73535, 1364973205
385, 2416302, 43813, 1100421, 1096230, 40542, 67648, 67648, 3676721928
383, 2415098, 40255, 1103673, 1100320, 37018, 66916, 66916, 4175643761
382, 2417492, 1072925, 62506, 59050, 1069181, 76915, 76915, 1387675394
389, 2416593, 35820, 1107969, 1103602, 32684, 68259, 68259, 1454499901
377, 2416566, 1113440, 31587, 28504, 1110207, 66414, 66414, 4042049204
390, 2418489, 140328, 999560, 995132, 136967, 73251, 73251, 3692769323
384, 2419495, 33184, 1116314, 1113041, 29992, 63482, 63482, 494340413
393, 2418757, 34740, 1115127, 1110933, 31675, 63141, 63141, 887220535
386, 2417714, 1108216, 38103, 34811, 1104900, 65842, 65842, 1898246845
392, 2418125, 46608, 1099882, 1096282, 43503, 65925, 65925, 844511389
391, 2421798, 1125852, 26540, 23375, 1121363, 62334, 62334, 110177673
397, 2413786, 59911, 1082724, 1078770, 56587, 67897, 67897, 159660843
401, 2417801, 52498, 1091981, 1087637, 49193, 68246, 68246, 3286118055
396, 2411314, 1099357, 40046, 36757, 1095610, 69772, 69772, 509519652
399, 2422243, 34415, 1115070, 1111492, 31280, 64993, 64993, 971519196
395, 2421711, 25035, 1122979, 1119572, 22113, 66006, 66006, 581915281
405, 2424556, 38601, 1110524, 1106012, 35469, 66975, 66975, 676748759
398, 2420743, 29518, 1120740, 1117416, 26377, 63346, 63346, 3812152781
394, 2420721, 1084123, 61594, 58330, 1080450, 68112, 68112, 869989359
403, 2419163, 1119754, 30755, 27664, 1116440, 62275, 62275, 535715889
404, 2419632, 31668, 1116745, 1113092, 28341, 64893, 64893, 324018763
407, 2418934, 1115010, 33695, 30483, 1110488, 64629, 64629, 2399298669
406, 2420767, 1122210, 26623, 23532, 1118340, 65031, 65031, 3087965320
408, 2418494, 75128, 1063389, 1059612, 71827, 74269, 74269, 3346510900
400, 2413835, 1094420, 37586, 34380, 1090809, 78320, 78320, 2697905744
409, 2418941, 54653, 1090913, 1087240, 51457, 67339, 67339, 1948786048
402, 2413510, 1107769, 34461, 31250, 1104158, 67936, 67936, 549648613
413, 2416054, 30333, 1115838, 1111561, 27098, 65612, 65612, 612504273
410, 2408341, 34690, 1100125, 1095795, 31367, 73182, 73182, 1409767988
411, 2418143, 48032, 1098480, 1094360, 44831, 66220, 66220, 2229067850
416, 2416036, 1118048, 28449, 25238, 1114051, 65125, 65125, 4003404081
414, 2415926, 53034, 1090084, 1086486, 49588, 68367, 68367, 3359313688
412, 2423228, 1104200, 44834, 41702, 1100758, 65867, 65867, 3224266935
418, 2418446, 61391, 1082785, 1078787, 58113, 68685, 68685, 3686703660
423, 2414732, 56833, 1084355, 1080736, 53594, 69607, 69607, 3583441268
419, 2422997, 32578, 1113781, 1110484, 29426, 68364, 68364, 802042024
417, 2419182, 1089533, 54138, 50813, 1085766, 69466, 69466, 4162658063
421, 2426208, 1102738, 49488, 46380, 1098888, 64357, 64357, 3168966266
425, 2422384, 34792, 1114441, 1111007, 31502, 65321, 65321, 1175610623
420, 2421068, 1110244, 35390, 32225, 1106775, 68217, 68217, 248826149
427, 2413897, 34056, 1108525, 1104967, 30727, 67811, 67811, 3064579673
422, 2412851, 34830, 1106092, 1102808, 31429, 68846, 68846, 899564988
424, 2413439, 34383, 1109623, 1106183, 31186, 66032, 66032, 1580537029
428, 2415919, 1115181, 32645, 29482, 1111423, 63594, 63594, 1319512429
415, 2419656, 1075603, 69520, 66393, 1071970, 68085, 68085, 166659946
429, 2418822, 1104753, 39251, 36054, 1100436, 69164, 69164, 165395673
431, 2418882, 54286, 1090985, 1086920, 51063, 67814, 67814, 1942590535
437, 2416438, 27736, 1111546, 1106741, 24647, 72884, 72884, 3586386385
432, 2418739, 34752, 1112625, 1109428, 31446, 65244, 65244, 4095648747
426, 2420215, 1038971, 103663, 100477, 1035474, 70815, 70815, 2050855517
436, 2418489, 37324, 1111780, 1106932, 34309, 64072, 64072, 617952134
430, 2419117, 1098841, 48197, 45137, 1094936, 66003, 66003, 740742306
438, 2420637, 1121752, 27682, 24613, 1117350, 64620, 64620, 1064048598
434, 2411770, 47083, 1093391, 1089467, 43809, 69010, 69010, 2433967952
433, 2416679, 1089866, 52975, 49684, 1086654, 68750, 68750, 77378773
435, 2415520, 1114326, 32614, 29590, 1110286, 64352, 64352, 1938187896
440, 2420171, 39487, 1106246, 1103001, 36193, 67622, 67622, 3762738586
439, 2413719, 68135, 1072430, 1068782, 64708, 69832, 69832, 447062032
444, 2418859, 23857, 1129412, 1125632, 20690, 59634, 59634, 262753552
441, 2409158, 1084074, 42898, 39469, 1080045, 81336, 81336, 4028056134
443, 2417677, 37653, 1107672, 1104222, 34444, 66843, 66843, 425425468
450, 2414990, 31811, 1110548, 1106806, 28545, 68640, 68640, 1269031128
442, 2421236, 1117363, 33134, 29788, 1114165, 63393, 63393, 3428557751
446, 2412758, 40238, 1102961, 1099553, 36882, 66562, 66562, 510976255
451, 2412825, 84077, 1054539, 1050202, 81013, 71497, 71497, 3799016253
449, 2418010, 44017, 1102168, 1098494, 41001, 66165, 66165, 4126265189
447, 2416063, 1118159, 28431, 25170, 1114385, 64959, 64959, 3891764528
455, 2415552, 27456, 1121007, 1116634, 24327, 63064, 63064, 1882406735
445, 2419102, 1094022, 50379, 47206, 1090685, 68405, 68405, 3156566457
457, 2414296, 45698, 1095456, 1090976, 42392, 69887, 69887, 3979240811
448, 2420295, 32436, 1117392, 1114177, 29182, 63554, 63554, 92916641
453, 2416652, 1097296, 45131, 41824, 1093657, 69372, 69372, 3708771098
452, 2415295, 1112173, 31718, 28401, 1108711, 67146, 67146, 36302698
456, 2416445, 1120273, 25308, 22258, 1116304, 66151, 66151, 700854774
458, 2415739, 1110864, 34511, 31337, 1106681, 66173, 66173, 3643022173
454, 2419836, 35463, 1114096, 1110770, 32307, 63600, 63600, 1619253266
464, 2416020, 27149, 1122696, 1117705, 23938, 62266, 62266, 2010630774
461, 2418191, 28099, 1121872, 1117826, 24902, 62746, 62746, 1385218443
462, 2413761, 1113306, 31665, 28295, 1108547, 65974, 65974, 2506186724
460, 2418721, 28262, 1120169, 1116741, 25185, 64182, 64182, 908660842
468, 2415471, 25465, 1121923, 1117297, 22228, 64279, 64279, 1190107503
466, 2413870, 1099543, 40037, 36777, 1096211, 70651, 70651, 1704429609
459, 2412045, 1034703, 98357, 94980, 1031143, 76431, 76431, 1401819013
472, 2417974, 32990, 1112128, 1108505, 29793, 67279, 67279, 3176967299
469, 2419572, 1113461, 33831, 30587, 1109833, 65930, 65930, 2750901576
475, 2421838, 30505, 1119859, 1115789, 27515, 64085, 64085, 3541429981
463, 2424147, 1055400, 86486, 83445, 1052114, 73351, 73351, 1596754137
465, 2411223, 1115963, 27116, 23884, 1112190, 66035, 66035, 1705781013
476, 2422770, 28407, 1123217, 1119344, 25414, 63194, 63194, 3124348231
473, 2417462, 38752, 1105891, 1102770, 35507, 67271, 67271, 3707862485
474, 2419653, 1114490, 32128, 28904, 1110895, 66618, 66618, 2447344317
467, 2420837, 1126777, 23596, 20640, 1123236, 63294, 63294, 2907132852
471, 2422089, 1121737, 29612, 26380, 1117964, 63198, 63198, 3956235843
478, 2412719, 37902, 1102428, 1098898, 34613, 69439, 69439, 1039450981
470, 2415129, 967509, 170368, 166927, 963535, 73395, 73395, 1631510668
477, 2421641, 1119057, 28404, 25227, 1115903, 66525, 66525, 219705614
479, 2420018, 1109511, 38485, 35286, 1106342, 65197, 65197, 2089379203
483, 2413807, 29071, 1116266, 1112180, 25972, 65159, 65159, 1909736354
480, 2410427, 1114182, 30037, 26763, 1109809, 64818, 64818, 3752706795
482, 2421251, 51188, 1092160, 1088645, 48038, 70610, 70610, 3060150829
485, 2417773, 39008, 1103524, 1099709, 35886, 69823, 69823, 3385667279
481, 2417680, 1114072, 33482, 30341, 1110289, 64748, 64748, 3987920455
488, 2418406, 1091053, 52888, 49657, 1087396, 68706, 68706, 3058701265
486, 2421020, 1126586, 25393, 22279, 1122904, 61929, 61929, 4150411880
487, 2417438, 1071816, 71780, 68465, 1068183, 68597, 68597, 3649569942
484, 2418491, 1092930, 52338, 49241, 1088720, 67631, 67631, 2652373013
491, 2411755, 1114241, 29869, 26697, 1110576, 65186, 65186, 3949839027
490, 2412706, 1110460, 28374, 25254, 1106634, 70992, 70992, 2473742566
496, 2416917, 43815, 1100593, 1096598, 40699, 67606, 67606, 3668475411
492, 2421910, 1124051, 28200, 25102, 1120883, 61837, 61837, 2549494411
493, 2420717, 1105623, 39427, 36167, 1101780, 68860, 68860, 826662278
495, 2420671, 1104008, 39677, 36513, 1100707, 69883, 69883, 896255904
501, 2417719, 101553, 1038192, 1033518, 98390, 73033, 73033, 3444349637
497, 2416486, 1111713, 33465, 30243, 1107777, 66644, 66644, 1846361739
499, 2412555, 82210, 1055376, 1051306, 79045, 72309, 72309, 885801169
498, 2411712, 1075078, 58186, 54899, 1071265, 76142, 76142, 468148533
489, 2413472, 261052, 869122, 865667, 257723, 79954, 79954, 303140280
494, 2413971, 28953, 1110130, 1106827, 25621, 71220, 71220, 4231011201
504, 2410648, 1097155, 47355, 44170, 1091620, 65174, 65174, 4114874192
503, 2418024, 1105323, 40093, 36801, 1101603, 67102, 67102, 3986495365
502, 2421195, 1097634, 48235, 45009, 1094285, 68016, 68016, 1612279758
508, 2421860, 22556, 1129831, 1125406, 19487, 62290, 62290, 3973536315
506, 2418706, 1092228, 53653, 50332, 1088689, 66902, 66902, 281457728
510, 2417644, 33042, 1114970, 1110605, 30011, 64508, 64508, 3481036722
505, 2416423, 1080019, 62031, 58616, 1076429, 69664, 69664, 261498853
500, 2416480, 1088660, 37535, 34307, 1085118, 85430, 85430, 680814548
512, 2416200, 25109, 1121499, 1117194, 22114, 65142, 65142, 3594651377
507, 2423109, 1120657, 31022, 27711, 1117003, 63358, 63358, 2750633499
511, 2416518, 1111507, 32771, 29547, 1108273, 67210, 67210, 452954737
517, 2416027, 51202, 1092390, 1088203, 47812, 68210, 68210, 1668555347
516, 2419901, 56944, 1084855, 1080899, 53589, 71807, 71807, 2800952294
520, 2420936, 29864, 1122512, 1117430, 26938, 62096, 62096, 358892624
521, 2412154, 26170, 1111012, 1105454, 23110, 73204, 73204, 2929119729
519, 2422336, 27069, 1122445, 1118724, 23982, 65058, 65058, 1055711779
515, 2417787, 34152, 1112175, 1108621, 30979, 65930, 65930, 2656813948
518, 2418917, 40314, 1104949, 1101629, 37135, 67445, 67445, 313604783
514, 2418856, 1109591, 36300, 32914, 1106299, 66876, 66876, 3298434417
509, 2413882, 929400, 187432, 184254, 925706, 93545, 93545, 2375171736
513, 2412847, 69488, 1071617, 1068319, 66091, 68666, 68666, 2809350099
523, 2419179, 1113274, 35883, 32759, 1109057, 64103, 64103, 2365918446
530, 2422817, 27953, 1121637, 1117739, 24788, 65350, 65350, 957602243
526, 2416920, 1104357, 38042, 34862, 1099901, 69879, 69879, 946535098
524, 2420737, 1090793, 54887, 51674, 1087533, 67925, 67925, 1805413397
522, 2422729, 1114378, 34258, 31102, 1111005, 65993, 65993, 1789946658
525, 2417189, 1111679, 34241, 30975, 1108540, 65877, 65877, 2414355271
527, 2416141, 225625, 901294, 897913, 222167, 84571, 84571, 3267241757
528, 2422250, 1106253, 40338, 37072, 1102441, 68073, 68073, 1704891984
532, 2417596, 31618, 1114775, 1111473, 28514, 65608, 65608, 4163049912
537, 2417254, 36441, 1111075, 1107284, 33278, 64588, 64588, 2772447247
534, 2421776, 59730, 1089307, 1085867, 56692, 65090, 65090, 1998630407
529, 2422208, 1094764, 54252, 51132, 1091530, 65265, 65265, 435696392
536, 2414720, 1109690, 32218, 29021, 1105041, 69375, 69375, 3650069014
538, 2418206, 32774, 1115911, 1111704, 29751, 64033, 64033, 3297099793
533, 2424656, 1112056, 36965, 33748, 1108613, 66637, 66637, 2722939115
531, 2420993, 1108830, 38568, 35552, 1105189, 66427, 66427, 2236254747
543, 2417023, 32058, 1116313, 1112332, 28854, 63733, 63733, 2890189565
542, 2418763, 29551, 1119181, 1115394, 26395, 64121, 64121, 1406777577
544, 2413227, 51645, 1090966, 1086687, 48173, 67878, 67878, 2518255951
535, 2420063, 1032192, 105777, 102642, 1028688, 75382, 75382, 2998586909
539, 2419394, 1106565, 39096, 35880, 1103343, 67255, 67255, 1058087757
541, 2415799, 1099927, 45617, 42379, 1096168, 65854, 65854, 3469789074
540, 2420041, 1119271, 30739, 27524, 1115589, 63459, 63459, 1854121514
545, 2414579, 1109545, 36907, 33744, 1105425, 64479, 64479, 351360247
546, 2420298, 59661, 1087783, 1084513, 56569, 65886, 65886, 3014977536
547, 2418196, 27575, 1119709, 1116186, 24406, 65160, 65160, 262735076
551, 2417169, 47205, 1097309, 1093591, 44044, 67510, 67510, 1508858487
549, 2409825, 58514, 1079725, 1076175, 55105, 70153, 70153, 2282209277
552, 2416500, 31180, 1113009, 1108961, 27898, 67726, 67726, 1399022928
556, 2418192, 28572, 1120313, 1116236, 25405, 63833, 63833, 1871721198
548, 2411743, 1087870, 51228, 47855, 1084386, 70202, 70202, 3276793498
558, 2416193, 21938, 1126746, 1122019, 18882, 63304, 63304, 2326155335
554, 2414070, 27841, 1118581, 1114364, 24738, 64273, 64273, 995849435
557, 2423287, 27537, 1125721, 1122001, 24412, 61808, 61808, 3331907564
560, 2414212, 40822, 1103373, 1099121, 37548, 66674, 66674, 1719870803
550, 2418285, 51685, 1089590, 1086177, 48481, 71176, 71176, 2101589022
555, 2417030, 1114359, 31257, 28098, 1110636, 66340, 66340, 124602214
553, 2420543, 1113838, 35823, 32706, 1110684, 63746, 63746, 2918752402
562, 2418980, 46495, 1098867, 1095192, 43270, 67578, 67578, 266956749
564, 2410792, 1117562, 26748, 23472, 1113102, 64954, 64954, 509587454
570, 2413968, 21989, 1127706, 1122501, 18928, 61422, 61422, 791328022
566, 2419098, 1126922, 24123, 21039, 1122676, 62169, 62169, 1403915887
563, 2414826, 1095190, 48524, 45262, 1091326, 67262, 67262, 4006324548
567, 2410911, 1122469, 23897, 20642, 1117315, 63294, 63294, 4121023454
559, 2413156, 79482, 1060420, 1057036, 76282, 69968, 69968, 625272497
561, 2412427, 1080667, 60008, 56692, 1076578, 69241, 69241, 1682799787
574, 2420345, 23770, 1127048, 1123548, 20867, 62556, 62556, 2232307718
568, 2421305, 1113324, 37679, 34565, 1109637, 63050, 63050, 1268540595
577, 2422522, 31733, 1113135, 1108387, 28689, 70289, 70289, 3057821393
565, 2417673, 48884, 1092882, 1089601, 45668, 70319, 70319, 753131490
580, 2408772, 25877, 1115332, 1111230, 22787, 66773, 66773, 1770767239
573, 2413069, 1103891, 38371, 35235, 1099560, 68006, 68006, 2516563379
569, 2422683, 124557, 1012850, 1009397, 121271, 77304, 77304, 3502777387
576, 2414371, 1112283, 35338, 32133, 1108973, 62822, 62822, 3930803015
572, 2413453, 43835, 1097681, 1094249, 40454, 68617, 68617, 2074982447
578, 2416217, 1110978, 34501, 31257, 1107455, 66013, 66013, 700164327
582, 2417260, 1113209, 34815, 31718, 1109458, 64030, 64030, 1818711401
571, 2412463, 1089394, 48939, 45318, 1085956, 71428, 71428, 1770651828
579, 2418210, 34092, 1112326, 1108987, 30765, 66020, 66020, 3490716215
581, 2415990, 1107048, 38277, 35054, 1103641, 65985, 65985, 1823978099
583, 2416639, 1115745, 32303, 29335, 1112086, 63585, 63585, 1687517358
585, 2417865, 1113488, 32953, 29740, 1110264, 65710, 65710, 1015950928
587, 2421068, 53734, 1093570, 1089266, 50546, 66976, 66976, 3977850254
584, 2416591, 1118594, 28975, 25802, 1115012, 64104, 64104, 4228997915
588, 2415467, 37542, 1104746, 1100933, 34372, 68937, 68937, 2853426974
586, 2412288, 29204, 1113378, 1109610, 26120, 66988, 66988, 3217340643
591, 2420318, 26019, 1125989, 1122044, 22920, 61673, 61673, 1080403036
589, 2414435, 1095915, 48615, 45460, 1092155, 66145, 66145, 4114477034
590, 2413211, 37530, 1107124, 1103311, 34260, 65493, 65493, 449460231
596, 2421830, 31690, 1118507, 1114324, 28539, 64385, 64385, 4200063374
575, 2411603, 1106949, 34644, 31385, 1103607, 67509, 67509, 3501299208
594, 2415037, 27986, 1120348, 1116634, 24777, 62646, 62646, 3905198985
592, 2419465, 1117542, 33416, 30322, 1114143, 62021, 62021, 813155421
593, 2415785, 1106006, 39872, 36602, 1102253, 65526, 65526, 3370095823
597, 2415609, 53759, 1088111, 1084270, 50573, 69448, 69448, 2945109880
595, 2412454, 1083867, 43168, 40053, 1080474, 82446, 82446, 1033130900
598, 2417761, 31305, 1110839, 1107045, 28090, 70241, 70241, 4125664640
600, 2418206, 1115234, 32792, 29650, 1111158, 64686, 64686, 224793104
599, 2413301, 42430, 1098120, 1094275, 39170, 69653, 69653, 3293783824
603, 2427413, 25346, 1129163, 1125740, 22420, 62372, 62372, 584279749
602, 2417740, 1120940, 26767, 23766, 1117243, 64512, 64512, 3777111972
607, 2418405, 1115116, 34615, 31537, 1110053, 63542, 63542, 3326043885
609, 2414192, 39793, 1105496, 1100964, 36643, 65648, 65648, 175541529
606, 2419832, 1119186, 30263, 27090, 1115037, 64128, 64128, 3262597582
601, 2420316, 1114647, 36334, 33261, 1110978, 62548, 62548, 2181467457
605, 2416310, 1115581, 29807, 26692, 1111326, 66452, 66452, 411970419
604, 2414631, 1103959, 36150, 32859, 1099501, 71081, 71081, 3551327863
610, 2420965, 1113441, 33031, 29771, 1109728, 67497, 67497, 866109306
615, 2416620, 32950, 1111896, 1107849, 29681, 67122, 67122, 616650272
619, 2411601, 29766, 1115455, 1110403, 26715, 64631, 64631, 1241341685
611, 2415834, 1114593, 31412, 28105, 1111008, 65358, 65358, 53236008
620, 2418961, 32159, 1108701, 1104830, 28873, 72199, 72199, 339190626
624, 2420897, 30937, 1121749, 1117774, 27965, 61236, 61236, 2711277399
623, 2415917, 33356, 1111858, 1107898, 30153, 66326, 66326, 1460413666
618, 2414357, 1085338, 55393, 52088, 1081318, 70110, 70110, 1528590036
614, 2418515, 27122, 1117053, 1113788, 24016, 68268, 68268, 4133768222
613, 2419562, 1091547, 47673, 44535, 1088049, 73879, 73879, 2258478026
608, 2417612, 117326, 1020289, 1017031, 114194, 74386, 74386, 2413280557
617, 2419029, 1114268, 33617, 30604, 1110964, 64788, 64788, 1795986347
622, 2424322, 27425, 1124223, 1121018, 24312, 63672, 63672, 3848805100
616, 2418960, 34492, 1112456, 1109305, 31231, 65738, 65738, 2836290865
625, 2416353, 1126380, 23238, 20140, 1121529, 62533, 62533, 897048414
612, 2416280, 28172, 1120276, 1116944, 25010, 62939, 62939, 1201210020
626, 2419876, 33327, 1111356, 1107266, 30121, 68903, 68903, 264358074
621, 2417709, 48911, 1097443, 1094017, 45802, 65768, 65768, 115293722
629, 2417845, 34402, 1112333, 1107663, 31115, 66166, 66166, 703002546
628, 2415129, 27864, 1114982, 1110810, 24559, 68457, 68457, 3817495085
631, 2419701, 29612, 1118653, 1114808, 26444, 65092, 65092, 38364543
632, 2418810, 21018, 1126981, 1123123, 18080, 64804, 64804, 1347951977
637, 2415450, 35166, 1106702, 1101884, 31950, 69874, 69874, 3375362
627, 2423130, 1098802, 46780, 43476, 1095474, 69299, 69299, 1731771851
639, 2426370, 28864, 1125387, 1121390, 25805, 62462, 62462, 4039041881
630, 2417262, 44164, 1102842, 1099667, 41017, 64786, 64786, 2544611279
634, 2421307, 1108505, 41074, 37932, 1104370, 64713, 64713, 4099268531
636, 2413604, 1101569, 38479, 35253, 1097907, 70198, 70198, 1811607113
640, 2415648, 35288, 1104207, 1100438, 32003, 71856, 71856, 1032988380
638, 2419053, 1081091, 63304, 59962, 1077302, 68697, 68697, 1338473057
635, 2413938, 1099673, 44005, 40701, 1096031, 66764, 66764, 2581839408
642, 2420285, 59298, 1081703, 1077893, 55975, 72708, 72708, 3348502316
633, 2417408, 48906, 1095340, 1091728, 45718, 67858, 67858, 129068263
641, 2412883, 42093, 1098661, 1095161, 38844, 69062, 69062, 966016248
643, 2413648, 29502, 1116262, 1112316, 26344, 64612, 64612, 2728988076
645, 2417838, 26861, 1120360, 1116353, 23784, 65240, 65240, 2595466896
648, 2418944, 27627, 1118547, 1114273, 24563, 66967, 66967, 3819489732
647, 2421977, 43540, 1103423, 1099849, 40335, 67415, 67415, 3132152985
644, 2412033, 29147, 1116914, 1113442, 25968, 63281, 63281, 2876107789
653, 2418513, 39660, 1105912, 1102078, 36553, 67155, 67155, 1151310979
652, 2413119, 34359, 1108730, 1105429, 31109, 66746, 66746, 3710816383
656, 2418800, 38972, 1108758, 1105169, 35629, 65136, 65136, 291748813
646, 2416420, 1107279, 34815, 31623, 1103903, 69400, 69400, 3812533541
660, 2415386, 33586, 1106579, 1102530, 30377, 71157, 71157, 4286226361
655, 2413738, 36879, 1102195, 1098446, 33622, 71298, 71298, 3268533600
649, 2414619, 51727, 1091821, 1087992, 48523, 67278, 67278, 2572710113
651, 2421005, 1082256, 60359, 57271, 1078597, 71261, 71261, 2135627804
654, 2421337, 1108649, 41043, 37744, 1105309, 64296, 64296, 3561429415
659, 2418450, 1110663, 32566, 29456, 1107547, 69109, 69109, 3687680234
658, 2420628, 36910, 1109315, 1105979, 33774, 67325, 67325, 2777620165
650, 2415249, 1049415, 88470, 85214, 1045686, 73232, 73232, 1048411763
662, 2421768, 32411, 1115704, 1111933, 29344, 66188, 66188, 3983146052
661, 2419127, 1106942, 38359, 34922, 1103246, 67829, 67829, 409390951
657, 2414115, 1101969, 40001, 36872, 1098133, 68570, 68570, 4236527622
664, 2412738, 34684, 1108153, 1104341, 31296, 67132, 67132, 692924642
667, 2421440, 36477, 1112466, 1108318, 33509, 65335, 65335, 1315392053
668, 2416489, 46787, 1094507, 1090722, 43509, 70482, 70482, 2674746013
663, 2406772, 45221, 1091173, 1087826, 41754, 70399, 70399, 3220355442
665, 2416577, 29247, 1119855, 1116225, 25922, 62664, 62664, 4122133721
671, 2420711, 37826, 1109651, 1106042, 34794, 66199, 66199, 2775694759
666, 2418905, 34252, 1114962, 1111393, 31052, 63623, 63623, 1927581214
669, 2419704, 26030, 1125971, 1122485, 22972, 61123, 61123, 630667587
675, 2419656, 1122441, 27417, 24285, 1117481, 64016, 64016, 2745272495
670, 2411432, 1104640, 36700, 33424, 1100470, 68099, 68099, 3174261702
674, 2416055, 1099633, 43481, 40172, 1096299, 68235, 68235, 2422290178
673, 2418264, 76344, 1064427, 1061078, 73089, 71663, 71663, 3110838988
678, 2421687, 1123346, 27885, 24689, 1118445, 63661, 63661, 3933158587
677, 2419920, 27929, 1120048, 1116764, 24707, 65236, 65236, 2076923608
679, 2417804, 27198, 1120397, 1117044, 24081, 64542, 64542, 3890291126
685, 2412843, 29068, 1115631, 1111267, 25967, 65455, 65455, 497675442
681, 2415593, 44510, 1097802, 1094136, 41215, 68965, 68965, 2098353131
672, 2417479, 1102659, 41852, 38748, 1099150, 67535, 67535, 1264983321
680, 2416287, 57563, 1087007, 1083080, 54375, 67131, 67131, 3827713543
683, 2412970, 35534, 1102513, 1098699, 32352, 71936, 71936, 749798330
682, 2421797, 37890, 1110071, 1106847, 34675, 66157, 66157, 2856718143
676, 2412152, 1108999, 34835, 31582, 1105636, 65550, 65550, 1761283671
684, 2416395, 30985, 1112743, 1109448, 27849, 67685, 67685, 3442797519
688, 2413691, 27027, 1112871, 1109212, 23939, 70321, 70321, 4043996517
690, 2415091, 1094579, 47002, 43698, 1091228, 69292, 69292, 3507095278
686, 2420457, 1089571, 56851, 53560, 1085739, 67368, 67368, 2792029421
691, 2410797, 49783, 1087533, 1083900, 46453, 71564, 71564, 793746110
692, 2417684, 1116498, 32380, 29206, 1112194, 63703, 63703, 3392491058
695, 2419834, 33767, 1115088, 1110573, 30554, 64926, 64926, 2283182212
687, 2413923, 29814, 1112890, 1109439, 26478, 67651, 67651, 1217716596
689, 2415750, 1110739, 34969, 31652, 1106512, 65939, 65939, 1097023560
693, 2418481, 1113144, 32629, 29551, 1109995, 66581, 66581, 1703736877
697, 2415835, 1121318, 27847, 24764, 1117164, 62371, 62371, 1024927696
698, 2416477, 29647, 1112089, 1107748, 26389, 70302, 70302, 994940262
694, 2416021, 1114547, 32141, 28908, 1110217, 65104, 65104, 601519122
699, 2418026, 32125, 1113485, 1109581, 28975, 66930, 66930, 811400958
702, 2416660, 34342, 1112108, 1108372, 31046, 65396, 65396, 2727272581
696, 2408677, 1105761, 34431, 31006, 1102001, 67739, 67739, 360670558
707, 2420187, 43345, 1101674, 1097065, 40261, 68921, 68921, 2956884849
709, 2412430, 54984, 1084165, 1079910, 51621, 70875, 70875, 962860649
701, 2418770, 1082353, 59259, 55924, 1078852, 71191, 71191, 1195619797
705, 2419423, 23986, 1123815, 1120240, 20974, 65204, 65204, 643802548
711, 2415318, 32411, 1111644, 1107850, 29413, 67000, 67000, 4061437854
706, 2412458, 1104500, 38358, 35104, 1101312, 66592, 66592, 2588130802
710, 2413704, 1109436, 36139, 32989, 1104616, 65262, 65262, 2729701712
708, 2414254, 1108489, 35052, 31746, 1104621, 67173, 67173, 3771152225
703, 2416811, 1117750, 30574, 27387, 1114162, 63469, 63469, 987376256
714, 2415088, 37060, 1106037, 1102625, 34030, 67668, 67668, 2939810896
700, 2415272, 120147, 1018766, 1015468, 116965, 71963, 71963, 3285732664
712, 2412941, 1088879, 50603, 47375, 1084758, 70663, 70663, 2305930331
715, 2420904, 1115246, 31843, 28648, 1111059, 67054, 67054, 3658424090
704, 2415206, 1111083, 35732, 32480, 1107087, 64412, 64412, 914062796
713, 2418540, 1112362, 32764, 29438, 1108778, 67599, 67599, 1860537696
716, 2416386, 35665, 1110420, 1106761, 32354, 65593, 65593, 1566535132
721, 2417616, 23361, 1118604, 1114413, 20334, 70452, 70452, 711701493
724, 2420594, 28610, 1122393, 1117722, 25475, 63197, 63197, 2659109563
717, 2415997, 1104398, 39322, 36026, 1100683, 67784, 67784, 3874687691
719, 2423322, 1118787, 30794, 27683, 1115020, 65519, 65519, 1873280588
718, 2418150, 73757, 1072084, 1068591, 70516, 66601, 66601, 2437526211
726, 2415209, 51854, 1089203, 1085228, 48582, 70171, 70171, 3442881719
723, 2415863, 1095267, 48706, 45446, 1091376, 67534, 67534, 3552415200
725, 2418001, 31521, 1108693, 1105359, 28240, 72094, 72094, 2584552008
720, 2420395, 1090260, 53193, 50066, 1086940, 69968, 69968, 782274673
731, 2412604, 56569, 1082743, 1079373, 53267, 70326, 70326, 2867069110
730, 2416647, 35482, 1108407, 1104696, 32268, 67897, 67897, 495324096
722, 2415491, 30628, 1115788, 1112712, 27425, 64469, 64469, 2937414216
727, 2417803, 1092049, 50345, 46918, 1088355, 70068, 70068, 670959276
728, 2416544, 31359, 1112216, 1108261, 28278, 68215, 68215, 2023419998
734, 2416720, 36377, 1107536, 1103722, 32975, 68055, 68055, 2008066912
729, 2420212, 1092879, 50400, 47203, 1089590, 70070, 70070, 1319471401
733, 2417295, 34119, 1113592, 1109870, 30950, 64382, 64382, 3277044692
736, 2420571, 1125553, 26556, 23468, 1121610, 61692, 61692, 434572231
732, 2415545, 978099, 158179, 154802, 974247, 75109, 75109, 69992718
741, 2413941, 34147, 1111014, 1106829, 30911, 65520, 65520, 2408351713
735, 2418376, 1123846, 26022, 22904, 1120618, 62493, 62493, 1710087839
737, 2419255, 1116498, 31303, 28162, 1112260, 65516, 65516, 3830897650
738, 2416178, 1113317, 31534, 28329, 1109932, 66533, 66533, 2985152855
740, 2411030, 1118204, 28070, 24816, 1114370, 62785, 62785, 4088131147
739, 2416556, 1115431, 29032, 25864, 1110913, 67658, 67658, 2805891847
747, 2409266, 48914, 1090011, 1085754, 45505, 69541, 69541, 2834153692
743, 2419609, 1110463, 35772, 32678, 1106590, 67053, 67053, 2875262847
745, 2419329, 1072313, 68851, 65747, 1068716, 71851, 71851, 3896995480
750, 2411664, 32384, 1111350, 1107027, 29033, 65935, 65935, 3027863630
744, 2416934, 1109878, 34949, 31676, 1106711, 66860, 66860, 144942466
752, 2414012, 1119565, 26540, 23372, 1115115, 64710, 64710, 3180194009
742, 2424610, 1078680, 70992, 67830, 1074746, 66181, 66181, 2984289261
748, 2417042, 1110949, 32981, 29881, 1106715, 68258, 68258, 892805903
749, 2415686, 50095, 1093051, 1089525, 47045, 67985, 67985, 66249256
756, 2417122, 42626, 1101982, 1098208, 39356, 67475, 67475, 3111742786
753, 2421240, 34822, 1105044, 1101729, 31573, 74036, 74036, 2293343625
751, 2418489, 30773, 1117226, 1113565, 27669, 64628, 64628, 883135112
755, 2417153, 35286, 1112925, 1108995, 32113, 63917, 63917, 397364741
746, 2411589, 368380, 748875, 744835, 365129, 92185, 92185, 4076116064
759, 2418442, 44511, 1101414, 1097727, 41176, 66807, 66807, 112761421
754, 2417016, 1102155, 43668, 40520, 1098695, 65989, 65989, 136839661
758, 2416779, 38277, 1105591, 1102229, 35024, 67829, 67829, 312515996
770, 2416241, 37857, 1108379, 1104026, 34471, 65754, 65754, 1392860410
762, 2420828, 1120855, 29364, 26222, 1116899, 63744, 63744, 2414411407
757, 2415685, 1108083, 36889, 33562, 1104637, 66257, 66257, 1598280470
761, 2417361, 1115962, 32158, 28993, 1112332, 63958, 63958, 2855299028
764, 2415669, 49508, 1092720, 1089277, 46264, 68950, 68950, 1782138123
768, 2417650, 1103829, 38875, 35413, 1100283, 69625, 69625, 2201934025
760, 2415225, 1121270, 27553, 24358, 1117718, 62163, 62163, 3783353620
763, 2414541, 30797, 1112320, 1108981, 27511, 67466, 67466, 912620243
771, 2414056, 1117717, 28476, 25386, 1113159, 64659, 64659, 194799198
767, 2414394, 28481, 1117190, 1113795, 25244, 64842, 64842, 4088420266
766, 2418321, 1119981, 28832, 25757, 1116607, 63572, 63572, 2271035085
769, 2409804, 1094603, 44320, 40990, 1090735, 69578, 69578, 2603187337
773, 2421681, 1110486, 34217, 31063, 1106161, 69877, 69877, 1523182349
775, 2415582, 30269, 1115164, 1110992, 26973, 66092, 66092, 2285478784
765, 2419027, 586269, 540056, 536755, 583119, 86414, 86414, 2676987728
772, 2417357, 1070078, 75391, 72238, 1066810, 66420, 66420, 1242289738
776, 2421175, 49514, 1099758, 1096243, 46286, 64687, 64687, 1505106104
774, 2418464, 1101388, 44684, 41481, 1098007, 66452, 66452, 3504688750
779, 2417143, 32465, 1113094, 1109831, 29291, 66231, 66231, 854381719
784, 2419237, 1117726, 30177, 27088, 1113324, 65461, 65461, 1711088370
777, 2413304, 1113100, 30039, 26841, 1109640, 66842, 66842, 121231721
780, 2413640, 38930, 1103361, 1099309, 35552, 68244, 68244, 2256823574
778, 2416041, 1104010, 42349, 39131, 1100433, 65059, 65059, 304542840
790, 2418848, 26374, 1123125, 1118980, 23203, 63583, 63583, 913975091
782, 2418021, 37250, 1109103, 1105778, 33842, 66024, 66024, 3630279888
786, 2418661, 1113679, 33593, 30388, 1109979, 65511, 65511, 1908031065
781, 2420518, 1119632, 29735, 26556, 1116395, 64100, 64100, 3437937082
785, 2413610, 74566, 1065809, 1062297, 71404, 69767, 69767, 2210546265
788, 2421778, 1069945, 74906, 71595, 1066466, 69433, 69433, 2437058374
783, 2419792, 1076021, 67568, 64146, 1072885, 69586, 69586, 704048023
789, 2417197, 1114907, 33897, 30741, 1111198, 63227, 63227, 181064293
787, 2419585, 25894, 1119949, 1116608, 22750, 67192, 67192, 2353001026
791, 2412481, 24783, 1120921, 1117436, 21631, 63855, 63855, 1727034018
793, 2421515, 1126213, 25021, 21892, 1122455, 62967, 62967, 1717806183
800, 2420388, 20678, 1129450, 1124789, 17551, 63960, 63960, 2837239891
794, 2426518, 1116596, 32940, 29828, 1113282, 66936, 66936, 1806678762
799, 2425230, 33241, 1118163, 1114461, 30279, 64543, 64543, 1676777391
795, 2411583, 1112702, 28202, 25052, 1108807, 68410, 68410, 2013183302
797, 2419224, 1116623, 31539, 28386, 1112970, 64853, 64853, 3301623121
792, 2421081, 1068779, 76936, 73686, 1064998, 68341, 68341, 4149518411
801, 2415027, 32536, 1110285, 1106365, 29163, 68339, 68339, 793685057
798, 2415173, 1112072, 33401, 30211, 1107727, 65881, 65881, 1270572617
803, 2411484, 29810, 1114142, 1110533, 26747, 65126, 65126, 2344051650
796, 2417400, 608200, 510049, 506704, 604805, 93821, 93821, 1210711415
806, 2419968, 33325, 1116056, 1112096, 30025, 64233, 64233, 3225377659
802, 2417978, 57221, 1087277, 1083920, 54050, 67755, 67755, 2548794039
804, 2418635, 35058, 1113922, 1110098, 31759, 63899, 63899, 2344828024
808, 2418120, 1123513, 27031, 23937, 1119479, 62080, 62080, 1138585217
807, 2413550, 1111483, 32902, 29683, 1107146, 66168, 66168, 4083678974
811, 2421381, 33120, 1116703, 1112783, 29981, 64397, 64397, 3389734527
805, 2419968, 1078308, 64915, 61711, 1074852, 70091, 70091, 2398283206
820, 2415879, 31303, 1116641, 1112616, 28069, 63625, 63625, 1355974438
813, 2415702, 1102901, 41912, 38666, 1098775, 66724, 66724, 3432172409
809, 2418956, 34924, 1101551, 1098095, 31608, 76389, 76389, 1747067108
823, 2417612, 29456, 1119184, 1115210, 26276, 63743, 63743, 3878643366
816, 2418481, 1109637, 36069, 32851, 1105846, 67039, 67039, 4060297518
822, 2409481, 30895, 1111695, 1106828, 27769, 66147, 66147, 3750099578
819, 2415000, 33772, 1111138, 1107469, 30641, 65990, 65990, 13421620
815, 2418322, 1111536, 34562, 31234, 1108214, 66388, 66388, 1652020211
817, 2414385, 46868, 1093514, 1089960, 43693, 70175, 70175, 3735625617
810, 2415393, 177064, 924169, 920924, 173694, 109771, 109771, 738932920
824, 2415112, 58552, 1085195, 1081205, 55340, 67410, 67410, 364259331
812, 2417102, 989241, 143695, 140410, 985802, 78977, 78977, 3277259010
818, 2408535, 1106266, 31373, 28026, 1102470, 70200, 70200, 575391620
814, 2420760, 1103390, 44377, 41118, 1099911, 65982, 65982, 928593221
826, 2422010, 1119367, 27007, 23939, 1114773, 68462, 68462, 3917199228
827, 2418566, 1108185, 39982, 36616, 1104777, 64503, 64503, 3749155510
825, 2417378, 1104200, 40750, 37591, 1100761, 67038, 67038, 1443603370
829, 2418143, 1112262, 34403, 31283, 1108521, 65837, 65837, 1398029046
831, 2414697, 1109678, 37385, 34313, 1105291, 64015, 64015, 3214817501
833, 2418657, 39098, 1106573, 1103104, 35766, 67058, 67058, 2034540006
834, 2420788, 24385, 1127337, 1123319, 21373, 62187, 62187, 2526413167
821, 2417353, 1117524, 28717, 25418, 1114076, 65809, 65809, 3175334587
832, 2414174, 1112361, 29094, 25817, 1108786, 69058, 69058, 1466906532
828, 2426149, 1124155, 29324, 26076, 1121062, 62766, 62766, 2678149380
830, 2417253, 1116505, 30842, 27590, 1113130, 64593, 64593, 1270012887
836, 2419622, 1108565, 36755, 33611, 1104165, 68263, 68263, 1407467881
835, 2422689, 1109586, 39846, 36741, 1106008, 65254, 65254, 4059814495
841, 2419253, 30915, 1116081, 1111588, 27629, 66520, 66520, 787969378
837, 2419274, 1103965, 44872, 41750, 1100805, 63941, 63941, 3083822179
840, 2416375, 37601, 1108030, 1103839, 34521, 66192, 66192, 2124385886
842, 2414727, 35916, 1108785, 1105135, 32563, 66164, 66164, 2684997436
847, 2414402, 37835, 1106981, 1102766, 34618, 66101, 66101, 280344625
843, 2416942, 29167, 1117571, 1114190, 26020, 64997, 64997, 3370519106
846, 2422596, 28757, 1110489, 1106552, 25524, 75637, 75637, 3069620461
844, 2416919, 1097988, 44211, 41068, 1094286, 69683, 69683, 2666740494
848, 2419825, 29647, 1119352, 1115663, 26479, 64342, 64342, 2357534608
851, 2415872, 30328, 1117649, 1113709, 27226, 63480, 63480, 1944880918
839, 2416138, 1107741, 38319, 35032, 1104330, 65358, 65358, 4252408257
838, 2422518, 1024942, 119509, 116189, 1021392, 70243, 70243, 2398027834
850, 2416426, 28960, 1113575, 1110167, 25772, 68976, 68976, 2286492477
845, 2416891, 1067656, 72514, 69288, 1064259, 71587, 71587, 2203215458
852, 2416085, 33773, 1114355, 1110573, 30686, 63349, 63349, 1781127630
853, 2419324, 1081881, 60817, 57550, 1077832, 70622, 70622, 2262323704
857, 2415959, 31149, 1115348, 1111161, 27989, 65156, 65156, 3206946039
849, 2408973, 1035750, 96413, 93180, 1031630, 76000, 76000, 2614926712
855, 2416362, 1112149, 32768, 29487, 1108450, 66754, 66754, 4277290026
854, 2416858, 31730, 1112200, 1108950, 28530, 67724, 67724, 3371557770
856, 2416443, 32007, 1113123, 1109535, 28926, 66426, 66426, 3285686916
861, 2412709, 1092630, 43411, 40258, 1089002, 73704, 73704, 3837158336
863, 2416631, 90393, 1048156, 1044522, 87150, 73205, 73205, 2866244257
858, 2413074, 1101162, 41959, 38640, 1097441, 66936, 66936, 3681940586
862, 2414160, 1094973, 48658, 45418, 1091225, 66943, 66943, 2100424233
859, 2417939, 1081795, 48069, 44900, 1078363, 82406, 82406, 3477060809
864, 2416141, 1106537, 39199, 36008, 1102997, 65700, 65700, 2079269071
868, 2414990, 50502, 1093258, 1088955, 47181, 67547, 67547, 883229815
865, 2419047, 1117573, 31456, 28404, 1114134, 63740, 63740, 3244712897
867, 2418098, 1106326, 36313, 32939, 1102824, 69848, 69848, 2184938022
871, 2417117, 30042, 1120093, 1115977, 26877, 62064, 62064, 1746131838
860, 2415356, 1113662, 30961, 27796, 1110437, 66250, 66250, 3861463083
869, 2417011, 1118525, 28966, 25738, 1114710, 64536, 64536, 1233837569
866, 2416392, 1101761, 42755, 39509, 1098455, 66956, 66956, 2219594954
873, 2415716, 39853, 1105328, 1101508, 36719, 66154, 66154, 1692762262
870, 2415717, 48484, 1096118, 1091943, 45302, 66935, 66935, 3351688263
872, 2414976, 1115007, 30009, 26718, 1111470, 65886, 65886, 2789333308
874, 2417335, 1121489, 28166, 25052, 1117004, 62812, 62812, 2551266049
876, 2423866, 1120650, 29987, 27020, 1117031, 64589, 64589, 1982848367
875, 2411550, 1097730, 44461, 41259, 1093406, 67347, 67347, 1757955614
886, 2413586, 25710, 1119678, 1115146, 22502, 65275, 65275, 3758914427
879, 2420615, 1097779, 46199, 42965, 1094132, 69770, 69770, 1821035545
877, 2417315, 1124022, 26051, 22913, 1119711, 62309, 62309, 1734736746
885, 2415546, 1119983, 27793, 24597, 1115873, 63650, 63650, 3186566390
880, 2416993, 1106499, 36562, 33428, 1102396, 69054, 69054, 632152318
878, 2416126, 1067849, 75935, 72865, 1063965, 67756, 67756, 36860825
881, 2418899, 23460, 1128495, 1124811, 20529, 60802, 60802, 1720766489
882, 2416551, 1102537, 42605, 39398, 1098893, 66559, 66559, 769027254
883, 2418032, 1116017, 29180, 25870, 1112357, 67304, 67304, 3207410856
887, 2421630, 31061, 1118814, 1115523, 27986, 64123, 64123, 205804711
884, 2419325, 1112983, 34542, 31405, 1109385, 65505, 65505, 1330587742
889, 2417702, 37562, 1110529, 1106983, 34250, 64189, 64189, 2104544280
892, 2416150, 32458, 1113943, 1109584, 29343, 65411, 65411, 2414152746
888, 2420350, 1098539, 33984, 30970, 1094833, 81012, 81012, 3343259764
896, 2421469, 28772, 1122687, 1118953, 25711, 62673, 62673, 436900347
893, 2414911, 1116881, 28422, 25317, 1112553, 65869, 65869, 978207816
895, 2420931, 26373, 1125397, 1121354, 23207, 62300, 62300, 3999522100
891, 2427253, 1109653, 38306, 35209, 1105599, 69243, 69243, 1463860051
890, 2422248, 1066085, 79136, 75839, 1062798, 69195, 69195, 4129426511
897, 2420209, 82240, 1061551, 1056214, 78954, 70625, 70625, 857978346
894, 2420557, 1124447, 26572, 23507, 1120241, 62895, 62895, 2756800201
901, 2419302, 1116205, 31916, 28787, 1111564, 65415, 65415, 3767758054
898, 2412048, 1109196, 36165, 32915, 1104948, 64412, 64412, 719540516
900, 2421746, 52792, 1094581, 1091398, 49503, 66736, 66736, 3524508022
899, 2415807, 1102188, 43109, 39736, 1097876, 66449, 66449, 3818392585
907, 2414580, 46652, 1101032, 1096408, 43350, 63569, 63569, 3386117440
903, 2417182, 53076, 1082697, 1079266, 49839, 76152, 76152, 4097878846
912, 2417901, 33548, 1113434, 1109431, 30228, 65630, 65630, 1709847513
904, 2412077, 35869, 1107321, 1103936, 32579, 66186, 66186, 913106796
905, 2422416, 1123331, 28504, 25225, 1120072, 62642, 62642, 3665812670
902, 2418397, 1069236, 71023, 67872, 1065702, 72282, 72282, 3797072726
910, 2417053, 1107416, 35544, 32402, 1103471, 69110, 69110, 4262692946
906, 2415384, 1098891, 40003, 36746, 1095324, 72210, 72210, 205199383
908, 2419659, 48970, 1090082, 1086682, 45811, 74057, 74057, 2817618816
911, 2416728, 33991, 1107965, 1104672, 30808, 69646, 69646, 2490811170
916, 2421940, 32144, 1119027, 1115361, 29042, 63183, 63183, 602377878
915, 2423814, 1126742, 26741, 23595, 1122410, 62163, 62163, 1228729654
917, 2428172, 44895, 1108072, 1104408, 41879, 64459, 64459, 2631020840
909, 2417627, 32589, 1115999, 1112796, 29297, 63473, 63473, 1801539064
914, 2412918, 1103597, 40653, 37483, 1100261, 65462, 65462, 3259511532
913, 2412127, 1105497, 36301, 32991, 1102056, 67641, 67641, 611591159
918, 2413482, 1104049, 37831, 34497, 1100423, 68341, 68341, 3270549088
919, 2421020, 36471, 1112004, 1108727, 33236, 65291, 65291, 856511261
923, 2417942, 1107488, 36638, 33440, 1102890, 68743, 68743, 610561981
924, 2422385, 1114874, 33539, 30397, 1110273, 66651, 66651, 3239280483
929, 2414739, 30723, 1113761, 1109062, 27491, 66851, 66851, 3328980833
928, 2420141, 1127708, 24738, 21708, 1122971, 61508, 61508, 1710326547
922, 2414833, 38629, 1096231, 1092743, 35372, 75929, 75929, 255976991
925, 2422291, 1114849, 33638, 30451, 1111681, 65836, 65836, 3915080542
930, 2407864, 35168, 1101155, 1097068, 31881, 71296, 71296, 1461498938
920, 2416635, 1087562, 55225, 52009, 1083005, 69417, 69417, 3935101833
935, 2412528, 40975, 1102208, 1097841, 37654, 66925, 66925, 1157308944
937, 2411012, 31018, 1108590, 1104492, 27920, 69496, 69496, 1604382243
938, 2417024, 35160, 1113708, 1108522, 31938, 63848, 63848, 1308154323
936, 2409059, 76547, 1058296, 1054397, 73129, 73345, 73345, 1949099602
934, 2419947, 49438, 1094659, 1091087, 46187, 69288, 69288, 2707867975
932, 2419535, 1126380, 22535, 19392, 1122888, 64170, 64170, 3202951177
926, 2420344, 890137, 241907, 238768, 886790, 81371, 81371, 3425872156
931, 2418664, 1121157, 28425, 25202, 1116750, 63565, 63565, 1373155051
927, 2419392, 1100275, 47742, 44621, 1096314, 65220, 65220, 882879294
921, 2415693, 1083827, 52433, 49178, 1080463, 74896, 74896, 3775110636
933, 2413550, 1119249, 28132, 24854, 1115589, 62863, 62863, 585396495
939, 2413041, 1110143, 33961, 30587, 1105796, 66277, 66277, 2466165059
945, 2415093, 45158, 1100721, 1095082, 42020, 66056, 66056, 4202751205
947, 2414624, 23470, 1124206, 1119418, 20350, 63590, 63590, 1323195160
940, 2415247, 1106277, 36403, 33275, 1102498, 68397, 68397, 3300635326
946, 2421384, 26121, 1123711, 1119981, 22865, 64353, 64353, 1441270004
941, 2420026, 1072577, 70275, 67053, 1068931, 70595, 70595, 2116887695
953, 2412064, 37324, 1106226, 1101561, 34219, 66367, 66367, 207627077
943, 2413886, 1087929, 57230, 53751, 1083146, 65915, 65915, 2828494569
942, 2417256, 1102011, 42855, 39714, 1098808, 66934, 66934, 3715301446
950, 2412316, 1111485, 31455, 28202, 1107946, 66614, 66614, 68745107
944, 2414053, 1104824, 39422, 36254, 1101091, 66231, 66231, 818408824
952, 2413014, 1116712, 27794, 24538, 1113022, 65474, 65474, 3185621116
949, 2417334, 1091070, 52226, 48979, 1086795, 69132, 69132, 2809435788
958, 2417811, 31153, 1117236, 1113427, 27907, 64044, 64044, 3697168254
948, 2417833, 1117839, 25811, 22793, 1114806, 68292, 68292, 816941384
960, 2414687, 58698, 1083704, 1079737, 55342, 68603, 68603, 1127576212
963, 2420823, 43882, 1101559, 1097461, 40803, 68559, 68559, 4043777700
956, 2420138, 1115250, 31805, 28606, 1111961, 66258, 66258, 1565279885
962, 2413240, 45889, 1097728, 1093803, 42632, 66594, 66594, 2501999376
964, 2418635, 28795, 1113816, 1109206, 25610, 70604, 70604, 360619679
951, 2410085, 1081343, 56688, 53341, 1077693, 70510, 70510, 1423606017
955, 2418859, 60325, 1083674, 1080242, 57082, 68768, 68768, 2268931290
959, 2409766, 1109132, 32519, 29159, 1105246, 66855, 66855, 3917682964
954, 2414253, 1113866, 32861, 29659, 1110527, 63670, 63670, 1628487414
957, 2418358, 1124195, 24337, 21294, 1120968, 63782, 63782, 3942701794
968, 2416952, 30540, 1114784, 1110480, 27346, 66901, 66901, 854330637
966, 2422711, 31860, 1117287, 1113867, 28649, 65524, 65524, 2398123814
965, 2417183, 91723, 1047917, 1044512, 88513, 72259, 72259, 3801318065
961, 2418201, 1089432, 54881, 51659, 1085723, 68253, 68253, 2488913237
967, 2412567, 1002104, 133367, 130119, 998617, 74180, 74180, 3527385890
979, 2423129, 32618, 1119943, 1115231, 29609, 62864, 62864, 183994268
975, 2416118, 1115187, 31049, 27727, 1111441, 65357, 65357, 226878336
978, 2416096, 1101594, 40752, 37530, 1097336, 69442, 69442, 398459920
976, 2409727, 56517, 1084160, 1079498, 53142, 68205, 68205, 1424221970
980, 2422400, 38402, 1109325, 1105446, 35201, 67013, 67013, 4185232042
969, 2416204, 1108470, 35131, 32007, 1104960, 67818, 67818, 3768831026
977, 2421211, 42726, 1104089, 1100690, 39686, 67010, 67010, 3157165308
972, 2414573, 35760, 1107289, 1103830, 32442, 67626, 67626, 687143494
973, 2412476, 30703, 1112013, 1108605, 27447, 66854, 66854, 853656571
971, 2414582, 50594, 1091596, 1088152, 47410, 68415, 68415, 1894242295
970, 2417221, 1107323, 38753, 35535, 1104108, 65751, 65751, 1922981124
974, 2416159, 1045605, 90576, 87463, 1041975, 75270, 75270, 1478761433
981, 2417116, 1095839, 47967, 44776, 1092282, 68126, 68126, 3983165713
983, 2416608, 43297, 1101147, 1097593, 39981, 67295, 67295, 2964365456
987, 2420596, 32887, 1116151, 1111421, 29719, 65209, 65209, 1973491717
984, 2414349, 51343, 1087704, 1083457, 48223, 71811, 71811, 4048316023
992, 2415358, 48882, 1092485, 1087212, 45517, 70631, 70631, 4045660583
982, 2412567, 1091159, 47340, 44198, 1086576, 71647, 71647, 3714544128
993, 2413365, 42234, 1099707, 1095267, 38987, 68585, 68585, 1616979462
990, 2419928, 1106431, 38592, 35481, 1102460, 68482, 68482, 2074584776
989, 2419964, 1113057, 34634, 31351, 1109388, 65767, 65767, 283493050
986, 2416092, 1111452, 31300, 28149, 1107907, 68642, 68642, 274926120
985, 2416365, 1075803, 64574, 61152, 1071838, 71499, 71499, 2414459384
991, 2410628, 69864, 1066914, 1063217, 66497, 72068, 72068, 3537183089
988, 2416433, 1098249, 42483, 39243, 1095008, 70725, 70725, 417330140
994, 2417197, 55340, 1088847, 1085285, 51953, 67886, 67886, 1725494755
995, 2407035, 1112473, 28513, 25277, 1108512, 66130, 66130, 3698179738
996, 2419159, 1121843, 29356, 26198, 1116850, 62456, 62456, 3715895925
997, 2422596, 1111679, 38560, 35480, 1107729, 64574, 64574, 233288424
999, 2412632, 85143, 1053646, 1049982, 81855, 71003, 71003, 417574828
998, 2415376, 1069714, 65168, 61657, 1065891, 76473, 76473, 1939377887
