sample_id, N_LCC, N_A_1_LCC, N_B_1_LCC, N_A_0_LCC, N_B_0_LCC, N_A_*_LCC, N_B_*_LCC, seed
5, 2160812, 351216, 664333, 662799, 350016, 66224, 66224, 113598702
11, 2157991, 447229, 540229, 538935, 445960, 92819, 92819, 2497307228
3, 2161464, 520779, 502441, 501102, 519362, 58890, 58890, 2837390468
2, 2157449, 404256, 607709, 606266, 403030, 68094, 68094, 3616042297
9, 2158570, 498435, 525506, 524094, 497025, 56755, 56755, 1804878722
4, 2162688, 377441, 575811, 574743, 376273, 129210, 129210, 3756986726
1, 2160535, 549079, 478468, 477045, 547739, 54102, 54102, 4290049474
8, 2163280, 449731, 564446, 563051, 448736, 68658, 68658, 33076324
7, 2160761, 507476, 498617, 497297, 505929, 75721, 75721, 121743192
0, 2162050, 391430, 636307, 634786, 390261, 54633, 54633, 4183124688
10, 2159522, 495556, 512479, 511040, 494133, 73157, 73157, 738897306
6, 2159471, 598769, 393384, 392111, 597197, 89005, 89005, 4240525965
12, 2158609, 605755, 395105, 393872, 604251, 79813, 79813, 2907716780
13, 2162220, 555360, 435020, 433780, 554120, 91970, 91970, 3523721344
14, 2158421, 359390, 659302, 657561, 358214, 61977, 61977, 487390611
17, 2160303, 513657, 489911, 488496, 512183, 78028, 78028, 3706971565
16, 2158350, 478310, 538732, 537214, 476992, 63551, 63551, 3310280973
15, 2159308, 592619, 391413, 390158, 591326, 96896, 96896, 391667404
21, 2165766, 417972, 607215, 605892, 416797, 58945, 58945, 1602542792
19, 2159442, 697648, 304633, 303583, 695920, 78829, 78829, 2978763649
18, 2160305, 504844, 506726, 505397, 503602, 69868, 69868, 2353028329
22, 2162877, 399334, 611082, 609702, 398213, 72273, 72273, 2631793761
20, 2157266, 507092, 502909, 501624, 505645, 69998, 69998, 986012505
23, 2159560, 464127, 532836, 531500, 462775, 84161, 84161, 1518423067
24, 2160552, 401982, 594570, 593157, 400629, 85107, 85107, 2101985524
26, 2159940, 471141, 538228, 536929, 469810, 71916, 71916, 677809850
25, 2157369, 386645, 552949, 551601, 385394, 140390, 140390, 3426833116
28, 2158893, 391239, 588778, 587341, 389973, 100781, 100781, 1167445344
32, 2158051, 441777, 578780, 577401, 440491, 59801, 59801, 3743382703
30, 2161666, 529411, 492904, 491638, 528087, 59813, 59813, 2300246033
27, 2158403, 611208, 389752, 388582, 609691, 79585, 79585, 2311764975
34, 2160176, 481460, 543896, 542607, 480093, 56060, 56060, 3713275712
31, 2162199, 535900, 467214, 466042, 534483, 79280, 79280, 1712429152
33, 2156581, 647928, 367258, 366056, 646383, 64478, 64478, 2530017896
29, 2157895, 568864, 415273, 414077, 567485, 96098, 96098, 335372473
35, 2158622, 385222, 609893, 608147, 383922, 85719, 85719, 3874241974
37, 2160890, 539492, 486598, 485251, 538047, 55751, 55751, 665753133
36, 2158507, 340642, 670371, 669071, 339521, 69451, 69451, 664144238
38, 2158550, 360333, 655616, 653915, 359246, 64720, 64720, 1883410308
40, 2160054, 441831, 564967, 563482, 440540, 74617, 74617, 2141580443
39, 2161374, 516604, 501310, 499931, 515309, 64110, 64110, 3525594112
41, 2158619, 457367, 542546, 541136, 456006, 80782, 80782, 2886231143
42, 2157732, 539997, 405068, 403613, 538696, 135179, 135179, 2927163078
43, 2160232, 337900, 682115, 680651, 336588, 61489, 61489, 2078022819
45, 2158051, 589894, 434978, 433767, 588484, 55464, 55464, 1817550133
44, 2157322, 374115, 643117, 641392, 372896, 62901, 62901, 2824253424
46, 2158250, 591579, 401620, 400273, 590054, 87362, 87362, 3454802946
49, 2156517, 420550, 591613, 589963, 419255, 67568, 67568, 2579901388
48, 2158993, 661760, 356883, 355690, 659954, 62353, 62353, 1894019908
47, 2158695, 605625, 391599, 390411, 604188, 83436, 83436, 2315945616
50, 2159658, 592472, 393856, 392573, 591061, 94848, 94848, 2165858588
53, 2158647, 471614, 522032, 520650, 470291, 87030, 87030, 3352666089
51, 2158561, 534230, 461729, 460536, 532936, 84565, 84565, 2493285923
52, 2159853, 611805, 390128, 388812, 610620, 79244, 79244, 2851671287
54, 2159403, 259099, 757513, 755916, 258009, 64433, 64433, 1067810947
56, 2161742, 300328, 690927, 689559, 299206, 90861, 90861, 751841508
55, 2157806, 425664, 590040, 588559, 424411, 64566, 64566, 564999647
58, 2162450, 309051, 720324, 718727, 307940, 53204, 53204, 3949028788
57, 2157917, 606956, 369760, 368627, 605608, 103483, 103483, 3850963964
60, 2157680, 307115, 701174, 699625, 305854, 71956, 71956, 2816103766
59, 2162909, 414583, 579380, 577910, 413258, 88889, 88889, 3221674658
63, 2160007, 329160, 687944, 686343, 328030, 64265, 64265, 3749338294
64, 2158721, 558909, 460178, 458970, 557362, 61651, 61651, 2869071457
65, 2159236, 390993, 631664, 630091, 389794, 58347, 58347, 3058903123
68, 2158388, 533913, 460069, 458765, 532483, 86579, 86579, 3031419799
67, 2157679, 275273, 733026, 731483, 274147, 71875, 71875, 2552894515
66, 2159186, 474693, 537085, 535555, 473467, 69193, 69193, 3141031942
69, 2157955, 308420, 700995, 699355, 307301, 70942, 70942, 1574943476
62, 2157580, 621154, 362969, 361762, 619551, 96072, 96072, 3382215198
61, 2160994, 755700, 270570, 269483, 754011, 55615, 55615, 3887326736
70, 2161102, 435571, 585967, 584594, 434422, 60274, 60274, 333471478
72, 2163037, 558896, 467046, 465908, 557521, 56833, 56833, 1378198935
74, 2157606, 316812, 689541, 687771, 315612, 73935, 73935, 3063946048
71, 2162795, 510296, 491952, 490635, 509018, 80447, 80447, 1663189230
73, 2157199, 428259, 593384, 591895, 426977, 58342, 58342, 4225459911
78, 2157655, 464861, 547109, 545681, 463390, 68307, 68307, 3694445846
80, 2156729, 314556, 712053, 710402, 313466, 53126, 53126, 3466706352
76, 2160930, 633221, 343955, 342732, 631826, 104598, 104598, 3802338317
77, 2159874, 553761, 449438, 448099, 552500, 78038, 78038, 3205825761
79, 2159878, 425834, 552960, 551612, 424692, 102390, 102390, 1214333610
81, 2157353, 488540, 525649, 524369, 487091, 65852, 65852, 1964640592
75, 2157288, 517419, 421919, 420546, 515912, 140746, 140746, 504090962
82, 2158653, 446881, 523883, 522532, 445525, 109916, 109916, 2859377121
85, 2158426, 335019, 671489, 669737, 333945, 74118, 74118, 3351430417
84, 2160745, 573497, 451008, 449618, 572308, 57157, 57157, 2502767229
83, 2159455, 712693, 303384, 302262, 711158, 64979, 64979, 2799677972
86, 2160938, 491012, 511992, 510751, 489773, 78705, 78705, 2590975764
87, 2157399, 500347, 489175, 487799, 498912, 90583, 90583, 720109486
90, 2158845, 352660, 671363, 669678, 351584, 56780, 56780, 407794381
88, 2159474, 433178, 587279, 585967, 431888, 60581, 60581, 1689778480
91, 2156151, 507397, 502342, 500958, 505944, 69755, 69755, 1803439591
89, 2160151, 545496, 443582, 442333, 543908, 92416, 92416, 2429864450
93, 2160104, 566137, 433141, 431837, 564595, 82197, 82197, 1878269653
92, 2163441, 651113, 240930, 239987, 649963, 190724, 190724, 3103106605
94, 2161277, 661267, 358249, 357075, 659624, 62531, 62531, 2063798519
96, 2159508, 362549, 636813, 635392, 361388, 81683, 81683, 155736966
95, 2160648, 501947, 526879, 525392, 500750, 52840, 52840, 2465655199
97, 2157919, 578498, 404965, 403734, 577032, 96845, 96845, 222863557
98, 2157096, 576208, 435810, 434347, 574811, 67960, 67960, 2582213079
99, 2158221, 496081, 525656, 524204, 494620, 58830, 58830, 4106723368
101, 2161548, 415469, 594697, 593311, 414231, 71920, 71920, 758269879
102, 2159986, 296776, 671581, 670196, 295721, 112856, 112856, 106139644
104, 2160070, 620547, 401703, 400522, 619182, 59058, 59058, 2246594468
100, 2156886, 534669, 463868, 462470, 533265, 81307, 81307, 2455501414
103, 2157662, 495788, 497287, 495923, 494412, 87126, 87126, 4054403200
105, 2159095, 501892, 483129, 481841, 500477, 95878, 95878, 4208048636
106, 2159890, 472120, 525667, 524419, 470738, 83473, 83473, 2998535149
109, 2158292, 368172, 646762, 645034, 366792, 65766, 65766, 1698600660
108, 2160368, 423948, 596966, 595597, 422747, 60555, 60555, 291059124
107, 2155433, 539569, 414644, 413263, 538081, 124938, 124938, 3409196971
110, 2161012, 369479, 640768, 639405, 368348, 71506, 71506, 1625234144
112, 2157920, 437281, 569987, 568492, 435892, 73134, 73134, 435624437
111, 2163256, 486855, 503805, 502504, 485542, 92275, 92275, 4068934186
113, 2159942, 508965, 490124, 488893, 507564, 82198, 82198, 3476917104
115, 2157590, 404266, 593741, 592247, 402812, 82262, 82262, 1831602766
114, 2160534, 463560, 560397, 559196, 462083, 57649, 57649, 3661785389
116, 2157763, 624785, 398202, 397149, 623325, 57151, 57151, 3279714871
117, 2160291, 381469, 619734, 618130, 380278, 80340, 80340, 828430839
118, 2158213, 457032, 499255, 497836, 455740, 124175, 124175, 759073904
119, 2159834, 547051, 457250, 456051, 545718, 76882, 76882, 2987876864
120, 2158746, 401378, 568970, 567615, 400121, 110331, 110331, 1203131257
122, 2160835, 347662, 648865, 647408, 346612, 85144, 85144, 2555498706
121, 2160543, 602629, 418522, 417313, 601185, 60447, 60447, 3714174860
126, 2160052, 450221, 561954, 560324, 448933, 69310, 69310, 3632484632
124, 2161574, 479087, 536340, 534926, 477783, 66719, 66719, 3612691778
123, 2158346, 373673, 649207, 647930, 372540, 57498, 57498, 1457551675
127, 2157281, 531057, 489025, 487621, 529676, 59951, 59951, 1457308476
128, 2157119, 328040, 670929, 669121, 326951, 81039, 81039, 3161391784
125, 2157463, 510318, 510802, 509558, 509025, 58880, 58880, 4006457151
129, 2159559, 554860, 453483, 452091, 553551, 72787, 72787, 3249043360
130, 2159132, 500737, 487216, 486004, 499423, 92876, 92876, 2959962014
131, 2158891, 406278, 601903, 600487, 404959, 72632, 72632, 3141091854
132, 2158557, 414222, 606409, 604901, 412991, 60017, 60017, 1685556487
134, 2158677, 552174, 455969, 454597, 550803, 72567, 72567, 1627708648
136, 2161154, 352376, 676142, 674618, 351188, 53415, 53415, 1717826848
133, 2158811, 544507, 472232, 470765, 543289, 64009, 64009, 3572119634
135, 2158983, 533619, 445350, 444055, 532183, 101888, 101888, 3823915034
140, 2158917, 480293, 537412, 535956, 478928, 63164, 63164, 1295838651
139, 2159904, 643508, 369613, 368557, 642246, 67990, 67990, 3636859286
137, 2162963, 789115, 213294, 212314, 787182, 80529, 80529, 1351471579
138, 2160462, 674970, 352117, 350930, 673277, 54584, 54584, 889461395
141, 2159306, 343926, 669128, 667541, 342683, 68014, 68014, 511383950
142, 2159385, 594298, 436324, 435128, 592829, 50403, 50403, 3671736969
143, 2161062, 517575, 504922, 503551, 516052, 59481, 59481, 3721798520
145, 2159821, 395914, 615422, 614002, 394787, 69848, 69848, 127758155
146, 2163051, 572479, 445931, 444595, 570996, 64525, 64525, 873512968
147, 2157863, 449068, 567259, 565760, 447592, 64092, 64092, 111489171
148, 2159549, 539297, 470581, 469085, 537902, 71342, 71342, 1672089394
149, 2156573, 413130, 604840, 603227, 411816, 61780, 61780, 1679019538
144, 2159307, 587811, 353924, 352803, 586193, 139288, 139288, 3756178834
151, 2155306, 636792, 353396, 352172, 635558, 88694, 88694, 3169104613
152, 2159797, 467388, 531655, 530146, 466164, 82222, 82222, 3367921049
153, 2159348, 555746, 456249, 454964, 554459, 68965, 68965, 2950974630
150, 2161100, 730957, 284808, 283742, 729307, 66143, 66143, 131612885
154, 2165198, 412780, 600760, 599540, 411550, 70284, 70284, 361838503
155, 2158143, 370457, 622614, 621109, 369255, 87354, 87354, 3291053570
159, 2157302, 377304, 616106, 614491, 376139, 86631, 86631, 3157529232
156, 2160538, 529147, 470627, 469228, 527718, 81909, 81909, 576449252
157, 2160369, 722636, 292167, 291120, 720960, 66743, 66743, 2026682527
158, 2162449, 276379, 726004, 724383, 275297, 80193, 80193, 1691779566
160, 2160413, 609962, 370018, 368830, 608699, 101452, 101452, 561731158
162, 2159563, 548752, 449957, 448486, 547508, 82430, 82430, 392302123
163, 2159120, 352235, 649701, 648422, 350916, 78923, 78923, 2052344285
161, 2156861, 645944, 355405, 354256, 644452, 78402, 78402, 2646268066
165, 2162017, 599265, 412044, 410764, 597844, 71050, 71050, 2160039023
164, 2161901, 598839, 375356, 374235, 597419, 108026, 108026, 2038531634
167, 2157356, 550638, 442208, 440888, 549272, 87175, 87175, 3423600655
166, 2158236, 638976, 365998, 364850, 637654, 75379, 75379, 573750360
168, 2157736, 495508, 507090, 505631, 494035, 77736, 77736, 2883893976
171, 2161989, 495922, 529064, 527730, 494385, 57444, 57444, 1636882854
169, 2159008, 757146, 240451, 239421, 755536, 83227, 83227, 2215549062
170, 2162421, 622717, 395584, 394446, 621426, 64124, 64124, 2389169921
172, 2155363, 548599, 456719, 455533, 546926, 73793, 73793, 2093926373
174, 2156612, 467540, 465895, 464455, 466314, 146204, 146204, 4029671847
177, 2158939, 502667, 506265, 504876, 501059, 72036, 72036, 91111933
175, 2162263, 537675, 473154, 471921, 536287, 71613, 71613, 1144396460
173, 2158394, 648680, 351540, 350301, 647251, 80311, 80311, 1365533496
176, 2161155, 537444, 467818, 466541, 536046, 76653, 76653, 2105346759
179, 2162165, 648398, 357764, 356540, 646969, 76247, 76247, 813987724
178, 2159494, 457681, 549208, 547696, 456331, 74289, 74289, 1500389551
180, 2162347, 389660, 611183, 609837, 388309, 81679, 81679, 4266503262
181, 2160188, 469271, 545445, 544039, 467999, 66717, 66717, 336512197
183, 2160703, 374050, 626889, 625349, 372755, 80830, 80830, 2655562439
185, 2161682, 544147, 474597, 473111, 542821, 63503, 63503, 102959664
186, 2159643, 435865, 587134, 585882, 434648, 58057, 58057, 1522960350
182, 2162006, 271391, 754610, 753209, 270392, 56202, 56202, 2581485097
184, 2158093, 316687, 626665, 625084, 315547, 137055, 137055, 830045830
187, 2160586, 407823, 580158, 578477, 406710, 93709, 93709, 3802044838
188, 2158538, 596814, 425362, 424257, 595437, 58334, 58334, 4109976828
189, 2160615, 562504, 447766, 446632, 561205, 71254, 71254, 1032044818
190, 2157498, 539863, 451442, 450000, 538349, 88922, 88922, 526770376
192, 2160539, 545635, 458962, 457629, 544253, 77030, 77030, 1189967273
191, 2161025, 482337, 478318, 477119, 481047, 121102, 121102, 2613355477
194, 2157513, 416953, 596491, 594865, 415616, 66794, 66794, 3924587119
193, 2161249, 604063, 399498, 398266, 602444, 78489, 78489, 2847670029
198, 2155925, 479229, 501941, 500740, 477859, 98078, 98078, 3324465000
197, 2157739, 279560, 744095, 742593, 278501, 56495, 56495, 2855419062
195, 2160728, 562685, 446783, 445418, 561502, 72170, 72170, 522496227
196, 2158068, 537082, 470615, 469366, 535685, 72660, 72660, 2508799656
199, 2160169, 482500, 524134, 522590, 481159, 74893, 74893, 1267620550
200, 2158769, 611722, 409769, 408380, 610202, 59348, 59348, 3022497251
201, 2159344, 462631, 496034, 494780, 461377, 122261, 122261, 1976720738
202, 2160344, 651025, 377026, 376008, 649453, 53416, 53416, 7364927
203, 2162543, 631268, 396183, 395144, 629908, 55020, 55020, 2659781225
205, 2155733, 503807, 503081, 501552, 502535, 72379, 72379, 3181310803
204, 2158544, 481262, 519792, 518481, 479935, 79537, 79537, 3422305875
209, 2156790, 330260, 653536, 652159, 328993, 95921, 95921, 2758810514
207, 2157813, 497523, 464355, 462996, 496225, 118357, 118357, 1742533471
206, 2158178, 628576, 386226, 385019, 627145, 65606, 65606, 4070185963
208, 2158353, 437757, 588469, 587048, 436407, 54336, 54336, 2779216829
211, 2159543, 702956, 296727, 295505, 701477, 81439, 81439, 4287059267
210, 2159679, 720916, 286364, 285289, 719492, 73809, 73809, 3537225959
212, 2159982, 628220, 389889, 388778, 626575, 63260, 63260, 2502459247
213, 2162254, 570397, 447297, 445956, 568870, 64867, 64867, 154959782
214, 2158572, 453183, 549111, 547680, 451798, 78400, 78400, 3222972484
215, 2161463, 408251, 595555, 594337, 407158, 78081, 78081, 1573849395
216, 2157025, 493295, 486957, 485587, 491720, 99733, 99733, 2556446866
217, 2156734, 620184, 400938, 399744, 618552, 58658, 58658, 1443334192
222, 2157605, 360212, 650141, 648789, 358891, 69786, 69786, 1959064489
220, 2160741, 512211, 501663, 500262, 510869, 67868, 67868, 2837415289
219, 2159589, 623062, 385523, 384388, 621434, 72591, 72591, 3279059565
218, 2157424, 599665, 397941, 396467, 598271, 82540, 82540, 3618902186
224, 2159180, 539626, 473584, 472195, 538309, 67733, 67733, 3567621459
221, 2158984, 530973, 453235, 451855, 529555, 96683, 96683, 3448924244
223, 2161993, 582094, 396716, 395495, 580678, 103505, 103505, 1752399205
225, 2164261, 509938, 488479, 487397, 508691, 84878, 84878, 3746989735
226, 2158006, 570521, 433126, 431877, 569010, 76736, 76736, 174756749
228, 2161539, 395082, 628229, 626780, 393844, 58802, 58802, 1762379275
227, 2160744, 601652, 387536, 386357, 600271, 92464, 92464, 4190395622
230, 2158461, 375225, 643156, 641285, 373931, 62432, 62432, 2793983695
231, 2159060, 361731, 642974, 641382, 360489, 76242, 76242, 767945378
229, 2161574, 518544, 502178, 500926, 517218, 61354, 61354, 2461906702
234, 2158943, 477772, 531466, 530114, 476417, 71587, 71587, 3221971177
233, 2158636, 554678, 457376, 456140, 553220, 68611, 68611, 2359939398
232, 2156613, 744837, 273071, 271992, 743173, 61770, 61770, 2138229205
235, 2159969, 536981, 477638, 476389, 535741, 66610, 66610, 1782193313
236, 2161856, 497704, 496782, 495488, 496344, 87769, 87769, 3934176978
238, 2159576, 514519, 488955, 487495, 513001, 77803, 77803, 1021331531
237, 2164307, 629682, 375024, 374098, 628411, 78546, 78546, 2654712268
239, 2161080, 363039, 656776, 655307, 361790, 62084, 62084, 235216478
240, 2160422, 496361, 492087, 490874, 495074, 93013, 93013, 562705108
243, 2157569, 399605, 601781, 600176, 398263, 78872, 78872, 3917498020
241, 2158266, 649355, 349833, 348546, 647988, 81272, 81272, 3035445472
244, 2159013, 391851, 619527, 618061, 390670, 69452, 69452, 3646336883
242, 2161233, 591992, 385835, 384689, 590709, 104004, 104004, 3850846465
245, 2159910, 568726, 440010, 438693, 567405, 72538, 72538, 4053785957
246, 2158817, 695843, 320990, 319906, 694310, 63884, 63884, 1470430558
247, 2159723, 526726, 489105, 487985, 525263, 65322, 65322, 2626878910
248, 2161837, 340516, 686501, 685105, 339397, 55159, 55159, 700151838
249, 2156253, 319348, 683932, 682171, 318220, 76291, 76291, 1155652425
250, 2161254, 485084, 535620, 534286, 483880, 61192, 61192, 4036835413
251, 2161407, 708851, 279374, 278339, 707457, 93693, 93693, 3003175645
252, 2157957, 669680, 320668, 319556, 668067, 89993, 89993, 2527903565
253, 2161516, 573745, 424017, 422797, 572327, 84315, 84315, 212729231
254, 2161431, 518822, 502933, 501765, 517535, 60188, 60188, 2239597750
256, 2160883, 473561, 546099, 544798, 472265, 62080, 62080, 685951035
255, 2159296, 397149, 571438, 570223, 395916, 112285, 112285, 3279602576
259, 2157278, 538851, 475235, 474027, 537373, 65896, 65896, 4075989474
257, 2159300, 513449, 497963, 496753, 512153, 69491, 69491, 3187951887
258, 2162504, 521165, 500905, 499853, 519777, 60402, 60402, 3084839313
260, 2160747, 590824, 429402, 428138, 589649, 61367, 61367, 979553479
261, 2160324, 309532, 706788, 705198, 308456, 65175, 65175, 168866575
262, 2157957, 432379, 576635, 575210, 431121, 71306, 71306, 2703993571
263, 2156894, 379190, 627195, 625641, 377862, 73503, 73503, 4157817625
264, 2162561, 347070, 665482, 664318, 345975, 69858, 69858, 1971200345
266, 2159548, 314268, 700429, 698721, 313074, 66528, 66528, 4121114575
265, 2159327, 502559, 516410, 514978, 501304, 62038, 62038, 2565271872
267, 2158932, 417816, 589344, 587875, 416743, 73577, 73577, 510723667
268, 2159375, 449149, 543109, 541898, 447823, 88698, 88698, 3845852066
270, 2158957, 284829, 706154, 704493, 283825, 89828, 89828, 1873768280
271, 2158258, 456760, 532883, 531389, 455426, 90900, 90900, 3312073016
272, 2159651, 568951, 455164, 453906, 567572, 57029, 57029, 919642496
269, 2160074, 676667, 304159, 303043, 675209, 100498, 100498, 4020730006
273, 2161958, 348379, 626848, 625374, 347201, 107078, 107078, 836667449
274, 2160303, 476382, 511840, 510443, 475094, 93272, 93272, 450404287
275, 2160238, 486740, 510748, 509287, 485465, 83999, 83999, 3646574142
276, 2159983, 457303, 537611, 536135, 455800, 86567, 86567, 3151248115
277, 2158764, 505213, 495696, 494386, 503751, 79859, 79859, 3481642761
279, 2159218, 306538, 722335, 720925, 305258, 52081, 52081, 1517562755
280, 2159928, 344923, 675005, 673451, 343585, 61482, 61482, 1953343766
282, 2159406, 365033, 641262, 639701, 363966, 74722, 74722, 791371587
281, 2161914, 289840, 713337, 711800, 288573, 79182, 79182, 1395093231
278, 2161268, 653101, 337371, 336146, 651654, 91498, 91498, 257169766
283, 2161772, 372257, 622362, 620986, 371025, 87571, 87571, 3263645121
284, 2157661, 609406, 396281, 394997, 608047, 74465, 74465, 1604377774
285, 2159884, 645178, 364330, 363242, 643596, 71769, 71769, 19973002
286, 2157551, 612428, 373851, 372649, 610719, 93952, 93952, 403980075
287, 2159778, 574078, 415034, 413718, 572822, 92063, 92063, 4005906547
288, 2161691, 567004, 454461, 453191, 565615, 60710, 60710, 3007338330
290, 2158820, 546054, 440011, 438649, 544730, 94688, 94688, 3828741699
294, 2160388, 379881, 640314, 639107, 378704, 61191, 61191, 3358103145
289, 2160952, 497120, 515061, 513708, 495755, 69654, 69654, 576928034
291, 2159891, 548478, 452931, 451639, 547083, 79880, 79880, 632360651
293, 2160801, 588242, 415917, 414683, 586985, 77487, 77487, 1625212876
295, 2158567, 368097, 647506, 645927, 366895, 65071, 65071, 1793084166
292, 2160407, 552916, 361052, 359642, 551523, 167637, 167637, 650462319
297, 2158699, 511842, 491970, 490643, 510450, 76897, 76897, 159790868
296, 2157716, 707137, 298896, 297781, 705756, 74073, 74073, 3547151265
298, 2158897, 420789, 591100, 589957, 419493, 68779, 68779, 230850568
299, 2159425, 620246, 395336, 394132, 618689, 65511, 65511, 3243821163
300, 2161241, 301228, 717435, 716021, 300177, 63190, 63190, 585751240
302, 2158399, 600638, 397484, 396320, 599109, 82424, 82424, 2489635830
301, 2159569, 562789, 391345, 390120, 561399, 126958, 126958, 2900649540
305, 2160549, 469372, 526742, 525260, 467931, 85622, 85622, 3953263515
304, 2156556, 520959, 472453, 470978, 519518, 86324, 86324, 2354078011
303, 2159927, 619688, 380249, 379132, 618284, 81287, 81287, 2063469183
307, 2158398, 577950, 428886, 427582, 576544, 73718, 73718, 2323208699
306, 2157146, 435559, 560013, 558693, 434319, 84281, 84281, 645819961
308, 2160507, 468926, 549440, 547915, 467598, 63314, 63314, 661728945
309, 2161510, 496405, 523146, 521512, 495081, 62683, 62683, 1835783934
310, 2157603, 473300, 537385, 535813, 471941, 69582, 69582, 1858987993
311, 2159110, 455794, 509685, 508292, 454597, 115371, 115371, 1835150544
312, 2160631, 545608, 469149, 467898, 544074, 66951, 66951, 727280193
313, 2159834, 538856, 487431, 486042, 537479, 55013, 55013, 3682651703
314, 2157973, 421760, 596886, 595306, 420453, 61784, 61784, 3371582166
316, 2158810, 585934, 406186, 405008, 584590, 88546, 88546, 2256277675
315, 2156971, 479315, 506940, 505582, 478096, 93519, 93519, 602851120
317, 2158762, 500707, 520541, 519355, 499303, 59428, 59428, 4009927971
318, 2157655, 470454, 535922, 534628, 469267, 73692, 73692, 200156302
319, 2159952, 489167, 529144, 527762, 487795, 63042, 63042, 1449959547
320, 2160578, 599145, 415717, 414489, 597797, 66715, 66715, 1935794882
322, 2160257, 385107, 601347, 599895, 383938, 94985, 94985, 1690382358
321, 2161992, 431506, 581044, 579756, 430426, 69630, 69630, 1715709308
323, 2158478, 462086, 552786, 551107, 460901, 65799, 65799, 1961585243
324, 2157828, 369166, 646651, 645216, 368085, 64355, 64355, 2888200924
325, 2161752, 263490, 757022, 755558, 262496, 61593, 61593, 4048364242
326, 2157297, 449863, 560852, 559686, 448316, 69290, 69290, 3228561033
328, 2159748, 519067, 480338, 478853, 517752, 81869, 81869, 3530429203
330, 2157853, 447290, 576192, 574668, 446047, 56828, 56828, 1919255485
327, 2159517, 640734, 366883, 365722, 639200, 73489, 73489, 3231840753
329, 2158001, 435225, 578546, 577274, 433834, 66561, 66561, 2050107038
331, 2159249, 525363, 485495, 483806, 523923, 70331, 70331, 712373403
333, 2157341, 421549, 570833, 569520, 420317, 87561, 87561, 1520432950
332, 2158681, 618824, 387051, 385813, 617157, 74918, 74918, 359364821
334, 2160890, 515687, 496990, 495540, 514299, 69187, 69187, 2039010960
335, 2161498, 457392, 559710, 558439, 456167, 64895, 64895, 1741661748
336, 2158095, 388142, 615649, 613999, 387085, 76610, 76610, 2293180416
337, 2158243, 500940, 519082, 517592, 499633, 60498, 60498, 312353205
338, 2158772, 555278, 453332, 451856, 553690, 72308, 72308, 4292671497
339, 2154632, 519603, 469246, 467840, 518151, 89896, 89896, 1577328403
340, 2162254, 514829, 479826, 478350, 513749, 87750, 87750, 1622909382
341, 2159374, 562803, 444421, 443116, 561372, 73831, 73831, 4152411044
342, 2159151, 629623, 386350, 385028, 627978, 65086, 65086, 1192246100
343, 2159382, 499130, 498480, 497105, 497709, 83479, 83479, 1018168910
344, 2160240, 387055, 620653, 619021, 385943, 73784, 73784, 2371461814
346, 2158799, 542104, 472134, 470668, 540601, 66646, 66646, 2538973967
345, 2158428, 450465, 522477, 521099, 449177, 107605, 107605, 2872873115
347, 2160447, 548911, 468461, 467164, 547619, 64146, 64146, 2655555932
348, 2161605, 495821, 517786, 516259, 494567, 68586, 68586, 3639332499
349, 2161397, 548931, 460139, 458728, 547553, 73023, 73023, 1810957593
350, 2157679, 423560, 540033, 538724, 422256, 116553, 116553, 1228390737
351, 2160610, 549310, 445104, 443915, 547927, 87177, 87177, 2997943339
352, 2158926, 451162, 498727, 497254, 449661, 131061, 131061, 324168802
354, 2159874, 487453, 515100, 513670, 486115, 78768, 78768, 2803981427
353, 2158703, 532574, 458324, 457005, 531088, 89856, 89856, 228759172
355, 2160001, 560041, 442757, 441579, 558484, 78570, 78570, 2224378390
357, 2156872, 415365, 603295, 602062, 413916, 61117, 61117, 1823660601
356, 2161108, 364636, 624299, 622960, 363407, 92903, 92903, 3576846304
359, 2159689, 494250, 521976, 520611, 492816, 65018, 65018, 1465492467
360, 2159477, 378860, 636685, 635052, 377622, 65629, 65629, 2763964654
358, 2163949, 493344, 512397, 511162, 492152, 77447, 77447, 1623605214
361, 2160175, 570753, 406063, 404678, 569203, 104739, 104739, 1316705292
362, 2162202, 585720, 428331, 427009, 584456, 68343, 68343, 1974878413
365, 2158646, 616579, 406553, 405371, 615101, 57521, 57521, 3743792701
363, 2159941, 596070, 421619, 420314, 594534, 63702, 63702, 1790858826
366, 2158536, 419789, 591666, 590228, 418427, 69213, 69213, 4194407518
364, 2157152, 587508, 403643, 402324, 586183, 88747, 88747, 3330515949
367, 2158397, 487449, 524672, 523191, 486259, 68413, 68413, 673669217
368, 2159812, 410146, 601498, 599999, 409051, 69559, 69559, 2996981650
369, 2159006, 585829, 447428, 446073, 584068, 47804, 47804, 73035657
372, 2158455, 396009, 623018, 621482, 394806, 61570, 61570, 1415190307
371, 2162397, 488120, 477443, 476167, 486759, 116954, 116954, 710111897
370, 2157434, 579591, 358251, 357137, 578129, 142163, 142163, 1722630050
373, 2161201, 465026, 551204, 549718, 463821, 65716, 65716, 1756303988
374, 2158775, 447287, 564374, 562883, 445923, 69154, 69154, 256383404
375, 2158669, 394930, 591724, 590287, 393750, 93989, 93989, 2647537638
377, 2159093, 610040, 414023, 412737, 608679, 56807, 56807, 494854269
378, 2158851, 338380, 689295, 687718, 337248, 53105, 53105, 3368599846
379, 2158004, 486595, 503709, 502441, 485377, 89941, 89941, 1511397171
376, 2157442, 676196, 343029, 341681, 674740, 60898, 60898, 2932939727
380, 2157271, 484128, 492662, 491566, 482785, 103065, 103065, 2347869618
381, 2157837, 560631, 447389, 446117, 559222, 72239, 72239, 3061472643
383, 2159326, 424150, 588145, 586606, 422717, 68854, 68854, 2062832594
384, 2159491, 644158, 365759, 364458, 642616, 71250, 71250, 168791358
382, 2160841, 547005, 448310, 447237, 545717, 86286, 86286, 3644234010
385, 2158787, 562372, 456842, 455499, 561048, 61513, 61513, 1081115242
386, 2159428, 653663, 360185, 358885, 652327, 67184, 67184, 1183811282
387, 2159315, 584689, 439971, 438596, 583211, 56424, 56424, 3184423527
388, 2157065, 524070, 484576, 483177, 522730, 71256, 71256, 117737685
389, 2161659, 495499, 529197, 527806, 494271, 57443, 57443, 1566264115
392, 2157233, 507420, 501672, 500173, 506154, 70907, 70907, 1303992908
391, 2156663, 437033, 576935, 575358, 435759, 65789, 65789, 201658785
390, 2160814, 672253, 334178, 333156, 670835, 75196, 75196, 1630923785
393, 2159868, 531634, 478508, 477201, 530337, 71094, 71094, 3844570242
394, 2160987, 504202, 517464, 516177, 502984, 60080, 60080, 722255288
395, 2159529, 533639, 473825, 472453, 532264, 73674, 73674, 3763123456
397, 2160127, 513348, 510495, 509164, 511826, 57647, 57647, 1000005576
396, 2159568, 613768, 363395, 361977, 612428, 104000, 104000, 544797896
399, 2158553, 401542, 577114, 575729, 400456, 101856, 101856, 2489040012
401, 2160562, 637817, 381391, 380244, 636226, 62442, 62442, 1466776851
398, 2158938, 561497, 429644, 428463, 560158, 89588, 89588, 1164128118
402, 2162161, 427858, 578474, 577073, 426536, 76110, 76110, 4294309980
400, 2158571, 597993, 427777, 426488, 596615, 54849, 54849, 3054760014
403, 2163655, 477131, 543994, 542718, 475822, 61995, 61995, 2110285172
404, 2160956, 299140, 717729, 716025, 298078, 64992, 64992, 2780677198
406, 2163171, 465325, 531391, 529862, 464123, 86235, 86235, 573922351
405, 2161639, 435298, 566710, 565482, 434053, 80048, 80048, 2420511387
407, 2155570, 387167, 610179, 608735, 385889, 81800, 81800, 4055524461
408, 2160134, 480811, 505458, 504048, 479309, 95254, 95254, 2402309923
410, 2158871, 534559, 445160, 443916, 533220, 101008, 101008, 4031176466
409, 2159199, 614118, 393299, 392047, 612535, 73600, 73600, 2622467844
413, 2162582, 525121, 459493, 458177, 523617, 98087, 98087, 651762958
412, 2160192, 325940, 669835, 668488, 324913, 85508, 85508, 705013551
411, 2160929, 607213, 420250, 419162, 605914, 54195, 54195, 1323033343
414, 2158329, 466100, 510884, 509553, 464818, 103487, 103487, 3872944644
415, 2159230, 447874, 579213, 577745, 446570, 53914, 53914, 4284191376
416, 2158449, 473252, 493988, 492861, 472028, 113160, 113160, 288439930
418, 2161276, 426093, 599487, 598163, 424705, 56414, 56414, 1938736108
417, 2164442, 514139, 502129, 500894, 512944, 67168, 67168, 2487873781
419, 2160054, 532548, 485416, 484055, 531317, 63359, 63359, 3853090271
421, 2160049, 444200, 576770, 575213, 442860, 60503, 60503, 981831665
422, 2161386, 510798, 478205, 476843, 509416, 93062, 93062, 3440444543
423, 2159059, 418109, 565411, 564001, 416826, 97356, 97356, 1227996700
424, 2157440, 530449, 483526, 482225, 528824, 66208, 66208, 104717648
420, 2160766, 441746, 535606, 534338, 440590, 104243, 104243, 3143389161
425, 2159880, 691220, 326775, 325734, 689875, 63138, 63138, 1665391607
426, 2160653, 533133, 471528, 470288, 531632, 77036, 77036, 641220027
427, 2161104, 423288, 591734, 590370, 422122, 66795, 66795, 1443298014
428, 2162737, 553813, 414232, 413105, 552561, 114513, 114513, 2065408793
430, 2159051, 570178, 441906, 440631, 568640, 68848, 68848, 1473678059
429, 2157377, 649975, 351959, 350708, 648381, 78177, 78177, 31554216
431, 2159777, 509145, 497179, 495810, 507881, 74881, 74881, 291438144
432, 2157965, 486583, 520781, 519212, 485263, 73063, 73063, 1830848775
434, 2159900, 453523, 557461, 556231, 452283, 70201, 70201, 1243066963
435, 2157677, 498931, 509655, 508059, 497562, 71735, 71735, 4132785896
433, 2157523, 551694, 451007, 449766, 550376, 77340, 77340, 619414059
437, 2160041, 542371, 463153, 461869, 541042, 75803, 75803, 175954046
436, 2160193, 650154, 346481, 345292, 648708, 84779, 84779, 3372407134
438, 2159895, 635743, 385647, 384572, 634263, 59835, 59835, 4157665404
439, 2160726, 655204, 355757, 354809, 653860, 70548, 70548, 4237530136
442, 2161514, 357444, 661864, 660301, 356245, 62830, 62830, 3786301265
441, 2160828, 522318, 500523, 499181, 520896, 58955, 58955, 957906453
440, 2160601, 420063, 598705, 597511, 418788, 62767, 62767, 3451099620
443, 2160154, 438749, 572102, 570591, 437634, 70539, 70539, 2120624586
444, 2160305, 478496, 541189, 539849, 477321, 61725, 61725, 466694874
447, 2158219, 499901, 495322, 493628, 498502, 85433, 85433, 2082286768
446, 2158966, 340825, 666992, 665320, 339815, 73007, 73007, 670431615
445, 2161794, 728905, 297136, 296040, 727477, 56118, 56118, 3872317331
448, 2159760, 382932, 641991, 640508, 381729, 56300, 56300, 407248300
450, 2159693, 606357, 386505, 385174, 604917, 88370, 88370, 3359736683
449, 2158084, 595504, 403592, 402173, 594297, 81259, 81259, 1442600600
451, 2157605, 486630, 530748, 529262, 485397, 62784, 62784, 945742735
452, 2159989, 430205, 471072, 469711, 429133, 179934, 179934, 1666784838
453, 2161418, 641976, 369583, 368366, 640429, 70532, 70532, 60672320
454, 2158689, 536358, 450678, 449541, 534860, 93626, 93626, 1835915786
455, 2162467, 560090, 455423, 454211, 558731, 67006, 67006, 2834038447
456, 2161151, 637927, 376481, 375267, 636518, 67479, 67479, 136849038
458, 2158452, 457149, 560121, 558984, 455710, 63244, 63244, 2587307591
457, 2161245, 411958, 601414, 600176, 410675, 68511, 68511, 3947187582
459, 2162255, 565780, 431528, 430287, 564424, 85118, 85118, 107081887
460, 2159746, 431378, 588943, 587641, 429980, 60902, 60902, 1455041955
463, 2157483, 573337, 414248, 413023, 571777, 92549, 92549, 825750951
461, 2155854, 590114, 396112, 394891, 588535, 93101, 93101, 1158821795
462, 2162118, 317568, 549085, 547888, 316519, 215529, 215529, 3005733477
464, 2158086, 406827, 594148, 592678, 405653, 79390, 79390, 3311308521
466, 2160009, 368848, 613981, 612506, 367634, 98520, 98520, 3465534318
468, 2161177, 360503, 667586, 666217, 359343, 53764, 53764, 1956940464
465, 2160408, 568094, 445042, 443897, 566667, 68354, 68354, 3040849664
467, 2157512, 558697, 432688, 431642, 557147, 88669, 88669, 2277772724
470, 2159874, 384839, 602125, 600610, 383532, 94384, 94384, 4211524992
469, 2159914, 393343, 613901, 612441, 392183, 74023, 74023, 499535400
471, 2161655, 387702, 604406, 602939, 386304, 90152, 90152, 1182646993
472, 2160439, 553773, 461730, 460456, 552350, 66065, 66065, 378532970
473, 2157441, 478015, 515279, 513648, 476487, 87006, 87006, 3156768667
474, 2157099, 510775, 500728, 499567, 509433, 68298, 68298, 1504103267
476, 2159632, 226352, 793323, 791492, 225401, 61532, 61532, 41548161
475, 2157144, 694852, 314682, 313526, 693238, 70423, 70423, 550494239
477, 2160041, 522400, 491511, 490114, 521008, 67504, 67504, 3345891346
479, 2163779, 607398, 400191, 398988, 606090, 75556, 75556, 202630185
480, 2158122, 394741, 625464, 623952, 393483, 60241, 60241, 1377654653
481, 2160154, 533994, 493994, 492456, 532676, 53517, 53517, 4106270070
478, 2159738, 674874, 347697, 346411, 673452, 58652, 58652, 3576252715
482, 2156848, 598623, 409739, 408255, 597219, 71506, 71506, 224405260
483, 2155284, 382357, 641910, 640240, 380929, 54924, 54924, 2833905944
484, 2158866, 620082, 397998, 396882, 618522, 62691, 62691, 898929418
485, 2160230, 317908, 679773, 678149, 316822, 83789, 83789, 3890994870
487, 2160102, 593321, 416852, 415724, 591879, 71163, 71163, 1774735403
488, 2158724, 601409, 422425, 421297, 599941, 56826, 56826, 3050806957
486, 2161963, 560862, 467129, 465914, 559518, 54270, 54270, 1231070735
489, 2158427, 543809, 466378, 465018, 542486, 70368, 70368, 118499825
490, 2158965, 518048, 491252, 489894, 516653, 71559, 71559, 1185089996
492, 2158440, 492218, 524534, 523143, 490887, 63829, 63829, 1709942065
491, 2159833, 560359, 455743, 454591, 559036, 65052, 65052, 2500875324
495, 2156499, 604292, 377954, 376640, 602727, 97443, 97443, 2582736166
493, 2162504, 626891, 389543, 388261, 625351, 66229, 66229, 1446701292
494, 2158825, 718623, 233383, 232190, 716981, 128824, 128824, 1718299185
496, 2158636, 507743, 472943, 471769, 506381, 99900, 99900, 3335498402
497, 2160024, 670177, 351855, 350671, 668623, 59349, 59349, 218681011
498, 2159570, 620848, 386642, 385299, 619311, 73735, 73735, 866622683
501, 2156265, 412175, 605712, 604129, 410793, 61728, 61728, 1614077122
500, 2159773, 412994, 536638, 535182, 411837, 131561, 131561, 3174898433
499, 2160360, 509337, 437676, 436474, 507933, 134470, 134470, 1017090632
502, 2158191, 695084, 310847, 309666, 693406, 74594, 74594, 3521126060
505, 2161936, 529859, 491012, 489858, 528631, 61288, 61288, 1907138541
503, 2158971, 341625, 672267, 670734, 340507, 66919, 66919, 2813231487
504, 2156572, 539589, 471848, 470683, 538276, 68088, 68088, 3596685173
506, 2159745, 387876, 629166, 627622, 386581, 64250, 64250, 1435556190
507, 2162463, 577465, 444605, 443355, 576192, 60423, 60423, 2447169553
508, 2158464, 509916, 503045, 501637, 508520, 67673, 67673, 2485204053
509, 2161243, 551964, 462800, 461402, 550551, 67263, 67263, 230042225
510, 2156311, 576598, 418832, 417520, 575105, 84128, 84128, 3605270446
512, 2160031, 688524, 341473, 340382, 687034, 51309, 51309, 748750949
513, 2160878, 428503, 539259, 537852, 427242, 114011, 114011, 2843084074
511, 2159415, 656498, 364825, 363665, 654897, 59765, 59765, 1578072663
514, 2158247, 419110, 598922, 597378, 417869, 62484, 62484, 1961972445
517, 2154598, 579314, 387617, 386317, 577794, 111778, 111778, 1077837172
516, 2158770, 540877, 415956, 414730, 539503, 123852, 123852, 366382116
515, 2158117, 579444, 426815, 425591, 577891, 74188, 74188, 170540101
518, 2160074, 510490, 496978, 495744, 509086, 73888, 73888, 1139531251
519, 2163797, 552205, 446178, 444951, 550909, 84777, 84777, 2946531325
520, 2163763, 576896, 438936, 437635, 575480, 67408, 67408, 4209371150
521, 2159194, 375753, 602349, 600815, 374613, 102832, 102832, 1505203037
523, 2164017, 375485, 656040, 654859, 374305, 51664, 51664, 564323519
522, 2159547, 570177, 446836, 445599, 568683, 64126, 64126, 2030840044
524, 2161296, 344551, 683999, 682485, 343449, 53406, 53406, 628214359
526, 2161790, 379452, 648322, 647133, 378355, 54264, 54264, 584219824
525, 2159221, 513838, 513087, 511587, 512387, 54161, 54161, 468206727
527, 2160588, 479168, 495092, 493688, 478034, 107303, 107303, 2304903314
528, 2159151, 614375, 364697, 363503, 612814, 101881, 101881, 2304985033
530, 2158469, 628174, 365120, 363814, 626719, 87321, 87321, 2934796759
529, 2162457, 559695, 430871, 429685, 558506, 91850, 91850, 3041680542
531, 2156440, 513901, 486231, 484990, 512536, 79391, 79391, 3202981804
532, 2162067, 625682, 392170, 390956, 624263, 64498, 64498, 1177688371
533, 2159895, 567078, 380042, 378860, 565541, 134187, 134187, 1275964736
535, 2156577, 460580, 530595, 528985, 459393, 88512, 88512, 1191899306
536, 2158795, 466579, 491442, 490125, 465461, 122594, 122594, 2390463857
534, 2161908, 540058, 484242, 482832, 538822, 57977, 57977, 3937776328
539, 2158120, 506115, 510726, 509115, 504796, 63684, 63684, 1687522162
537, 2157438, 678542, 332746, 331601, 676691, 68929, 68929, 167624139
542, 2161714, 358633, 637931, 636452, 357416, 85641, 85641, 1299369741
541, 2160583, 439854, 554688, 553177, 438558, 87153, 87153, 4092974326
540, 2158467, 636416, 389091, 387772, 634876, 55156, 55156, 359914166
538, 2161542, 607763, 406969, 405749, 606551, 67255, 67255, 309908185
543, 2161539, 303273, 688794, 687202, 302076, 90097, 90097, 2490460660
544, 2161576, 483710, 509660, 508308, 482386, 88756, 88756, 3061059552
545, 2160485, 545682, 473075, 471928, 544408, 62696, 62696, 1611121736
546, 2159874, 523124, 475390, 474216, 521832, 82656, 82656, 1911536355
548, 2156659, 570184, 450072, 448799, 568758, 59423, 59423, 1840633382
547, 2161451, 740488, 264270, 263215, 738924, 77277, 77277, 3582135923
549, 2161295, 347361, 674224, 672647, 346189, 60437, 60437, 4215040985
551, 2158391, 385484, 645186, 643834, 384147, 49870, 49870, 630517016
552, 2160588, 470149, 524792, 523428, 468947, 86636, 86636, 1749722582
554, 2158404, 581547, 432622, 431178, 579947, 66555, 66555, 2838374501
550, 2161304, 465134, 507275, 505907, 463878, 109555, 109555, 2799040281
553, 2159060, 477245, 527550, 526238, 475741, 76143, 76143, 462071747
555, 2157845, 506266, 491180, 489955, 504938, 82753, 82753, 1655315165
556, 2160478, 369811, 657873, 656726, 368726, 53671, 53671, 4160036970
557, 2162155, 446590, 570672, 569310, 445341, 65121, 65121, 2851167973
558, 2159798, 509332, 509125, 507805, 508088, 62724, 62724, 1704014563
560, 2156628, 511891, 506754, 505173, 510420, 61195, 61195, 3138209770
561, 2162587, 380457, 621716, 620386, 379238, 80395, 80395, 303596137
559, 2162013, 535008, 480543, 479275, 533503, 66842, 66842, 3096685721
562, 2162751, 588820, 420305, 419131, 587363, 73566, 73566, 1715767556
563, 2161252, 458718, 546413, 544949, 457478, 76847, 76847, 3540744213
565, 2159039, 651088, 357277, 356167, 649719, 72394, 72394, 447653475
564, 2161549, 556881, 468310, 467116, 555492, 56875, 56875, 1321226149
566, 2159131, 447780, 571355, 569995, 446287, 61857, 61857, 3429461179
567, 2158211, 329783, 677900, 676410, 328582, 72768, 72768, 1952073769
568, 2159427, 656275, 353549, 352427, 654734, 71221, 71221, 1939133983
569, 2161709, 428192, 541711, 540358, 426980, 112234, 112234, 3540114747
570, 2160931, 379732, 630331, 629091, 378595, 71591, 71591, 622224022
573, 2160868, 467213, 553595, 552038, 465552, 61235, 61235, 1835886268
571, 2160137, 570927, 433039, 431885, 569440, 77423, 77423, 2305321209
572, 2160860, 509800, 498719, 497289, 508592, 73230, 73230, 168046942
575, 2160211, 455682, 550558, 549007, 454472, 75246, 75246, 3615980962
576, 2156519, 383059, 616827, 615235, 381800, 79799, 79799, 2211550833
574, 2158857, 473797, 523048, 521709, 472545, 83879, 83879, 3987462367
577, 2157904, 627515, 379557, 378341, 626327, 73082, 73082, 3168962061
578, 2157487, 477027, 521476, 520134, 475642, 81604, 81604, 3380038554
579, 2159019, 387525, 627487, 625974, 386291, 65871, 65871, 1701749542
581, 2160960, 439041, 561748, 560549, 437774, 80924, 80924, 4182928873
580, 2159771, 671255, 333072, 331801, 669699, 76972, 76972, 643974519
582, 2156450, 508884, 502705, 501420, 507415, 68013, 68013, 3338403848
583, 2157227, 456042, 557638, 556392, 454761, 66197, 66197, 206603872
585, 2161885, 668860, 348851, 347703, 667547, 64462, 64462, 2100907666
584, 2160697, 502758, 494900, 493685, 501552, 83901, 83901, 2345585510
586, 2161681, 512433, 487661, 486097, 511276, 82107, 82107, 2740421525
587, 2161133, 627513, 397100, 395680, 626290, 57275, 57275, 1713603691
588, 2157313, 542247, 476508, 475232, 541008, 61159, 61159, 3741214706
591, 2160420, 348395, 674947, 673405, 347177, 58248, 58248, 2162451785
589, 2161626, 466674, 530863, 529718, 465511, 84430, 84430, 2712214876
590, 2160406, 547693, 464401, 463035, 546255, 69511, 69511, 3931426654
592, 2162322, 449136, 568209, 566911, 447902, 65082, 65082, 1084386190
595, 2158047, 409397, 596682, 595261, 408309, 74199, 74199, 1793718049
593, 2158610, 577678, 422699, 421408, 576319, 80253, 80253, 1939107946
599, 2157150, 370160, 630467, 628722, 368895, 79453, 79453, 2346826780
598, 2161147, 598223, 427945, 426701, 596968, 55655, 55655, 3653850530
596, 2158114, 369068, 652123, 650701, 367872, 59175, 59175, 736179392
594, 2159177, 701990, 224013, 223002, 700316, 154928, 154928, 1523475210
601, 2155752, 336118, 670322, 668800, 334816, 72848, 72848, 2711165921
602, 2158835, 391823, 627193, 625848, 390601, 61685, 61685, 238570285
597, 2160612, 680203, 352445, 351251, 678723, 48995, 48995, 4269812222
600, 2158166, 626124, 386526, 385313, 624653, 67775, 67775, 2301334140
603, 2158252, 364576, 560420, 558970, 363372, 155457, 155457, 131850173
604, 2158576, 555249, 455721, 454367, 553771, 69734, 69734, 2826885004
605, 2161278, 555541, 467752, 466381, 554126, 58739, 58739, 992816997
606, 2161782, 347327, 656731, 655517, 346269, 77969, 77969, 834923106
609, 2159930, 513260, 491299, 489940, 512039, 76696, 76696, 3378751394
607, 2158825, 400308, 608489, 607023, 399109, 71948, 71948, 4029549755
608, 2159221, 335634, 673084, 671670, 334445, 72194, 72194, 2937657617
610, 2159826, 562323, 465443, 464186, 560964, 53455, 53455, 3246938701
614, 2156882, 410554, 585979, 584647, 409186, 83258, 83258, 194646933
612, 2157493, 521631, 474195, 472809, 520006, 84426, 84426, 2818669577
611, 2158879, 472914, 542405, 540911, 471593, 65528, 65528, 599726171
613, 2160006, 593680, 412456, 411301, 592383, 75093, 75093, 3963647208
616, 2158495, 490621, 522780, 521103, 489165, 67413, 67413, 253984309
615, 2158498, 492221, 517110, 515936, 490973, 71129, 71129, 3386624925
617, 2159728, 601942, 399512, 398190, 600662, 79711, 79711, 1740434371
619, 2161375, 557455, 422597, 421436, 556065, 101911, 101911, 3061569346
620, 2156022, 475270, 529917, 528653, 473956, 74113, 74113, 4122010419
618, 2161668, 561741, 425407, 424253, 560473, 94897, 94897, 325470613
621, 2159506, 550669, 454673, 453407, 549189, 75784, 75784, 2683673946
622, 2157042, 352076, 633799, 632446, 350827, 93947, 93947, 4005242299
625, 2158601, 346862, 647102, 645612, 345417, 86804, 86804, 2098029551
623, 2156286, 671286, 348637, 347229, 669602, 59766, 59766, 1544098561
624, 2160347, 562889, 443174, 441848, 561556, 75440, 75440, 495438674
626, 2159461, 501648, 427491, 426159, 500295, 151934, 151934, 1756746911
627, 2161860, 577728, 436592, 435392, 576408, 67870, 67870, 1664487679
628, 2159174, 576726, 442375, 441139, 575186, 61874, 61874, 249087919
629, 2157947, 506653, 445684, 444369, 505101, 128070, 128070, 850729202
632, 2160973, 485024, 533579, 532191, 483659, 63260, 63260, 1131116241
631, 2158805, 514215, 490562, 488999, 512679, 76175, 76175, 2596846105
633, 2159520, 546476, 431830, 430635, 544999, 102790, 102790, 2195509241
636, 2159195, 421033, 580759, 579396, 419853, 79077, 79077, 2669464689
630, 2163477, 521078, 450362, 449229, 520046, 111381, 111381, 608974622
637, 2158929, 510907, 489560, 488362, 509390, 80355, 80355, 2212020386
635, 2161067, 624014, 370167, 369047, 622579, 87630, 87630, 3244207900
634, 2160204, 510515, 487349, 486108, 509066, 83583, 83583, 2000560725
638, 2157269, 612720, 385244, 383932, 611315, 82029, 82029, 2361687140
639, 2158498, 363459, 630411, 628921, 362311, 86698, 86698, 2846348840
640, 2161395, 369414, 638222, 636749, 368170, 74420, 74420, 609353328
641, 2157658, 381208, 626168, 624721, 379953, 72804, 72804, 2353902051
644, 2159873, 461355, 551309, 549979, 460154, 68538, 68538, 2304282279
642, 2159430, 639429, 376359, 375227, 637845, 65285, 65285, 217863272
648, 2158599, 400086, 621289, 619849, 398865, 59255, 59255, 3944443152
646, 2161072, 638706, 336936, 335725, 637175, 106265, 106265, 3869721209
649, 2161733, 528793, 463791, 462481, 527622, 89523, 89523, 3997548458
645, 2156949, 441027, 561939, 560466, 439443, 77037, 77037, 1285771648
643, 2156713, 549120, 404104, 402720, 547763, 126503, 126503, 3766467533
647, 2160681, 637292, 348189, 347008, 635812, 96190, 96190, 1230650852
650, 2159473, 335946, 645816, 644451, 334690, 99285, 99285, 3887403484
651, 2156888, 640799, 365415, 364148, 639400, 73563, 73563, 1225521750
653, 2157949, 718738, 300339, 299253, 717131, 61244, 61244, 3298702522
652, 2160875, 507060, 486641, 485316, 505860, 87999, 87999, 3892560554
654, 2158670, 623686, 352649, 351391, 622036, 104454, 104454, 838340949
656, 2160123, 440681, 581558, 580095, 439349, 59220, 59220, 1349550378
655, 2159207, 505490, 516145, 514778, 504164, 59315, 59315, 332746617
657, 2162763, 333358, 635866, 634480, 332399, 113330, 113330, 3675163093
659, 2158187, 501998, 508673, 507290, 500518, 69854, 69854, 3063892790
658, 2158256, 522974, 484961, 483667, 521676, 72489, 72489, 1283379379
660, 2156795, 606670, 379494, 378350, 605175, 93553, 93553, 1206482847
661, 2157389, 464000, 536897, 535483, 462805, 79102, 79102, 467084505
662, 2157967, 586830, 419185, 417847, 585407, 74349, 74349, 3340630546
663, 2160683, 719636, 306557, 305544, 718012, 55467, 55467, 1973895438
665, 2161991, 561789, 458762, 457477, 560399, 61782, 61782, 2514260442
664, 2159318, 701457, 317865, 316591, 699985, 61710, 61710, 3834627593
668, 2163138, 475320, 540992, 539749, 474055, 66511, 66511, 3727491072
670, 2158298, 572105, 425317, 423944, 570536, 83198, 83198, 3230511656
667, 2161789, 535238, 405055, 403896, 534126, 141737, 141737, 1652660884
666, 2161440, 553687, 472138, 471004, 552361, 56125, 56125, 1230450275
669, 2164226, 583523, 439616, 438552, 582299, 60118, 60118, 2984778929
672, 2161358, 527283, 496474, 495045, 526116, 58220, 58220, 1870640087
673, 2162485, 436906, 587131, 585955, 435633, 58430, 58430, 1206586821
671, 2162402, 525620, 435824, 434594, 524300, 121032, 121032, 2707254551
674, 2161100, 518131, 498092, 496874, 516581, 65711, 65711, 2049464884
675, 2160642, 368845, 636610, 635094, 367719, 76187, 76187, 4231966161
676, 2161088, 613281, 366118, 364890, 611813, 102493, 102493, 1975573828
677, 2160198, 672577, 324610, 323478, 671129, 84202, 84202, 3701251268
678, 2159892, 579123, 442446, 441151, 577816, 59678, 59678, 715697236
682, 2161589, 252031, 782405, 780431, 250956, 47883, 47883, 832738645
680, 2160566, 571062, 434422, 433245, 569465, 76186, 76186, 3442534027
681, 2158941, 385271, 631011, 629381, 383892, 64693, 64693, 121885729
679, 2161374, 476264, 544797, 543344, 475025, 60972, 60972, 3833493518
683, 2160916, 465073, 543331, 542021, 463783, 73354, 73354, 2190758746
685, 2160718, 339444, 591365, 589837, 338306, 150883, 150883, 2861834146
684, 2160225, 583778, 423432, 422101, 582262, 74326, 74326, 3912993485
686, 2163397, 390590, 633965, 632820, 389590, 58216, 58216, 1869752888
687, 2159189, 540793, 470614, 469339, 539407, 69518, 69518, 1171906787
689, 2159180, 540684, 483205, 482003, 539144, 57072, 57072, 1660994836
688, 2159233, 449172, 540371, 539156, 447802, 91366, 91366, 3192235162
690, 2153199, 559801, 443095, 441597, 558272, 75217, 75217, 3989826159
691, 2158981, 453861, 534195, 532689, 452452, 92892, 92892, 200987310
694, 2157753, 510416, 491832, 490543, 508952, 78005, 78005, 1810933088
695, 2159362, 355435, 657084, 655593, 354324, 68463, 68463, 3085592277
693, 2159945, 638022, 358775, 357566, 636624, 84479, 84479, 4266542434
692, 2159474, 590300, 407044, 405845, 588771, 83757, 83757, 791297058
696, 2160335, 577387, 422855, 421776, 576005, 81156, 81156, 3702384191
697, 2157805, 561511, 447052, 445778, 560140, 71662, 71662, 3793320586
699, 2158978, 163570, 818268, 816668, 162620, 98926, 98926, 3487063111
698, 2158971, 713729, 282309, 281124, 712255, 84777, 84777, 2367877710
701, 2163535, 491600, 536615, 535443, 490251, 54813, 54813, 2320421952
702, 2160339, 601592, 425589, 424320, 600280, 54279, 54279, 963538149
700, 2161048, 564277, 425857, 424620, 563052, 91621, 91621, 277844930
704, 2157140, 553992, 453145, 451760, 552495, 72874, 72874, 2521958488
703, 2160294, 455265, 538128, 536552, 454179, 88085, 88085, 1221760462
706, 2160499, 712851, 311316, 310279, 711343, 57355, 57355, 3206431761
705, 2157567, 671913, 333170, 332081, 670253, 75075, 75075, 3569527112
708, 2157911, 555820, 441444, 440078, 554421, 83074, 83074, 2580699032
707, 2156472, 498817, 508363, 507006, 497514, 72386, 72386, 2840138826
709, 2162479, 435233, 567241, 565909, 434106, 79995, 79995, 3585780695
710, 2156611, 588174, 419724, 418564, 586709, 71720, 71720, 3759089108
712, 2160373, 470429, 504017, 502396, 469137, 107197, 107197, 708645985
711, 2158222, 552318, 457584, 456229, 550863, 70614, 70614, 2422165638
713, 2155991, 686240, 298857, 297701, 684817, 94188, 94188, 1641543266
714, 2158397, 483278, 423516, 422227, 481890, 173743, 173743, 3941296048
717, 2160744, 323896, 700506, 699004, 322748, 57295, 57295, 1394702688
716, 2160660, 599020, 409663, 408578, 597607, 72896, 72896, 2140443072
715, 2157992, 584524, 424394, 423193, 583045, 71418, 71418, 2143428491
718, 2159781, 508032, 517305, 515942, 506730, 55886, 55886, 3666882305
721, 2159072, 415069, 565954, 564400, 413707, 99971, 99971, 3091270019
720, 2159397, 621654, 385581, 384368, 620170, 73812, 73812, 3784315366
719, 2161633, 557277, 457308, 456052, 555914, 67541, 67541, 3366163802
722, 2156126, 638879, 383267, 382059, 637315, 57303, 57303, 3840861133
724, 2160518, 436412, 579151, 577780, 435119, 66028, 66028, 3392306986
723, 2158835, 661076, 329715, 328587, 659517, 89970, 89970, 3118518437
727, 2162828, 386522, 629507, 628168, 385371, 66630, 66630, 704060818
725, 2158496, 514508, 488844, 487728, 512966, 77225, 77225, 2809094741
728, 2158402, 417168, 487405, 486106, 415893, 175915, 175915, 542252559
726, 2161189, 549228, 458800, 457591, 548036, 73767, 73767, 3528188659
731, 2160100, 469376, 508805, 507428, 467997, 103247, 103247, 1701816813
730, 2158991, 408032, 609812, 608394, 406823, 62965, 62965, 900830722
732, 2158371, 425865, 584801, 583535, 424732, 69719, 69719, 4041548665
733, 2159915, 453576, 490311, 488951, 452429, 137324, 137324, 2473914246
729, 2164892, 484890, 533081, 531686, 483737, 65749, 65749, 822193192
734, 2162946, 472712, 496414, 495075, 471479, 113633, 113633, 4287734202
736, 2157842, 583827, 420546, 419282, 582127, 76030, 76030, 3168437064
738, 2154695, 462494, 553948, 552321, 461134, 62399, 62399, 4191585776
735, 2161005, 578786, 448827, 447548, 577466, 54189, 54189, 3033882041
744, 2159696, 322401, 695929, 694303, 321331, 62866, 62866, 3225787480
740, 2159058, 608491, 409049, 407966, 607070, 63241, 63241, 3541266537
742, 2161476, 424544, 581253, 579955, 423408, 76158, 76158, 835338851
737, 2159492, 581039, 370382, 369137, 579792, 129571, 129571, 603489358
743, 2159302, 373210, 636424, 634972, 371982, 71357, 71357, 3634411967
739, 2157790, 506173, 501797, 500414, 504842, 72282, 72282, 574818774
741, 2159322, 398437, 589213, 587689, 397323, 93330, 93330, 2282962873
745, 2159285, 495864, 503034, 501814, 494517, 82028, 82028, 1936656497
746, 2160025, 452723, 558618, 557316, 451498, 69935, 69935, 1050132530
748, 2160374, 402890, 612782, 611319, 401793, 65795, 65795, 735499364
750, 2159667, 428959, 593578, 592094, 427680, 58678, 58678, 92537000
747, 2159048, 589766, 430004, 428783, 588253, 61121, 61121, 4104741069
752, 2161159, 322059, 682813, 681203, 320910, 77087, 77087, 2470811931
755, 2155006, 335563, 650318, 648838, 334377, 92955, 92955, 2011035469
751, 2161262, 588090, 425732, 424478, 586546, 68208, 68208, 601954207
753, 2159472, 374098, 601799, 600334, 372903, 105169, 105169, 3173068123
754, 2163050, 474338, 539627, 538257, 473220, 68804, 68804, 3855886377
749, 2162749, 583077, 430832, 429676, 581400, 68882, 68882, 1055628779
757, 2163465, 467941, 560206, 558818, 466972, 54764, 54764, 2962184650
756, 2158263, 475142, 530803, 529415, 474063, 74420, 74420, 1336820745
758, 2157616, 510391, 513744, 512438, 508943, 56050, 56050, 1274408981
759, 2156320, 610975, 412150, 410899, 609512, 56392, 56392, 1531970140
761, 2158723, 432387, 567987, 566607, 431084, 80329, 80329, 1671191420
765, 2161489, 268643, 746382, 744700, 267608, 67078, 67078, 1144999704
760, 2164287, 519021, 508616, 507622, 518044, 55492, 55492, 2962393935
762, 2157912, 766749, 248190, 247086, 765233, 65327, 65327, 2740441643
764, 2158149, 602899, 369006, 367674, 601564, 108503, 108503, 84983976
763, 2161216, 536749, 459249, 458020, 535268, 85965, 85965, 3215347168
766, 2161850, 495011, 529072, 527527, 493884, 58178, 58178, 1600287297
767, 2159801, 664973, 346270, 345077, 663395, 70043, 70043, 2702578333
768, 2161722, 683916, 322541, 321530, 682657, 75539, 75539, 1548425115
769, 2162288, 577541, 445081, 443951, 576171, 59772, 59772, 2202713478
771, 2161219, 251315, 770199, 768551, 250264, 60445, 60445, 1314886803
770, 2159062, 496511, 489856, 488423, 495086, 94593, 94593, 446334448
772, 2161466, 470241, 530627, 529226, 468802, 81285, 81285, 2578331293
774, 2162967, 275940, 730906, 729369, 274914, 75919, 75919, 765956501
775, 2159294, 410538, 571740, 570382, 409318, 98658, 98658, 2578456978
773, 2158310, 535574, 455136, 453905, 534327, 89684, 89684, 2886429067
776, 2159187, 378561, 612684, 611123, 377273, 89773, 89773, 109933274
778, 2157470, 568926, 413318, 412133, 567641, 97726, 97726, 405812462
779, 2158069, 498136, 511567, 510297, 496763, 70653, 70653, 133085159
777, 2158818, 550918, 457949, 456592, 549333, 72013, 72013, 4172799872
780, 2159392, 469050, 523737, 522300, 467733, 88286, 88286, 2178950872
781, 2160004, 654879, 377144, 376006, 653363, 49306, 49306, 3313480604
782, 2158137, 417653, 575536, 574041, 416389, 87259, 87259, 688549616
783, 2161319, 370176, 648642, 647242, 368815, 63222, 63222, 4050781394
784, 2161550, 586349, 418966, 417677, 585050, 76754, 76754, 1128974590
787, 2160830, 707544, 309827, 308682, 705927, 64425, 64425, 1261674732
788, 2157331, 497588, 514410, 513118, 496213, 68001, 68001, 823041467
789, 2161157, 419390, 605599, 604273, 418089, 56903, 56903, 1569415531
785, 2160293, 540814, 476005, 474684, 539366, 64712, 64712, 3724188357
786, 2164880, 465412, 550123, 548757, 464286, 68151, 68151, 1312558039
791, 2157540, 505203, 520147, 518788, 503886, 54758, 54758, 935277362
790, 2159770, 519395, 484438, 483161, 517970, 77403, 77403, 278831852
792, 2161569, 479205, 538574, 537280, 477862, 64324, 64324, 1908872370
794, 2159577, 413717, 591984, 590584, 412510, 75391, 75391, 2972398971
793, 2160365, 543325, 439628, 438313, 541939, 98580, 98580, 2759314471
795, 2159466, 541563, 447090, 446029, 540068, 92358, 92358, 2576081629
796, 2159823, 357834, 648654, 647249, 356664, 74711, 74711, 2050765637
798, 2160383, 348907, 674780, 673254, 347914, 57764, 57764, 583055675
797, 2157589, 724161, 291167, 289838, 722847, 64788, 64788, 1858101390
799, 2156590, 544291, 418244, 416979, 542738, 117169, 117169, 885107051
801, 2159014, 464776, 545939, 544570, 463391, 70169, 70169, 1033252953
800, 2159619, 551916, 471594, 470277, 550388, 57722, 57722, 4135718430
803, 2158597, 664841, 337012, 335898, 663406, 78720, 78720, 17919492
802, 2160253, 664568, 344354, 343218, 663099, 72507, 72507, 3226496574
804, 2159214, 458474, 557682, 556223, 457237, 64799, 64799, 553244072
805, 2158061, 589110, 400652, 399434, 587781, 90542, 90542, 3908018754
807, 2156334, 440787, 571192, 569616, 439433, 67653, 67653, 3043733886
808, 2160604, 466621, 501448, 499969, 465260, 113653, 113653, 4185087906
806, 2160491, 513665, 501587, 500184, 512219, 66418, 66418, 1043064204
810, 2159693, 496612, 520224, 518917, 495140, 64400, 64400, 2614943124
813, 2161120, 422971, 593925, 592513, 421807, 64952, 64952, 3232177187
809, 2159504, 635853, 380216, 378957, 634290, 65094, 65094, 1221311962
811, 2159821, 675501, 343732, 342599, 673817, 62086, 62086, 196826896
812, 2158853, 505149, 472691, 471382, 503735, 102948, 102948, 347989387
815, 2157294, 481176, 536142, 534646, 479870, 62730, 62730, 474324562
814, 2162273, 578251, 439616, 438432, 576974, 64500, 64500, 914417293
816, 2156568, 269653, 755545, 753921, 268439, 54505, 54505, 2511035439
817, 2159949, 526233, 460481, 459291, 525020, 94462, 94462, 683309720
818, 2159892, 422333, 593801, 592491, 421023, 65122, 65122, 3053767445
820, 2157876, 681478, 320744, 319660, 679796, 78099, 78099, 702024566
819, 2160502, 728110, 304219, 303097, 726442, 49317, 49317, 548726682
822, 2158523, 503167, 503757, 502239, 501768, 73796, 73796, 3491946857
823, 2159873, 525764, 488193, 486843, 524289, 67392, 67392, 2725077534
821, 2156954, 630695, 351200, 350057, 629114, 97944, 97944, 3958040225
824, 2157130, 384127, 592277, 590745, 382853, 103564, 103564, 3923744328
825, 2160580, 649894, 370125, 368957, 648356, 61624, 61624, 209670373
826, 2162429, 483951, 524025, 522732, 482601, 74560, 74560, 1818392508
828, 2161215, 460981, 558364, 557044, 459594, 62616, 62616, 1731056488
827, 2158352, 497101, 501487, 500060, 495750, 81977, 81977, 2794255295
829, 2159466, 516499, 490043, 488899, 515007, 74509, 74509, 439383819
830, 2163381, 611417, 411769, 410721, 609974, 59750, 59750, 4129341782
832, 2159099, 448593, 494118, 492758, 447210, 138210, 138210, 2028451046
831, 2160190, 543359, 477187, 475960, 542212, 60736, 60736, 3901262544
834, 2158327, 536083, 479152, 477719, 534539, 65417, 65417, 3390059276
833, 2160913, 653165, 332543, 331351, 651598, 96128, 96128, 1650777273
836, 2157772, 344703, 612190, 610660, 343541, 123339, 123339, 628636095
835, 2159257, 733000, 276385, 275104, 731742, 71513, 71513, 2008968404
839, 2157474, 379555, 582406, 581008, 378399, 118053, 118053, 800589879
838, 2159433, 363644, 644759, 643141, 362431, 72729, 72729, 835789440
837, 2160961, 465047, 545578, 544126, 463850, 71180, 71180, 2038922181
840, 2158286, 464356, 549290, 548127, 462927, 66793, 66793, 1103771322
841, 2160066, 584280, 440306, 438867, 582853, 56880, 56880, 316297842
842, 2158974, 492079, 440671, 439458, 490844, 147961, 147961, 3362332950
843, 2160407, 372252, 626561, 624956, 371016, 82811, 82811, 1189189860
844, 2159194, 489428, 537698, 536146, 488058, 53932, 53932, 1481281757
846, 2157840, 455704, 569223, 567571, 454410, 55466, 55466, 3622079515
845, 2159715, 463998, 553221, 551768, 462804, 63962, 63962, 1844382567
848, 2162075, 521247, 506380, 505157, 519921, 54685, 54685, 1378542599
851, 2161887, 448085, 566365, 564998, 446737, 67851, 67851, 1766949072
849, 2163414, 527171, 496381, 495128, 525720, 59507, 59507, 2394595735
847, 2160143, 663746, 345690, 344602, 662367, 71869, 71869, 1174979654
852, 2157413, 695982, 312401, 311247, 694385, 71699, 71699, 818484346
850, 2159837, 628567, 369527, 368379, 627104, 83130, 83130, 1711533827
853, 2157206, 451101, 549089, 547760, 449808, 79724, 79724, 398242873
855, 2159188, 393677, 610972, 609581, 392442, 76258, 76258, 2006619280
854, 2160143, 503947, 503511, 502216, 502693, 73888, 73888, 2116325295
857, 2160731, 525977, 482046, 480654, 524686, 73684, 73684, 424521672
856, 2155946, 622067, 378844, 377484, 620675, 78438, 78438, 500012615
859, 2159596, 317253, 694282, 692873, 316208, 69490, 69490, 2026616150
858, 2158947, 590342, 425425, 423973, 588839, 65184, 65184, 3013614979
860, 2161451, 528149, 474292, 473078, 526770, 79581, 79581, 3805913750
861, 2159626, 473245, 516939, 515723, 472003, 90858, 90858, 220312400
862, 2160421, 406926, 602936, 601677, 405692, 71595, 71595, 3413361198
863, 2158893, 621730, 391445, 390297, 620249, 67586, 67586, 2186362967
864, 2159161, 606620, 390800, 389534, 605203, 83502, 83502, 2503102588
865, 2158134, 425236, 584571, 583144, 423811, 70686, 70686, 480264647
866, 2156660, 425088, 587052, 585499, 423829, 67596, 67596, 4151002026
867, 2159647, 499673, 507512, 506157, 498391, 73957, 73957, 542379845
868, 2159820, 577255, 442393, 441180, 575678, 61657, 61657, 936493030
869, 2161561, 498467, 494674, 493366, 497154, 88950, 88950, 3613732590
871, 2160142, 503731, 475684, 474456, 502207, 102032, 102032, 1311733304
870, 2160158, 634048, 362272, 360924, 632624, 85145, 85145, 3494927917
873, 2154459, 503288, 498369, 497049, 501645, 77054, 77054, 479001084
872, 2159127, 421177, 592512, 591141, 419789, 67254, 67254, 2662305317
874, 2160273, 515254, 493566, 492173, 513902, 72689, 72689, 439454478
875, 2158722, 464564, 544714, 543305, 463237, 71451, 71451, 1562863852
876, 2159718, 505880, 498453, 497069, 504746, 76785, 76785, 3381556908
877, 2161349, 431324, 588519, 587033, 430023, 62225, 62225, 4213756729
878, 2158263, 383431, 627992, 626225, 382065, 69275, 69275, 3910448915
879, 2158820, 469708, 522215, 520710, 468539, 88824, 88824, 1805758998
880, 2157237, 308277, 688010, 686499, 307079, 83686, 83686, 3070553133
881, 2157576, 599740, 414857, 413588, 598295, 65548, 65548, 410187140
882, 2160012, 339550, 679158, 677723, 338429, 62576, 62576, 3529092660
883, 2160571, 444492, 556716, 555309, 443116, 80469, 80469, 4095837064
885, 2161399, 564972, 459507, 458288, 563738, 57447, 57447, 1185885879
884, 2161811, 408130, 614256, 612892, 407073, 59730, 59730, 1056393265
886, 2156339, 375402, 599266, 598006, 374153, 104756, 104756, 3471754604
888, 2160085, 441293, 574630, 573297, 439983, 65441, 65441, 3263844404
887, 2159886, 483410, 540763, 539164, 482185, 57182, 57182, 4227406085
889, 2158674, 455497, 534193, 532604, 454110, 91135, 91135, 2973280498
891, 2159181, 547632, 469332, 468082, 546259, 63938, 63938, 3190852393
890, 2160340, 465559, 527650, 526329, 464248, 88277, 88277, 3685751662
892, 2161319, 675026, 331271, 330123, 673699, 75600, 75600, 2594289783
894, 2159799, 446046, 571266, 569828, 444789, 63935, 63935, 1470916533
893, 2159031, 450433, 545098, 543742, 449358, 85200, 85200, 2884194370
896, 2155174, 362615, 623867, 622022, 361326, 92672, 92672, 280409088
898, 2159956, 347434, 635633, 634127, 346166, 98298, 98298, 958768690
897, 2160101, 512279, 482957, 481684, 510817, 86182, 86182, 2905898831
895, 2162623, 581268, 443396, 442320, 579701, 57969, 57969, 3322804555
899, 2160562, 429122, 553188, 551889, 427777, 99293, 99293, 907168717
901, 2160992, 508228, 503246, 501870, 506738, 70455, 70455, 3477482478
900, 2160520, 543708, 441904, 440557, 542543, 95904, 95904, 3246373483
902, 2158414, 429377, 524311, 522841, 428035, 126925, 126925, 1472751696
903, 2159099, 555619, 460802, 459562, 554120, 64498, 64498, 813524924
904, 2161118, 320981, 686114, 684661, 319906, 74728, 74728, 4085657776
906, 2160517, 448684, 530839, 529469, 447197, 102164, 102164, 292465767
905, 2160378, 663527, 355951, 354770, 661804, 62163, 62163, 879272327
907, 2159943, 488186, 487753, 486398, 486900, 105353, 105353, 807649539
908, 2162265, 430263, 560629, 559268, 429055, 91525, 91525, 515168774
910, 2160835, 484771, 425015, 423670, 483517, 171931, 171931, 304974273
909, 2156991, 546580, 480138, 478687, 545244, 53171, 53171, 3133958352
911, 2164735, 369842, 643157, 641952, 368566, 70609, 70609, 2037557192
913, 2163510, 526735, 496980, 495704, 525631, 59230, 59230, 1249855763
912, 2158233, 568090, 441585, 440084, 566840, 70817, 70817, 1357648737
914, 2159641, 425125, 565656, 564285, 423911, 90332, 90332, 4168309531
915, 2157964, 444194, 576650, 575194, 442932, 59497, 59497, 3019177824
916, 2159216, 703197, 286541, 285302, 701570, 91303, 91303, 3414145729
917, 2156934, 366386, 650555, 649058, 365105, 62915, 62915, 1191543548
920, 2155025, 511234, 509431, 508080, 509924, 58178, 58178, 3202246789
918, 2158387, 569595, 446107, 444914, 568063, 64854, 64854, 1999907999
919, 2159653, 521840, 480806, 479539, 520336, 78566, 78566, 1131040964
922, 2160898, 600324, 414506, 413275, 598945, 66924, 66924, 2790598724
921, 2160152, 506925, 500180, 498748, 505449, 74425, 74425, 391198211
924, 2161942, 471824, 532436, 531164, 470608, 77955, 77955, 3277237111
923, 2160962, 414176, 607122, 605803, 413077, 60392, 60392, 1824849327
925, 2159707, 408624, 604633, 603179, 407409, 67931, 67931, 1651761851
927, 2159961, 575874, 427869, 426624, 574518, 77538, 77538, 647338555
926, 2157449, 516438, 474856, 473571, 515146, 88719, 88719, 2855394792
928, 2159126, 598762, 404627, 403404, 597359, 77487, 77487, 1782682036
929, 2159205, 461371, 552185, 550910, 460187, 67276, 67276, 1994113116
931, 2162624, 470005, 528554, 527005, 468934, 84063, 84063, 3262047541
930, 2160254, 719557, 298080, 296956, 718295, 63683, 63683, 1923042027
932, 2161740, 431238, 565500, 564051, 430133, 85409, 85409, 1135115413
934, 2158796, 431551, 545403, 544104, 430232, 103753, 103753, 3563211675
933, 2158892, 423255, 579163, 577731, 422017, 78363, 78363, 1064120568
936, 2158762, 354235, 640284, 638676, 352993, 86287, 86287, 2125146547
935, 2160064, 379605, 635518, 634012, 378175, 66377, 66377, 3959560488
937, 2158492, 551135, 428619, 427110, 549744, 100942, 100942, 2017560631
938, 2161036, 455186, 557956, 556612, 453764, 68759, 68759, 2711157876
939, 2157459, 595164, 383787, 382452, 593914, 101071, 101071, 2890211992
940, 2160486, 479517, 530463, 529233, 478261, 71506, 71506, 2847338326
941, 2158769, 453887, 563596, 562236, 452522, 63264, 63264, 1397456706
942, 2160238, 573931, 406635, 405337, 572419, 100958, 100958, 1044242067
944, 2160715, 373014, 639865, 638361, 371911, 68782, 68782, 2706894683
943, 2158833, 444654, 531733, 530252, 443422, 104386, 104386, 2402699043
946, 2158045, 363151, 642051, 640682, 361841, 75160, 75160, 1907909938
945, 2160218, 452034, 521789, 520468, 450643, 107642, 107642, 556980699
947, 2160197, 750633, 258343, 257128, 748811, 72641, 72641, 3011186178
949, 2158394, 625231, 387976, 386744, 623899, 67272, 67272, 3114275368
948, 2159081, 587470, 422230, 421136, 586049, 71098, 71098, 3946676225
950, 2158086, 338112, 664077, 662580, 336839, 78239, 78239, 1698968965
951, 2160897, 528248, 474792, 473520, 526751, 78793, 78793, 3115955050
952, 2160839, 378318, 624069, 622701, 377167, 79292, 79292, 98046425
953, 2161479, 451544, 528797, 527356, 450176, 101803, 101803, 3012975775
954, 2159832, 438032, 579727, 578421, 436882, 63385, 63385, 4265565934
956, 2158349, 605503, 398638, 397465, 604053, 76345, 76345, 3679927609
958, 2160277, 285882, 708284, 706825, 284736, 87275, 87275, 873534316
955, 2160416, 609653, 342432, 341246, 608227, 129429, 129429, 3325100111
957, 2159481, 584936, 418836, 417549, 583430, 77365, 77365, 281661248
959, 2158237, 705043, 282720, 281659, 703417, 92699, 92699, 628547678
962, 2158687, 562747, 412354, 411026, 561498, 105531, 105531, 619327313
961, 2157490, 454719, 553292, 551814, 453281, 72192, 72192, 3614432157
960, 2160281, 444591, 551498, 550196, 443376, 85310, 85310, 3697326580
963, 2160706, 518386, 486000, 484749, 516797, 77387, 77387, 3923400178
964, 2159865, 615073, 373280, 372256, 613816, 92720, 92720, 4204841901
965, 2158139, 453613, 541902, 540332, 452352, 84970, 84970, 720181934
966, 2157796, 518375, 476613, 475340, 517256, 85106, 85106, 4234687796
968, 2161820, 476708, 542925, 541515, 475376, 62648, 62648, 1508260553
969, 2158382, 338801, 666958, 665653, 337574, 74698, 74698, 3015840331
967, 2162222, 509954, 468178, 466935, 508709, 104223, 104223, 2049036364
970, 2162007, 801292, 221420, 220283, 799370, 59821, 59821, 1101807924
974, 2159014, 418976, 588263, 586726, 417795, 73627, 73627, 3576528624
972, 2158305, 612463, 389571, 388345, 610934, 78496, 78496, 2381751514
971, 2158641, 530563, 480638, 479375, 529117, 69474, 69474, 4136072608
973, 2163146, 686343, 315189, 314052, 684960, 81301, 81301, 2853353262
975, 2163719, 499076, 520012, 518757, 497658, 64108, 64108, 2995826925
976, 2160504, 508789, 482514, 481190, 507279, 90366, 90366, 2846983777
978, 2159237, 516298, 495353, 494111, 514855, 69310, 69310, 3482045396
977, 2156929, 505685, 465007, 463729, 504244, 109132, 109132, 3679890783
980, 2158627, 717711, 311757, 310653, 716058, 51224, 51224, 3260616040
979, 2160889, 528501, 452322, 451052, 527216, 100899, 100899, 1156567702
981, 2159020, 624961, 385654, 384369, 623554, 70241, 70241, 3371936963
982, 2159711, 494867, 482818, 481509, 493579, 103469, 103469, 657813720
984, 2157524, 594813, 431811, 430462, 593356, 53541, 53541, 3044192529
983, 2158778, 633241, 384557, 383217, 631693, 63035, 63035, 1805001247
985, 2158929, 465808, 547922, 546357, 464576, 67133, 67133, 3595552400
986, 2159539, 539835, 485624, 484164, 538552, 55682, 55682, 1241700795
987, 2158717, 523767, 461802, 460623, 522277, 95124, 95124, 423921856
988, 2158083, 614394, 389744, 388526, 612821, 76299, 76299, 3647888498
989, 2158282, 748314, 280036, 278832, 746540, 52280, 52280, 4035882842
990, 2160040, 498934, 508398, 507256, 497452, 74000, 74000, 264655852
993, 2160858, 603805, 405852, 404446, 602399, 72178, 72178, 366721125
991, 2160188, 514551, 443916, 442548, 513075, 123049, 123049, 374385582
992, 2161280, 495598, 482949, 481508, 494297, 103464, 103464, 3205514130
994, 2157728, 400815, 595515, 593846, 399592, 83980, 83980, 528954989
995, 2161642, 536041, 483431, 482196, 534750, 62612, 62612, 3820303011
996, 2159359, 517957, 491016, 489570, 516426, 72195, 72195, 3752362425
997, 2159038, 756606, 272439, 271359, 754728, 51953, 51953, 2218845213
999, 2157602, 611651, 375620, 374339, 610086, 92953, 92953, 3838302849
998, 2162953, 701799, 315708, 314694, 700182, 65285, 65285, 891637695
