sample_id, N_active, N_A_1, N_B_1, N_A_0, N_B_0, N_A_*, N_B_*, seed
5, 775678, 153666, 168993, 165787, 150530, 68351, 68351, 3709411035
4, 778275, 159658, 176668, 173326, 156559, 56032, 56032, 165590276
10, 778590, 146132, 191065, 188011, 143216, 55083, 55083, 1560127180
11, 779469, 180465, 158568, 155582, 177170, 53842, 53842, 4264203025
8, 778771, 160986, 163390, 160468, 158033, 67947, 67947, 2349742846
7, 778309, 189586, 147243, 144372, 186402, 55353, 55353, 872636547
0, 777994, 189746, 144318, 141388, 186522, 58010, 58010, 738151838
1, 776164, 161424, 179779, 176765, 158270, 49963, 49963, 1364078776
2, 778452, 154204, 177474, 174447, 151189, 60569, 60569, 2760308750
9, 775907, 193122, 137284, 134398, 189599, 60752, 60752, 2379381388
3, 780077, 165692, 174038, 171105, 162766, 53238, 53238, 1881397501
6, 779910, 162535, 171453, 168564, 159500, 58929, 58929, 2461024501
12, 778744, 161914, 173071, 169902, 158953, 57452, 57452, 1661924436
15, 774762, 162458, 171588, 168283, 159245, 56594, 56594, 2052234203
13, 778380, 184063, 147472, 144525, 180842, 60739, 60739, 3557811240
21, 776897, 159329, 168266, 165178, 156252, 63936, 63936, 2486175828
19, 779362, 165386, 178916, 175973, 162293, 48397, 48397, 1426126104
20, 778093, 143421, 187508, 184381, 140433, 61175, 61175, 3687532428
18, 776942, 157861, 177821, 174563, 154687, 56005, 56005, 2263501633
23, 780600, 156048, 177961, 175055, 153126, 59205, 59205, 3395464782
22, 778807, 168702, 168485, 165491, 165793, 55168, 55168, 745129771
17, 776467, 168796, 171179, 167914, 165626, 51476, 51476, 130833558
14, 779432, 166989, 169377, 166374, 163934, 56379, 56379, 4059497258
16, 780342, 188235, 140053, 137164, 184998, 64946, 64946, 1444098244
25, 779331, 162019, 172110, 169127, 159219, 58428, 58428, 2149819113
24, 776005, 146812, 185105, 181926, 143882, 59140, 59140, 220588187
27, 778796, 157626, 177366, 174302, 154596, 57453, 57453, 2751286273
30, 777094, 139287, 191713, 188436, 136248, 60705, 60705, 222553612
29, 777706, 170636, 166306, 163194, 167426, 55072, 55072, 687395457
26, 778482, 173066, 164984, 162050, 170014, 54184, 54184, 935039534
28, 778623, 179812, 160426, 157474, 176793, 52059, 52059, 641662875
31, 779544, 169421, 175560, 172373, 166488, 47851, 47851, 936086411
34, 778077, 164494, 171425, 168399, 161519, 56120, 56120, 1486862153
32, 779990, 160141, 177119, 174138, 157082, 55755, 55755, 3413035649
33, 777185, 152115, 184802, 181476, 149114, 54839, 54839, 1399871719
35, 777319, 179836, 154376, 151516, 176573, 57509, 57509, 3335712732
36, 777673, 164131, 176893, 173738, 160957, 50977, 50977, 1589377896
37, 775319, 162612, 173164, 170004, 159483, 55028, 55028, 1405731808
41, 778163, 166852, 175027, 171832, 163804, 50324, 50324, 821789965
38, 776819, 176353, 158476, 155381, 173253, 56678, 56678, 3344863288
39, 778826, 190094, 150523, 147523, 186828, 51929, 51929, 493918639
40, 779540, 182945, 152096, 149325, 179716, 57729, 57729, 3883910147
42, 776191, 164723, 180344, 177028, 161564, 46266, 46266, 2611434794
45, 778474, 167230, 172207, 169299, 164164, 52787, 52787, 1121687691
43, 778731, 153657, 186531, 183437, 150658, 52224, 52224, 4215750353
46, 779105, 161534, 168581, 165568, 158542, 62440, 62440, 2559218710
44, 777880, 170973, 160683, 157745, 167857, 60311, 60311, 955237435
47, 779161, 144235, 185747, 182615, 141404, 62580, 62580, 1363314803
48, 778041, 152070, 173736, 170695, 148986, 66277, 66277, 1944167404
49, 777609, 150210, 186054, 182878, 147329, 55569, 55569, 3631114111
51, 778854, 158666, 185598, 182277, 155537, 48388, 48388, 737127175
53, 780223, 169896, 166549, 163644, 166940, 56597, 56597, 3284699396
50, 778453, 169713, 162531, 159582, 166653, 59987, 59987, 3614620240
55, 779472, 176017, 153335, 150474, 173008, 63319, 63319, 621411708
56, 775199, 179003, 160172, 157146, 175716, 51581, 51581, 811911471
57, 777715, 164040, 169178, 166166, 160861, 58735, 58735, 638819388
52, 778541, 169824, 165823, 162690, 166818, 56693, 56693, 2017455506
54, 779551, 159782, 179952, 176984, 156735, 53049, 53049, 694941825
58, 778273, 184488, 150397, 147507, 181327, 57277, 57277, 1594725806
59, 774220, 167034, 175023, 171721, 163924, 48259, 48259, 2587154848
60, 778119, 159856, 173402, 170481, 156930, 58725, 58725, 3250599677
62, 778811, 182072, 155794, 152858, 178891, 54598, 54598, 2914871543
61, 777820, 156045, 184672, 181449, 153178, 51238, 51238, 3536086792
64, 778656, 154813, 180408, 177213, 151846, 57188, 57188, 2966965323
69, 778152, 176304, 169470, 166422, 173322, 46317, 46317, 4064865840
67, 778027, 187298, 148826, 145862, 184175, 55933, 55933, 4008640716
65, 776887, 174715, 166410, 163389, 171617, 50378, 50378, 3830434964
66, 781269, 151149, 182134, 179017, 148217, 60376, 60376, 221966663
63, 778495, 167411, 167106, 164062, 164322, 57797, 57797, 3142130435
68, 779382, 165243, 175923, 172927, 162215, 51537, 51537, 4000306232
70, 779154, 183236, 156251, 153386, 180079, 53101, 53101, 480910180
71, 778250, 171409, 161310, 158316, 168315, 59450, 59450, 176647460
72, 778364, 180868, 159757, 156694, 177699, 51673, 51673, 989019065
74, 779583, 151412, 180241, 177111, 148497, 61161, 61161, 1666267086
73, 778030, 164085, 173291, 170168, 161070, 54708, 54708, 1336954095
75, 778369, 161040, 168521, 165397, 158065, 62673, 62673, 2138680529
78, 778170, 170258, 166024, 162951, 167211, 55863, 55863, 2613598989
79, 777295, 159272, 168924, 165730, 156189, 63590, 63590, 2449378298
80, 778378, 172135, 167163, 164114, 169060, 52953, 52953, 2912086461
76, 780025, 151443, 183666, 180568, 148598, 57875, 57875, 2511891299
81, 777829, 172633, 164264, 161179, 169417, 55168, 55168, 28838157
77, 779243, 211616, 125611, 122712, 208398, 55453, 55453, 94846179
82, 779275, 181524, 157939, 154985, 178619, 53104, 53104, 810833542
83, 778601, 165537, 173402, 170222, 162488, 53476, 53476, 2923888449
86, 777028, 142457, 195767, 192441, 139409, 53477, 53477, 3733005787
84, 777402, 186043, 150691, 147849, 182987, 54916, 54916, 3379431530
85, 778367, 167958, 170604, 167600, 164911, 53647, 53647, 4168853211
87, 776844, 167505, 170021, 167059, 164517, 53871, 53871, 1678670321
88, 776862, 164028, 177201, 174142, 160971, 50260, 50260, 2999929042
90, 778085, 162854, 174997, 171680, 159758, 54398, 54398, 580425337
89, 775111, 163588, 166068, 162904, 160339, 61106, 61106, 2497137988
91, 778524, 153389, 181866, 178709, 150472, 57044, 57044, 1198000047
92, 778722, 170376, 172608, 169726, 167164, 49424, 49424, 1232451501
93, 779512, 138968, 195335, 192147, 136224, 58419, 58419, 557160284
94, 777215, 171587, 160785, 157842, 168483, 59259, 59259, 3097884110
96, 778170, 137636, 202594, 199318, 134594, 52014, 52014, 194388011
95, 778576, 182358, 156397, 153246, 179251, 53662, 53662, 3243560002
98, 776921, 196991, 136287, 133365, 193676, 58301, 58301, 808599177
99, 776993, 168602, 169826, 166462, 165359, 53372, 53372, 1783112457
97, 779210, 142890, 190937, 187907, 139988, 58744, 58744, 2836203048
100, 779557, 166255, 170818, 167907, 163295, 55641, 55641, 393626543
102, 777639, 152152, 184168, 180928, 149217, 55587, 55587, 783312319
101, 779725, 152512, 184268, 181029, 149658, 56129, 56129, 352522255
103, 777026, 172510, 165124, 161991, 169297, 54052, 54052, 2345924437
104, 776739, 175019, 163614, 160695, 171935, 52738, 52738, 188871055
105, 780589, 158924, 175167, 172113, 156027, 59179, 59179, 2001553167
106, 779940, 172526, 165948, 162828, 169622, 54508, 54508, 1530536128
108, 778093, 162011, 174822, 171824, 158930, 55253, 55253, 2304281936
107, 778508, 174306, 162642, 159624, 171132, 55402, 55402, 17058572
110, 780254, 172213, 162315, 159322, 169280, 58562, 58562, 3211408702
111, 778494, 161925, 179214, 176066, 158803, 51243, 51243, 1509772330
109, 779196, 180199, 154718, 151675, 177220, 57692, 57692, 3986826489
112, 777071, 176476, 164716, 161482, 173313, 50542, 50542, 3261074621
114, 777400, 153280, 183250, 180082, 150210, 55289, 55289, 3882486676
113, 780797, 161423, 180529, 177432, 158505, 51454, 51454, 1988310496
115, 777704, 173650, 171007, 167948, 170427, 47336, 47336, 3135795627
116, 777801, 173577, 166307, 163188, 170387, 52171, 52171, 632967720
117, 777396, 179415, 151968, 148856, 176341, 60408, 60408, 2344667121
118, 778138, 156314, 181619, 178711, 153132, 54181, 54181, 1560483611
120, 777200, 164897, 167143, 164116, 161870, 59587, 59587, 3153049586
119, 779831, 189823, 148023, 145043, 186622, 55160, 55160, 488845016
123, 778129, 154483, 181895, 178710, 151559, 55741, 55741, 2165221759
121, 778555, 184814, 155154, 152224, 181569, 52397, 52397, 859516904
122, 778813, 173633, 164912, 161833, 170579, 53928, 53928, 44882052
124, 776315, 163969, 171954, 168810, 160880, 55351, 55351, 3204572046
125, 779179, 128177, 210914, 207617, 125389, 53541, 53541, 3656584700
126, 776746, 161104, 169769, 166465, 158178, 60615, 60615, 2668378727
127, 780038, 163385, 177078, 174141, 160354, 52540, 52540, 3113860360
128, 780506, 173493, 167626, 164725, 170502, 52080, 52080, 3981833481
130, 777199, 160969, 172005, 168895, 157906, 58712, 58712, 2584048159
129, 777965, 152510, 180113, 177097, 149487, 59379, 59379, 1282810186
131, 778581, 159829, 165849, 162766, 156811, 66663, 66663, 2398642253
134, 780488, 163268, 174424, 171450, 160232, 55557, 55557, 3896908198
132, 778684, 170957, 163578, 160473, 167920, 57878, 57878, 2142371816
133, 778559, 161587, 167104, 164129, 158565, 63587, 63587, 2062646320
135, 776660, 168233, 167832, 164814, 165099, 55341, 55341, 3880231180
136, 777128, 163247, 168604, 165531, 159982, 59882, 59882, 3296476133
137, 777907, 166030, 169144, 166058, 163091, 56792, 56792, 2595866479
138, 777813, 167914, 174149, 171100, 164770, 49940, 49940, 3803997630
139, 777296, 172693, 159459, 156384, 169678, 59541, 59541, 1633547209
140, 778896, 189799, 156898, 154055, 186638, 45753, 45753, 166274727
142, 780630, 154803, 187036, 183969, 151936, 51443, 51443, 1011692008
141, 782143, 160814, 168960, 166153, 157930, 64143, 64143, 3701281021
143, 778892, 165777, 172494, 169433, 162756, 54216, 54216, 3052014072
145, 780412, 177866, 155315, 152405, 174902, 59962, 59962, 2407845195
144, 778255, 158245, 174090, 170929, 155291, 59850, 59850, 3783789314
147, 778755, 161992, 166436, 163294, 159101, 63966, 63966, 990010326
148, 778269, 200670, 138568, 135724, 197405, 52951, 52951, 2872339119
149, 778488, 188522, 152495, 149742, 185213, 51258, 51258, 2451844542
146, 779617, 173724, 169022, 166114, 170779, 49989, 49989, 284314773
150, 778857, 174272, 162734, 159883, 171058, 55455, 55455, 1838638693
151, 776688, 173547, 165634, 162557, 170290, 52330, 52330, 4096171665
152, 778244, 168580, 169098, 166070, 165410, 54543, 54543, 3012122706
153, 777465, 155221, 179510, 176292, 152342, 57050, 57050, 803930767
154, 778095, 190826, 144247, 141522, 187582, 56959, 56959, 2062435590
156, 779197, 186307, 158477, 155495, 183186, 47866, 47866, 3354055527
155, 777963, 162366, 164968, 161851, 159344, 64717, 64717, 4000849882
157, 778344, 149995, 173506, 170214, 146965, 68832, 68832, 4067816698
159, 779359, 148154, 188782, 185490, 145125, 55904, 55904, 514221688
158, 778470, 166937, 165895, 162891, 163967, 59390, 59390, 449106072
160, 777480, 174383, 165628, 162564, 171245, 51830, 51830, 2068887062
161, 779660, 158043, 183517, 180389, 155053, 51329, 51329, 3296030529
162, 776414, 194251, 145583, 142531, 190757, 51646, 51646, 774500510
163, 777669, 194703, 147075, 144016, 191367, 50254, 50254, 3529745536
164, 780964, 167299, 168547, 165568, 164414, 57568, 57568, 799561461
165, 780406, 146765, 194718, 191509, 144034, 51690, 51690, 2470773929
166, 779458, 159737, 179269, 176153, 156793, 53753, 53753, 1579013035
168, 779404, 148699, 194791, 191689, 145619, 49303, 49303, 3071621771
167, 777568, 186606, 138223, 135247, 183354, 67069, 67069, 4196373460
169, 777334, 140401, 200473, 197232, 137416, 50906, 50906, 326040092
170, 779015, 164060, 166032, 163078, 160975, 62435, 62435, 1514319408
172, 777045, 178683, 157526, 154370, 175490, 55488, 55488, 4173936848
171, 778464, 154727, 175730, 172631, 151588, 61894, 61894, 1054899309
173, 775764, 179238, 162907, 159503, 175900, 49108, 49108, 3726565942
174, 779119, 188945, 146179, 143300, 185849, 57423, 57423, 1733625956
176, 780195, 148078, 185449, 182277, 145063, 59664, 59664, 1577079812
175, 777576, 158442, 178258, 175274, 155414, 55094, 55094, 133093580
177, 778922, 158551, 178931, 175691, 155613, 55068, 55068, 1793726661
178, 778227, 155049, 183245, 180083, 152068, 53891, 53891, 1217833449
179, 778366, 167763, 166745, 163587, 164693, 57789, 57789, 4015017048
180, 778420, 166658, 170835, 167880, 163547, 54750, 54750, 3542880243
181, 779137, 163345, 177351, 174218, 160195, 52014, 52014, 3936581471
182, 778880, 161952, 179120, 176024, 159006, 51389, 51389, 2030905933
183, 778436, 162376, 166884, 163741, 159455, 62990, 62990, 832834010
184, 777986, 148706, 181947, 178650, 145731, 61476, 61476, 1565219412
185, 778102, 186249, 156216, 153243, 183042, 49676, 49676, 622289204
186, 779771, 171875, 160123, 156981, 168926, 60933, 60933, 2402078589
187, 777831, 168851, 167162, 164042, 165770, 56003, 56003, 2735427268
189, 776299, 153929, 182281, 179007, 150764, 55159, 55159, 2451521096
188, 778497, 178943, 155460, 152253, 175999, 57921, 57921, 2291444085
190, 779377, 162365, 178687, 175591, 159406, 51664, 51664, 3227328982
193, 779555, 156057, 180511, 177506, 153157, 56162, 56162, 3397784912
192, 779516, 165987, 167442, 164428, 162957, 59351, 59351, 1238402265
191, 779300, 144869, 189563, 186506, 142200, 58081, 58081, 1868843451
194, 778796, 183267, 161720, 158840, 180053, 47458, 47458, 1841385715
196, 778257, 167913, 172412, 169279, 164905, 51874, 51874, 3620599657
195, 778590, 172839, 169282, 166253, 169686, 50265, 50265, 726167987
198, 777616, 157622, 185275, 181931, 154768, 49010, 49010, 680118876
197, 778401, 174679, 158170, 155201, 171541, 59405, 59405, 2816384495
200, 778407, 158687, 179845, 176575, 155748, 53776, 53776, 1490722430
199, 777586, 186832, 152064, 149254, 183636, 52900, 52900, 1978752542
201, 779128, 184085, 155341, 152455, 181041, 53103, 53103, 2207617648
202, 778767, 160625, 172893, 170003, 157514, 58866, 58866, 3079631090
203, 779334, 147427, 191574, 188430, 144491, 53706, 53706, 2035113173
205, 777658, 177819, 159305, 156313, 174551, 54835, 54835, 2745768591
204, 778409, 170099, 154671, 151788, 166945, 67453, 67453, 3604523084
206, 776948, 167969, 166661, 163671, 164877, 56885, 56885, 3783961678
207, 779124, 177718, 168465, 165519, 174792, 46315, 46315, 1636577683
208, 779417, 184333, 152555, 149730, 181251, 55774, 55774, 4109533959
210, 776265, 158531, 176156, 172912, 155324, 56671, 56671, 518258371
209, 777705, 152970, 177669, 174534, 150012, 61260, 61260, 1219928189
211, 779455, 153936, 183274, 180004, 150885, 55678, 55678, 1169054330
213, 776815, 150608, 180267, 177012, 147634, 60647, 60647, 830963708
212, 778145, 183952, 158740, 155642, 180619, 49596, 49596, 1501684018
214, 778424, 157523, 176869, 173911, 154365, 57878, 57878, 188617174
215, 777237, 136758, 198527, 195375, 133757, 56410, 56410, 20619811
216, 778802, 150927, 182039, 178985, 147855, 59498, 59498, 741681838
218, 778055, 137672, 195679, 192362, 134656, 58843, 58843, 3367849763
217, 777796, 170740, 170786, 167634, 167724, 50456, 50456, 2422350643
219, 777308, 161724, 171332, 168290, 158706, 58628, 58628, 2078379373
220, 777113, 146356, 183272, 180046, 143297, 62071, 62071, 1524071323
221, 777988, 177600, 149234, 146232, 174386, 65268, 65268, 3722526545
222, 777664, 160097, 167143, 164010, 156996, 64709, 64709, 4197619971
223, 777927, 154615, 174658, 171510, 151530, 62807, 62807, 2756810844
224, 776886, 163168, 165292, 162276, 160192, 62979, 62979, 816617419
225, 779116, 164586, 172689, 169707, 161714, 55210, 55210, 3147561819
226, 777918, 157404, 163760, 160701, 154349, 70852, 70852, 1201627593
228, 780946, 163946, 180743, 177836, 161133, 48644, 48644, 338939908
227, 778994, 149102, 169119, 165933, 146194, 74323, 74323, 805657187
229, 777995, 187759, 152416, 149375, 184779, 51833, 51833, 790190508
230, 775870, 171035, 162493, 159314, 167900, 57564, 57564, 1333287188
231, 781012, 181940, 154642, 151645, 179005, 56890, 56890, 1901593334
232, 777943, 179962, 151154, 148124, 176819, 60942, 60942, 874782242
233, 778327, 162806, 173006, 169818, 159753, 56472, 56472, 3110614186
234, 778582, 170402, 166810, 164004, 167290, 55038, 55038, 1326745628
235, 775882, 170575, 166209, 163092, 167350, 54328, 54328, 1784296853
236, 778275, 148442, 184079, 180818, 145494, 59721, 59721, 2593119690
237, 779178, 174192, 171815, 168782, 171083, 46653, 46653, 2261122840
239, 777573, 138371, 200913, 197622, 135457, 52605, 52605, 2189548754
238, 778476, 156575, 183254, 180083, 153664, 52450, 52450, 1099971520
240, 777185, 159545, 182205, 179027, 156542, 49933, 49933, 2914525953
243, 776612, 155324, 182736, 179554, 152288, 53355, 53355, 4015789410
242, 777806, 149336, 184776, 181523, 146339, 57916, 57916, 475687461
241, 778471, 175857, 165660, 162587, 172921, 50723, 50723, 3612274729
244, 779677, 183572, 152802, 149745, 180510, 56524, 56524, 183834013
245, 776991, 171584, 159310, 156369, 168262, 60733, 60733, 1284709268
248, 779270, 144424, 189115, 185886, 141447, 59199, 59199, 3576696251
246, 777908, 183745, 157350, 154386, 180405, 51011, 51011, 4087155615
247, 775930, 175349, 167187, 163771, 172039, 48792, 48792, 2460626115
249, 780257, 139445, 197797, 194651, 136586, 55889, 55889, 576558521
251, 778037, 148736, 181497, 178456, 145880, 61734, 61734, 4060245658
250, 779040, 170161, 159286, 156256, 166983, 63177, 63177, 2910304646
253, 779071, 155076, 185666, 182659, 152168, 51751, 51751, 3219587556
254, 778863, 152559, 173335, 170217, 149714, 66519, 66519, 2951653150
252, 779762, 189002, 154029, 151215, 186026, 49745, 49745, 1779713864
255, 778090, 178074, 159156, 156140, 175008, 54856, 54856, 2293582383
256, 778406, 165402, 167497, 164324, 162377, 59403, 59403, 2928772625
257, 777620, 169171, 172942, 169752, 166151, 49802, 49802, 3279388922
259, 777753, 178796, 155232, 152205, 175516, 58002, 58002, 3201069433
258, 778434, 171646, 162000, 159070, 168460, 58629, 58629, 487769070
261, 778744, 160390, 175821, 172772, 157347, 56207, 56207, 2498526117
260, 779307, 158461, 177261, 174107, 155462, 57008, 57008, 4266557712
262, 780156, 153301, 173563, 170464, 150474, 66177, 66177, 716073336
263, 777681, 151654, 181087, 177892, 148598, 59225, 59225, 2575453282
265, 777815, 183687, 157049, 153876, 180509, 51347, 51347, 1777706391
264, 777703, 187865, 142498, 139358, 184980, 61501, 61501, 4123940789
267, 778273, 142094, 192224, 189143, 139132, 57840, 57840, 3010250177
266, 776953, 157110, 180969, 177743, 153955, 53588, 53588, 2386972168
268, 777468, 171309, 167169, 164151, 168161, 53339, 53339, 2694122624
269, 778630, 170044, 163065, 160103, 166804, 59307, 59307, 192438665
271, 777973, 160297, 176364, 173380, 157332, 55300, 55300, 683787242
272, 778487, 150196, 185384, 182230, 147205, 56736, 56736, 978648369
270, 779016, 172090, 165625, 162553, 169100, 54824, 54824, 3702405409
273, 778159, 165044, 167277, 164246, 161850, 59871, 59871, 2933992281
274, 778524, 154457, 182646, 179608, 151345, 55234, 55234, 1500322394
275, 777373, 170172, 163272, 160201, 166988, 58370, 58370, 3312936693
276, 776003, 158522, 173794, 170493, 155476, 58859, 58859, 291032420
277, 777059, 171629, 163094, 159981, 168435, 56960, 56960, 3569556562
278, 774661, 149766, 182282, 178830, 146555, 58614, 58614, 305595412
279, 779264, 156857, 183595, 180494, 153990, 52164, 52164, 2047911878
280, 779740, 169294, 162939, 160036, 166211, 60630, 60630, 3126256412
281, 780652, 175607, 167589, 164531, 172555, 50185, 50185, 2872228207
282, 779755, 177692, 159510, 156625, 174550, 55689, 55689, 3309077508
283, 775864, 153519, 187093, 183779, 150321, 50576, 50576, 2268157163
284, 778931, 163239, 171970, 169008, 160202, 57256, 57256, 1618305982
285, 778350, 180630, 157672, 154608, 177442, 53999, 53999, 3075311252
286, 778909, 176494, 155864, 152867, 173556, 60064, 60064, 1034352602
287, 779812, 164131, 174210, 171191, 160958, 54661, 54661, 1001116995
288, 778296, 159987, 180569, 177322, 157060, 51679, 51679, 3482496064
289, 778260, 171764, 165004, 161874, 168710, 55454, 55454, 1935892019
291, 778161, 163836, 167843, 164733, 160719, 60515, 60515, 2223411147
290, 777274, 174493, 157179, 153965, 171573, 60032, 60032, 421378351
292, 775453, 169422, 169330, 166229, 166206, 52133, 52133, 272483838
293, 780020, 169903, 173209, 170116, 167076, 49858, 49858, 1301307863
294, 777565, 173943, 166937, 163625, 170708, 51176, 51176, 327319271
295, 780116, 156642, 180091, 177074, 153821, 56244, 56244, 4041179442
297, 774619, 167638, 169414, 166117, 164328, 53561, 53561, 2425830811
296, 778355, 160801, 174744, 171689, 157771, 56675, 56675, 2199642726
299, 780116, 149820, 184286, 181374, 146904, 58866, 58866, 3676753207
298, 778875, 164699, 173606, 170617, 161517, 54218, 54218, 1767493494
300, 776826, 182438, 155450, 152433, 179287, 53609, 53609, 3928900461
301, 777817, 183097, 155139, 152165, 179900, 53758, 53758, 240611833
302, 778166, 168162, 167352, 164314, 165118, 56610, 56610, 3362556102
303, 778194, 168141, 165828, 162745, 165082, 58199, 58199, 3585962138
304, 778330, 160533, 179860, 176761, 157636, 51770, 51770, 1014381051
306, 777698, 131728, 205975, 202627, 128844, 54262, 54262, 1474284607
305, 778440, 165392, 163813, 160867, 162404, 62982, 62982, 1207787161
307, 778206, 168647, 161991, 158964, 165654, 61475, 61475, 3028655353
308, 777933, 166105, 171807, 168785, 162958, 54139, 54139, 2033658904
309, 778729, 175095, 163534, 160576, 172178, 53673, 53673, 1478708905
310, 779323, 179151, 165709, 162594, 176115, 47877, 47877, 1888943623
311, 776806, 171371, 158440, 155268, 168277, 61725, 61725, 1053171750
312, 778528, 165199, 172615, 169500, 162236, 54489, 54489, 2530102981
313, 778103, 162131, 170854, 167878, 159182, 59029, 59029, 2299398870
314, 779984, 143452, 196804, 193630, 140498, 52800, 52800, 93870137
315, 778166, 164995, 174318, 171247, 161934, 52836, 52836, 1370646527
316, 777560, 167864, 171568, 168363, 164657, 52554, 52554, 3303815987
318, 779834, 163944, 180611, 177736, 161049, 48247, 48247, 2283304887
317, 777036, 182780, 155126, 152221, 179565, 53672, 53672, 746272878
319, 776516, 159181, 170647, 167478, 155990, 61610, 61610, 42652314
320, 776206, 168426, 167514, 164293, 165275, 55349, 55349, 3907921884
321, 778116, 167610, 168677, 165455, 164570, 55902, 55902, 3138176198
322, 777912, 159666, 171748, 168782, 156580, 60568, 60568, 1149877078
323, 777261, 167778, 163286, 160262, 164661, 60637, 60637, 4024918849
324, 778381, 171124, 162837, 159799, 167981, 58320, 58320, 1044720735
325, 777254, 169431, 164900, 161848, 166391, 57342, 57342, 1133447717
326, 776752, 156602, 166803, 163848, 153447, 68026, 68026, 2972368855
328, 778108, 163770, 172767, 169709, 160784, 55539, 55539, 2435480111
327, 777988, 179159, 160587, 157627, 176083, 52266, 52266, 2098817852
330, 778423, 209776, 129732, 126788, 206411, 52858, 52858, 2633402014
329, 776836, 161158, 175518, 172306, 158266, 54794, 54794, 3627561534
332, 778202, 165221, 173346, 170170, 162213, 53626, 53626, 2477765447
331, 778990, 170347, 173463, 170310, 167238, 48816, 48816, 2490622732
333, 777434, 153015, 184128, 181003, 150044, 54622, 54622, 4166867837
334, 774871, 175264, 157494, 154254, 172083, 57888, 57888, 1629579074
335, 776712, 183864, 155430, 152456, 180734, 52114, 52114, 137688058
337, 780620, 148029, 190003, 186867, 145227, 55247, 55247, 875358386
336, 778822, 199233, 139713, 136897, 196163, 53408, 53408, 4204865088
338, 777441, 178205, 155312, 152343, 174999, 58291, 58291, 2413528302
339, 779264, 150609, 194249, 191030, 147598, 47889, 47889, 3158009429
341, 778147, 162273, 172907, 169848, 159221, 56949, 56949, 3887193086
342, 778415, 150111, 177685, 174633, 147028, 64479, 64479, 3983818265
340, 777206, 152385, 181266, 178009, 149148, 58199, 58199, 204975781
344, 777373, 153303, 190012, 186716, 150408, 48467, 48467, 3101966145
343, 778043, 163541, 174191, 171155, 160480, 54338, 54338, 4077845567
345, 778671, 176028, 158043, 155004, 172932, 58332, 58332, 3404812372
346, 778238, 152864, 187297, 184122, 149805, 52075, 52075, 3937945037
347, 779005, 182887, 148561, 145617, 179748, 61096, 61096, 749983053
348, 777116, 193975, 142907, 140057, 190525, 54826, 54826, 1288522705
349, 778703, 176713, 160771, 157741, 173510, 54984, 54984, 617494069
350, 777549, 144152, 188577, 185251, 141371, 59099, 59099, 1862740316
352, 776343, 153615, 179585, 176270, 150571, 58151, 58151, 3890309031
351, 780489, 150288, 186607, 183565, 147497, 56266, 56266, 2475657365
353, 777875, 171555, 168959, 165888, 168505, 51484, 51484, 1462260185
354, 778376, 195430, 151048, 147862, 192238, 45899, 45899, 580505013
356, 777975, 172093, 162420, 159375, 168987, 57550, 57550, 1028941058
355, 777493, 192018, 143294, 140261, 188616, 56652, 56652, 1803877605
357, 779934, 196077, 144251, 141274, 192946, 52693, 52693, 2722739875
359, 779176, 160538, 170547, 167459, 157490, 61571, 61571, 1940515452
358, 778167, 171661, 167770, 164784, 168466, 52743, 52743, 3110241082
360, 777020, 153321, 184580, 181322, 150179, 53809, 53809, 3471988511
361, 777993, 168181, 171731, 168760, 165003, 52159, 52159, 2794893185
362, 779479, 183451, 154889, 152047, 180530, 54281, 54281, 1223942582
363, 778913, 154783, 174856, 171700, 151822, 62876, 62876, 3998678749
364, 777572, 160142, 177269, 174114, 157055, 54496, 54496, 1204234462
365, 777221, 171587, 160381, 157317, 168508, 59714, 59714, 3780631647
366, 775724, 162004, 174447, 171304, 158941, 54514, 54514, 1634200319
368, 778173, 160008, 175631, 172446, 157040, 56524, 56524, 1599808325
367, 778469, 159696, 174283, 171089, 156819, 58291, 58291, 2419131357
369, 779128, 144681, 193846, 190772, 141633, 54098, 54098, 64929728
370, 778616, 179565, 162504, 159444, 176559, 50272, 50272, 2024360671
371, 776603, 155439, 181034, 177851, 152331, 54974, 54974, 997571502
372, 779097, 159387, 171127, 168062, 156543, 61989, 61989, 646795704
373, 776870, 158839, 178466, 175326, 155703, 54268, 54268, 3983667231
374, 779491, 178488, 160785, 157729, 175415, 53537, 53537, 3888280491
375, 777530, 153727, 184450, 181179, 150576, 53799, 53799, 3748588109
377, 778415, 190065, 145160, 142181, 186799, 57105, 57105, 4130819329
376, 780782, 172395, 168786, 165921, 169298, 52191, 52191, 4040826306
379, 780664, 165660, 177035, 174073, 162728, 50584, 50584, 289765813
378, 777909, 190750, 144799, 141830, 187484, 56523, 56523, 81206885
381, 780021, 170056, 164509, 161522, 167090, 58422, 58422, 1207030762
380, 777653, 159137, 170810, 167690, 155988, 62014, 62014, 2226588661
382, 779496, 163042, 173807, 170926, 160045, 55838, 55838, 451124338
383, 776443, 161037, 177028, 173679, 157745, 53477, 53477, 791300348
384, 778697, 167189, 167854, 164952, 164274, 57214, 57214, 2768312879
385, 778626, 171975, 160652, 157615, 169026, 59679, 59679, 3966926567
386, 779423, 184554, 148683, 145795, 181501, 59445, 59445, 1199317338
387, 777718, 177237, 158335, 155286, 174106, 56377, 56377, 3524309125
390, 777501, 145889, 189711, 186469, 142996, 56218, 56218, 3553522049
389, 777733, 168072, 168299, 165281, 165025, 55528, 55528, 2469812147
391, 779267, 134875, 202435, 199175, 132092, 55345, 55345, 2440743749
388, 777025, 172266, 158540, 155454, 169165, 60800, 60800, 2905279519
392, 779928, 176566, 167057, 164108, 173563, 49317, 49317, 145082369
393, 778470, 169779, 171850, 168680, 166775, 50693, 50693, 3528505406
394, 776315, 164687, 167590, 164391, 161345, 59151, 59151, 458782345
395, 780046, 149380, 181668, 178569, 146517, 61956, 61956, 150124913
396, 778938, 165070, 171594, 168548, 162304, 55711, 55711, 2543975166
397, 778348, 155418, 175562, 172562, 152474, 61166, 61166, 3701153749
398, 776919, 158179, 177451, 174347, 155196, 55873, 55873, 2558587857
401, 776344, 160960, 172362, 169184, 157868, 57985, 57985, 1095864445
400, 777133, 154792, 178470, 175296, 151805, 58385, 58385, 238911358
399, 778246, 152762, 177391, 174300, 149785, 62004, 62004, 334038777
402, 777807, 173260, 156525, 153372, 170180, 62235, 62235, 2067159663
404, 777681, 189375, 155940, 152894, 186130, 46671, 46671, 3981049733
403, 777835, 168223, 159481, 156533, 165126, 64236, 64236, 3134630460
406, 780306, 179479, 161968, 159033, 176506, 51660, 51660, 2627680658
405, 779848, 152855, 185776, 182648, 149917, 54326, 54326, 678617277
407, 776804, 169438, 167995, 165105, 166166, 54050, 54050, 836914477
408, 777169, 178697, 163360, 160394, 175616, 49551, 49551, 3577303975
409, 778426, 193883, 140285, 137452, 190572, 58117, 58117, 46633207
410, 777780, 184021, 161429, 158442, 180838, 46525, 46525, 3398159709
411, 778948, 157533, 176023, 172821, 154627, 58972, 58972, 2312608565
412, 776659, 179808, 159016, 155826, 176599, 52705, 52705, 825176011
413, 777112, 179042, 156675, 153567, 175806, 56011, 56011, 3115096249
414, 780694, 175979, 160611, 157697, 173109, 56649, 56649, 1823067098
415, 776859, 160232, 165628, 162603, 157036, 65680, 65680, 2735754533
416, 778388, 183677, 159798, 156804, 180449, 48830, 48830, 3681260918
417, 779241, 150311, 190763, 187704, 147511, 51476, 51476, 2955303271
418, 778162, 172544, 160151, 157236, 169465, 59383, 59383, 2011121946
419, 781465, 185565, 158102, 155291, 182569, 49969, 49969, 3758923763
420, 776493, 174719, 160475, 157263, 171574, 56231, 56231, 3355706641
421, 777637, 174498, 161533, 158574, 171218, 55907, 55907, 2540948868
423, 778751, 135036, 198777, 195733, 132113, 58546, 58546, 2654559826
422, 778260, 173111, 151590, 148692, 170025, 67421, 67421, 798712172
424, 778269, 178268, 158447, 155444, 175234, 55438, 55438, 582804311
425, 780328, 152407, 189640, 186340, 149537, 51202, 51202, 1875557240
426, 778680, 182025, 154890, 151936, 178935, 55447, 55447, 1542273851
428, 778634, 186522, 148691, 145750, 183307, 57182, 57182, 4071409472
429, 778792, 191295, 143657, 140757, 188153, 57465, 57465, 2794279338
427, 779225, 173839, 173000, 169876, 170842, 45834, 45834, 1312829754
430, 776920, 139752, 199230, 195974, 136758, 52603, 52603, 4048091581
431, 779719, 162238, 180617, 177528, 159394, 49971, 49971, 3598351928
432, 778924, 172494, 169505, 166461, 169424, 50520, 50520, 3872577940
434, 779878, 176796, 160102, 157014, 173516, 56225, 56225, 3908051800
433, 779558, 176741, 156457, 153573, 173677, 59555, 59555, 2803306251
435, 778833, 145879, 191633, 188489, 142986, 54923, 54923, 3583223821
436, 778476, 161740, 173458, 170510, 158792, 56988, 56988, 2138999866
437, 779963, 170539, 157803, 154964, 167427, 64615, 64615, 3000444211
438, 777277, 160605, 173999, 170860, 157569, 57122, 57122, 751559544
440, 777086, 163271, 172658, 169608, 160441, 55554, 55554, 760013256
439, 779281, 168230, 174244, 171196, 165087, 50262, 50262, 3407628503
441, 778746, 185586, 150480, 147396, 182422, 56431, 56431, 796809410
442, 776707, 194920, 139666, 136675, 191646, 56900, 56900, 236338177
443, 776975, 170219, 171899, 168963, 167056, 49419, 49419, 2980964149
444, 778569, 164937, 172644, 169483, 161889, 54808, 54808, 571980234
445, 777261, 185121, 152081, 149015, 181984, 54530, 54530, 245767658
447, 777712, 154657, 178932, 175700, 151555, 58434, 58434, 3779726519
446, 779776, 165346, 171956, 168910, 162328, 55618, 55618, 3456919375
448, 777828, 190392, 146606, 143463, 187183, 55092, 55092, 4151449438
449, 778330, 160393, 171664, 168790, 157367, 60058, 60058, 3958202446
450, 778258, 178087, 158650, 155385, 174998, 55569, 55569, 2113415532
451, 779842, 186556, 152883, 149860, 183457, 53543, 53543, 1057783028
452, 778035, 174295, 162770, 159829, 171063, 55039, 55039, 480958815
454, 779697, 164578, 172084, 169058, 161493, 56242, 56242, 1693976267
453, 778701, 179199, 161407, 158300, 176195, 51800, 51800, 560497358
455, 776061, 143942, 181003, 177705, 140757, 66327, 66327, 3000729383
456, 776687, 142150, 194625, 191420, 139098, 54697, 54697, 1428294009
458, 779491, 180893, 163434, 160338, 177946, 48440, 48440, 437981901
460, 781371, 176326, 163270, 160290, 173321, 54082, 54082, 1840634829
457, 776886, 171439, 165781, 162618, 168252, 54398, 54398, 1896979607
459, 779408, 164869, 167883, 165002, 161826, 59914, 59914, 1852441409
461, 781317, 170177, 169494, 166525, 167175, 53973, 53973, 4183527059
462, 779348, 172087, 168737, 165689, 169123, 51856, 51856, 182040814
464, 777011, 172449, 165188, 162052, 169264, 54029, 54029, 3247830250
463, 778831, 173891, 153698, 150753, 170657, 64916, 64916, 3103110001
466, 778788, 167014, 171296, 168233, 164051, 54097, 54097, 2271323796
467, 777285, 158957, 175560, 172366, 155924, 57239, 57239, 469432683
465, 778195, 195671, 142528, 139636, 192524, 53918, 53918, 412670194
468, 776420, 196712, 144418, 141496, 193522, 50136, 50136, 1644432750
469, 779551, 148033, 185336, 182213, 145093, 59438, 59438, 4106896324
470, 776916, 156172, 174142, 170969, 153155, 61239, 61239, 3591117258
471, 778121, 141503, 195728, 192635, 138677, 54789, 54789, 1139089234
473, 780013, 168580, 173145, 170043, 165455, 51395, 51395, 1658900828
472, 777617, 171636, 167954, 164682, 168509, 52418, 52418, 3832639507
474, 777664, 172098, 168250, 165131, 168911, 51637, 51637, 2270665151
475, 777054, 177232, 154527, 151509, 174052, 59867, 59867, 1769655630
476, 780109, 172401, 161659, 158637, 169238, 59087, 59087, 1915062761
478, 778249, 176871, 156055, 153067, 173686, 59285, 59285, 3622368363
477, 779012, 143670, 194097, 191140, 140607, 54749, 54749, 3556491683
479, 778733, 182560, 151875, 149002, 179344, 57976, 57976, 854648705
480, 779421, 154186, 166750, 163728, 151179, 71789, 71789, 1182995129
481, 778976, 174152, 164792, 161756, 171084, 53596, 53596, 3417775828
484, 777332, 152957, 187760, 184488, 149993, 51067, 51067, 1734630634
482, 776759, 162608, 159855, 156823, 159523, 68975, 68975, 645337026
483, 778023, 175397, 156258, 153301, 172199, 60434, 60434, 3920357459
485, 776357, 163884, 174123, 170970, 160896, 53242, 53242, 4174426175
486, 779494, 174865, 164478, 161539, 171854, 53379, 53379, 2195873654
487, 778213, 158319, 174482, 171393, 155203, 59408, 59408, 1307988709
488, 777255, 130829, 202221, 198853, 127964, 58694, 58694, 63070568
489, 777066, 163626, 166702, 163636, 160534, 61284, 61284, 572459572
490, 775733, 158014, 170496, 167344, 154795, 62542, 62542, 2471460006
491, 776623, 185832, 151617, 148453, 182615, 54053, 54053, 1637961992
492, 779127, 159077, 176461, 173187, 156128, 57137, 57137, 3747045484
493, 776262, 162768, 170593, 167387, 159646, 57934, 57934, 3454366122
494, 777945, 189981, 147027, 144178, 186747, 55006, 55006, 618032301
495, 778219, 160433, 176742, 173549, 157397, 55049, 55049, 2501406272
496, 778490, 186569, 150263, 147354, 183404, 55450, 55450, 833475613
498, 776163, 184897, 147148, 144327, 181675, 59058, 59058, 2923655766
497, 778980, 182310, 162826, 159914, 179266, 47332, 47332, 133403888
500, 779390, 140696, 197152, 194157, 137713, 54836, 54836, 4158968892
499, 777667, 167879, 169378, 166531, 164831, 54524, 54524, 1917167129
501, 778040, 166975, 173649, 170695, 163925, 51398, 51398, 1134911301
502, 780195, 165141, 163819, 160763, 162166, 64153, 64153, 1162006942
503, 778207, 183745, 147283, 144291, 180384, 61252, 61252, 1328508091
504, 776783, 182486, 156224, 153192, 179155, 52863, 52863, 2791786160
505, 778259, 148366, 185424, 182272, 145431, 58383, 58383, 4013183824
507, 778030, 155193, 179430, 176267, 152144, 57498, 57498, 1495121096
506, 777173, 140224, 190130, 186810, 137321, 61344, 61344, 2036774757
510, 776337, 159769, 173307, 169987, 156804, 58235, 58235, 3491485286
508, 777933, 194524, 150880, 147918, 191359, 46626, 46626, 539619165
509, 779637, 174464, 156207, 153335, 171349, 62141, 62141, 1093318475
511, 779464, 172358, 165481, 162429, 169362, 54917, 54917, 2565296544
513, 779758, 161814, 175970, 172975, 158619, 55190, 55190, 2235180248
512, 779196, 174024, 155212, 152293, 170935, 63366, 63366, 3117769083
514, 777620, 164231, 164376, 161355, 161120, 63269, 63269, 3744991058
515, 779407, 183898, 147130, 144148, 180683, 61774, 61774, 2950092089
516, 777448, 167599, 166899, 163690, 164338, 57461, 57461, 509069784
517, 777923, 160334, 184636, 181479, 157338, 47068, 47068, 3756806165
518, 777400, 185793, 154271, 151281, 182669, 51693, 51693, 930826257
519, 777688, 169599, 167480, 164404, 166661, 54772, 54772, 3318353961
521, 777736, 181421, 157358, 154310, 178277, 53185, 53185, 1880206705
520, 779446, 151086, 174396, 171323, 148055, 67293, 67293, 1522424045
522, 778165, 157466, 175255, 172141, 154463, 59420, 59420, 3451299286
523, 778030, 172346, 163943, 160780, 169127, 55917, 55917, 2013038126
524, 777808, 163408, 170702, 167562, 160408, 57864, 57864, 4220072198
525, 777067, 144727, 180809, 177493, 141716, 66161, 66161, 3031044893
526, 778153, 164529, 172652, 169448, 161454, 55035, 55035, 2898075521
527, 777226, 146036, 193065, 189853, 143012, 52630, 52630, 1969692631
528, 778414, 198298, 137074, 134277, 195011, 56877, 56877, 3970546969
529, 778890, 181663, 157916, 154935, 178452, 52962, 52962, 1203764354
530, 779654, 162828, 172472, 169689, 159817, 57424, 57424, 3506921014
532, 777506, 174996, 162801, 159559, 171868, 54141, 54141, 921855869
533, 777662, 178585, 156292, 153197, 175570, 57009, 57009, 4046989995
531, 780120, 183819, 149440, 146541, 180774, 59773, 59773, 2164709715
534, 777546, 185538, 151691, 148749, 182346, 54611, 54611, 966328319
535, 778558, 162743, 178164, 174972, 159713, 51483, 51483, 600299159
536, 777080, 160559, 171033, 167973, 157565, 59975, 59975, 1630422171
537, 778212, 171577, 163249, 160210, 168498, 57339, 57339, 57215026
538, 779102, 162681, 169753, 166727, 159647, 60147, 60147, 757117769
539, 779043, 148282, 192438, 189197, 145362, 51882, 51882, 555208496
540, 778095, 164051, 171558, 168590, 160954, 56471, 56471, 2942751388
541, 778183, 162382, 174202, 171158, 159153, 55644, 55644, 271640744
542, 779163, 179503, 154042, 151086, 176544, 58994, 58994, 855041753
543, 778456, 171316, 165434, 162421, 168207, 55539, 55539, 146542054
544, 778538, 163483, 174291, 171227, 160513, 54512, 54512, 1356153541
545, 779311, 163151, 180111, 177029, 160128, 49446, 49446, 1175666993
546, 776002, 149370, 180890, 177441, 146361, 60970, 60970, 1655938309
547, 778946, 127914, 200000, 196713, 125163, 64578, 64578, 3809566759
548, 776664, 161251, 176787, 173633, 158061, 53466, 53466, 1796877000
549, 777662, 174001, 158778, 155653, 170876, 59177, 59177, 3103796258
550, 778846, 162866, 163465, 160505, 159940, 66035, 66035, 249079894
551, 777401, 183487, 151318, 148267, 180557, 56886, 56886, 2638838791
552, 778274, 195756, 146221, 143265, 192422, 50305, 50305, 3284024609
554, 779888, 172258, 161698, 158890, 169122, 58960, 58960, 2632543883
553, 778855, 174934, 160888, 157885, 171970, 56589, 56589, 1218412967
555, 777374, 161919, 178916, 175925, 158858, 50878, 50878, 2905537552
556, 778853, 174819, 163891, 160838, 171701, 53802, 53802, 1619989950
558, 779142, 177950, 157606, 154741, 174921, 56962, 56962, 871630275
559, 777893, 163057, 172533, 169432, 160061, 56405, 56405, 1137542912
557, 778214, 187150, 153711, 150727, 183912, 51357, 51357, 4289258906
560, 778072, 179269, 158946, 155885, 176194, 53889, 53889, 1209283670
561, 778711, 158444, 161346, 158457, 155376, 72544, 72544, 462171663
562, 777152, 165761, 168368, 165331, 162700, 57496, 57496, 3754162978
563, 778945, 189673, 152594, 149716, 186510, 50226, 50226, 2397554763
564, 777184, 168346, 164758, 161674, 165362, 58522, 58522, 843329532
565, 779175, 159977, 179881, 176855, 157040, 52711, 52711, 2661604564
566, 778861, 161070, 171637, 168512, 158058, 59792, 59792, 2064920733
567, 776468, 154545, 173508, 170394, 151461, 63280, 63280, 2679220954
568, 780405, 189796, 152790, 149895, 186732, 50596, 50596, 2956845783
569, 776984, 177807, 161409, 158330, 174574, 52432, 52432, 3333850873
570, 780276, 178247, 163801, 160852, 175186, 51095, 51095, 101285869
573, 779596, 171063, 166159, 163167, 167981, 55613, 55613, 3048190779
571, 780768, 192360, 141913, 139240, 189433, 58911, 58911, 1241143762
572, 779095, 186516, 152102, 149065, 183444, 53984, 53984, 3806765715
574, 778616, 136074, 203831, 200559, 133016, 52568, 52568, 2422409517
576, 779398, 163155, 181974, 178832, 160203, 47617, 47617, 306725157
575, 780571, 168570, 168367, 165495, 165647, 56246, 56246, 2757481005
577, 778943, 162222, 173539, 170619, 159101, 56731, 56731, 1061097567
578, 777134, 167667, 170445, 167495, 164633, 53447, 53447, 3210431884
579, 779261, 151613, 195194, 192096, 148782, 45788, 45788, 3562048154
580, 777202, 172616, 159751, 156837, 169418, 59290, 59290, 505309705
581, 778585, 177165, 149835, 146944, 174065, 65288, 65288, 1169752175
583, 777794, 160229, 174033, 170841, 157267, 57712, 57712, 337556788
582, 778546, 182365, 149572, 146480, 179333, 60398, 60398, 1307998558
584, 778743, 181621, 155798, 152890, 178338, 55048, 55048, 3895811722
585, 778808, 206398, 131327, 128503, 202954, 54813, 54813, 2890290581
586, 776818, 169064, 170716, 167597, 166099, 51671, 51671, 2630338463
587, 778727, 142563, 188849, 185623, 139662, 61015, 61015, 2634981874
588, 778357, 155362, 181771, 178781, 152307, 55068, 55068, 741428064
589, 778621, 160092, 168588, 165488, 156999, 63727, 63727, 3336319763
590, 777897, 160437, 173673, 170677, 157512, 57799, 57799, 1965973505
591, 779401, 154063, 183667, 180615, 151034, 55011, 55011, 4183137682
592, 779188, 181450, 159774, 156971, 178363, 51315, 51315, 940598153
593, 778568, 174695, 161468, 158562, 171463, 56190, 56190, 526035853
594, 780533, 154243, 176127, 172904, 151451, 62904, 62904, 2157465651
596, 779022, 194775, 147249, 144404, 191686, 50454, 50454, 1162077852
595, 778555, 179111, 157738, 154851, 175947, 55454, 55454, 2897950135
597, 779162, 170260, 171471, 168484, 167193, 50877, 50877, 3623364673
598, 780079, 179367, 154308, 151581, 176293, 59265, 59265, 1085147047
599, 776399, 178842, 144119, 141186, 175408, 68422, 68422, 3800536427
600, 779612, 155170, 174792, 171876, 152164, 62805, 62805, 1061033056
601, 778590, 145465, 185776, 182516, 142397, 61218, 61218, 91812186
602, 777753, 190097, 149189, 146213, 186946, 52654, 52654, 3068325405
603, 777835, 177838, 165552, 162508, 174721, 48608, 48608, 156222928
604, 778081, 184291, 154073, 151129, 181052, 53768, 53768, 555561417
605, 777763, 166218, 166604, 163520, 163279, 59071, 59071, 393855322
606, 776451, 162641, 168880, 165796, 159590, 59772, 59772, 2191506589
607, 777601, 138130, 193466, 190101, 135342, 60281, 60281, 2382773614
609, 779364, 172860, 167005, 164088, 169731, 52840, 52840, 3238135404
608, 779886, 183350, 156609, 153714, 180113, 53050, 53050, 2639161443
610, 780429, 159005, 176304, 173147, 156223, 57875, 57875, 2975510238
611, 780035, 181909, 158751, 155843, 178672, 52430, 52430, 3572277260
612, 777959, 154674, 172989, 169871, 151547, 64439, 64439, 2482478199
613, 777278, 147521, 192861, 189727, 144501, 51334, 51334, 3999365002
614, 778418, 151767, 191943, 188895, 148917, 48448, 48448, 946674487
615, 775520, 160436, 165195, 161975, 157512, 65201, 65201, 2742601008
616, 776456, 185955, 150820, 147911, 182616, 54577, 54577, 2098232153
617, 778403, 154073, 188507, 185436, 151111, 49638, 49638, 2304301191
619, 778395, 150926, 184359, 181242, 147922, 56973, 56973, 3457455000
618, 778532, 179245, 157479, 154508, 175986, 55657, 55657, 1552363211
621, 779228, 194097, 149619, 146542, 191072, 48949, 48949, 178292931
620, 779236, 169513, 161981, 159042, 166408, 61146, 61146, 3073156495
622, 778188, 178790, 161376, 158410, 175598, 52007, 52007, 3980349472
623, 777414, 149561, 172691, 169572, 146610, 69490, 69490, 2715124502
624, 776500, 170899, 150268, 147319, 167750, 70132, 70132, 1475744976
625, 777717, 166399, 166838, 163812, 163264, 58702, 58702, 63751692
627, 777536, 174365, 158850, 155787, 171060, 58737, 58737, 4008114423
626, 777351, 153817, 185854, 182689, 150755, 52118, 52118, 2296979440
628, 777789, 182901, 156540, 153616, 179698, 52517, 52517, 2443756740
629, 776915, 215143, 119580, 116761, 211755, 56838, 56838, 1210366646
630, 779368, 153283, 188053, 184986, 150498, 51274, 51274, 1364081554
632, 779089, 160382, 181540, 178497, 157454, 50608, 50608, 3407147285
631, 779561, 163156, 171028, 168061, 160190, 58563, 58563, 3394121662
633, 779135, 186176, 145846, 142990, 182985, 60569, 60569, 3167828111
634, 778969, 186678, 147539, 144691, 183563, 58249, 58249, 304378180
635, 778731, 187227, 152693, 149667, 184118, 52513, 52513, 3306226584
636, 778806, 165221, 168581, 165741, 162081, 58591, 58591, 1573935540
638, 776168, 157501, 180012, 176872, 154413, 53685, 53685, 2548500091
639, 779211, 161319, 168836, 165690, 158296, 62535, 62535, 114375065
637, 780559, 201415, 140324, 137690, 198180, 51475, 51475, 1150260564
641, 778271, 164977, 172249, 169265, 161910, 54935, 54935, 1077719748
640, 778686, 187457, 147594, 144562, 184415, 57329, 57329, 3042764716
643, 777030, 182941, 151737, 148684, 179714, 56977, 56977, 3205161549
642, 779310, 148708, 180216, 177205, 145743, 63719, 63719, 3656508904
644, 779443, 153017, 187063, 183820, 150113, 52715, 52715, 782469939
646, 777075, 185724, 149201, 146216, 182366, 56784, 56784, 491079913
645, 779502, 169080, 169191, 166298, 166211, 54361, 54361, 2588575625
647, 779633, 169314, 167477, 164503, 166353, 55993, 55993, 4213696379
648, 780345, 165322, 178847, 175780, 162358, 49019, 49019, 2884746445
649, 778166, 150086, 189663, 186480, 147245, 52346, 52346, 3003380754
650, 776327, 171197, 165185, 162093, 168180, 54836, 54836, 1882957056
651, 778841, 176797, 152938, 149773, 173759, 62787, 62787, 350079592
652, 776921, 176498, 155029, 151928, 173386, 60040, 60040, 4257039029
653, 778070, 172936, 155824, 152737, 169857, 63358, 63358, 2229923225
654, 779650, 152777, 190424, 187347, 149812, 49645, 49645, 3321166607
655, 778081, 168241, 174802, 171532, 165190, 49158, 49158, 2416647296
658, 777328, 164481, 177828, 174727, 161454, 49419, 49419, 301437971
656, 776371, 174903, 152600, 149466, 171830, 63786, 63786, 2167857536
657, 778408, 159776, 177954, 174773, 156891, 54507, 54507, 3731125376
660, 777800, 203780, 137754, 134741, 200331, 50597, 50597, 1508612795
661, 780104, 141215, 198401, 195373, 138407, 53354, 53354, 115153697
659, 779514, 191620, 144521, 141751, 188376, 56623, 56623, 3721632541
662, 777107, 169572, 163869, 160918, 166542, 58103, 58103, 2958586383
663, 777682, 152502, 186662, 183367, 149409, 52871, 52871, 719730571
664, 775962, 177475, 159228, 156126, 174315, 54409, 54409, 3370044269
665, 780968, 131372, 210505, 207435, 128732, 51462, 51462, 3487703330
666, 778943, 139144, 197034, 193814, 136251, 56350, 56350, 1186830542
669, 777310, 183210, 151371, 148501, 179852, 57188, 57188, 1111465217
668, 778758, 165263, 178284, 175020, 162147, 49022, 49022, 1305799811
667, 779327, 167878, 168625, 165794, 164856, 56087, 56087, 530724126
670, 778629, 183509, 155688, 152589, 180367, 53238, 53238, 3936936512
672, 778883, 163805, 172027, 169074, 160795, 56591, 56591, 1992619225
671, 777459, 152561, 177718, 174534, 149500, 61573, 61573, 961712782
674, 776942, 157389, 171331, 168109, 154375, 62869, 62869, 746903865
673, 777989, 187700, 156397, 153389, 184563, 47970, 47970, 389906180
675, 776866, 186630, 149141, 146037, 183476, 55791, 55791, 3030015254
676, 779683, 176430, 159845, 156716, 173536, 56578, 56578, 3831748024
677, 777556, 184511, 156219, 153153, 181291, 51191, 51191, 3469263164
678, 777985, 189691, 142933, 139955, 186320, 59543, 59543, 2157433074
679, 777969, 167232, 160885, 157951, 164047, 63927, 63927, 2503400226
681, 779229, 159322, 180471, 177597, 156377, 52731, 52731, 263252527
680, 779098, 159098, 181261, 178141, 156084, 52257, 52257, 659765304
682, 778831, 154836, 175493, 172418, 151776, 62154, 62154, 3554007839
683, 777704, 168457, 168764, 165801, 165368, 54657, 54657, 3692136799
685, 779568, 173881, 168839, 165870, 170756, 50111, 50111, 523070977
684, 780287, 173039, 159020, 156034, 170208, 60993, 60993, 4182236693
686, 778212, 176106, 163725, 160658, 173029, 52347, 52347, 2717488690
687, 778541, 137252, 193636, 190540, 134355, 61379, 61379, 999349818
688, 779805, 150322, 176593, 173731, 147397, 65881, 65881, 3565702450
690, 775783, 170220, 160287, 156914, 167070, 60646, 60646, 3533818316
689, 779007, 180075, 151555, 148501, 177004, 60936, 60936, 1672853165
692, 777312, 166732, 164246, 161140, 163560, 60817, 60817, 298005912
691, 778803, 179447, 160273, 157198, 176393, 52746, 52746, 1630251394
693, 778809, 183299, 143194, 140169, 180307, 65920, 65920, 703140979
694, 778762, 175779, 153605, 150726, 172738, 62957, 62957, 944718974
696, 777938, 188687, 153815, 150837, 185397, 49601, 49601, 2716668234
695, 779267, 167481, 168982, 166101, 164507, 56098, 56098, 3139747292
697, 778879, 171431, 165204, 162143, 168475, 55813, 55813, 1198106980
698, 778325, 161834, 175592, 172475, 158832, 54796, 54796, 2945782492
699, 777929, 137327, 191500, 188256, 134384, 63231, 63231, 1474167278
700, 777054, 167404, 173454, 170460, 164338, 50699, 50699, 1218409842
701, 775938, 170743, 164272, 161132, 167589, 56101, 56101, 3152440217
702, 778130, 161676, 180109, 177024, 158605, 50358, 50358, 2762917383
703, 779845, 162025, 171357, 168266, 159081, 59558, 59558, 254982886
705, 778264, 155728, 179265, 176317, 152662, 57146, 57146, 1405904598
704, 777295, 140269, 197957, 194808, 137419, 53421, 53421, 422358705
706, 776846, 165591, 171307, 168257, 162481, 54605, 54605, 2599404074
707, 778686, 179410, 161657, 158746, 176195, 51339, 51339, 3474297858
708, 780298, 176980, 157715, 154849, 173798, 58478, 58478, 1939156218
709, 776625, 153206, 182446, 179332, 150261, 55690, 55690, 1551053102
710, 778135, 169470, 162527, 159465, 166123, 60275, 60275, 484716793
711, 778417, 131468, 205775, 202490, 128574, 55055, 55055, 3176991792
713, 779425, 174132, 167455, 164480, 171114, 51122, 51122, 3191718228
712, 777397, 185318, 156492, 153326, 182071, 50095, 50095, 3011972272
714, 778290, 180172, 161952, 158971, 177075, 50060, 50060, 2563273305
715, 779316, 156244, 173922, 170847, 153321, 62491, 62491, 3516809792
716, 778219, 169434, 172384, 169475, 166404, 50261, 50261, 2875452396
718, 779073, 166910, 170495, 167365, 163867, 55218, 55218, 1322879348
717, 779619, 193073, 146966, 144134, 189852, 52797, 52797, 1928971659
719, 776517, 162455, 174264, 171085, 159181, 54766, 54766, 871930078
720, 776741, 142826, 194228, 190856, 139939, 54446, 54446, 2743499099
721, 778642, 156219, 180924, 177705, 153416, 55189, 55189, 1466639901
722, 779941, 162195, 178221, 175145, 159256, 52562, 52562, 1098787218
723, 779203, 196341, 147710, 144711, 193147, 48647, 48647, 1379805095
724, 778510, 184853, 151840, 148707, 181632, 55739, 55739, 3788504327
725, 779541, 167515, 173625, 170482, 164429, 51745, 51745, 546269774
726, 778578, 165270, 171977, 168928, 162335, 55034, 55034, 4120560741
728, 777781, 169181, 159082, 155995, 166101, 63711, 63711, 4243769990
727, 777935, 135572, 194079, 190715, 132687, 62441, 62441, 1379236055
729, 778550, 186365, 155705, 152870, 183212, 50199, 50199, 1512768389
731, 778209, 177168, 148874, 146009, 174084, 66037, 66037, 2268179922
732, 778674, 158788, 180488, 177384, 155856, 53079, 53079, 3995208635
730, 779279, 155576, 175530, 172404, 152635, 61567, 61567, 1528316904
733, 778446, 167985, 170835, 167896, 164980, 53375, 53375, 377891896
734, 776944, 167467, 162211, 159159, 164311, 61898, 61898, 2850187836
735, 780774, 163880, 180742, 177780, 160974, 48699, 48699, 968243061
737, 777419, 154116, 185680, 182421, 151194, 52004, 52004, 1704254400
738, 778292, 134178, 205913, 202643, 131352, 52103, 52103, 1597356305
736, 778046, 186355, 149415, 146534, 183150, 56296, 56296, 4283027978
739, 777361, 188769, 143597, 140701, 185462, 59416, 59416, 2324693460
740, 778984, 160614, 170256, 167136, 157580, 61699, 61699, 2904693506
741, 779957, 181131, 156795, 154003, 178040, 54994, 54994, 315310923
742, 779820, 180446, 151214, 148335, 177405, 61210, 61210, 1173728999
743, 779209, 174470, 168935, 165829, 171287, 49344, 49344, 2587380980
744, 777716, 172839, 167296, 164191, 169668, 51861, 51861, 3450333325
746, 778820, 170786, 168647, 165469, 167862, 53028, 53028, 2736431913
745, 778662, 170001, 167778, 164601, 166892, 54695, 54695, 1859140159
748, 776866, 148930, 189367, 186076, 145899, 53297, 53297, 116744883
747, 778453, 175935, 155856, 153070, 172736, 60428, 60428, 2395796454
749, 776924, 173231, 161773, 158638, 169982, 56650, 56650, 2654836903
750, 779902, 187672, 143693, 140798, 184651, 61544, 61544, 2272027247
751, 778142, 155444, 186003, 182735, 152412, 50774, 50774, 1484120449
752, 778337, 180433, 160268, 157263, 177149, 51612, 51612, 3959310174
754, 777166, 179254, 159979, 156824, 176043, 52533, 52533, 2304572860
753, 778066, 154716, 184796, 181558, 151838, 52579, 52579, 374657217
756, 777336, 163849, 171994, 168815, 160624, 56027, 56027, 941247969
755, 778973, 146766, 187283, 184129, 143995, 58400, 58400, 304505784
757, 778606, 143532, 181337, 178159, 140808, 67385, 67385, 4262006200
758, 777012, 172645, 162711, 159654, 169432, 56285, 56285, 3101001404
759, 781204, 161049, 169190, 166452, 158323, 63095, 63095, 1560650558
760, 778054, 149161, 182204, 178999, 146204, 60743, 60743, 3250072880
762, 777878, 151959, 182089, 178975, 148917, 57969, 57969, 3152047998
761, 780195, 177152, 157343, 154583, 174137, 58490, 58490, 959059260
763, 780077, 183046, 146146, 143219, 180046, 63810, 63810, 4258697106
764, 777151, 175966, 161914, 158792, 172949, 53765, 53765, 612022856
766, 778660, 158195, 179019, 175865, 155287, 55147, 55147, 4018081475
765, 778917, 152772, 183862, 180759, 149644, 55940, 55940, 2842372402
768, 777565, 160775, 162890, 159843, 157741, 68158, 68158, 3072302757
767, 778919, 187166, 149831, 146714, 184266, 55471, 55471, 1921439320
769, 778473, 172331, 164811, 161612, 169201, 55259, 55259, 2634232304
770, 776951, 175619, 158921, 155818, 172487, 57053, 57053, 614793790
771, 776321, 174212, 164146, 160836, 171153, 52987, 52987, 249394227
772, 777765, 166279, 170241, 167322, 163247, 55338, 55338, 4238525861
773, 778112, 180653, 154600, 151653, 177424, 56891, 56891, 1704985613
774, 779418, 193494, 141360, 138588, 190346, 57815, 57815, 2869422695
775, 779062, 170595, 168693, 165804, 167592, 53189, 53189, 450439332
776, 776140, 158227, 180833, 177668, 155106, 52153, 52153, 1942150188
777, 779874, 159443, 171174, 168030, 156475, 62376, 62376, 1153204189
779, 779488, 159743, 175006, 172062, 156837, 57920, 57920, 373946121
780, 777994, 166562, 168373, 165320, 163631, 57054, 57054, 3632564810
778, 777923, 145083, 192127, 189096, 142125, 54746, 54746, 2964506015
781, 778414, 164922, 169064, 165907, 161919, 58301, 58301, 2614140620
782, 777941, 156421, 179007, 175950, 153521, 56521, 56521, 484907277
783, 778454, 168186, 169870, 166894, 165154, 54175, 54175, 3033990484
786, 779110, 162411, 175179, 172056, 159516, 54974, 54974, 2793786396
784, 778286, 169974, 157659, 154743, 166908, 64501, 64501, 644921601
785, 778259, 185790, 145687, 142635, 182687, 60730, 60730, 3463690033
787, 779065, 168455, 163112, 160045, 165477, 60988, 60988, 1529830043
790, 779107, 160497, 182884, 179597, 157537, 49296, 49296, 79236529
789, 778007, 175694, 159390, 156427, 172638, 56929, 56929, 429764928
788, 779440, 193578, 146945, 144090, 190651, 52088, 52088, 3278739379
791, 777752, 147637, 189089, 185928, 144678, 55210, 55210, 741665341
792, 776668, 175734, 163462, 160308, 172472, 52346, 52346, 3499028182
793, 779405, 171353, 165731, 162712, 168137, 55736, 55736, 132518853
794, 778466, 143218, 186446, 183351, 140359, 62546, 62546, 3895978732
795, 777237, 176606, 158503, 155478, 173502, 56574, 56574, 2492189681
796, 779054, 161027, 174727, 171598, 157866, 56918, 56918, 2035337966
798, 779654, 181906, 154983, 152071, 178680, 56007, 56007, 1450303148
797, 778613, 175605, 160882, 157794, 172612, 55860, 55860, 3052545030
799, 779293, 169941, 161784, 158794, 166780, 60997, 60997, 3027561263
802, 777788, 151161, 180719, 177524, 148122, 60131, 60131, 3511612575
801, 780323, 150492, 183550, 180412, 147623, 59123, 59123, 3318167718
800, 778411, 152931, 176765, 173675, 150018, 62511, 62511, 3050363080
803, 776509, 175843, 163311, 160104, 172797, 52227, 52227, 1175803493
804, 778026, 186636, 150732, 147823, 183547, 54644, 54644, 2014508290
805, 776977, 165328, 166312, 163070, 162131, 60068, 60068, 910355804
807, 778035, 179135, 154398, 151299, 175819, 58692, 58692, 2662779071
806, 779815, 204526, 135079, 132221, 201317, 53336, 53336, 3141324766
809, 777125, 160352, 167937, 164827, 157229, 63390, 63390, 4203532701
808, 779179, 179222, 152582, 149686, 176105, 60792, 60792, 2630502498
810, 779469, 173483, 161992, 158897, 170509, 57294, 57294, 2251849838
812, 777380, 161921, 176661, 173500, 158790, 53254, 53254, 4110084261
811, 779486, 165700, 170309, 167302, 162841, 56667, 56667, 2385878562
814, 778766, 150351, 190947, 187585, 147517, 51183, 51183, 1824404524
813, 778417, 183632, 160343, 157241, 180523, 48339, 48339, 322302716
815, 778105, 176097, 160042, 157098, 172908, 55980, 55980, 2742030472
816, 779290, 165239, 176856, 173821, 162170, 50602, 50602, 872733917
817, 778507, 169018, 166874, 163881, 165848, 56443, 56443, 3118067161
819, 779382, 157857, 185041, 182012, 154986, 49743, 49743, 665811995
818, 780369, 175475, 159759, 156882, 172527, 57863, 57863, 3685312317
821, 778952, 179439, 163235, 160172, 176444, 49831, 49831, 2706981733
820, 777296, 149579, 172443, 169520, 146506, 69624, 69624, 2116917526
822, 777510, 185084, 157640, 154557, 181943, 49143, 49143, 3160555282
826, 779559, 188851, 153427, 150597, 185668, 50508, 50508, 1576538167
825, 779326, 162718, 172718, 169594, 159768, 57264, 57264, 3219750297
823, 780387, 148743, 192200, 189035, 145887, 52261, 52261, 791207920
824, 780909, 185785, 149275, 146523, 182814, 58256, 58256, 239600933
827, 776557, 168337, 160479, 157511, 165266, 62482, 62482, 2324970226
828, 779172, 172863, 159267, 156317, 169737, 60494, 60494, 389829682
829, 778742, 186457, 146967, 144036, 183350, 58966, 58966, 4177033452
831, 778366, 170869, 161344, 158263, 167792, 60049, 60049, 3262200922
830, 778062, 146385, 183120, 180076, 143457, 62512, 62512, 3782464436
832, 778431, 168130, 172184, 169068, 165107, 51971, 51971, 3000804308
833, 779270, 179281, 159788, 156683, 176134, 53692, 53692, 295636152
834, 777134, 179785, 159654, 156557, 176552, 52293, 52293, 1806871083
835, 777673, 160766, 174275, 171045, 157703, 56942, 56942, 3417310541
837, 777128, 159901, 166953, 164016, 156750, 64754, 64754, 3581756594
838, 778551, 143984, 177622, 174542, 141069, 70667, 70667, 3888219366
836, 778010, 171533, 167023, 163970, 168550, 53467, 53467, 4186262366
839, 779186, 180124, 156350, 153397, 177007, 56154, 56154, 474748024
840, 776907, 183938, 151478, 148530, 180873, 56044, 56044, 916354156
841, 777170, 181525, 155703, 152737, 178171, 54517, 54517, 196998856
842, 778239, 177818, 160674, 157696, 174725, 53663, 53663, 2893887944
843, 779650, 163718, 159612, 156648, 160808, 69432, 69432, 3320145482
844, 778826, 154505, 179956, 176881, 151562, 57961, 57961, 1554327617
846, 779209, 161978, 179348, 176279, 158982, 51311, 51311, 1145482574
845, 776721, 166504, 162717, 159555, 163493, 62226, 62226, 1861224276
847, 778005, 174006, 154577, 151675, 170821, 63463, 63463, 3482665670
848, 778340, 163843, 173700, 170347, 160866, 54792, 54792, 529729209
849, 779290, 163272, 177170, 174127, 160171, 52275, 52275, 838447637
850, 777318, 142827, 197125, 193800, 139772, 51897, 51897, 2939849414
851, 779105, 166225, 167651, 164785, 163252, 58596, 58596, 3635751822
852, 778283, 158153, 176696, 173668, 155114, 57326, 57326, 476766021
853, 778562, 171988, 161031, 157911, 168890, 59371, 59371, 3198381841
854, 778654, 153339, 179019, 175985, 150465, 59923, 59923, 53003533
855, 777568, 158320, 175992, 172980, 155332, 57472, 57472, 568630378
856, 778770, 171179, 165708, 162530, 168111, 55621, 55621, 3257510387
860, 778736, 171203, 165616, 162559, 168226, 55566, 55566, 71944889
857, 779021, 185156, 158058, 155191, 181948, 49334, 49334, 179250914
858, 780337, 164332, 170790, 167822, 161337, 58028, 58028, 1007209962
859, 776885, 144995, 192401, 189065, 141908, 54258, 54258, 1140427543
862, 778391, 178101, 158678, 155624, 174916, 55536, 55536, 2664139043
863, 778203, 167982, 166737, 163572, 164904, 57504, 57504, 1305350342
861, 778231, 149199, 188969, 185994, 146327, 53871, 53871, 273122636
864, 778112, 161890, 179247, 176063, 158842, 51035, 51035, 3446010778
866, 778233, 136852, 198139, 194809, 133893, 57270, 57270, 2482872799
865, 779740, 177639, 155752, 152773, 174712, 59432, 59432, 1799613578
867, 778917, 168866, 169208, 166343, 165816, 54342, 54342, 1615075845
868, 777861, 178577, 157250, 154197, 175529, 56154, 56154, 3941588335
871, 778144, 171228, 168022, 165001, 168311, 52791, 52791, 1865025681
869, 778723, 159405, 178283, 174950, 156245, 54920, 54920, 1889915254
870, 777663, 180706, 155441, 152373, 177479, 55832, 55832, 3192854152
872, 776987, 171744, 171159, 168028, 168592, 48732, 48732, 1129747796
873, 776424, 166701, 161415, 158274, 163568, 63233, 63233, 2759573289
874, 779707, 167888, 164890, 161977, 164992, 59980, 59980, 353454062
875, 777348, 152678, 187178, 183891, 149651, 51975, 51975, 1720139488
876, 780024, 145979, 189510, 186399, 143050, 57543, 57543, 427167154
877, 779123, 189314, 141689, 138870, 186194, 61528, 61528, 679534393
879, 777572, 180971, 152807, 149816, 177950, 58014, 58014, 2283314324
878, 779023, 181261, 148931, 145984, 178127, 62360, 62360, 2899297559
880, 778000, 178936, 144242, 141363, 175701, 68879, 68879, 640498962
882, 776839, 188658, 152457, 149411, 185465, 50424, 50424, 388093881
884, 775821, 170271, 163400, 160258, 167192, 57350, 57350, 2752257025
883, 777845, 172285, 164584, 161614, 169348, 55007, 55007, 3982300683
881, 777200, 182453, 156722, 153684, 179047, 52647, 52647, 2332699304
885, 778212, 156783, 179609, 176594, 153872, 55677, 55677, 2803596753
886, 776890, 168535, 168526, 165432, 165325, 54536, 54536, 3603354327
887, 779354, 172396, 158661, 155602, 169335, 61680, 61680, 1934983268
888, 776116, 163976, 178015, 174657, 160896, 49286, 49286, 2794956446
889, 777785, 175629, 156009, 153000, 172477, 60335, 60335, 2624945922
890, 778622, 149553, 188816, 185723, 146650, 53940, 53940, 3147770974
891, 778596, 171872, 163995, 161197, 168778, 56377, 56377, 274465903
892, 780342, 166583, 177100, 174124, 163651, 49442, 49442, 2530411918
894, 780002, 153130, 189315, 186042, 150121, 50697, 50697, 3165483589
893, 780526, 163783, 177500, 174453, 160882, 51954, 51954, 1484376408
895, 778140, 187033, 149310, 146391, 183708, 55849, 55849, 1944810527
897, 777742, 146395, 184190, 181087, 143442, 61314, 61314, 1728913610
896, 777026, 200301, 129822, 126919, 196926, 61529, 61529, 3238830545
898, 778407, 194227, 146108, 143086, 191036, 51975, 51975, 3711180556
900, 780075, 152500, 188030, 185030, 149783, 52366, 52366, 603211619
899, 779292, 180258, 161982, 158811, 177077, 50582, 50582, 967486392
901, 780063, 143572, 197599, 194463, 140503, 51963, 51963, 2369502606
902, 775765, 148717, 180838, 177533, 145635, 61521, 61521, 1534956005
903, 778537, 169907, 168599, 165618, 166823, 53795, 53795, 2049675974
904, 778220, 172485, 164281, 161293, 169473, 55344, 55344, 3833522485
905, 776576, 169089, 165875, 162737, 165963, 56456, 56456, 3752809158
907, 778106, 157844, 174045, 171002, 154893, 60161, 60161, 1628761993
906, 778370, 169012, 165534, 162568, 165926, 57665, 57665, 307494384
908, 778635, 180428, 158565, 155445, 177291, 53453, 53453, 1850057076
909, 780947, 177923, 164778, 161894, 174886, 50733, 50733, 2275886166
910, 777661, 163631, 172146, 169082, 160532, 56135, 56135, 3438780149
911, 776314, 181638, 156482, 153413, 178527, 53127, 53127, 2955493934
912, 777340, 173327, 159353, 156364, 170136, 59080, 59080, 558232285
913, 779057, 167649, 162042, 158994, 164502, 62935, 62935, 2127828473
914, 777539, 174940, 164551, 161443, 171879, 52363, 52363, 2873466508
915, 778260, 169072, 157192, 154226, 165932, 65919, 65919, 3328162577
919, 776952, 138642, 201163, 197659, 135622, 51933, 51933, 2486868262
916, 778766, 178905, 153194, 150211, 175750, 60353, 60353, 2126032246
917, 778912, 155252, 179698, 176565, 152325, 57536, 57536, 3033566743
918, 780492, 158258, 170125, 167299, 155368, 64721, 64721, 2394800572
921, 777709, 145096, 184975, 181891, 142135, 61806, 61806, 3517888288
920, 777837, 140588, 189119, 186016, 137710, 62202, 62202, 734906646
922, 776565, 159155, 175587, 172284, 156123, 56708, 56708, 430377112
923, 776367, 161291, 180751, 177490, 158175, 49330, 49330, 2729510866
924, 779202, 152000, 188184, 185029, 149097, 52446, 52446, 1913627355
925, 778188, 172598, 166632, 163647, 169457, 52927, 52927, 2645969131
926, 776180, 193956, 135776, 132952, 190560, 61468, 61468, 3155532900
927, 776946, 156390, 173802, 170652, 153402, 61350, 61350, 3059323449
928, 778064, 172285, 161993, 158987, 169047, 57876, 57876, 1824036257
929, 777658, 157568, 183356, 180337, 154431, 50983, 50983, 1778402296
930, 777574, 171561, 165118, 161826, 168581, 55244, 55244, 4225583051
931, 780144, 160704, 179648, 176684, 157800, 52654, 52654, 2958117829
933, 780548, 177038, 167368, 164558, 174024, 48780, 48780, 4159013205
932, 779351, 177747, 157531, 154599, 174654, 57410, 57410, 137082378
934, 777885, 164767, 173855, 170843, 161864, 53278, 53278, 405155096
936, 777303, 160860, 178699, 175405, 157865, 52237, 52237, 3259578109
935, 777607, 160751, 181638, 178588, 157610, 49510, 49510, 1871634779
938, 778487, 146669, 189814, 186536, 143726, 55871, 55871, 3762854980
939, 776473, 166365, 173908, 170955, 162993, 51126, 51126, 760166892
937, 779511, 193109, 151494, 148544, 189930, 48217, 48217, 1834152410
940, 779784, 173078, 169488, 166499, 170009, 50355, 50355, 3798354660
942, 779238, 156325, 177625, 174470, 153490, 58664, 58664, 2339337396
941, 780257, 166323, 175020, 171938, 163222, 51877, 51877, 3319192850
944, 777897, 159951, 177545, 174315, 156986, 54550, 54550, 852961940
943, 778017, 186737, 157447, 154640, 183647, 47773, 47773, 1227959770
945, 779711, 179142, 146001, 143218, 176228, 67561, 67561, 914317781
946, 777149, 155774, 184153, 180912, 152758, 51776, 51776, 4054710884
948, 778637, 156296, 181479, 178217, 153435, 54605, 54605, 1055556541
947, 778822, 162893, 166387, 163316, 159874, 63176, 63176, 2396195306
950, 778336, 171951, 165573, 162457, 168755, 54800, 54800, 645301582
949, 777278, 156050, 186860, 183546, 152944, 48939, 48939, 2836349767
951, 776926, 141132, 189542, 186249, 138339, 60832, 60832, 1622044637
952, 777195, 153307, 176362, 173294, 150316, 61958, 61958, 3890808072
953, 778875, 139706, 198120, 194889, 137016, 54572, 54572, 2796865297
954, 781036, 147861, 200335, 197275, 144987, 45289, 45289, 3367701633
955, 779251, 134569, 202252, 198925, 131821, 55842, 55842, 2824083770
956, 780480, 170605, 166543, 163585, 167535, 56106, 56106, 3457095629
957, 777067, 161809, 176445, 173290, 158739, 53392, 53392, 2718365791
958, 778284, 162574, 178543, 175458, 159561, 51074, 51074, 1027033308
959, 778448, 163649, 170728, 167695, 160584, 57896, 57896, 662482736
960, 777012, 175819, 161436, 158405, 172758, 54297, 54297, 3735331793
961, 778922, 204419, 136186, 133285, 201234, 51899, 51899, 3554652103
962, 780919, 166572, 167655, 164523, 163803, 59183, 59183, 1188650739
963, 778587, 189651, 152548, 149549, 186553, 50143, 50143, 348085599
966, 779303, 155710, 177192, 174151, 152798, 59726, 59726, 2338813790
964, 777667, 190282, 140261, 137430, 186928, 61383, 61383, 2619815662
965, 776879, 159373, 181342, 178197, 156365, 50801, 50801, 3067777882
967, 777664, 167409, 161866, 158809, 164304, 62638, 62638, 239531944
969, 780319, 148227, 184860, 181723, 145279, 60115, 60115, 381480774
970, 778694, 160550, 166081, 162902, 157535, 65813, 65813, 3773827563
968, 777888, 161518, 169767, 166677, 158630, 60648, 60648, 480081370
972, 778979, 155216, 181875, 178673, 152237, 55489, 55489, 4124992408
971, 779314, 158635, 169271, 166316, 155632, 64730, 64730, 3424959681
973, 776138, 173823, 164115, 161070, 170608, 53261, 53261, 1796886866
974, 777238, 172303, 167701, 164443, 169139, 51826, 51826, 708830905
975, 779533, 168674, 168099, 165133, 165691, 55968, 55968, 1234578265
977, 778393, 181860, 151639, 148692, 178880, 58661, 58661, 1327345665
976, 778602, 175437, 165066, 162125, 172306, 51834, 51834, 1276101049
978, 777696, 199586, 147731, 144852, 196305, 44611, 44611, 4109470452
979, 776464, 182796, 147883, 144976, 179557, 60626, 60626, 1926638325
980, 778491, 160902, 173860, 170843, 157822, 57532, 57532, 33999921
982, 779989, 156011, 183763, 180579, 153020, 53308, 53308, 757069684
981, 777091, 172273, 157597, 154397, 169036, 61894, 61894, 2616188573
983, 777669, 167843, 178706, 175551, 164735, 45417, 45417, 2793552793
984, 779146, 190434, 145766, 142992, 187248, 56353, 56353, 3114822767
985, 779592, 179950, 166966, 163840, 176852, 45992, 45992, 2672697183
986, 777605, 165721, 173655, 170384, 162671, 52587, 52587, 2144014673
987, 780090, 145322, 187446, 184529, 142399, 60197, 60197, 21633850
988, 776112, 149002, 188136, 184811, 146009, 54077, 54077, 1865797454
989, 779763, 164533, 170303, 167119, 161534, 58137, 58137, 2039807328
990, 778902, 191705, 146203, 143220, 188482, 54646, 54646, 2126102258
991, 778132, 189840, 143684, 140847, 186567, 58597, 58597, 4072142989
992, 778133, 157169, 181547, 178301, 154328, 53394, 53394, 1737076871
993, 780000, 159028, 170506, 167456, 156120, 63445, 63445, 3814723393
994, 776469, 173135, 169560, 166410, 169834, 48765, 48765, 1499514095
995, 778076, 154106, 180744, 177574, 151050, 57301, 57301, 3655403651
996, 778131, 176884, 153160, 150274, 173857, 61978, 61978, 3320782329
997, 777599, 166269, 177753, 174383, 163284, 47955, 47955, 317508181
998, 778479, 174407, 163256, 160239, 171237, 54670, 54670, 625330039
999, 780131, 155923, 177162, 174097, 153147, 59901, 59901, 2409055988
