sample_id, N_LCC, N_A_1_LCC, N_B_1_LCC, N_A_0_LCC, N_B_0_LCC, N_A_*_LCC, N_B_*_LCC, seed
0, 2353206, 80623, 1019099, 1013859, 76263, 81681, 81681, 827023333
12, 2350213, 134492, 952891, 947317, 130119, 92697, 92697, 1030074692
11, 2354885, 178007, 916012, 910386, 173718, 88381, 88381, 2259990615
6, 2356761, 130072, 965805, 960790, 125904, 87095, 87095, 3680162831
14, 2354420, 158552, 932679, 927368, 154201, 90810, 90810, 865864040
15, 2354431, 850820, 239364, 234998, 845751, 91749, 91749, 285869784
3, 2353038, 966991, 130441, 126178, 961744, 83842, 83842, 1351249183
4, 2353820, 245354, 809702, 804594, 240992, 126589, 126589, 3248034965
13, 2348718, 120935, 854414, 849012, 116399, 203979, 203979, 1524924545
9, 2354837, 281161, 807481, 802859, 276654, 93341, 93341, 416895944
5, 2352269, 982017, 111723, 107136, 977089, 87152, 87152, 3863574831
10, 2351945, 159281, 918874, 914620, 154660, 102255, 102255, 697263054
2, 2358043, 66210, 1031874, 1027158, 62023, 85389, 85389, 1202478395
7, 2345990, 639556, 435530, 431040, 634848, 102508, 102508, 887504795
8, 2351660, 902335, 183139, 178696, 897606, 94942, 94942, 772351298
1, 2355418, 170196, 927008, 922612, 165846, 84878, 84878, 2976645363
16, 2353727, 515314, 564229, 559162, 510576, 102223, 102223, 4164734654
18, 2353805, 87682, 1010184, 1005693, 83520, 83363, 83363, 1012243287
25, 2352322, 139953, 951232, 945649, 135600, 89944, 89944, 2604164699
27, 2354860, 67985, 1029178, 1024441, 63870, 84693, 84693, 583333023
20, 2350544, 323760, 759773, 754867, 319226, 96459, 96459, 4157233179
22, 2350095, 137578, 952432, 947524, 133355, 89603, 89603, 3263290471
19, 2353086, 313344, 763051, 758030, 309217, 104722, 104722, 2098449907
17, 2353934, 244701, 840497, 836289, 240443, 96002, 96002, 3417423965
24, 2358991, 935841, 152520, 148330, 931062, 95619, 95619, 3999555284
29, 2346654, 119727, 959684, 954888, 115233, 98561, 98561, 1202093589
23, 2353793, 977033, 116753, 112345, 972864, 87399, 87399, 341169803
26, 2357427, 104561, 990402, 986365, 100407, 87846, 87846, 1881569151
30, 2348754, 536660, 546190, 541147, 532139, 96309, 96309, 2186667753
28, 2352022, 860072, 225723, 221098, 855403, 94863, 94863, 952212379
21, 2363541, 803380, 288092, 283713, 798870, 94743, 94743, 220431842
33, 2355126, 89029, 1014067, 1008343, 84775, 79456, 79456, 2535463836
31, 2353110, 1021360, 71358, 67154, 1016048, 88595, 88595, 189242371
34, 2358683, 1033296, 70789, 66487, 1028039, 80036, 80036, 3316276317
32, 2355894, 613887, 459270, 454455, 609074, 109604, 109604, 2531367590
40, 2351994, 232029, 835799, 830629, 227669, 112934, 112934, 2113036384
39, 2357888, 1011599, 85750, 81603, 1006474, 86231, 86231, 2920973932
44, 2351445, 101400, 997299, 991455, 97207, 82042, 82042, 3228627145
35, 2354893, 843393, 244878, 240327, 838473, 93911, 93911, 3331858165
42, 2347508, 293383, 791175, 785679, 288579, 94346, 94346, 3625413041
43, 2348756, 278697, 800693, 795285, 274103, 99989, 99989, 4013016710
38, 2348597, 888455, 197500, 193178, 883542, 92961, 92961, 2752635333
41, 2354495, 1056391, 48750, 44800, 1051042, 76756, 76756, 2893562360
37, 2349227, 696076, 381345, 376857, 691303, 101823, 101823, 3311803959
36, 2356739, 742796, 336857, 332395, 738077, 103307, 103307, 3344653344
45, 2354376, 93472, 997943, 993226, 89261, 90237, 90237, 3409914645
47, 2360260, 566004, 527804, 523336, 561662, 90727, 90727, 2052156064
48, 2352238, 316058, 767048, 761837, 311659, 97818, 97818, 2471591806
46, 2356689, 474260, 603435, 599098, 469514, 105191, 105191, 110275429
49, 2356708, 75954, 1009690, 1004658, 71818, 97294, 97294, 221888894
54, 2362397, 58668, 1042715, 1037946, 54610, 84229, 84229, 1097561141
56, 2355901, 1032116, 70989, 66783, 1026343, 79835, 79835, 3140491845
52, 2353933, 651808, 378807, 374332, 647330, 150828, 150828, 1476542006
58, 2351497, 319650, 767027, 762286, 314694, 93920, 93920, 3558134191
55, 2343590, 985709, 105610, 101228, 980223, 85410, 85410, 2829230877
53, 2354998, 951009, 138558, 134225, 946562, 92322, 92322, 2529474626
50, 2351842, 1007035, 91528, 87089, 1002500, 81845, 81845, 323045635
59, 2349712, 88902, 1000778, 995549, 84685, 89899, 89899, 2844580658
60, 2354662, 762581, 328816, 324344, 757351, 90785, 90785, 4116265999
51, 2353568, 961177, 129623, 125413, 956127, 90614, 90614, 2217074022
61, 2350125, 96312, 999763, 994693, 91963, 83697, 83697, 1667949965
65, 2353318, 1040724, 62601, 58463, 1034860, 78335, 78335, 3175548865
62, 2359271, 136898, 956287, 951804, 132898, 90692, 90692, 141656022
57, 2357178, 837952, 233303, 228845, 833448, 111815, 111815, 2807757769
63, 2364745, 388169, 699378, 694851, 383825, 99261, 99261, 1099668
64, 2353527, 878034, 208388, 203864, 873007, 95117, 95117, 3998933997
70, 2356678, 164678, 925708, 920765, 160327, 92600, 92600, 3039583397
67, 2351718, 55419, 1046392, 1041837, 51280, 78395, 78395, 2681266142
69, 2352318, 159648, 928677, 923537, 155138, 92659, 92659, 2553648210
71, 2358533, 1025526, 76809, 72763, 1019103, 82166, 82166, 3143201195
76, 2351634, 1029635, 72006, 67799, 1023956, 79119, 79119, 3075553467
74, 2356427, 286340, 802794, 797575, 282276, 93721, 93721, 3510371910
66, 2352952, 666920, 412045, 407561, 661690, 102368, 102368, 3860450299
75, 2355749, 215281, 861110, 856571, 210877, 105955, 105955, 3229554270
72, 2354348, 1036436, 63122, 59141, 1032059, 81795, 81795, 3480374494
73, 2359488, 962821, 126945, 122593, 958011, 94559, 94559, 4183670362
68, 2359594, 1031346, 69528, 65330, 1026828, 83281, 83281, 849486475
77, 2355573, 357618, 723120, 718532, 353007, 101648, 101648, 3552857849
78, 2357912, 1026795, 76598, 72384, 1021553, 80291, 80291, 1223906957
81, 2358461, 65040, 1028695, 1023034, 60776, 90458, 90458, 1533174336
80, 2349934, 302013, 766278, 761210, 297265, 111584, 111584, 3739640725
82, 2351883, 124520, 968077, 962704, 119956, 88313, 88313, 217695638
84, 2349233, 72642, 1020677, 1015407, 68243, 86132, 86132, 1811687125
79, 2354263, 746471, 333330, 328957, 742015, 101745, 101745, 2202241101
89, 2357635, 85632, 1016380, 1011951, 81548, 81062, 81062, 822812849
86, 2345357, 155600, 932957, 928022, 151246, 88766, 88766, 3764262570
87, 2355149, 917506, 162340, 158066, 912701, 102268, 102268, 3740904283
85, 2350845, 995875, 99945, 95876, 990737, 84206, 84206, 3165975608
88, 2355837, 715309, 364214, 359719, 710411, 103092, 103092, 220261908
91, 2353006, 1041021, 60830, 56632, 1036113, 79205, 79205, 2402754445
95, 2347296, 150405, 936693, 931487, 146233, 91239, 91239, 749815265
93, 2356500, 181527, 908549, 903699, 177265, 92730, 92730, 950017825
83, 2357601, 573497, 498761, 494488, 569351, 110752, 110752, 3897430452
90, 2356958, 214276, 880082, 875545, 209933, 88561, 88561, 260515297
96, 2356248, 166651, 923974, 918547, 162356, 92360, 92360, 3304436399
92, 2358032, 311632, 765289, 760730, 307087, 106647, 106647, 1954237223
98, 2355692, 138151, 954483, 949747, 133877, 89717, 89717, 2172766736
94, 2353528, 819878, 266178, 261663, 815061, 95374, 95374, 752501302
100, 2359628, 163001, 936183, 931048, 158328, 85534, 85534, 1351504462
102, 2352860, 442189, 631556, 626744, 437913, 107229, 107229, 1797424800
97, 2360665, 168703, 918562, 914006, 164484, 97455, 97455, 72862484
103, 2352223, 985405, 106060, 101692, 980090, 89488, 89488, 2635043557
104, 2351193, 514946, 560537, 555380, 509918, 105206, 105206, 2427444027
101, 2356041, 666021, 415365, 410957, 661502, 101098, 101098, 3764827841
109, 2352316, 870718, 217583, 212827, 865518, 92835, 92835, 2091859123
106, 2351714, 894429, 179157, 174718, 889180, 107115, 107115, 3358761997
105, 2349662, 966579, 122585, 118233, 961521, 90372, 90372, 2916523312
107, 2349819, 882703, 204335, 199766, 877961, 92527, 92527, 2256353992
99, 2352018, 824439, 264652, 260351, 819922, 91327, 91327, 1192683007
111, 2352127, 1022687, 77152, 72841, 1017207, 81120, 81120, 4210931322
112, 2352744, 68773, 1029894, 1025098, 64373, 82303, 82303, 3650556433
115, 2352118, 134356, 962321, 957465, 129862, 84057, 84057, 3822016776
116, 2353213, 146796, 942613, 937878, 142602, 91662, 91662, 1765768449
113, 2352238, 862369, 225309, 221198, 857778, 92792, 92792, 1461243580
117, 2356456, 160029, 934676, 929728, 155941, 88041, 88041, 2452110939
108, 2352469, 424565, 650924, 646283, 419973, 105362, 105362, 3972230806
114, 2354813, 918250, 174572, 170107, 912742, 89571, 89571, 405290600
110, 2353205, 925001, 164178, 159901, 920373, 91876, 91876, 1712088371
118, 2352186, 625971, 454227, 449780, 621156, 100526, 100526, 870588910
121, 2354464, 55376, 1044083, 1039161, 51272, 82286, 82286, 3945358638
126, 2346503, 135454, 948981, 943199, 130729, 94070, 94070, 3258020662
127, 2355038, 71552, 1028600, 1023874, 67198, 81907, 81907, 3825614318
122, 2351043, 76613, 1020044, 1015352, 72418, 83308, 83308, 3621030117
120, 2353532, 763637, 319770, 315602, 758603, 97960, 97960, 3379320922
119, 2353560, 748409, 337405, 332754, 743618, 95687, 95687, 2749480858
125, 2352890, 228006, 863124, 858334, 223464, 89981, 89981, 3042070163
131, 2357328, 69194, 1034725, 1029945, 65050, 79207, 79207, 1405504889
133, 2356635, 151399, 945732, 940207, 147231, 86033, 86033, 2625412978
124, 2351623, 212079, 880107, 875358, 207709, 88185, 88185, 476714984
123, 2358596, 392657, 686609, 682213, 387961, 104578, 104578, 1915376391
132, 2354691, 266466, 824667, 819035, 262019, 91252, 91252, 1150112055
130, 2360349, 1003574, 100220, 96033, 999156, 80683, 80683, 4049858592
128, 2349559, 701332, 374022, 369563, 696784, 103929, 103929, 551768612
136, 2357111, 1034829, 66990, 62868, 1030264, 81080, 81080, 1660147642
129, 2354542, 353754, 730768, 725985, 349291, 97372, 97372, 2566489565
135, 2358593, 89745, 1004765, 1000389, 85566, 89064, 89064, 1190099124
140, 2351818, 108536, 982700, 977605, 104269, 89354, 89354, 1050370802
138, 2351795, 216651, 874089, 869292, 212423, 89670, 89670, 2625141463
143, 2358166, 113749, 977805, 973023, 109575, 92007, 92007, 2433054832
134, 2353046, 594203, 476800, 472774, 589245, 110012, 110012, 898194620
141, 2358305, 116946, 981535, 976275, 112745, 85402, 85402, 317812886
142, 2353985, 159737, 932147, 927301, 155358, 89721, 89721, 2272241432
139, 2352753, 225677, 861904, 857209, 221163, 93400, 93400, 3025967570
137, 2352562, 933490, 154644, 150279, 927933, 93108, 93108, 2029035691
147, 2351032, 218361, 858763, 853601, 214025, 103141, 103141, 2955601194
144, 2355830, 932722, 148172, 143638, 927152, 102073, 102073, 1751466298
146, 2351308, 285519, 797877, 792950, 280826, 97068, 97068, 4152800342
149, 2353151, 968450, 125974, 121691, 963142, 86947, 86947, 1374774883
148, 2350869, 675042, 407365, 402407, 670219, 97918, 97918, 2354376926
151, 2354649, 73038, 1024422, 1019756, 68697, 84368, 84368, 3096859887
150, 2350157, 123347, 969167, 963777, 119022, 87422, 87422, 3848864910
145, 2355792, 796607, 291214, 286612, 792119, 94620, 94620, 2177352273
154, 2355263, 96751, 1001554, 996509, 92711, 83869, 83869, 1841217044
159, 2355285, 1038447, 65673, 61675, 1033322, 78084, 78084, 3039096557
160, 2356402, 68389, 1032659, 1027382, 64170, 81901, 81901, 3522646172
153, 2357691, 463447, 620564, 615904, 458922, 99427, 99427, 121656538
152, 2354806, 109447, 981451, 976967, 105177, 90882, 90882, 1370976974
155, 2355116, 133963, 960056, 955330, 129589, 88089, 88089, 2569697883
158, 2355665, 1009635, 89127, 84874, 1004335, 83847, 83847, 300808604
157, 2351425, 925044, 168344, 163857, 919748, 87216, 87216, 1684915283
161, 2357637, 1039448, 65043, 60824, 1034250, 79036, 79036, 3510777645
156, 2357359, 89928, 996872, 992148, 85615, 96398, 96398, 219180113
162, 2358605, 966124, 124225, 119988, 960566, 93851, 93851, 912889115
166, 2348310, 106444, 981796, 975651, 102325, 91047, 91047, 924183716
164, 2351866, 548690, 528714, 523709, 543759, 103497, 103497, 377979086
165, 2351841, 162534, 925069, 920409, 158105, 92862, 92862, 287939855
167, 2357948, 987023, 109125, 104715, 981697, 87694, 87694, 3016179353
170, 2355366, 63047, 1038611, 1032563, 58837, 81154, 81154, 2748714095
168, 2352506, 887459, 206785, 202409, 882183, 86835, 86835, 2776937285
173, 2359309, 66769, 1038260, 1032915, 62813, 79276, 79276, 2852635969
172, 2352518, 101020, 994785, 989775, 96674, 85132, 85132, 1409679441
163, 2354870, 892996, 181348, 177115, 888689, 107361, 107361, 2148557546
169, 2355913, 1025608, 79023, 74758, 1020092, 78216, 78216, 1468729824
176, 2352736, 131430, 957157, 952158, 127163, 92414, 92414, 3564085486
178, 2349978, 989784, 101026, 96453, 984123, 89296, 89296, 835353341
171, 2350058, 409755, 663307, 658381, 405327, 106644, 106644, 2882655831
174, 2354314, 1017556, 81360, 77169, 1012681, 82774, 82774, 2705062492
177, 2351093, 926990, 167624, 163264, 921727, 85744, 85744, 2113769389
182, 2356989, 94640, 1002784, 998167, 90562, 85418, 85418, 2115123399
184, 2353769, 67409, 1032469, 1027073, 63294, 81762, 81762, 514093461
180, 2352165, 893766, 188058, 183754, 888249, 99169, 99169, 2447838111
179, 2353971, 861159, 216848, 212436, 856588, 103470, 103470, 2097432154
175, 2352707, 741924, 335629, 330942, 737714, 103249, 103249, 3701479375
181, 2356325, 998353, 103486, 99496, 993310, 80840, 80840, 929351813
183, 2351368, 603817, 480461, 475951, 598749, 96195, 96195, 1222033477
187, 2362779, 1034652, 73913, 70001, 1029235, 77489, 77489, 2796547807
189, 2345505, 841173, 236993, 232260, 835515, 99782, 99782, 347331247
188, 2353664, 586607, 493768, 489191, 582386, 100856, 100856, 2499963841
185, 2358599, 552243, 537437, 532893, 547778, 94124, 94124, 240009103
186, 2355574, 489278, 585930, 581177, 484915, 107137, 107137, 2354560680
191, 2346585, 808669, 273967, 269359, 803970, 95310, 95310, 4004098666
193, 2354292, 84942, 1007243, 1002522, 80665, 89460, 89460, 3800426497
199, 2353564, 106660, 986668, 982007, 102359, 87935, 87935, 4126586076
190, 2355598, 711028, 361065, 356464, 706775, 110133, 110133, 1291503171
195, 2349698, 670314, 411742, 406916, 665348, 97689, 97689, 3422868952
197, 2351564, 163939, 928211, 923525, 159579, 88155, 88155, 1292449393
198, 2353042, 420878, 659380, 654445, 416325, 101007, 101007, 2882046123
194, 2351589, 410719, 661858, 657414, 405648, 107975, 107975, 1372875312
192, 2353109, 840291, 103907, 99462, 835493, 236978, 236978, 2001267249
201, 2352563, 1057838, 46391, 42204, 1053212, 76459, 76459, 1988749743
205, 2354608, 88445, 1008589, 1003312, 84146, 85058, 85058, 1117061166
196, 2356306, 991630, 107315, 103063, 986726, 83786, 83786, 3484537051
203, 2354001, 88305, 1006695, 1001973, 83716, 86656, 86656, 2017632818
200, 2355663, 862667, 228529, 224420, 858377, 90835, 90835, 2698488357
208, 2358926, 90278, 1013166, 1007488, 86344, 80825, 80825, 1783505674
202, 2355726, 966989, 130249, 126142, 962106, 85120, 85120, 4153689485
212, 2350433, 61090, 1038714, 1032223, 56994, 80706, 80706, 2995922126
204, 2351106, 127333, 962880, 958292, 122813, 89894, 89894, 2759974364
207, 2346878, 460717, 613905, 609029, 456021, 103603, 103603, 2492751658
214, 2355860, 1042553, 55791, 51873, 1036771, 84436, 84436, 1197853601
209, 2355656, 150812, 942516, 937772, 146690, 88933, 88933, 3967674868
211, 2354108, 651608, 435934, 430878, 646900, 94394, 94394, 4011503795
210, 2351912, 780212, 290662, 286280, 774710, 110024, 110024, 2470905614
218, 2351456, 62125, 1034411, 1029335, 58089, 83748, 83748, 3840498241
216, 2356653, 938853, 156069, 151932, 932639, 88580, 88580, 718090688
217, 2356181, 283050, 799493, 794770, 278550, 100159, 100159, 2085777795
215, 2352306, 173773, 914496, 909869, 169256, 92456, 92456, 3383028784
206, 2355664, 1027178, 71154, 66964, 1022962, 83703, 83703, 2686501789
213, 2355949, 303083, 786778, 782592, 298496, 92500, 92500, 1687838407
219, 2353444, 262760, 823223, 818268, 258205, 95494, 95494, 3810788650
222, 2357322, 1043743, 58076, 53971, 1038404, 81564, 81564, 2590124740
220, 2353684, 169930, 925609, 920933, 165564, 85824, 85824, 1885373554
231, 2351810, 56421, 1042437, 1036951, 52093, 81954, 81954, 3399176406
221, 2355037, 997745, 96936, 92722, 992474, 87580, 87580, 720663936
224, 2355959, 83575, 1012390, 1007326, 79432, 86618, 86618, 3699654691
226, 2357215, 1037643, 66663, 62576, 1031793, 79270, 79270, 1504053116
225, 2355263, 76751, 1020784, 1016215, 72661, 84426, 84426, 3623843895
228, 2354725, 978244, 115037, 110900, 973422, 88561, 88561, 3775585198
234, 2352252, 94773, 1001076, 995136, 90519, 85374, 85374, 451474735
229, 2355013, 968168, 122001, 117492, 963600, 91876, 91876, 1886278925
227, 2358647, 419858, 651185, 646692, 415462, 112725, 112725, 3951816432
230, 2351575, 333076, 740138, 735208, 328351, 107401, 107401, 2773315704
223, 2357714, 718622, 363522, 359046, 714178, 101173, 101173, 3162875610
235, 2351805, 145548, 944023, 939337, 141023, 90937, 90937, 784714359
232, 2352707, 1009846, 84704, 80416, 1004919, 86411, 86411, 3756348893
233, 2348690, 829420, 256572, 252068, 823778, 93426, 93426, 4286089300
236, 2348504, 269543, 814878, 809584, 265151, 94674, 94674, 793545038
238, 2358995, 136083, 964867, 959366, 131957, 83361, 83361, 2619448526
237, 2353289, 908742, 171806, 167332, 904411, 100499, 100499, 1266633431
243, 2353507, 68965, 998335, 993467, 64698, 114021, 114021, 571175938
239, 2359381, 768000, 312065, 307853, 763727, 103868, 103868, 3751429912
248, 2349771, 137901, 956911, 952438, 133469, 84526, 84526, 1056912158
241, 2361347, 972103, 123188, 119053, 967121, 89941, 89941, 3935341100
245, 2359179, 538176, 518333, 513602, 533616, 127726, 127726, 292735130
247, 2353064, 878355, 205972, 201228, 873485, 97012, 97012, 2403495881
251, 2349985, 142784, 950253, 945377, 138385, 86593, 86593, 3317739911
249, 2357042, 249076, 836245, 832070, 244267, 97692, 97692, 4114660538
252, 2351698, 759309, 315308, 310618, 754007, 106228, 106228, 439045630
242, 2358853, 977091, 113449, 109188, 972877, 93124, 93124, 2834985830
246, 2354351, 326321, 755224, 750681, 321961, 100082, 100082, 642436020
250, 2350058, 663490, 420015, 414986, 658637, 96465, 96465, 2697223833
244, 2348656, 103127, 988502, 984079, 98638, 87155, 87155, 962689358
240, 2356687, 620421, 460837, 456258, 616155, 101508, 101508, 8839491
253, 2354055, 919270, 154907, 150490, 914486, 107451, 107451, 814067944
260, 2348683, 69535, 1029624, 1023705, 65403, 80208, 80208, 1360906989
255, 2355835, 90831, 1009663, 1005249, 86748, 81672, 81672, 3897640778
254, 2353693, 886425, 203321, 199121, 881284, 91771, 91771, 3206631937
265, 2357443, 129369, 967280, 961578, 125158, 87029, 87029, 1283238347
262, 2351773, 115795, 974448, 969444, 111626, 90230, 90230, 1014988031
259, 2355466, 70746, 1031612, 1026905, 66623, 79790, 79790, 1125923890
256, 2353226, 362399, 716812, 712372, 357775, 101934, 101934, 3248520986
257, 2355888, 937452, 149898, 145648, 932880, 95005, 95005, 965991760
261, 2357507, 973951, 112408, 108154, 968174, 97410, 97410, 2863898078
264, 2353273, 126709, 963005, 958622, 122111, 91413, 91413, 1353242845
263, 2354881, 895800, 189735, 185377, 890813, 96578, 96578, 1189999751
258, 2352270, 597658, 480696, 476273, 593431, 102106, 102106, 566271578
267, 2352470, 784654, 302576, 298229, 778937, 94037, 94037, 3215464873
268, 2355557, 110254, 979880, 975285, 105984, 92077, 92077, 1764559880
273, 2357446, 94339, 1001037, 995936, 90200, 87967, 87967, 3917832024
269, 2360120, 901144, 184999, 180741, 896962, 98137, 98137, 3171494428
266, 2355348, 946325, 136288, 132026, 941463, 99623, 99623, 198353371
275, 2353914, 83382, 1012616, 1007321, 79217, 85689, 85689, 2547811394
270, 2359081, 1028424, 73419, 69173, 1023201, 82432, 82432, 2631347818
272, 2351662, 954524, 140325, 135920, 948861, 86016, 86016, 2876017304
279, 2356636, 59475, 1032553, 1027992, 55370, 90623, 90623, 1686224509
271, 2350915, 972357, 114289, 109875, 966688, 93853, 93853, 1721106344
276, 2352570, 922950, 168310, 163818, 917748, 89872, 89872, 1568982221
277, 2349796, 216822, 867701, 863001, 212096, 95088, 95088, 3310663394
280, 2358765, 151474, 943864, 939335, 147386, 88353, 88353, 4075702367
274, 2352161, 755226, 330006, 325835, 750494, 95300, 95300, 2327173592
278, 2346807, 575747, 495851, 491253, 570590, 106683, 106683, 2902504834
283, 2351007, 75748, 1019438, 1014488, 71419, 84957, 84957, 2020370993
281, 2357332, 223330, 857601, 853428, 219059, 101957, 101957, 3573755553
285, 2351906, 158480, 923640, 919192, 154024, 98285, 98285, 1037508825
286, 2347782, 131585, 958358, 952972, 127303, 88782, 88782, 3628211617
284, 2352916, 983029, 104366, 99957, 977860, 93852, 93852, 1174092712
282, 2354630, 229884, 859318, 854817, 224963, 92824, 92824, 3787450214
287, 2352372, 1055583, 46639, 42588, 1050266, 78648, 78648, 3859638830
293, 2353777, 63637, 1037122, 1031858, 59552, 80804, 80804, 2940484649
290, 2351919, 125900, 959987, 954610, 121304, 95059, 95059, 961284174
292, 2354809, 1042711, 62415, 58382, 1036769, 77266, 77266, 407139963
291, 2350974, 111561, 980460, 975264, 107221, 88234, 88234, 3533835922
288, 2353261, 783920, 274715, 270096, 779148, 122691, 122691, 3013259896
289, 2352054, 927399, 158475, 154110, 922248, 94911, 94911, 893388912
296, 2350214, 306418, 779673, 774010, 302053, 94030, 94030, 3683212244
294, 2354014, 86855, 1011858, 1006865, 82604, 82916, 82916, 3968987884
295, 2352595, 382237, 692323, 687694, 377643, 106349, 106349, 1346207180
299, 2360706, 500868, 589633, 584674, 496503, 94514, 94514, 1741732332
300, 2354796, 234584, 822637, 817529, 230198, 124924, 124924, 1880865568
297, 2356240, 750167, 334842, 330447, 745950, 97417, 97417, 3663399700
298, 2352978, 1004444, 95727, 91462, 1000097, 80624, 80624, 1253913811
301, 2355974, 477007, 566026, 561133, 472360, 139724, 139724, 679810938
303, 2358824, 91555, 1008752, 1004270, 87497, 83375, 83375, 2973424122
310, 2358024, 59316, 1044508, 1038445, 55481, 80137, 80137, 2300967336
302, 2359545, 894041, 195004, 190693, 888785, 95511, 95511, 1836501429
306, 2356901, 107106, 974735, 970212, 102930, 100959, 100959, 1154004595
304, 2351141, 140797, 947510, 942658, 136608, 91784, 91784, 2730917814
307, 2355347, 87863, 1011211, 1006549, 83820, 82952, 82952, 1270024154
305, 2353388, 248548, 828552, 823353, 244361, 104287, 104287, 543358314
311, 2350372, 83658, 1012415, 1007677, 79564, 83529, 83529, 1978791672
309, 2358229, 1019457, 81112, 76920, 1014236, 83252, 83252, 4260313047
308, 2355958, 994200, 105693, 101401, 989368, 82648, 82648, 2282799696
314, 2353310, 154020, 937853, 932388, 149755, 89647, 89647, 3542858582
312, 2354380, 92439, 1004582, 1000395, 88184, 84390, 84390, 2346675872
316, 2348014, 172769, 907939, 902931, 168081, 98147, 98147, 1731324571
313, 2353234, 999408, 93806, 89534, 993648, 88419, 88419, 2307876643
318, 2352318, 286665, 803654, 798829, 281974, 90598, 90598, 4014353846
315, 2348535, 171623, 912649, 907482, 167093, 94844, 94844, 968658076
317, 2355979, 238511, 838367, 833462, 234181, 105729, 105729, 2430458939
326, 2357419, 67534, 1035874, 1030045, 63408, 80279, 80279, 373045867
321, 2361836, 730190, 355768, 351169, 725441, 99634, 99634, 2490558229
319, 2355216, 122940, 971790, 967491, 118689, 87153, 87153, 356550336
320, 2353009, 132814, 955348, 950770, 128347, 92865, 92865, 2691484388
327, 2352075, 72792, 1025621, 1019803, 68715, 82572, 82572, 4023614619
323, 2344373, 937173, 147683, 143194, 932023, 92150, 92150, 1630306885
322, 2350853, 419771, 661547, 656935, 415050, 98775, 98775, 300041527
324, 2356468, 666561, 399576, 395031, 661860, 116720, 116720, 1181592798
328, 2353382, 973691, 115165, 110845, 968929, 92376, 92376, 3668318771
325, 2357295, 775101, 309411, 304957, 770362, 98732, 98732, 758468384
333, 2353956, 1029868, 66114, 61854, 1024764, 85678, 85678, 4048479936
329, 2358188, 1014696, 84574, 80424, 1010588, 83953, 83953, 990482005
332, 2357505, 93878, 1007144, 1002547, 89566, 82185, 82185, 2950283345
331, 2351068, 993028, 100929, 96443, 988364, 86152, 86152, 1720171384
330, 2352390, 1029138, 67176, 63141, 1024267, 84334, 84334, 1580540448
341, 2356945, 1037222, 63221, 58985, 1031517, 83000, 83000, 1689016560
334, 2352402, 738247, 339809, 335406, 733638, 102651, 102651, 3380768559
339, 2353962, 317705, 758165, 753260, 313346, 105743, 105743, 1403453516
336, 2350972, 387548, 692692, 687580, 382922, 100115, 100115, 1351616202
338, 2349074, 193406, 894685, 889476, 188775, 91366, 91366, 856440211
345, 2352928, 90878, 1004518, 998876, 86548, 86054, 86054, 2996935527
337, 2349602, 1020481, 74615, 70486, 1015922, 84049, 84049, 3825297292
340, 2350382, 265225, 819455, 814619, 260563, 95260, 95260, 1783270207
335, 2350342, 1001605, 93225, 89174, 997062, 84638, 84638, 243031975
343, 2355890, 966748, 126569, 122329, 961436, 89404, 89404, 3524926149
347, 2358786, 141020, 957500, 952313, 136689, 85632, 85632, 3062771471
342, 2358024, 693747, 388583, 384354, 688980, 101180, 101180, 3703178661
344, 2351461, 917579, 171356, 166950, 912440, 91568, 91568, 4041581208
349, 2357077, 273356, 815927, 811440, 268830, 93762, 93762, 1965805752
350, 2356558, 133019, 964704, 959556, 128369, 85455, 85455, 2633807546
346, 2356175, 710415, 382244, 377688, 705864, 89982, 89982, 851238182
353, 2355250, 153740, 941757, 936189, 149456, 87054, 87054, 703941486
352, 2353149, 187714, 898214, 892829, 183254, 95569, 95569, 245078140
351, 2351496, 977480, 104864, 100658, 972404, 98045, 98045, 1541275152
355, 2352905, 82476, 1000879, 996145, 78373, 97516, 97516, 2837925426
354, 2358344, 116502, 977185, 972771, 112342, 89772, 89772, 403561687
348, 2352029, 879135, 209325, 204836, 874315, 92209, 92209, 1047714546
359, 2357597, 91773, 1002129, 997350, 87107, 89619, 89619, 784276529
360, 2356173, 164792, 929716, 924679, 160704, 88141, 88141, 461487990
356, 2358333, 895750, 197045, 192644, 891018, 90938, 90938, 4034776151
367, 2353438, 69961, 1031095, 1025763, 65785, 80417, 80417, 2606592984
361, 2351912, 787395, 297126, 292709, 782908, 95887, 95887, 4190044321
357, 2355728, 709644, 374870, 370259, 704967, 97994, 97994, 206890333
362, 2360892, 473194, 599341, 594587, 468688, 112541, 112541, 4142110566
365, 2359464, 822938, 265687, 261131, 818142, 95783, 95783, 582294169
366, 2348758, 997314, 92092, 87749, 992963, 89320, 89320, 2616289117
363, 2357625, 987507, 108882, 104471, 983221, 86772, 86772, 3113240159
358, 2352511, 939205, 151219, 146706, 934825, 90278, 90278, 1724364591
364, 2354244, 1003283, 94136, 89840, 998093, 84446, 84446, 775204300
372, 2360584, 90252, 999630, 994807, 86237, 94829, 94829, 981230785
370, 2356132, 1032439, 68826, 64704, 1026943, 81610, 81610, 1965830903
369, 2355871, 874292, 220033, 215947, 869479, 88060, 88060, 2959557054
368, 2352849, 1011524, 80827, 76551, 1006617, 88665, 88665, 3324303979
374, 2350645, 171531, 916981, 911003, 167146, 91992, 91992, 2430852664
375, 2353904, 60864, 1034244, 1029424, 56598, 86387, 86387, 162952872
378, 2360856, 96276, 1008001, 1002086, 92363, 81065, 81065, 2327526201
376, 2353486, 208402, 878701, 873377, 204202, 94402, 94402, 1646779992
373, 2356734, 396196, 678468, 674154, 391846, 108035, 108035, 1159282423
371, 2354786, 1029544, 69491, 65245, 1025478, 82514, 82514, 3877241230
379, 2355528, 51501, 1050112, 1045263, 47508, 80572, 80572, 1606647919
385, 2349054, 101366, 986004, 980682, 97190, 91906, 91906, 2069935991
380, 2346227, 141390, 946018, 940838, 136895, 90543, 90543, 4284912703
377, 2349281, 959535, 128082, 123601, 954713, 91675, 91675, 2110272040
381, 2356734, 289897, 788256, 783328, 285271, 104991, 104991, 4248102199
386, 2362251, 152471, 940270, 934761, 148407, 93171, 93171, 3102755139
382, 2359207, 1029631, 74469, 70294, 1025287, 79763, 79763, 386772984
388, 2357179, 128718, 968701, 963615, 124549, 85798, 85798, 2368999627
384, 2354231, 453850, 630753, 626327, 449287, 97007, 97007, 3914162078
383, 2350199, 790157, 283957, 279216, 785547, 105661, 105661, 3049363095
387, 2360835, 784113, 305049, 300931, 779024, 95859, 95859, 2269578877
394, 2354488, 198785, 889913, 884893, 194121, 93388, 93388, 1582598200
390, 2353051, 117007, 965865, 961234, 112851, 98047, 98047, 1378247954
392, 2351867, 993447, 103015, 98486, 988057, 84431, 84431, 280113265
389, 2351516, 816172, 244387, 239732, 811335, 119945, 119945, 1650656219
393, 2361395, 1037070, 68490, 64486, 1032629, 79360, 79360, 3066065258
391, 2354141, 742583, 341178, 336464, 737834, 98041, 98041, 1552224757
396, 2358472, 132918, 960971, 956014, 128515, 90027, 90027, 385446115
398, 2354321, 155189, 939647, 934926, 150863, 86848, 86848, 4103128929
400, 2347027, 114413, 974108, 968384, 110026, 90048, 90048, 1724218707
395, 2356977, 1049190, 53204, 49070, 1044647, 80433, 80433, 330914498
399, 2352437, 941511, 136771, 132275, 936140, 102870, 102870, 4062444018
401, 2353892, 296474, 786549, 781645, 291846, 98689, 98689, 1866680209
397, 2350701, 101294, 986494, 981318, 96901, 92347, 92347, 3802595014
402, 2354558, 399472, 680683, 675672, 395259, 101736, 101736, 794596214
405, 2357049, 1027571, 72923, 68626, 1022157, 82886, 82886, 3514854754
403, 2350220, 301315, 780958, 776045, 296790, 97556, 97556, 3778139202
408, 2357965, 64510, 1038509, 1033407, 60425, 80557, 80557, 3171938003
411, 2359074, 51281, 1053992, 1048942, 47157, 78851, 78851, 1090780666
406, 2359180, 945448, 150569, 146546, 939865, 88376, 88376, 749634314
409, 2350889, 1046729, 55855, 51722, 1041473, 77555, 77555, 525326039
404, 2352919, 783627, 286952, 282230, 779280, 110415, 110415, 3888360561
407, 2358040, 465115, 615491, 611211, 460355, 102934, 102934, 4018089813
416, 2354583, 1030399, 72211, 68139, 1024876, 79479, 79479, 3950785624
410, 2347406, 110180, 981352, 976884, 105670, 86660, 86660, 4121484931
419, 2352302, 94959, 999993, 994701, 90667, 85991, 85991, 1879530493
417, 2359365, 202287, 888523, 883851, 197700, 93502, 93502, 3939845406
418, 2354263, 73842, 1021777, 1017155, 69601, 85944, 85944, 1072089773
412, 2351751, 267339, 815387, 810305, 262644, 98038, 98038, 3935089993
415, 2350838, 68605, 1020279, 1015631, 64283, 91020, 91020, 354244881
420, 2350464, 931492, 127579, 123031, 926518, 120922, 120922, 2198428563
414, 2357824, 130622, 962983, 958345, 126386, 89744, 89744, 2345261534
413, 2349931, 345308, 735215, 730014, 340984, 99205, 99205, 1745031045
422, 2360602, 99083, 981258, 976477, 94598, 104593, 104593, 291342934
424, 2352040, 78364, 1014625, 1009820, 74159, 87536, 87536, 1378727870
428, 2358991, 1013174, 89142, 85006, 1008355, 81657, 81657, 4086440903
423, 2350639, 576967, 496896, 492104, 572482, 106095, 106095, 1230882441
421, 2357258, 690088, 314551, 310347, 685162, 178555, 178555, 2474774957
436, 2356497, 66687, 1034047, 1028355, 62684, 82362, 82362, 4228536677
426, 2354635, 896131, 194208, 190202, 890222, 91936, 91936, 3828392357
427, 2352825, 457908, 622886, 618238, 453401, 100196, 100196, 799329566
429, 2353851, 1007021, 89684, 85394, 1002212, 84770, 84770, 4103591089
430, 2351857, 509142, 556546, 551966, 504317, 114943, 114943, 1131597171
433, 2347699, 674838, 394220, 389506, 669887, 109624, 109624, 681462291
431, 2355026, 347617, 727873, 723061, 343037, 106719, 106719, 1656475925
434, 2355729, 218314, 870734, 866208, 214081, 93196, 93196, 858032004
432, 2349233, 988951, 95136, 90820, 984474, 94926, 94926, 1466849892
437, 2356664, 309996, 781612, 776839, 305457, 91380, 91380, 4108829239
425, 2355541, 847184, 240997, 236609, 842907, 93922, 93922, 3547538266
438, 2347986, 957178, 124740, 120279, 952425, 96682, 96682, 3563382119
435, 2356662, 759806, 326715, 321472, 755359, 96655, 96655, 2476574540
440, 2352127, 133669, 952584, 947077, 129295, 94751, 94751, 455165736
444, 2359723, 63697, 1043906, 1039306, 59620, 76597, 76597, 1876031060
439, 2359375, 1013060, 88070, 83690, 1008559, 82998, 82998, 3972143493
441, 2360040, 126760, 973309, 969104, 122517, 84175, 84175, 238773603
447, 2348668, 1001156, 96168, 91809, 996073, 81731, 81731, 456421107
443, 2351109, 223294, 864931, 860095, 219051, 91869, 91869, 4171736362
451, 2346634, 183108, 896628, 891994, 178460, 98222, 98222, 1058189668
442, 2357477, 523551, 551682, 547342, 519024, 107939, 107939, 3543788114
450, 2353991, 1016922, 80791, 76512, 1012374, 83696, 83696, 3505077724
446, 2352092, 997740, 89018, 84843, 993131, 93680, 93680, 2952110511
452, 2353869, 1021124, 80966, 76597, 1016036, 79573, 79573, 2971617108
448, 2357487, 369522, 708133, 703725, 364949, 105579, 105579, 905719901
449, 2355941, 739837, 327923, 323349, 735294, 114769, 114769, 2511108674
445, 2353112, 504586, 576488, 572362, 499752, 99962, 99962, 2729723721
454, 2356024, 939060, 156581, 152077, 934228, 87039, 87039, 2359740500
453, 2354798, 601371, 468390, 463636, 596503, 112449, 112449, 2906799789
455, 2354108, 150149, 942185, 937348, 145734, 89346, 89346, 1998353711
456, 2348494, 1015540, 79860, 75377, 1010743, 83487, 83487, 3590334958
462, 2352198, 152693, 939606, 932870, 148121, 89454, 89454, 3856690995
457, 2351296, 167324, 929121, 924709, 163052, 83545, 83545, 3738839962
458, 2351188, 1012971, 83091, 78823, 1008073, 84115, 84115, 2249116877
463, 2353898, 1020372, 67723, 63536, 1014933, 93667, 93667, 485681169
468, 2352537, 137016, 952822, 947212, 132689, 91399, 91399, 223521155
470, 2357542, 70926, 1029897, 1024558, 66875, 82643, 82643, 4061950706
459, 2359332, 908681, 186928, 182559, 903768, 88698, 88698, 1366300071
466, 2352843, 225589, 859834, 855246, 221050, 95562, 95562, 255268674
460, 2353821, 838202, 248374, 243925, 833722, 94799, 94799, 1768765195
461, 2356287, 957115, 134351, 130025, 952614, 91091, 91091, 308062588
464, 2344798, 747488, 314961, 310337, 742454, 114779, 114779, 2428817281
465, 2355768, 1016431, 82520, 78423, 1011178, 83608, 83608, 202543137
467, 2357203, 569707, 519354, 515072, 565206, 93932, 93932, 1275284261
469, 2356529, 295013, 799845, 795220, 290715, 87868, 87868, 154469611
472, 2362813, 797860, 297096, 292799, 792966, 91046, 91046, 2899433825
471, 2355013, 117729, 975782, 971511, 113387, 88302, 88302, 2812908230
473, 2352985, 927095, 166140, 162089, 921747, 87957, 87957, 1692366269
478, 2351667, 957405, 132987, 128564, 952285, 90213, 90213, 2460886728
476, 2363554, 85707, 1013942, 1009484, 81625, 86398, 86398, 2868383480
475, 2352579, 783061, 301693, 297383, 778102, 96170, 96170, 2820091981
474, 2356688, 1020212, 80509, 76481, 1015312, 82087, 82087, 3262152096
480, 2358046, 171054, 916991, 912605, 166842, 95277, 95277, 1591518216
481, 2348588, 995824, 96283, 92061, 989642, 87389, 87389, 2950871473
486, 2350933, 130365, 962529, 957746, 126271, 87011, 87011, 881448537
483, 2359498, 1059093, 47431, 43448, 1053590, 77968, 77968, 3006610806
477, 2354050, 957424, 136219, 131918, 952289, 88100, 88100, 1603301774
484, 2357016, 991758, 109980, 105621, 986907, 81375, 81375, 4125383468
479, 2359176, 933246, 160491, 156043, 928648, 90374, 90374, 2716840163
482, 2353580, 152224, 941822, 936972, 147848, 87357, 87357, 1678859869
485, 2353278, 866424, 219303, 214811, 861512, 95614, 95614, 546977403
488, 2359166, 57680, 1048083, 1043753, 53744, 77953, 77953, 3220227239
487, 2357732, 724486, 360791, 356256, 719527, 98336, 98336, 2713044990
492, 2357195, 182662, 906658, 901411, 178420, 94022, 94022, 291498075
491, 2357557, 107356, 989032, 984403, 103092, 86837, 86837, 327762414
489, 2349260, 905065, 185848, 181227, 899952, 88584, 88584, 1144550154
490, 2355110, 181497, 905820, 901042, 177089, 94831, 94831, 2927499230
494, 2360832, 402344, 688186, 683658, 397438, 94603, 94603, 306363297
498, 2353846, 69898, 1024700, 1019834, 65782, 86816, 86816, 351051568
497, 2353317, 104746, 991636, 987073, 100604, 84629, 84629, 1272102292
499, 2354041, 81813, 1016414, 1011433, 77731, 83325, 83325, 627754089
493, 2354522, 785422, 287625, 283220, 779891, 109182, 109182, 2951286896
496, 2356573, 325352, 755673, 750949, 320197, 102201, 102201, 1944869606
495, 2356769, 68873, 1031477, 1027226, 64631, 82281, 82281, 1034474253
502, 2359628, 1048187, 58703, 54626, 1042492, 77810, 77810, 806209624
500, 2354074, 865307, 222233, 217908, 860706, 93960, 93960, 643068136
504, 2356236, 48763, 1056284, 1051449, 44846, 77447, 77447, 2726463737
501, 2352473, 953510, 137654, 133486, 948835, 89494, 89494, 3932280873
503, 2347729, 116728, 967305, 962521, 112331, 94422, 94422, 2809845359
506, 2357723, 73393, 1019923, 1015393, 69230, 89892, 89892, 2485675053
505, 2352539, 854818, 229819, 225221, 850343, 96169, 96169, 385542277
510, 2354582, 196332, 896187, 891185, 192004, 89437, 89437, 1174522069
508, 2354280, 286563, 766815, 761978, 282344, 128290, 128290, 3036323320
513, 2359280, 1009328, 92704, 88450, 1004510, 82144, 82144, 2369101840
511, 2355678, 1006092, 92635, 88516, 1000701, 83867, 83867, 1126417656
509, 2360096, 891194, 203263, 198930, 886363, 90173, 90173, 1662851366
507, 2355594, 402044, 680668, 676380, 397490, 99506, 99506, 4111253371
512, 2349333, 397344, 681189, 677051, 392569, 100590, 100590, 3031450815
515, 2349776, 270642, 810670, 806179, 265747, 98269, 98269, 2670271694
514, 2351783, 938446, 150663, 146277, 932943, 91727, 91727, 1720743417
518, 2351824, 251809, 825142, 820347, 247252, 103637, 103637, 276029795
517, 2348019, 298663, 785848, 780779, 294039, 94345, 94345, 3026954329
520, 2355441, 1045815, 54335, 50237, 1041302, 81876, 81876, 1442707555
516, 2351077, 788030, 280190, 275536, 783005, 112158, 112158, 3435609831
519, 2357829, 980317, 113894, 109604, 975560, 89227, 89227, 4164884936
522, 2356904, 841605, 249265, 244675, 836711, 92324, 92324, 1554589575
528, 2355818, 95884, 1000111, 994939, 91602, 86641, 86641, 1217917108
521, 2359130, 755289, 312564, 308128, 750487, 116331, 116331, 114708884
527, 2350253, 93009, 1001038, 996618, 88884, 85352, 85352, 3032840019
523, 2355777, 493304, 580633, 576192, 488348, 108650, 108650, 447140040
525, 2358804, 521926, 534315, 529471, 517860, 127616, 127616, 1044052166
535, 2355538, 110195, 988529, 982071, 105989, 84377, 84377, 1919580834
524, 2359770, 1007265, 90190, 85895, 1002970, 86725, 86725, 3080669946
526, 2358749, 993712, 86048, 82022, 988861, 104053, 104053, 1780269917
533, 2356418, 125728, 966217, 960827, 121426, 91110, 91110, 2018395712
531, 2351164, 841370, 242456, 238173, 836197, 96484, 96484, 826484179
536, 2352000, 88006, 1002186, 997314, 83830, 90332, 90332, 3451049328
534, 2350025, 217039, 871545, 866737, 212450, 91127, 91127, 1158435133
529, 2355840, 515507, 563107, 558729, 511111, 103693, 103693, 364504322
530, 2358826, 931543, 159341, 155214, 927136, 92796, 92796, 955015267
532, 2357218, 263027, 828044, 823051, 258734, 92181, 92181, 3185066059
538, 2350755, 83335, 1012191, 1007293, 79162, 84387, 84387, 4021551750
539, 2353795, 94480, 975462, 970561, 90232, 111530, 111530, 3386720750
540, 2359291, 381522, 702816, 698151, 377070, 99866, 99866, 1566579058
545, 2358440, 953531, 142798, 138503, 947730, 87939, 87939, 926740598
543, 2355447, 1017637, 84145, 79981, 1012566, 80559, 80559, 3524010888
553, 2351343, 74307, 1025499, 1019385, 70080, 81036, 81036, 3033233597
542, 2347810, 931454, 151840, 147342, 926626, 95274, 95274, 2400990084
537, 2354155, 860107, 229223, 224932, 855157, 92368, 92368, 2133143057
544, 2352872, 183381, 910149, 905837, 179037, 87234, 87234, 3714663675
541, 2357090, 177328, 916858, 912428, 172834, 88821, 88821, 2093992359
550, 2349806, 1019233, 77790, 73590, 1014849, 82172, 82172, 4268308827
546, 2356738, 734757, 345981, 341619, 729869, 102256, 102256, 344805928
547, 2353462, 1045041, 57521, 53250, 1040202, 78724, 78724, 1975133514
552, 2351470, 1043598, 57584, 53470, 1038452, 79183, 79183, 1298146090
549, 2354643, 810543, 276273, 271851, 805456, 95260, 95260, 1658283147
548, 2358470, 245609, 842572, 837779, 241328, 95591, 95591, 1222308137
551, 2350211, 1028978, 64390, 60167, 1023890, 86393, 86393, 2794657155
554, 2353162, 140925, 946474, 941898, 136749, 93558, 93558, 588755161
556, 2354451, 1021871, 71394, 67195, 1016639, 88676, 88676, 3833782898
555, 2355266, 966441, 129514, 125131, 961276, 86452, 86452, 1033560373
562, 2351631, 989699, 105836, 101605, 984167, 85162, 85162, 1355424104
557, 2352811, 455688, 628076, 623103, 451020, 97462, 97462, 4237511607
559, 2351757, 463225, 573945, 568454, 458659, 143737, 143737, 3342085464
561, 2352162, 134938, 950981, 946283, 130398, 94781, 94781, 1644664993
565, 2351329, 149960, 945519, 939798, 145578, 85237, 85237, 2829232116
560, 2353728, 914753, 167237, 162939, 909481, 99659, 99659, 3305312639
563, 2350151, 124216, 957880, 952298, 119811, 97973, 97973, 3720987845
569, 2355085, 124753, 966335, 961774, 120561, 90831, 90831, 3714588199
558, 2356529, 963447, 130294, 125950, 958596, 89121, 89121, 2691690894
564, 2351787, 343149, 729577, 725017, 338878, 107583, 107583, 1005834089
568, 2354061, 1024947, 72554, 68357, 1019231, 84486, 84486, 3763309487
566, 2349869, 131497, 955918, 951280, 127046, 92064, 92064, 4189358703
567, 2353832, 173037, 917955, 913465, 168785, 90295, 90295, 53921379
575, 2359649, 44635, 1063529, 1058574, 40639, 76136, 76136, 1953228868
573, 2350063, 132524, 956799, 951471, 128039, 90615, 90615, 957716347
574, 2349683, 68548, 1027813, 1022720, 64372, 83115, 83115, 2291928514
571, 2356672, 533772, 552953, 548095, 528768, 96542, 96542, 1783941894
572, 2357501, 237214, 845554, 840469, 233010, 100627, 100627, 1900423817
584, 2355260, 69049, 1026815, 1020792, 65004, 86800, 86800, 3721445405
580, 2349659, 100070, 997244, 991200, 95701, 82722, 82722, 1574882173
570, 2354295, 170470, 919825, 914922, 165956, 91561, 91561, 4059402170
577, 2351770, 158833, 927983, 923438, 154088, 93714, 93714, 1696436328
576, 2354925, 539030, 547146, 542591, 534552, 95803, 95803, 1781054376
582, 2353203, 116499, 973816, 969173, 112101, 90807, 90807, 4283443526
583, 2353228, 240102, 844584, 839931, 235587, 96512, 96512, 1010851310
581, 2354927, 813845, 272154, 267346, 809202, 96190, 96190, 3054434558
578, 2357274, 1034511, 65887, 61687, 1029483, 82853, 82853, 4213340398
579, 2346036, 108672, 981902, 977084, 104458, 86960, 86960, 1764910822
585, 2356009, 486487, 565777, 560960, 482269, 130258, 130258, 1135501832
590, 2353236, 184886, 906853, 901467, 180644, 89693, 89693, 2918158066
587, 2354937, 218136, 873485, 868307, 214073, 90468, 90468, 28702900
586, 2354334, 857402, 226067, 221690, 852927, 98124, 98124, 1806364359
592, 2354022, 954008, 133710, 129239, 949073, 93996, 93996, 1094082730
591, 2355258, 982532, 92598, 88474, 977526, 107064, 107064, 3072289031
595, 2351459, 76595, 1021210, 1016421, 72351, 82441, 82441, 2856299646
589, 2354390, 911094, 179786, 175400, 906566, 90772, 90772, 3296833158
596, 2360040, 360642, 730905, 725788, 355641, 93532, 93532, 2180068612
597, 2352897, 909553, 182392, 177948, 904262, 89371, 89371, 3753553108
598, 2352730, 83347, 1011714, 1006409, 79076, 86092, 86092, 3369948604
593, 2358376, 885388, 210137, 205869, 880384, 88299, 88299, 1121666947
594, 2359776, 536205, 552537, 548194, 531852, 95494, 95494, 2125416496
588, 2358803, 1009682, 86630, 82560, 1005343, 87294, 87294, 2237231453
601, 2358350, 326939, 764296, 759453, 322546, 92558, 92558, 3126429386
600, 2351446, 339980, 747790, 742648, 335444, 92792, 92792, 3903717515
605, 2357237, 125257, 971015, 966200, 121221, 86772, 86772, 2348601706
602, 2354542, 947351, 143995, 139806, 941884, 90753, 90753, 3448026655
599, 2349663, 307196, 776385, 771602, 302960, 95760, 95760, 3605920679
604, 2357195, 821121, 259308, 255219, 815743, 102902, 102902, 3416035719
603, 2348648, 1042718, 57611, 53554, 1036937, 78914, 78914, 11807408
606, 2352117, 709802, 371470, 366692, 705399, 99377, 99377, 1818441297
611, 2353986, 273578, 797629, 792490, 268899, 110695, 110695, 2213097993
609, 2351180, 192923, 896096, 891242, 188525, 91197, 91197, 1507442532
607, 2354552, 815521, 267253, 262903, 810633, 99121, 99121, 2131239316
608, 2357985, 567686, 517100, 512540, 563383, 98638, 98638, 543621903
613, 2355798, 168855, 919302, 914903, 164506, 94116, 94116, 3014455122
614, 2350323, 956396, 133000, 128646, 951443, 90419, 90419, 2468289215
612, 2355755, 887495, 205219, 201012, 882707, 89661, 89661, 3443167428
617, 2348073, 1038559, 54510, 50346, 1033164, 85747, 85747, 3852568339
618, 2353665, 203275, 887264, 881809, 198567, 91375, 91375, 3884941652
610, 2359697, 273093, 809997, 805898, 268477, 101116, 101116, 2966049062
615, 2352637, 468209, 614024, 609228, 463926, 98625, 98625, 2295639735
619, 2351935, 151267, 930742, 926069, 146857, 98500, 98500, 1085763738
624, 2350583, 126050, 963962, 958964, 121533, 90037, 90037, 258673300
623, 2350975, 95876, 999343, 994244, 91576, 84968, 84968, 3495011311
620, 2354390, 1027023, 74196, 70211, 1022056, 80452, 80452, 3644759052
616, 2355696, 1012489, 81804, 77668, 1007467, 88134, 88134, 876169391
622, 2354273, 1022992, 80244, 76112, 1017799, 78563, 78563, 1420726471
625, 2346895, 216646, 869079, 864267, 212097, 92403, 92403, 1013835284
629, 2347835, 74179, 1018630, 1013640, 69956, 85715, 85715, 3266147388
626, 2356584, 1007263, 92659, 88500, 1002340, 82911, 82911, 4291814482
621, 2355376, 994026, 106325, 102277, 989596, 81576, 81576, 3831522052
631, 2352357, 96121, 1001214, 996616, 91854, 83276, 83276, 3962672072
632, 2359096, 73654, 1027870, 1023068, 69586, 82459, 82459, 1292496204
627, 2351474, 919037, 167804, 163755, 913884, 93497, 93497, 3977466366
630, 2361701, 311248, 776722, 772234, 307053, 97222, 97222, 3561668372
636, 2356807, 99035, 1001090, 995893, 94745, 83022, 83022, 1537603354
638, 2351724, 115674, 940513, 935410, 111389, 124369, 124369, 3152007336
633, 2352545, 105560, 986974, 982105, 101238, 88334, 88334, 1540976977
634, 2346924, 980208, 105376, 100909, 975049, 92691, 92691, 2829285062
628, 2355007, 934400, 142349, 137914, 930170, 105087, 105087, 1867439939
635, 2352396, 854221, 232597, 228145, 849117, 94158, 94158, 2724047636
639, 2350961, 120878, 970841, 965396, 116044, 88901, 88901, 3275120052
637, 2358169, 838551, 249626, 245607, 833885, 95250, 95250, 2899937541
643, 2355570, 151590, 942993, 938408, 147353, 87613, 87613, 2639248821
641, 2351783, 62119, 1038103, 1033149, 57900, 80256, 80256, 2874175930
640, 2352307, 809430, 280008, 275389, 804316, 91582, 91582, 2426905012
650, 2352743, 140024, 948681, 943255, 135815, 92484, 92484, 1003020724
644, 2354584, 861321, 228926, 224871, 856640, 91413, 91413, 1788598635
642, 2348826, 822867, 257207, 252971, 818253, 98764, 98764, 3941026522
646, 2357808, 57017, 1043587, 1039101, 52937, 82583, 82583, 3433182833
645, 2352884, 246678, 834614, 829715, 241981, 99948, 99948, 2204251680
648, 2350191, 226910, 854824, 850155, 222406, 97948, 97948, 2132466871
649, 2349599, 350566, 734576, 729615, 346028, 94407, 94407, 2826739926
651, 2352005, 985823, 111133, 106615, 980920, 83757, 83757, 3129126237
647, 2350887, 961338, 128306, 124057, 957120, 90033, 90033, 2255259262
652, 2357411, 1002353, 89323, 84980, 997251, 91752, 91752, 3455508023
653, 2353964, 240006, 846366, 841433, 235577, 95291, 95291, 2605412944
658, 2349875, 233763, 853210, 847715, 229197, 92995, 92995, 1089317906
654, 2352328, 319972, 764500, 759295, 315513, 96524, 96524, 1235985065
656, 2353935, 759823, 327198, 322366, 755424, 94562, 94562, 209414519
655, 2354561, 168457, 922081, 917700, 164009, 91157, 91157, 1031956417
663, 2348821, 205474, 882990, 877167, 201084, 91053, 91053, 4067440492
657, 2358154, 920080, 165027, 160694, 915195, 98579, 98579, 1430361639
664, 2349965, 169435, 923338, 918719, 165151, 86661, 86661, 2717468753
661, 2349584, 324931, 749137, 744095, 320539, 105441, 105441, 658432166
660, 2357334, 188330, 896323, 891671, 183996, 98507, 98507, 172473645
666, 2354283, 945528, 146850, 142444, 940305, 89578, 89578, 3623430229
659, 2352303, 941531, 141526, 137122, 936756, 97684, 97684, 429963336
668, 2354555, 112743, 978401, 973051, 108404, 90978, 90978, 1734738638
669, 2355370, 76506, 1024721, 1019057, 72378, 81354, 81354, 1437205173
667, 2352929, 982980, 113271, 109006, 977560, 85056, 85056, 2882390170
665, 2356685, 1035176, 62093, 58040, 1030652, 85362, 85362, 3627230282
662, 2355221, 1036043, 66526, 62320, 1031424, 79454, 79454, 2252530622
670, 2352436, 585738, 492752, 488340, 580970, 102318, 102318, 1630680014
671, 2352126, 974748, 108963, 105001, 969310, 97052, 97052, 2565127530
672, 2350862, 982232, 107877, 103613, 976422, 90359, 90359, 2217798195
675, 2351654, 505911, 568478, 563125, 501308, 106416, 106416, 1176726309
677, 2353784, 1012998, 85315, 81163, 1007532, 83388, 83388, 2818879477
682, 2353171, 112594, 979079, 973948, 108416, 89567, 89567, 4116834321
673, 2361125, 1022541, 77100, 72838, 1018072, 85287, 85287, 3236468109
679, 2351850, 986206, 98245, 94096, 980387, 96458, 96458, 119658898
684, 2352312, 127370, 956487, 951267, 123190, 96999, 96999, 438275214
674, 2351162, 169859, 920698, 916160, 165485, 89480, 89480, 2437205444
683, 2354411, 79529, 1021052, 1016411, 75353, 81033, 81033, 4258584166
681, 2354284, 255179, 835544, 830158, 250889, 91257, 91257, 4269457261
676, 2347140, 1010252, 74573, 70244, 1005715, 93178, 93178, 3104656320
680, 2356829, 724863, 354259, 349699, 719786, 104111, 104111, 3641546231
685, 2355410, 837925, 246130, 241504, 833069, 98391, 98391, 2119886484
678, 2355785, 972679, 119429, 115294, 967827, 90278, 90278, 2391731480
687, 2356127, 121616, 977260, 971988, 117303, 83980, 83980, 3784722360
689, 2357698, 103264, 998069, 992610, 99137, 82309, 82309, 386944977
694, 2353056, 85058, 1013891, 1008102, 80887, 82559, 82559, 771053199
690, 2353751, 240999, 834217, 829165, 236262, 106554, 106554, 3186169103
692, 2355760, 59773, 1043180, 1038473, 55528, 79403, 79403, 2749274606
686, 2350185, 940916, 139293, 134971, 936393, 99306, 99306, 4092994906
695, 2354023, 1008279, 87989, 83666, 1003339, 85375, 85375, 2651787042
693, 2356674, 984794, 111083, 106937, 979884, 86988, 86988, 3919058940
688, 2356369, 944799, 149308, 145252, 940080, 88465, 88465, 1778535706
691, 2355278, 117187, 977167, 972665, 113075, 87592, 87592, 2438590441
698, 2347956, 809079, 273038, 268481, 803812, 96773, 96773, 142040029
697, 2346425, 500083, 578552, 574202, 494842, 99373, 99373, 3255917490
696, 2358869, 912308, 171987, 167924, 907708, 99471, 99471, 3792457395
699, 2358343, 656092, 430298, 425542, 651199, 97606, 97606, 1143924818
702, 2355346, 114249, 979117, 974302, 110292, 88693, 88693, 1149367138
700, 2356797, 431607, 654945, 650740, 426967, 96269, 96269, 3814199742
703, 2360262, 1041001, 60232, 56119, 1036062, 83424, 83424, 3338431327
706, 2355165, 119040, 975710, 970632, 114945, 87419, 87419, 3813450890
708, 2355183, 145156, 949353, 944519, 140899, 87628, 87628, 2287449589
701, 2351729, 947662, 93072, 88912, 942363, 139860, 139860, 1044005609
709, 2351009, 517297, 561589, 556769, 512392, 101481, 101481, 1880252709
705, 2355847, 943280, 135112, 130969, 938182, 104152, 104152, 4079327190
710, 2355098, 172308, 919242, 914316, 167884, 90674, 90674, 3643811271
713, 2355985, 150808, 936639, 931945, 146609, 94992, 94992, 1621099161
704, 2359487, 711337, 356280, 352043, 706945, 116441, 116441, 3831418687
712, 2359070, 985139, 108281, 103922, 980500, 90614, 90614, 2774718096
707, 2353892, 986177, 100085, 95676, 980992, 95481, 95481, 3752766304
715, 2352359, 672601, 374612, 369781, 667857, 133754, 133754, 2854363400
716, 2354031, 95508, 999794, 995296, 91201, 86116, 86116, 4292730099
714, 2350827, 988490, 106310, 101781, 983768, 85239, 85239, 2847004222
718, 2354298, 105843, 991413, 986358, 101492, 84596, 84596, 662489715
711, 2358672, 405729, 670696, 666275, 400790, 107591, 107591, 916589076
724, 2348831, 136529, 942781, 936871, 132052, 100299, 100299, 3888848369
721, 2354907, 970633, 122169, 117954, 965821, 89165, 89165, 1421845250
717, 2352488, 1011852, 78197, 73871, 1007452, 90558, 90558, 2806776426
725, 2348406, 124288, 961021, 955736, 120059, 93651, 93651, 713372327
729, 2360025, 48972, 1060435, 1054803, 44965, 75425, 75425, 2760775695
727, 2354930, 70614, 1031788, 1026331, 66551, 79823, 79823, 207143610
719, 2357575, 969166, 119132, 114749, 964502, 95013, 95013, 2410549172
723, 2352227, 955959, 138569, 134221, 950994, 86242, 86242, 653607178
722, 2351616, 881553, 205937, 201400, 876940, 92893, 92893, 253167148
728, 2353588, 80979, 1010545, 1005572, 76862, 89815, 89815, 2135430370
720, 2353846, 984757, 110349, 105874, 980478, 86194, 86194, 450772195
730, 2353938, 105154, 992509, 987524, 100771, 83990, 83990, 749685326
726, 2353933, 477423, 597071, 592264, 472813, 107181, 107181, 2250732998
732, 2355132, 974478, 118923, 114469, 969100, 89081, 89081, 1137982085
731, 2357409, 209245, 878614, 873877, 204815, 95429, 95429, 4140476142
733, 2350100, 120504, 969174, 964094, 116224, 90052, 90052, 1758868359
739, 2355459, 92510, 1004971, 998643, 88145, 85595, 85595, 1692264691
734, 2355687, 91095, 975392, 970825, 86691, 115842, 115842, 608535994
737, 2352431, 218288, 846391, 840927, 213927, 116449, 116449, 2674864732
741, 2353521, 966832, 123783, 119442, 961366, 91049, 91049, 2477628408
743, 2355514, 978205, 111772, 107502, 972629, 92703, 92703, 2666305426
740, 2356496, 332496, 754582, 749887, 327851, 95840, 95840, 2705714325
735, 2356973, 130864, 963682, 959337, 126538, 88276, 88276, 1460775979
742, 2357069, 1062269, 43088, 39079, 1055505, 78564, 78564, 1290195191
745, 2350172, 126531, 957781, 952853, 122019, 95494, 95494, 821013829
744, 2352688, 883300, 204745, 200515, 878272, 92928, 92928, 1825840385
738, 2354466, 569730, 507658, 502763, 565151, 104582, 104582, 4201821816
736, 2356873, 837069, 242503, 238389, 832180, 103366, 103366, 1571081266
746, 2350052, 166432, 916283, 911397, 162102, 96919, 96919, 976689800
751, 2350496, 47271, 1051429, 1045213, 43057, 81763, 81763, 2833801242
748, 2349644, 960347, 134725, 130356, 954626, 84795, 84795, 3684111679
747, 2357691, 946376, 152763, 148542, 941398, 84306, 84306, 713626058
754, 2359157, 61758, 1038612, 1032921, 57806, 84030, 84030, 2995033148
750, 2355524, 132195, 960118, 955351, 128032, 89914, 89914, 2533370041
756, 2353157, 127342, 966429, 961112, 123188, 87543, 87543, 1351126903
749, 2347470, 315108, 727018, 722342, 310502, 136250, 136250, 1340110500
759, 2351702, 216079, 870660, 865459, 211116, 94194, 94194, 782575990
755, 2356982, 764934, 312584, 307910, 760318, 105618, 105618, 3969333585
752, 2350004, 933126, 158474, 154244, 928804, 87678, 87678, 3964426112
753, 2350727, 959422, 129679, 125410, 954412, 90902, 90902, 2013452305
760, 2351834, 382926, 692859, 687421, 378378, 105125, 105125, 401454832
757, 2353111, 376101, 699626, 695123, 371309, 105476, 105476, 851123824
762, 2357058, 71242, 1029832, 1025710, 67188, 81543, 81543, 31751701
767, 2351453, 99017, 993659, 987697, 94894, 88093, 88093, 2541652266
758, 2351865, 784509, 281985, 277444, 779509, 114209, 114209, 4288662358
763, 2352974, 914698, 159899, 155311, 909568, 106749, 106749, 512741801
761, 2350527, 939340, 138286, 133675, 934898, 102164, 102164, 3845505286
765, 2355303, 1041902, 60688, 56643, 1036872, 79599, 79599, 1258289021
764, 2360440, 1042206, 63329, 59186, 1037593, 79063, 79063, 501280828
772, 2351377, 73373, 1028520, 1022794, 69296, 78697, 78697, 3510065428
766, 2354518, 802836, 276361, 271277, 798674, 102685, 102685, 538800439
769, 2355587, 217240, 867375, 862765, 213309, 97449, 97449, 2898216129
768, 2349408, 613833, 462492, 457983, 608948, 103076, 103076, 280328902
770, 2354081, 118726, 974783, 970289, 114279, 88002, 88002, 709670302
771, 2354392, 819202, 264452, 260272, 814640, 97913, 97913, 3324629026
776, 2355180, 1016458, 81999, 78006, 1011585, 83566, 83566, 3323051342
775, 2349776, 1021023, 74033, 69757, 1016043, 84460, 84460, 279347016
773, 2355352, 403103, 680222, 675209, 398434, 99192, 99192, 3012377413
774, 2360500, 215002, 875199, 870831, 210630, 94419, 94419, 1472175713
779, 2352382, 381343, 696853, 692738, 376216, 102616, 102616, 3368394608
777, 2350364, 1012701, 82450, 78116, 1007777, 84660, 84660, 1419046701
780, 2358195, 961513, 133702, 129612, 956754, 88307, 88307, 3283874117
781, 2360021, 96031, 1003317, 998934, 91701, 85019, 85019, 1999300555
783, 2354077, 1031746, 69409, 65176, 1026598, 80574, 80574, 257721873
778, 2351483, 873332, 202784, 198335, 869062, 103985, 103985, 972586463
782, 2354107, 980109, 114457, 110297, 974522, 87361, 87361, 1467385282
784, 2355512, 359825, 719255, 714736, 354756, 103470, 103470, 3593421362
785, 2349292, 589158, 479706, 474758, 584510, 110580, 110580, 4116178639
787, 2354805, 397982, 591898, 587151, 393592, 192091, 192091, 3942285875
786, 2352142, 80191, 1018510, 1013846, 75917, 81839, 81839, 692594337
789, 2352437, 973685, 111705, 107364, 968411, 95636, 95636, 306743746
791, 2354780, 1052278, 49551, 45312, 1047337, 80151, 80151, 3917684459
788, 2357370, 1002740, 99743, 95803, 997104, 80990, 80990, 474267938
793, 2352432, 956019, 128396, 124129, 951306, 96291, 96291, 1788878203
792, 2350822, 529217, 554253, 549486, 524508, 96679, 96679, 2162112314
790, 2357557, 117072, 969936, 965436, 112993, 96060, 96060, 870598353
795, 2355838, 136526, 956537, 951430, 132085, 89630, 89630, 2716167288
798, 2353958, 1019702, 75267, 70967, 1014610, 86706, 86706, 2193098543
796, 2354637, 937643, 124384, 120076, 932878, 119828, 119828, 3446546697
799, 2355705, 755548, 325296, 320298, 750273, 102145, 102145, 608309727
797, 2355977, 911724, 178702, 174265, 906998, 92144, 92144, 1430450433
794, 2357512, 627294, 443043, 438405, 622968, 112901, 112901, 2604124942
805, 2350042, 187658, 895209, 890554, 183221, 96700, 96700, 2129199390
801, 2354376, 735245, 343404, 338935, 730268, 103262, 103262, 3226957272
809, 2352237, 171115, 915987, 911055, 166778, 93651, 93651, 898756249
802, 2351909, 303821, 779184, 774180, 299270, 97727, 97727, 2538715055
804, 2358457, 1016751, 86390, 82285, 1011437, 80797, 80797, 2804109674
806, 2352588, 654853, 427892, 423768, 649813, 98131, 98131, 2745500448
803, 2350790, 850785, 224769, 220119, 846429, 104344, 104344, 546595663
800, 2355248, 93010, 1006985, 1002364, 88735, 82077, 82077, 1355772677
807, 2352968, 86396, 1011693, 1006358, 82113, 83204, 83204, 122620710
808, 2360948, 341935, 742214, 737365, 337322, 101056, 101056, 1538783196
814, 2355947, 1030104, 66787, 62680, 1025166, 85605, 85605, 986670365
810, 2356690, 964051, 134855, 130526, 959360, 83949, 83949, 1969496379
811, 2349785, 73596, 1013580, 1008908, 69227, 92237, 92237, 2096106526
812, 2354859, 1006220, 90704, 86232, 1001309, 85197, 85197, 3711516086
813, 2361475, 377011, 676904, 672304, 372808, 131224, 131224, 2786972265
815, 2350525, 985647, 110223, 106022, 979953, 84340, 84340, 2276608523
818, 2353900, 138781, 947884, 942804, 134545, 94943, 94943, 376959557
822, 2357311, 146125, 945819, 941240, 141783, 91172, 91172, 1913611448
819, 2361186, 88230, 1013424, 1008795, 84027, 83355, 83355, 560794958
817, 2353451, 832076, 239473, 234961, 826687, 110127, 110127, 3280929
824, 2356933, 120058, 975449, 970434, 115704, 87644, 87644, 450765991
816, 2356481, 216941, 869819, 865303, 212644, 95887, 95887, 523213252
825, 2350959, 930237, 156618, 152229, 925503, 93186, 93186, 988841928
820, 2350508, 243896, 843954, 839287, 239235, 92068, 92068, 279353658
823, 2349641, 932531, 156034, 151591, 927861, 90812, 90812, 2069733711
821, 2355975, 958279, 135670, 131296, 953874, 88428, 88428, 2864495810
826, 2358877, 107732, 990793, 986373, 103659, 85160, 85160, 2965190095
828, 2346254, 907021, 178766, 174059, 901858, 92275, 92275, 1130442314
827, 2354923, 966353, 125582, 121125, 961269, 90297, 90297, 3965316974
829, 2356945, 96283, 999040, 994462, 92076, 87542, 87542, 1276823346
836, 2351901, 54049, 1047420, 1041761, 49985, 79343, 79343, 4284948034
832, 2357270, 1029322, 69506, 65156, 1024432, 84427, 84427, 4237205036
830, 2361758, 288542, 805643, 800872, 284483, 91109, 91109, 2809981383
835, 2348065, 733985, 334197, 329768, 728669, 110723, 110723, 716756224
833, 2349428, 934045, 152357, 147983, 929245, 92899, 92899, 451862777
839, 2353271, 190096, 896433, 891339, 185649, 94877, 94877, 798433148
837, 2347656, 867252, 216117, 211811, 862050, 95213, 95213, 34521494
838, 2352563, 317627, 757438, 753057, 312853, 105794, 105794, 2394515863
831, 2355206, 750723, 336071, 331810, 746012, 95295, 95295, 3535860275
834, 2358898, 929796, 163802, 159512, 925374, 90207, 90207, 3686582587
843, 2350831, 65801, 1033968, 1027925, 61697, 80720, 80720, 1078940972
844, 2348551, 80668, 1014313, 1009585, 76389, 83798, 83798, 3214262806
841, 2355552, 980054, 107507, 103337, 975582, 94536, 94536, 1327331950
840, 2352916, 859234, 222678, 218201, 854593, 99105, 99105, 1026845893
842, 2350696, 674636, 410941, 406194, 669729, 94598, 94598, 215508667
850, 2347642, 126573, 952386, 946860, 122283, 99770, 99770, 639356116
845, 2351746, 160006, 931478, 926815, 155525, 88961, 88961, 3028957654
846, 2354977, 165037, 931145, 926636, 160993, 85583, 85583, 186489067
847, 2353837, 920321, 169649, 165098, 915803, 91483, 91483, 3245843024
853, 2353476, 1003704, 95216, 91151, 998377, 82514, 82514, 2321139255
851, 2351627, 911800, 175455, 171005, 907011, 93178, 93178, 2069592299
852, 2350030, 956626, 136393, 131844, 951525, 86821, 86821, 3112200739
854, 2356250, 264558, 827425, 822779, 260230, 90629, 90629, 2724944445
848, 2361117, 803785, 292409, 288176, 799543, 88602, 88602, 431663645
849, 2350889, 957441, 120686, 116248, 952650, 101932, 101932, 2289345962
856, 2351399, 946540, 144946, 140466, 941149, 89149, 89149, 1933218933
857, 2352493, 111622, 983294, 978362, 107277, 85969, 85969, 3777097455
855, 2348298, 786014, 294746, 290318, 781412, 97904, 97904, 951707742
858, 2355920, 944174, 147037, 142795, 939166, 91374, 91374, 2005252940
859, 2351328, 204135, 885241, 880976, 199620, 90678, 90678, 3245739297
861, 2354979, 760558, 321872, 317257, 755996, 99648, 99648, 488887117
867, 2352575, 161120, 929815, 924922, 156574, 90072, 90072, 4176090445
860, 2355134, 1019527, 81609, 77561, 1015075, 80681, 80681, 619256921
868, 2354976, 60107, 1043901, 1038588, 55940, 78220, 78220, 2856736769
866, 2351715, 423631, 659600, 654546, 418950, 97494, 97494, 1928194809
864, 2348422, 70916, 1015975, 1011295, 66504, 91866, 91866, 2549382409
862, 2355339, 128357, 961405, 957234, 123717, 92313, 92313, 2848174379
869, 2351900, 1016217, 80607, 76435, 1011295, 83673, 83673, 1707793718
865, 2353196, 1002426, 92793, 88468, 998003, 85753, 85753, 2815033128
872, 2354956, 152537, 939275, 934137, 148377, 90315, 90315, 1286002237
863, 2352441, 1037996, 60092, 55987, 1033552, 82407, 82407, 4100369781
871, 2354360, 566074, 514203, 509612, 561381, 101545, 101545, 3376790514
870, 2352911, 884307, 202860, 198175, 879803, 93883, 93883, 3232868862
873, 2350623, 991522, 100889, 96667, 986397, 87574, 87574, 1721236379
877, 2350540, 981893, 109801, 105442, 976238, 88583, 88583, 1623429823
876, 2355699, 972584, 114658, 110298, 967329, 95415, 95415, 3099327501
874, 2348384, 923163, 165788, 161158, 918757, 89759, 89759, 3668882094
875, 2350100, 198057, 885816, 881338, 193581, 95654, 95654, 2510257245
883, 2361273, 90380, 1012809, 1007926, 86298, 81930, 81930, 4089387840
878, 2352393, 616590, 460525, 455671, 612137, 103735, 103735, 2372143385
885, 2356605, 149689, 946830, 941114, 145398, 86787, 86787, 3699220908
880, 2354772, 466900, 614433, 610061, 462220, 100579, 100579, 3491788271
882, 2356513, 976265, 116266, 112052, 971620, 90155, 90155, 1313804451
881, 2357566, 903155, 183955, 179983, 898603, 95935, 95935, 43366415
879, 2352515, 194782, 896877, 892429, 190445, 88991, 88991, 940167334
889, 2355144, 67720, 1033801, 1028792, 63469, 80681, 80681, 574359016
886, 2352497, 597138, 484080, 479562, 592267, 99725, 99725, 31303150
887, 2358791, 1021376, 58622, 54365, 1016696, 103866, 103866, 2952455348
890, 2355790, 123585, 975330, 969360, 119429, 84043, 84043, 2207561739
884, 2358451, 912826, 170388, 166214, 908491, 100266, 100266, 2094918059
896, 2348808, 46934, 1043958, 1037811, 42833, 88636, 88636, 2166160409
888, 2358234, 803499, 284554, 280006, 799069, 95553, 95553, 222036532
894, 2353899, 170529, 917633, 911697, 166094, 93973, 93973, 3823506564
893, 2354153, 184331, 899887, 894895, 179610, 97715, 97715, 1935623551
891, 2354547, 133935, 958685, 953868, 129655, 89202, 89202, 927353826
895, 2355206, 90825, 1006083, 1001373, 86667, 85129, 85129, 4254037646
897, 2352132, 93050, 1003831, 999149, 88844, 83629, 83629, 3067829412
899, 2355985, 101708, 994159, 989460, 97382, 86638, 86638, 2712342586
901, 2362775, 66893, 1036014, 1031053, 62811, 83002, 83002, 3844039392
902, 2353883, 154749, 930436, 925266, 150456, 96488, 96488, 3822784909
898, 2353381, 1024741, 72643, 68480, 1019973, 83772, 83772, 3357377778
892, 2355951, 72394, 1028523, 1024333, 68351, 81175, 81175, 1965480096
900, 2359931, 1022651, 78547, 74290, 1018053, 83195, 83195, 2583584382
906, 2353423, 1039598, 63554, 59533, 1033974, 78382, 78382, 2235229244
903, 2348435, 362396, 703267, 698842, 357626, 113152, 113152, 2754383845
908, 2358865, 985097, 109709, 105324, 980403, 89166, 89166, 4110065226
907, 2349490, 960440, 126788, 122411, 955339, 92256, 92256, 1964616866
905, 2350265, 205347, 873507, 868468, 201053, 100945, 100945, 619626764
904, 2352110, 894455, 196216, 191851, 889698, 89945, 89945, 3841063337
911, 2351860, 137109, 954267, 948947, 132771, 89383, 89383, 1813769115
912, 2353988, 894531, 179611, 175016, 889454, 107688, 107688, 1829036200
909, 2356382, 985573, 111290, 107056, 980965, 85749, 85749, 2089782842
918, 2348916, 86265, 1007566, 1002128, 81873, 85542, 85542, 3460219171
919, 2346127, 108682, 981245, 975849, 104327, 88012, 88012, 958943240
910, 2352537, 108722, 979612, 975425, 104218, 92280, 92280, 1331121892
917, 2354711, 1021973, 76143, 72001, 1016794, 83900, 83900, 3874606859
913, 2352300, 889376, 199186, 194761, 884285, 92346, 92346, 623223840
915, 2351698, 929333, 118168, 113808, 924447, 132971, 132971, 1229782498
916, 2358239, 906802, 186927, 182567, 902111, 89916, 89916, 3774355653
920, 2356648, 913799, 160878, 156776, 908653, 108271, 108271, 2138135893
921, 2353112, 969954, 107848, 103581, 964627, 103551, 103551, 2775106366
922, 2354387, 926021, 160956, 156869, 921097, 94722, 94722, 2320066333
927, 2354344, 65503, 1019066, 1014106, 61165, 97252, 97252, 2464312714
914, 2350462, 818496, 265174, 260477, 813919, 96198, 96198, 3129448994
925, 2354577, 244001, 847234, 842052, 239832, 90729, 90729, 1114939578
924, 2358571, 928962, 158694, 154586, 924495, 95917, 95917, 518788075
923, 2355991, 52006, 1048632, 1044107, 48032, 81607, 81607, 4267905016
926, 2351601, 879525, 202969, 198458, 874691, 97979, 97979, 4029820366
931, 2353210, 1043075, 60981, 56727, 1038645, 76891, 76891, 3728138310
928, 2357703, 780565, 305493, 301364, 775261, 97510, 97510, 192537045
933, 2356063, 1017530, 83314, 79173, 1012148, 81949, 81949, 1593070179
932, 2352994, 254492, 833404, 828570, 249988, 93270, 93270, 3910190264
929, 2358846, 414852, 669505, 664916, 410619, 99477, 99477, 3804169392
935, 2353041, 1032456, 66771, 62499, 1027743, 81786, 81786, 2791661876
934, 2351708, 986407, 109860, 105583, 980440, 84709, 84709, 1281177851
930, 2357204, 1040805, 60558, 56319, 1036516, 81503, 81503, 1981732595
937, 2354152, 1002307, 88241, 84029, 997301, 91137, 91137, 213706905
943, 2353306, 140797, 945736, 940914, 136057, 94901, 94901, 2573259593
940, 2350331, 198615, 842841, 838145, 194198, 138266, 138266, 2090808531
939, 2357973, 290638, 799619, 795000, 286376, 93170, 93170, 2067681588
936, 2356481, 890251, 200683, 196442, 885345, 91880, 91880, 1525928201
941, 2346995, 963757, 115622, 111276, 958122, 99109, 99109, 2504081217
938, 2352469, 648688, 424189, 419433, 644327, 107916, 107916, 1255901587
948, 2358051, 234281, 858740, 853004, 229798, 91114, 91114, 3606985669
950, 2351299, 1036952, 66344, 62242, 1031279, 77241, 77241, 1871762186
944, 2357008, 184229, 897654, 892997, 180036, 101046, 101046, 3151968713
945, 2354927, 783866, 302658, 298483, 779370, 95275, 95275, 3481871616
947, 2353590, 614114, 464216, 459449, 609553, 103129, 103129, 336698472
942, 2351769, 665426, 414799, 410281, 660949, 100157, 100157, 4082574432
949, 2358275, 993049, 110756, 106741, 987789, 79970, 79970, 2931386314
952, 2356843, 1006929, 95871, 91781, 1001898, 80182, 80182, 344157620
946, 2354397, 871262, 219206, 214965, 866742, 91111, 91111, 2604762452
954, 2355589, 1036623, 66988, 62945, 1030611, 79211, 79211, 2803582661
956, 2351661, 971096, 122476, 117904, 965889, 87148, 87148, 3684224477
957, 2357850, 65016, 1036846, 1031751, 60869, 81684, 81684, 1972539567
955, 2349746, 973176, 118652, 114186, 968026, 87853, 87853, 1881143059
951, 2357646, 809256, 276367, 272375, 804024, 97812, 97812, 2527063279
963, 2352647, 96389, 994729, 988216, 92179, 90567, 90567, 3691264402
959, 2345968, 240151, 844762, 839363, 235254, 93219, 93219, 1695467612
953, 2347630, 567688, 508448, 503545, 562927, 102511, 102511, 572275546
958, 2353488, 924137, 146794, 142421, 918802, 110667, 110667, 1733133095
964, 2351132, 978526, 110340, 106109, 973087, 91535, 91535, 2643114333
961, 2356242, 960158, 130368, 126175, 954775, 92383, 92383, 1724674133
971, 2352931, 72175, 1007209, 1001363, 68024, 102080, 102080, 2079953113
962, 2352350, 705918, 371774, 367404, 700798, 103228, 103228, 615399827
965, 2356065, 213994, 872847, 867837, 209693, 95847, 95847, 984309337
968, 2348406, 954382, 132325, 127758, 948973, 92484, 92484, 903239986
967, 2354762, 264887, 820671, 815866, 260610, 96364, 96364, 186922601
970, 2355469, 999310, 93149, 88611, 994521, 89939, 89939, 722388057
960, 2355341, 749201, 339319, 334972, 744641, 93604, 93604, 2049274899
973, 2347991, 98168, 940000, 934683, 93714, 140713, 140713, 2718996101
976, 2359519, 993328, 101465, 97214, 987704, 89904, 89904, 204260873
969, 2355785, 177513, 915789, 911170, 173003, 89155, 89155, 3062958453
966, 2350445, 793324, 285662, 281427, 788850, 100591, 100591, 2818438339
975, 2353777, 265941, 820117, 815258, 261263, 95599, 95599, 2463174726
972, 2360718, 924879, 171941, 167654, 920144, 88050, 88050, 658682836
977, 2355670, 155620, 940539, 935345, 151368, 86399, 86399, 216113727
974, 2349159, 939463, 155421, 151053, 933406, 84908, 84908, 2520920021
978, 2345629, 620289, 452339, 447342, 615553, 105053, 105053, 3529844829
984, 2356043, 101282, 994887, 990255, 96759, 86430, 86430, 2081547490
981, 2359927, 101912, 987750, 983655, 97718, 94446, 94446, 3847353188
983, 2358402, 57520, 1047208, 1042673, 53295, 78853, 78853, 3618259675
980, 2353276, 330425, 753983, 749683, 325827, 96679, 96679, 1070000694
985, 2352375, 790054, 290556, 285990, 784547, 100614, 100614, 1747798111
982, 2357288, 146380, 944613, 940226, 142209, 91930, 91930, 3236760562
979, 2359399, 947329, 150520, 146493, 942799, 86129, 86129, 1524802579
986, 2353532, 763095, 323411, 319132, 757860, 95017, 95017, 3128776666
990, 2352396, 142093, 950274, 945186, 137949, 88447, 88447, 2702788211
987, 2354341, 209772, 879189, 874702, 205322, 92678, 92678, 3184643136
988, 2355522, 579657, 508618, 503817, 575366, 94032, 94032, 1046387409
989, 2358368, 960238, 134262, 130000, 955276, 89296, 89296, 3903370852
994, 2355836, 49865, 1054432, 1050279, 45814, 77723, 77723, 2482776597
992, 2354057, 899947, 188121, 184037, 894628, 93662, 93662, 489126685
991, 2349896, 1010080, 73900, 69607, 1005485, 95412, 95412, 2688046973
997, 2355721, 1032710, 65903, 61891, 1027933, 83642, 83642, 1929330774
993, 2355348, 1019520, 79652, 75382, 1015068, 82863, 82863, 1499956174
999, 2356203, 1031278, 65801, 61505, 1026163, 85728, 85728, 1403689275
995, 2353959, 933558, 158565, 154219, 929171, 89223, 89223, 2537785251
996, 2357225, 969830, 124905, 120535, 965191, 88382, 88382, 1133293859
998, 2353911, 814271, 254746, 250494, 809434, 112483, 112483, 3886812051
