sample_id, N_active, N_A_1, N_B_1, N_A_0, N_B_0, N_A_*, N_B_*, seed
1, 2296101, 249341, 791670, 778248, 237546, 119648, 119648, 346143637
11, 2290179, 316595, 725750, 712654, 304440, 115370, 115370, 2237289202
14, 2277478, 528916, 502675, 489258, 514937, 120846, 120846, 766483165
2, 2289550, 525926, 484095, 471533, 512436, 147780, 147780, 285226547
10, 2283055, 617010, 397513, 385048, 603122, 140181, 140181, 761954995
7, 2288799, 412037, 627661, 615338, 399489, 117137, 117137, 27990767
12, 2290936, 270914, 771357, 758419, 258988, 115629, 115629, 1737133809
5, 2285507, 323038, 711416, 698044, 310769, 121120, 121120, 2587914358
9, 2288182, 334782, 680024, 666468, 322218, 142345, 142345, 1762439745
6, 2285944, 360450, 682548, 669277, 347577, 113046, 113046, 4282363019
8, 2292826, 385850, 625830, 613220, 373310, 147308, 147308, 3741042061
3, 2292429, 539348, 501226, 488330, 526433, 118546, 118546, 3121859775
4, 2291164, 670523, 366839, 353852, 657568, 121191, 121191, 439041084
0, 2286655, 694264, 332938, 320490, 681315, 128824, 128824, 239938159
13, 2295556, 563386, 476330, 464526, 551324, 119995, 119995, 2906191167
15, 2289108, 628662, 410935, 398545, 615898, 117534, 117534, 1836867359
18, 2285028, 473387, 554183, 540866, 461076, 127758, 127758, 443836782
23, 2291506, 349187, 655821, 642613, 336677, 153604, 153604, 4150903339
16, 2283526, 559324, 461122, 448617, 546999, 133732, 133732, 743256848
24, 2295450, 527184, 515784, 502907, 515127, 117224, 117224, 1977977614
26, 2289589, 710344, 333163, 321187, 696197, 114349, 114349, 709199671
19, 2291929, 393133, 643005, 630730, 381061, 122000, 122000, 2385174593
25, 2288264, 602088, 436698, 424029, 589153, 118148, 118148, 1133254571
28, 2293231, 453806, 585226, 572384, 441047, 120384, 120384, 712974900
27, 2290228, 437313, 594464, 582071, 424822, 125779, 125779, 1940418221
20, 2284779, 701840, 336617, 323921, 688851, 116775, 116775, 3729206470
22, 2289119, 385232, 650215, 637512, 373124, 121518, 121518, 194603923
29, 2288491, 725299, 312216, 300086, 712860, 119015, 119015, 315811200
17, 2290969, 566742, 476240, 464061, 554776, 114575, 114575, 3286525010
21, 2285907, 459454, 537958, 525169, 446728, 158299, 158299, 2236048042
30, 2287719, 790467, 251344, 239350, 777124, 114717, 114717, 746428737
31, 2286759, 386657, 654121, 640865, 374192, 115462, 115462, 60881637
35, 2286728, 542436, 491932, 478893, 529525, 121971, 121971, 1788382188
32, 2287997, 578842, 453351, 440891, 566189, 124362, 124362, 307341979
39, 2288415, 564577, 471075, 457841, 551414, 121754, 121754, 2591543652
33, 2291290, 692817, 348124, 336092, 679669, 117294, 117294, 3544739774
37, 2292037, 401130, 641742, 629156, 388807, 115601, 115601, 510520420
34, 2287951, 737893, 297441, 285445, 724338, 121417, 121417, 2390895123
43, 2283524, 593119, 438349, 425499, 580119, 123219, 123219, 3487678502
36, 2291118, 655490, 382180, 369720, 642852, 120438, 120438, 3424602677
45, 2283817, 303302, 732210, 718128, 290849, 119664, 119664, 4076967622
38, 2292425, 485895, 548282, 535809, 473409, 124515, 124515, 3084575912
40, 2291161, 473960, 559441, 547118, 461698, 124472, 124472, 1525275311
42, 2289298, 588309, 427754, 414951, 575490, 141397, 141397, 168633608
44, 2289918, 419134, 625391, 612280, 406605, 113254, 113254, 3106476599
46, 2287406, 410858, 617021, 603691, 398364, 128736, 128736, 332465257
41, 2287413, 544046, 496634, 484229, 531178, 115663, 115663, 1822100149
47, 2292596, 463211, 572305, 559703, 450361, 123508, 123508, 1858096093
48, 2295052, 392354, 651742, 639369, 379893, 115847, 115847, 2334832754
49, 2290129, 328481, 710841, 697663, 315752, 118696, 118696, 1851718610
54, 2287678, 335719, 705180, 691900, 323101, 115889, 115889, 3459744864
57, 2286628, 531065, 514293, 501311, 517295, 111332, 111332, 1184387336
50, 2285404, 489604, 537284, 524398, 477008, 128555, 128555, 3467060282
51, 2289432, 723656, 273393, 261093, 710918, 160186, 160186, 4194634623
59, 2286046, 451520, 584584, 572120, 439134, 119344, 119344, 1635499326
53, 2292674, 437280, 599010, 586113, 425327, 122472, 122472, 3067934908
56, 2282563, 480204, 545564, 532204, 467707, 128442, 128442, 981049052
55, 2287904, 687335, 351841, 339422, 674426, 117440, 117440, 1510931766
58, 2292899, 810290, 225663, 213488, 797760, 122849, 122849, 4259808759
60, 2294095, 542143, 479181, 467106, 529591, 138037, 138037, 3071008250
61, 2286045, 565127, 477943, 465057, 552652, 112633, 112633, 2595066347
62, 2294423, 707825, 335942, 324105, 694553, 115999, 115999, 4084830885
63, 2286957, 314951, 721396, 708491, 302339, 119890, 119890, 1233166706
52, 2290932, 435541, 605426, 592610, 423241, 117057, 117057, 1372980996
65, 2282397, 678949, 340073, 327317, 665250, 135404, 135404, 2873657728
64, 2288132, 590892, 445683, 433831, 577956, 119885, 119885, 426486494
66, 2299167, 823315, 211007, 199304, 810075, 127733, 127733, 1235787163
72, 2286061, 555378, 481822, 468929, 542358, 118787, 118787, 161397731
67, 2287669, 436107, 598939, 586632, 423421, 121285, 121285, 3446141892
71, 2292333, 569360, 472424, 459857, 556748, 116972, 116972, 2889597508
68, 2292752, 380276, 651579, 638658, 368371, 126934, 126934, 3080295432
69, 2285178, 544608, 492052, 479350, 532334, 118417, 118417, 4026474410
70, 2292211, 369145, 672082, 659614, 356424, 117473, 117473, 3263706055
78, 2286282, 434193, 602168, 589119, 421772, 119515, 119515, 1682440065
74, 2297508, 691514, 347856, 336005, 678241, 121946, 121946, 859014543
76, 2286384, 351635, 686141, 672617, 339691, 118150, 118150, 715597245
79, 2288205, 486514, 555512, 542539, 474200, 114720, 114720, 1287378551
73, 2292258, 504946, 530034, 517459, 492873, 123473, 123473, 2344952384
75, 2288206, 383793, 647890, 635124, 371545, 124927, 124927, 3669113979
77, 2286250, 546938, 477395, 465485, 533926, 131253, 131253, 892174250
80, 2290584, 306560, 730440, 717912, 294452, 120610, 120610, 841727837
86, 2287572, 357009, 680483, 667559, 344391, 119065, 119065, 1966579933
81, 2285349, 522669, 436257, 423435, 509426, 196781, 196781, 2019469839
85, 2290388, 496273, 544504, 531813, 483394, 117202, 117202, 1300915926
82, 2293765, 739743, 307166, 294866, 725806, 113092, 113092, 3438407308
84, 2287072, 516246, 521452, 508792, 503020, 118781, 118781, 3290871614
89, 2291016, 389656, 655704, 642700, 377212, 112872, 112872, 2608775240
88, 2290030, 416594, 627726, 615399, 404243, 113034, 113034, 1814995623
94, 2287774, 303728, 723372, 710653, 291483, 129269, 129269, 3166509702
92, 2288741, 631513, 406308, 393950, 618262, 119354, 119354, 2884963117
90, 2289611, 492455, 538670, 525996, 480040, 126225, 126225, 135834297
91, 2288133, 670094, 356250, 344632, 656719, 130219, 130219, 1283573406
87, 2291148, 635820, 401758, 389530, 623216, 120412, 120412, 702165575
83, 2295813, 521807, 516660, 504522, 509862, 121481, 121481, 2649173699
93, 2287985, 430802, 605584, 592857, 418528, 120107, 120107, 3148398764
95, 2288718, 643920, 398993, 386973, 630960, 113936, 113936, 2802097831
96, 2284710, 766015, 249551, 237354, 751538, 140126, 140126, 3568344909
97, 2285760, 607289, 429606, 417223, 594400, 118621, 118621, 931219938
99, 2291241, 485588, 557623, 545170, 473320, 114770, 114770, 2892175667
105, 2287457, 202131, 833696, 820340, 189768, 120761, 120761, 3548175906
103, 2290704, 429038, 609252, 595958, 416796, 119830, 119830, 352187182
100, 2289417, 648840, 330583, 318015, 635585, 178197, 178197, 1306696666
98, 2286609, 785748, 238033, 225754, 772858, 132108, 132108, 1710210962
101, 2288232, 575449, 464314, 451567, 562824, 117039, 117039, 1634839741
106, 2287039, 470091, 563956, 551561, 458221, 121605, 121605, 1305673257
110, 2292883, 272677, 773522, 760614, 261020, 112525, 112525, 1616150645
109, 2285856, 319787, 703645, 689777, 307725, 132461, 132461, 1953650863
104, 2291171, 562464, 476187, 463203, 549459, 119929, 119929, 3499320617
107, 2295145, 519046, 514158, 502337, 506718, 126443, 126443, 3135705842
111, 2291176, 624670, 412613, 399924, 611657, 121156, 121156, 1485755902
102, 2287022, 534996, 493279, 480486, 522551, 127855, 127855, 2045857610
108, 2291536, 663973, 364175, 351912, 651362, 130057, 130057, 351720725
114, 2285454, 385648, 646249, 633151, 372818, 123794, 123794, 676625041
112, 2288661, 866225, 180937, 169075, 852642, 109891, 109891, 4195990803
115, 2289872, 506305, 535525, 522611, 493883, 115774, 115774, 3584641428
118, 2284560, 347570, 693858, 681188, 335216, 113364, 113364, 4072665319
113, 2290759, 477751, 540732, 527314, 465400, 139781, 139781, 3750100948
117, 2295159, 284661, 762957, 750500, 272633, 112204, 112204, 1916811109
116, 2288590, 603369, 433907, 421406, 590764, 119572, 119572, 1847669818
124, 2286345, 465606, 571822, 558805, 452504, 118804, 118804, 1690170564
123, 2283712, 232780, 807398, 793547, 220479, 114754, 114754, 1144456836
122, 2285373, 458513, 571261, 558536, 445859, 125602, 125602, 3205991285
119, 2288287, 595597, 446740, 434339, 583463, 114074, 114074, 3613218672
121, 2291083, 523681, 514911, 502804, 510729, 119479, 119479, 207242520
127, 2287660, 448551, 582883, 569894, 435460, 125436, 125436, 1629956285
125, 2289303, 421506, 608180, 595063, 409044, 127755, 127755, 1107950354
120, 2291361, 454985, 573970, 561862, 442500, 129022, 129022, 2737820103
126, 2296241, 818373, 223885, 212075, 804564, 118672, 118672, 2454839250
128, 2292050, 535158, 493123, 480330, 522823, 130308, 130308, 259669654
130, 2289590, 351128, 686900, 673246, 339048, 119634, 119634, 2967928343
129, 2289542, 447549, 556497, 543895, 435037, 153282, 153282, 3421410911
133, 2296424, 531915, 513747, 501065, 519731, 114983, 114983, 3809866700
132, 2288036, 410696, 616849, 604233, 398472, 128893, 128893, 1668343814
131, 2289470, 401628, 632416, 619478, 389582, 123183, 123183, 1798455857
134, 2289036, 514354, 524849, 512868, 501739, 117613, 117613, 3462336541
139, 2288420, 408643, 627453, 614518, 396036, 120885, 120885, 256252165
142, 2287328, 407570, 623943, 609762, 394993, 125530, 125530, 2201754352
135, 2287886, 509099, 528169, 515703, 496845, 119035, 119035, 2706726676
137, 2290297, 434144, 599834, 587042, 421803, 123737, 123737, 4027630909
140, 2288256, 483940, 551852, 539718, 471942, 120402, 120402, 3452205537
143, 2283120, 363413, 674174, 661076, 351247, 116605, 116605, 225020134
141, 2288925, 812226, 229895, 217734, 799468, 114801, 114801, 1970244416
136, 2287113, 252233, 779748, 766784, 240062, 124143, 124143, 3742080589
138, 2293861, 623580, 417202, 404687, 611308, 118542, 118542, 2625875350
145, 2289904, 305687, 732059, 719703, 293145, 119655, 119655, 231891166
144, 2288376, 598644, 444382, 431733, 585595, 114011, 114011, 1331451814
149, 2288520, 439842, 585446, 572655, 427697, 131440, 131440, 3774281134
146, 2292371, 397794, 642781, 630571, 385569, 117828, 117828, 4291524451
147, 2293765, 538134, 499341, 486962, 524770, 122279, 122279, 2123838471
152, 2292784, 297131, 752100, 738848, 284651, 110027, 110027, 2309693323
148, 2290581, 704342, 335988, 323781, 691192, 117639, 117639, 516564857
153, 2286460, 434132, 600582, 587927, 421227, 121296, 121296, 109676192
155, 2290249, 402100, 640948, 627255, 389948, 114999, 114999, 3789743983
151, 2290158, 460232, 578555, 566013, 447816, 118771, 118771, 3655109010
154, 2290350, 578361, 457638, 444919, 564840, 122296, 122296, 2045735892
150, 2288022, 694038, 344009, 331627, 681552, 118398, 118398, 2682352916
159, 2288875, 376204, 663227, 650228, 363954, 117631, 117631, 2508970422
157, 2290833, 294415, 750257, 737190, 282683, 113144, 113144, 2900507943
158, 2290624, 425052, 615969, 603861, 412722, 116510, 116510, 742689216
156, 2287212, 577309, 462268, 449702, 565063, 116435, 116435, 1522673197
161, 2290196, 538041, 507134, 495227, 525254, 112270, 112270, 3051758899
160, 2293512, 544017, 496554, 484180, 531985, 118388, 118388, 2423075894
164, 2289074, 313169, 725829, 712886, 300862, 118164, 118164, 1351910857
162, 2295614, 398428, 643229, 630785, 386184, 118494, 118494, 1739940709
166, 2291862, 503855, 529359, 516704, 491240, 125352, 125352, 3286448854
163, 2291308, 505551, 528147, 515622, 492870, 124559, 124559, 2151927286
165, 2284122, 568426, 467368, 454358, 555974, 118998, 118998, 2704884679
167, 2293024, 330042, 704547, 691337, 317806, 124646, 124646, 879602050
169, 2285609, 633550, 399145, 386592, 620270, 123026, 123026, 2246655559
170, 2292439, 691268, 352169, 339815, 678741, 115223, 115223, 564870522
172, 2295045, 536173, 502524, 490313, 523441, 121297, 121297, 1760593948
168, 2286732, 568052, 455361, 442864, 555193, 132631, 132631, 2602509781
171, 2287500, 685887, 350359, 338467, 672665, 120061, 120061, 497924062
174, 2288478, 362527, 673777, 660565, 350707, 120451, 120451, 759819130
173, 2286713, 627169, 408187, 395884, 614095, 120689, 120689, 2218426183
175, 2286846, 556160, 470861, 458009, 543298, 129259, 129259, 3138098366
176, 2292671, 346861, 697125, 684392, 334469, 114912, 114912, 3666609801
179, 2294449, 450480, 573281, 560602, 438056, 136015, 136015, 1454319050
178, 2294899, 344971, 695656, 682448, 333038, 119393, 119393, 783244070
177, 2287555, 792925, 250468, 238431, 779689, 113021, 113021, 1882152130
180, 2292399, 519000, 509328, 496352, 506329, 130695, 130695, 1067645923
183, 2290744, 315038, 732333, 719277, 302790, 110653, 110653, 1511522735
181, 2285042, 614100, 425168, 412896, 600924, 115977, 115977, 2888267101
184, 2289813, 634190, 397036, 384696, 620947, 126472, 126472, 3521497525
182, 2289949, 536577, 507224, 494445, 524005, 113849, 113849, 3666171243
185, 2291461, 464297, 563309, 550519, 451694, 130821, 130821, 414433214
189, 2292471, 464683, 571033, 558306, 452191, 123129, 123129, 1430178066
190, 2288661, 362941, 665061, 651875, 350554, 129115, 129115, 834358782
186, 2291553, 714287, 273852, 262125, 700897, 170196, 170196, 3550327532
192, 2289872, 272762, 768121, 754008, 260723, 117129, 117129, 1802166296
188, 2294576, 604656, 435480, 423247, 592507, 119343, 119343, 654282991
187, 2288063, 563802, 465914, 453419, 551436, 126746, 126746, 2391430852
193, 2295828, 275306, 769662, 757415, 263269, 115088, 115088, 2619630311
195, 2289706, 718819, 323158, 311190, 705845, 115347, 115347, 1694836694
194, 2292362, 455979, 584779, 572144, 443416, 118022, 118022, 3067775784
191, 2294193, 549856, 487782, 475897, 537470, 121594, 121594, 4173720143
198, 2287558, 387208, 636902, 623731, 374961, 132378, 132378, 1432097359
199, 2287763, 763979, 268800, 256367, 750455, 124081, 124081, 3608184586
200, 2287736, 568212, 457889, 444814, 555119, 130851, 130851, 4121227525
196, 2287925, 641510, 394405, 382398, 628654, 120479, 120479, 2412134385
201, 2292673, 545566, 495575, 483338, 532980, 117607, 117607, 2744472810
197, 2288861, 806059, 225662, 213630, 793248, 125131, 125131, 556832617
202, 2290272, 436203, 608750, 595862, 423693, 112882, 112882, 2321309048
205, 2290584, 435773, 601398, 588627, 423224, 120781, 120781, 2229856009
203, 2288167, 749695, 292276, 280392, 736450, 114677, 114677, 840735125
204, 2289824, 506764, 529203, 516512, 494249, 121548, 121548, 2180646574
209, 2289143, 507500, 530411, 518035, 494589, 119304, 119304, 1841080170
210, 2287717, 680536, 343944, 331164, 667569, 132252, 132252, 2406986279
211, 2290136, 532648, 504714, 491631, 520355, 120394, 120394, 3685209913
206, 2278470, 785634, 249765, 237344, 772409, 116659, 116659, 410726098
207, 2287274, 713087, 313239, 300456, 699512, 130490, 130490, 3111324331
208, 2292101, 747066, 290112, 278079, 734444, 121200, 121200, 3046030945
212, 2292860, 741499, 303307, 290977, 728453, 114312, 114312, 3577711853
213, 2294873, 390220, 656464, 644068, 377583, 113269, 113269, 3750553184
216, 2292778, 225238, 823769, 809957, 213218, 110298, 110298, 1316166233
215, 2291932, 515723, 526339, 513837, 502807, 116613, 116613, 956560396
214, 2292643, 538075, 503137, 490896, 525475, 117530, 117530, 3195482193
217, 2294449, 644441, 397955, 385832, 631553, 117334, 117334, 1191372669
218, 2288825, 645475, 389558, 376989, 632757, 122023, 122023, 558782217
219, 2290137, 385725, 639503, 626511, 373710, 132344, 132344, 3873038506
223, 2290109, 448922, 595116, 582321, 436542, 113604, 113604, 4006793860
221, 2289383, 450642, 588564, 575951, 438420, 117903, 117903, 3731019057
222, 2289778, 555323, 481495, 469466, 541582, 120956, 120956, 3375456438
220, 2289547, 541427, 499101, 486496, 529407, 116558, 116558, 2793602738
224, 2287294, 717996, 316362, 303703, 704991, 122121, 122121, 2619600806
228, 2285884, 438923, 601546, 589007, 426282, 115063, 115063, 2749704288
225, 2295829, 529535, 506294, 494118, 517036, 124423, 124423, 1260941164
226, 2292154, 379097, 659088, 646249, 366670, 120525, 120525, 2032311353
229, 2281145, 297731, 681046, 667977, 285201, 174595, 174595, 1154927582
227, 2293557, 677464, 361653, 349766, 664228, 120223, 120223, 2501856438
231, 2288518, 644170, 382657, 369932, 630605, 130577, 130577, 1667469710
233, 2291244, 303727, 719661, 706171, 291393, 135146, 135146, 3305909769
230, 2288659, 483387, 544664, 531270, 471118, 129110, 129110, 851129727
232, 2290090, 377557, 631879, 618619, 365069, 148483, 148483, 1454344609
234, 2289190, 460048, 569900, 557765, 446605, 127436, 127436, 1188099639
235, 2287971, 853928, 201579, 190073, 840141, 101125, 101125, 568443235
238, 2287235, 631583, 398828, 386063, 619153, 125804, 125804, 787906325
237, 2286164, 584253, 445028, 432072, 571439, 126686, 126686, 2497834987
240, 2289397, 433609, 565486, 552720, 421380, 158101, 158101, 558970788
243, 2289553, 301555, 737585, 724027, 289438, 118474, 118474, 2259020521
242, 2289308, 243293, 812232, 798569, 231370, 101922, 101922, 3427738160
239, 2293150, 583989, 451815, 439335, 571803, 123104, 123104, 3377950214
241, 2286814, 715422, 321324, 309099, 702035, 119467, 119467, 2119858366
244, 2291098, 477940, 556965, 544217, 465082, 123447, 123447, 2820950773
246, 2291301, 312668, 670028, 656778, 300773, 175527, 175527, 3935548936
236, 2295086, 865497, 184172, 172403, 853182, 109916, 109916, 2465932785
245, 2293103, 734495, 291538, 279183, 721381, 133253, 133253, 1354139689
247, 2289930, 394435, 648349, 635849, 381967, 114665, 114665, 1143717785
249, 2287030, 672008, 362441, 350288, 658817, 121738, 121738, 2185908288
248, 2293076, 511779, 518875, 506604, 499950, 127934, 127934, 2099869796
250, 2292295, 635133, 408509, 395872, 622403, 115189, 115189, 2344124624
251, 2286360, 473477, 558281, 545221, 460923, 124229, 124229, 2212280621
253, 2287429, 317379, 726931, 714252, 304813, 112027, 112027, 3112101055
255, 2282377, 397930, 638091, 624952, 385806, 117799, 117799, 2826913055
252, 2287144, 780284, 265985, 253968, 766471, 110218, 110218, 3545346408
254, 2293065, 436884, 603389, 590728, 424756, 118654, 118654, 1945816657
258, 2289586, 338830, 696402, 683380, 326744, 122115, 122115, 1754579400
257, 2290981, 600095, 435818, 423238, 587530, 122150, 122150, 1773025059
260, 2293272, 523737, 511816, 498868, 511351, 123750, 123750, 2551905752
256, 2293539, 886214, 152034, 140243, 872304, 121372, 121372, 118201030
259, 2290099, 459931, 580642, 568256, 447712, 116779, 116779, 574599782
262, 2293921, 759893, 285516, 273670, 746370, 114236, 114236, 3652050011
265, 2291494, 233193, 802144, 788946, 221479, 122866, 122866, 3936065454
261, 2288779, 433013, 602327, 589388, 421093, 121479, 121479, 2050325779
264, 2289199, 398609, 629627, 616476, 386443, 129022, 129022, 1313085722
263, 2288723, 436913, 567353, 554000, 424575, 152941, 152941, 1754988847
267, 2287503, 440718, 596117, 582424, 428754, 119745, 119745, 685073583
266, 2291592, 598607, 435791, 423185, 586353, 123828, 123828, 3412245842
270, 2295568, 485594, 538654, 526248, 473740, 135666, 135666, 2686595151
269, 2292134, 495535, 536246, 523454, 483277, 126811, 126811, 3792791949
271, 2296049, 509973, 526136, 513444, 497488, 124504, 124504, 2177327294
272, 2293710, 731908, 313421, 301672, 719305, 113702, 113702, 3872999190
268, 2290123, 704212, 323637, 311674, 690868, 129866, 129866, 303962910
275, 2283747, 623266, 417162, 404306, 610155, 114429, 114429, 3837957490
278, 2296370, 531482, 492202, 479779, 519481, 136713, 136713, 364015037
274, 2292651, 533705, 503051, 490265, 521680, 121975, 121975, 2012703701
273, 2291408, 434310, 602583, 589376, 421885, 121627, 121627, 3590627486
277, 2292019, 564564, 473842, 461760, 551043, 120405, 120405, 3594647653
279, 2287728, 570418, 459835, 447595, 557320, 126280, 126280, 1432846921
280, 2292201, 558278, 462097, 449913, 545011, 138451, 138451, 1056057345
281, 2292021, 778247, 258702, 247024, 764720, 121664, 121664, 1623709295
276, 2290919, 630102, 398164, 386230, 617793, 129315, 129315, 68227210
282, 2288416, 588267, 455075, 442183, 575789, 113551, 113551, 2882963442
283, 2287545, 501490, 524170, 511879, 489056, 130475, 130475, 2704037539
288, 2288707, 381160, 644229, 630587, 368999, 131866, 131866, 3856070749
284, 2285107, 667120, 366142, 353387, 653992, 122233, 122233, 1314465232
289, 2288498, 278509, 744931, 731348, 266396, 133657, 133657, 2213169351
285, 2291572, 663025, 361672, 349296, 650343, 133618, 133618, 3816536580
287, 2285804, 707233, 324656, 312442, 694039, 123717, 123717, 140996475
286, 2293458, 603934, 438191, 426338, 590787, 117104, 117104, 95765539
292, 2284571, 617311, 423016, 410088, 604136, 115010, 115010, 5484464
290, 2286534, 524821, 512385, 499834, 512640, 118427, 118427, 3141107522
291, 2288737, 456543, 578133, 565563, 444188, 122155, 122155, 1550384171
295, 2293290, 305647, 729889, 717298, 293830, 123313, 123313, 733028281
293, 2286525, 477207, 562574, 549992, 464478, 116137, 116137, 3770559773
294, 2286651, 686305, 334491, 322661, 672384, 135405, 135405, 3081269240
296, 2296273, 478452, 563295, 550613, 466345, 118784, 118784, 3456760064
297, 2287801, 713642, 327036, 314978, 701039, 115553, 115553, 184762544
301, 2287889, 284899, 757955, 744156, 272305, 114287, 114287, 2224726094
298, 2289219, 694311, 337411, 325294, 681805, 125199, 125199, 655033705
303, 2290140, 367749, 675001, 662098, 355836, 114728, 114728, 113204421
300, 2295203, 543139, 502068, 489532, 530618, 114923, 114923, 2924344202
299, 2289130, 578094, 461086, 448394, 565566, 117995, 117995, 962177822
308, 2292362, 506080, 526240, 513436, 493580, 126513, 126513, 2916317896
302, 2289070, 413458, 624275, 611756, 401453, 119064, 119064, 2121292439
305, 2286335, 526398, 513123, 500017, 513597, 116600, 116600, 1597985362
304, 2286499, 457682, 556573, 544050, 445036, 141579, 141579, 618548508
310, 2289815, 248269, 790361, 776606, 236295, 119142, 119142, 692968580
307, 2292257, 767412, 279526, 267700, 754077, 111771, 111771, 93879502
306, 2289591, 777640, 251479, 240056, 765114, 127651, 127651, 3028632061
312, 2294064, 460806, 581220, 568436, 449158, 117222, 117222, 2851653935
309, 2285086, 525600, 515551, 502722, 512931, 114141, 114141, 2559739037
311, 2290310, 511201, 518909, 506497, 499183, 127260, 127260, 2331598202
315, 2293701, 429699, 609261, 596578, 417395, 120384, 120384, 801027513
313, 2285240, 518683, 517098, 504513, 505950, 119498, 119498, 1062281719
314, 2289394, 477718, 553411, 540985, 465036, 126122, 126122, 116712050
317, 2291116, 337839, 642459, 629959, 325835, 177512, 177512, 3518819056
318, 2289880, 457728, 570754, 558544, 445668, 128593, 128593, 2227391543
316, 2291548, 698038, 345292, 333289, 684983, 114973, 114973, 1603238851
320, 2283848, 504627, 532595, 519772, 491920, 117467, 117467, 1928862810
321, 2293186, 323742, 717162, 705124, 311442, 117858, 117858, 2974751063
322, 2288332, 574330, 455991, 443658, 561755, 126299, 126299, 1469227761
324, 2293190, 313925, 725186, 712506, 302151, 119711, 119711, 780463734
323, 2287822, 716937, 321113, 308993, 703837, 118471, 118471, 3364823575
325, 2292983, 821037, 225637, 213797, 808298, 112107, 112107, 1176279754
326, 2289370, 539707, 495497, 483004, 527044, 122059, 122059, 937983191
327, 2295063, 281834, 720679, 708438, 269736, 157188, 157188, 4257238916
319, 2286397, 589206, 419455, 407350, 576320, 147033, 147033, 314056100
328, 2287082, 678376, 355953, 343075, 665420, 122129, 122129, 203328038
329, 2282398, 680267, 349937, 337741, 666019, 124217, 124217, 1412622608
331, 2290812, 572369, 458823, 446640, 559044, 126968, 126968, 751320757
330, 2284835, 329754, 675723, 662597, 317309, 149726, 149726, 1139817310
335, 2288932, 492050, 546969, 533845, 479116, 118476, 118476, 3516726983
333, 2290187, 627340, 410926, 398423, 615078, 119210, 119210, 1300983452
332, 2286791, 520741, 468588, 455796, 507948, 166859, 166859, 4184317671
336, 2292181, 285436, 743518, 730900, 273271, 129528, 129528, 91419202
337, 2292588, 565361, 475581, 463074, 553218, 117677, 117677, 1042585403
334, 2289667, 723408, 317239, 304825, 710277, 116959, 116959, 1473292426
339, 2293929, 920603, 135467, 124096, 907087, 103338, 103338, 792919452
340, 2291354, 661365, 373102, 360979, 648378, 123765, 123765, 2698485457
338, 2288675, 348451, 679725, 667044, 336059, 128698, 128698, 64045843
342, 2288862, 546979, 482140, 469509, 534318, 127958, 127958, 3139582361
344, 2288368, 817636, 213541, 201468, 804711, 125506, 125506, 3890151188
341, 2291263, 665307, 371569, 359067, 652666, 121327, 121327, 4250356841
346, 2284691, 511951, 514864, 501932, 499078, 128433, 128433, 3280469081
343, 2288480, 553410, 478109, 465455, 540806, 125350, 125350, 3342863192
345, 2289170, 194002, 728309, 715945, 182538, 234188, 234188, 172909241
347, 2286843, 761192, 283214, 270743, 747934, 111880, 111880, 412397801
348, 2293200, 546867, 495187, 482831, 534115, 117100, 117100, 4178639794
352, 2289491, 383033, 646627, 633119, 370822, 127945, 127945, 2551005282
349, 2287717, 799199, 242960, 230683, 785817, 114529, 114529, 3700446912
350, 2285624, 594747, 436682, 424453, 581348, 124197, 124197, 1459153449
356, 2287167, 343424, 691655, 678445, 330915, 121364, 121364, 3914628509
351, 2282419, 387436, 648368, 635080, 374999, 118268, 118268, 4014942820
353, 2284023, 607534, 410471, 397966, 594108, 136972, 136972, 440644398
354, 2293270, 504980, 529931, 517339, 491828, 124596, 124596, 823835210
355, 2288144, 529383, 504510, 492741, 516190, 122660, 122660, 484505350
358, 2286819, 384571, 659510, 646627, 371929, 112091, 112091, 221837526
360, 2293013, 255456, 792264, 778933, 243742, 111309, 111309, 1959937154
357, 2292002, 778288, 268700, 256364, 765148, 111751, 111751, 4282240460
359, 2292908, 446022, 589889, 576916, 433877, 123102, 123102, 3089635194
361, 2290324, 728294, 298821, 286831, 715802, 130288, 130288, 2424010976
363, 2290186, 868905, 185705, 174021, 855383, 103086, 103086, 3247119510
362, 2294797, 385897, 646437, 633552, 373575, 127668, 127668, 389146817
365, 2287415, 522714, 515943, 502865, 510261, 117816, 117816, 524605951
364, 2290320, 650315, 369018, 356154, 637105, 138864, 138864, 3347455094
366, 2293717, 464340, 566710, 554164, 451585, 128459, 128459, 3746016949
367, 2290859, 859235, 182338, 170470, 846318, 116249, 116249, 538271865
369, 2291286, 284405, 756809, 743204, 272476, 117196, 117196, 846522076
370, 2287854, 751037, 292596, 280429, 737070, 113361, 113361, 1115715060
372, 2286568, 545157, 482779, 469258, 532832, 128271, 128271, 270615754
368, 2287058, 494468, 501721, 489417, 481594, 159929, 159929, 3113135407
373, 2291127, 419326, 609992, 597549, 406728, 128766, 128766, 2680794200
376, 2284285, 625174, 407853, 394744, 612360, 122077, 122077, 2982121595
371, 2290670, 792556, 253208, 241441, 780315, 111575, 111575, 1539885719
374, 2289685, 778420, 256000, 243641, 763626, 123999, 123999, 4198748109
379, 2289178, 365687, 679321, 666144, 353408, 112309, 112309, 1179629446
375, 2293369, 633149, 408555, 396233, 620606, 117413, 117413, 590528593
377, 2290459, 462768, 571654, 558749, 449652, 123818, 123818, 2612993958
378, 2294568, 475428, 571275, 558411, 463248, 113103, 113103, 3142794898
380, 2285562, 649077, 375855, 363883, 634889, 130929, 130929, 2543961004
386, 2282738, 437683, 595829, 582951, 425109, 120583, 120583, 3689443672
382, 2292132, 580999, 430824, 418380, 568921, 146504, 146504, 1291179601
381, 2294448, 798507, 248144, 236307, 785982, 112754, 112754, 170154813
385, 2289239, 628162, 403805, 391381, 615575, 125158, 125158, 587364151
383, 2290664, 469300, 569096, 555971, 457083, 119607, 119607, 4124029223
384, 2289944, 690155, 353982, 341613, 677592, 113301, 113301, 2735691868
387, 2288756, 635441, 404666, 392029, 622488, 117066, 117066, 678738858
390, 2290960, 719609, 309186, 296855, 707142, 129084, 129084, 4022208072
393, 2286598, 635389, 392916, 380154, 622551, 127794, 127794, 2540999948
392, 2292988, 393893, 646218, 633351, 381522, 119002, 119002, 1440321672
389, 2286754, 702045, 339540, 326980, 689135, 114527, 114527, 1238958041
388, 2285880, 747659, 270430, 258142, 734581, 137534, 137534, 3451183458
391, 2283079, 691927, 335671, 323369, 679318, 126397, 126397, 1973013076
394, 2289605, 589267, 414814, 402348, 576726, 153225, 153225, 1389762001
395, 2287079, 654814, 361528, 348988, 641503, 140123, 140123, 100561751
396, 2288536, 442627, 599005, 586032, 429506, 115683, 115683, 523220270
398, 2288943, 529652, 515234, 502362, 516889, 112403, 112403, 2435413789
399, 2283051, 694019, 331156, 318669, 680703, 129252, 129252, 2455463798
403, 2289755, 610688, 431730, 419014, 597561, 115381, 115381, 2245659881
401, 2292562, 522207, 515633, 503322, 509646, 120877, 120877, 2316179480
397, 2294366, 407426, 636491, 623944, 395151, 115677, 115677, 3106730000
402, 2284703, 589925, 443182, 430437, 577179, 121990, 121990, 2873972982
400, 2289004, 583015, 404287, 392103, 570353, 169623, 169623, 1388171110
407, 2281623, 535806, 497554, 483856, 522991, 120708, 120708, 880768048
404, 2289348, 453748, 582265, 569363, 441106, 121433, 121433, 3740288458
405, 2285704, 349997, 690812, 677575, 337724, 114798, 114798, 1442082412
406, 2289760, 320819, 723258, 710058, 308977, 113324, 113324, 1849195484
408, 2291005, 452018, 557776, 545147, 439830, 148117, 148117, 101903706
409, 2290236, 218226, 822681, 809468, 206385, 116738, 116738, 3506079744
410, 2294294, 597905, 440993, 428744, 585190, 120731, 120731, 601011180
411, 2286377, 636921, 404215, 392128, 623515, 114799, 114799, 1863807266
413, 2292675, 401289, 638394, 625850, 388940, 119101, 119101, 3105682735
418, 2289306, 311315, 730015, 716229, 299305, 116221, 116221, 3019255514
415, 2286280, 676830, 353974, 341461, 663897, 125059, 125059, 2852122303
412, 2290179, 494543, 539430, 526324, 482556, 123663, 123663, 712838256
414, 2293624, 651080, 391788, 379284, 637930, 116771, 116771, 353966426
416, 2290430, 669968, 366355, 354002, 656879, 121613, 121613, 1741385940
421, 2292167, 570288, 464350, 451695, 558088, 123873, 123873, 4101659609
417, 2283561, 701436, 335942, 323544, 688105, 117267, 117267, 4091516054
419, 2290961, 509049, 470115, 458088, 496235, 178737, 178737, 2020962386
420, 2288105, 806126, 232282, 220446, 792885, 118183, 118183, 182542053
425, 2284087, 499995, 532352, 519128, 487406, 122603, 122603, 1111056596
422, 2295312, 690672, 347992, 335903, 677795, 121475, 121475, 2212344733
423, 2288740, 398164, 622588, 610205, 386081, 135851, 135851, 3287467482
424, 2290371, 638307, 392350, 380309, 625231, 127087, 127087, 3383846355
428, 2289780, 362802, 669400, 655743, 350815, 125510, 125510, 73181643
426, 2289922, 405110, 632789, 619939, 393316, 119384, 119384, 458345748
427, 2289966, 321231, 708142, 695521, 309154, 127959, 127959, 2678217108
430, 2278934, 283865, 711432, 698467, 271338, 156916, 156916, 778861004
431, 2290653, 195074, 856041, 842740, 183248, 106775, 106775, 1617506326
432, 2285312, 402579, 638225, 624744, 389976, 114894, 114894, 2318615241
429, 2283745, 409780, 606802, 593342, 397135, 138343, 138343, 1039144531
433, 2285153, 403629, 627509, 613913, 391064, 124519, 124519, 181151320
434, 2285935, 544836, 490692, 477993, 532270, 120072, 120072, 2695117736
435, 2288684, 300503, 743649, 729870, 288336, 113163, 113163, 1944294878
438, 2296017, 230704, 814109, 800927, 219261, 115508, 115508, 948353583
437, 2288896, 513300, 519121, 506264, 500743, 124734, 124734, 1023080790
436, 2293724, 892874, 154653, 143000, 880381, 111408, 111408, 2193629756
439, 2289747, 646922, 388814, 376004, 634443, 121782, 121782, 3681910307
440, 2285950, 632489, 409706, 396469, 619252, 114017, 114017, 485897760
442, 2287526, 468007, 564356, 550830, 455415, 124459, 124459, 794112146
441, 2290906, 850690, 198243, 186671, 837354, 108974, 108974, 681574444
443, 2291774, 422210, 619946, 608265, 409405, 115974, 115974, 3852646180
444, 2293329, 550810, 451741, 439449, 538127, 156601, 156601, 805990637
446, 2288047, 477658, 542045, 529596, 464942, 136903, 136903, 3874103820
445, 2287970, 395366, 634582, 622059, 383045, 126459, 126459, 1880532763
449, 2280093, 580407, 446862, 433883, 566897, 126022, 126022, 1191601800
447, 2290230, 595571, 442929, 430738, 582794, 119099, 119099, 3329173775
448, 2280135, 423258, 613582, 600439, 410538, 116159, 116159, 2009573260
450, 2289074, 658171, 373847, 361216, 645356, 125242, 125242, 772600223
452, 2294485, 502484, 540978, 527995, 489988, 116520, 116520, 321276564
451, 2287905, 519112, 516420, 503535, 506890, 120974, 120974, 687387136
454, 2289486, 270074, 773222, 760155, 258031, 114002, 114002, 273439047
456, 2287642, 415864, 619834, 607246, 403306, 120696, 120696, 1035376169
453, 2291965, 552487, 480755, 468430, 540365, 124964, 124964, 891224835
455, 2290183, 565263, 456667, 444672, 552061, 135760, 135760, 2472957769
457, 2287223, 478513, 544151, 530904, 466365, 133645, 133645, 279835777
458, 2290179, 525370, 509932, 497467, 512646, 122382, 122382, 631970871
459, 2289266, 598610, 441151, 428442, 586057, 117503, 117503, 1803695100
460, 2287380, 415193, 618757, 605657, 402827, 122473, 122473, 1774369140
466, 2288280, 240524, 803396, 790279, 228105, 112988, 112988, 964322146
462, 2288373, 451987, 590681, 578140, 439343, 114111, 114111, 4276586874
464, 2292850, 402937, 634334, 621779, 390894, 121453, 121453, 1052388119
461, 2297105, 677504, 370315, 358274, 664984, 113014, 113014, 478050270
467, 2288312, 614855, 419676, 407373, 601478, 122465, 122465, 3256903439
470, 2291294, 697080, 344887, 333060, 684049, 116109, 116109, 2893948982
463, 2292948, 234944, 521463, 509063, 223400, 402039, 402039, 2600900805
469, 2288356, 437850, 603765, 590588, 425365, 115394, 115394, 1167328933
468, 2293876, 582096, 463265, 450884, 569603, 114014, 114014, 661521705
465, 2290362, 736244, 303167, 290888, 723281, 118391, 118391, 1632967362
471, 2288113, 462415, 559323, 546164, 449993, 135109, 135109, 4087067532
472, 2290770, 680716, 344071, 331924, 667407, 133326, 133326, 1276536833
473, 2284752, 474924, 562153, 549418, 462467, 117895, 117895, 3847249454
474, 2288598, 525372, 511766, 498940, 513186, 119667, 119667, 1868351720
475, 2288637, 362688, 663044, 650157, 350558, 131095, 131095, 1018259569
476, 2284659, 416900, 607635, 594601, 404413, 130555, 130555, 3465138229
478, 2288581, 611325, 422019, 409329, 597692, 124108, 124108, 2714186380
480, 2291105, 464775, 563512, 550896, 451872, 130025, 130025, 481108377
479, 2287804, 708497, 315855, 303737, 695195, 132260, 132260, 2413266748
477, 2292648, 288284, 663042, 650070, 275780, 207736, 207736, 725179738
484, 2289858, 261436, 779877, 766303, 249312, 116465, 116465, 1372191405
485, 2290567, 507505, 527612, 514914, 494970, 122783, 122783, 2223886630
481, 2288203, 471349, 549823, 537385, 458620, 135513, 135513, 840030986
487, 2284397, 434591, 585938, 572930, 422394, 134272, 134272, 1340107846
482, 2289673, 605683, 432245, 420031, 593240, 119237, 119237, 1762735702
486, 2294611, 290026, 751865, 739273, 278205, 117621, 117621, 500275899
483, 2292949, 361833, 665882, 653779, 349371, 131042, 131042, 4247292515
488, 2292686, 607414, 429729, 417040, 595293, 121605, 121605, 3974228081
492, 2290966, 247126, 797883, 784331, 235202, 113212, 113212, 3272964507
493, 2290844, 431587, 604330, 591464, 419387, 122038, 122038, 828768190
489, 2285757, 735629, 287909, 275995, 722158, 132033, 132033, 2650865059
491, 2288548, 778846, 268042, 256002, 764442, 110608, 110608, 3751042055
490, 2289854, 768430, 277175, 264928, 755661, 111830, 111830, 847618651
498, 2292714, 260086, 784060, 771059, 247793, 114858, 114858, 1062277444
496, 2288006, 307748, 731948, 718610, 295880, 116910, 116910, 1848787306
495, 2290741, 629226, 403670, 391293, 616438, 125057, 125057, 3689303342
494, 2290640, 642964, 385328, 373249, 630621, 129239, 129239, 1393629127
497, 2286455, 554505, 472705, 459781, 540766, 129349, 129349, 547938686
499, 2286865, 555137, 477426, 464497, 542333, 123736, 123736, 1974790955
501, 2289734, 455842, 587241, 574401, 443262, 114494, 114494, 2551121870
500, 2293506, 483394, 556414, 543838, 470766, 119547, 119547, 2992691358
503, 2288083, 408976, 624433, 611260, 396528, 123443, 123443, 321312840
504, 2291077, 586416, 461090, 448675, 573562, 110667, 110667, 726482158
502, 2292476, 702617, 337709, 325565, 689709, 118438, 118438, 2860914144
507, 2282477, 326750, 700590, 687671, 313676, 126895, 126895, 4097586530
505, 2289876, 517742, 509558, 497019, 505365, 130096, 130096, 1324369715
508, 2293916, 613975, 422829, 411013, 600761, 122669, 122669, 490184194
506, 2289055, 667124, 352213, 340073, 654213, 137716, 137716, 2079572386
509, 2289528, 720375, 323747, 311255, 706927, 113612, 113612, 50012491
511, 2287511, 387442, 642067, 628777, 374911, 127157, 127157, 1972380394
513, 2295663, 522935, 507994, 495091, 510701, 129471, 129471, 2435069870
510, 2292422, 499088, 542849, 530773, 486118, 116797, 116797, 3822495404
512, 2294128, 769957, 281586, 269977, 757146, 107731, 107731, 4026728625
515, 2293785, 323385, 722674, 710183, 311183, 113180, 113180, 903618722
514, 2298275, 797448, 253589, 241942, 784066, 110615, 110615, 2772093204
517, 2289016, 681236, 363287, 351325, 668004, 112582, 112582, 3388686066
516, 2294832, 469612, 468554, 456274, 457628, 221382, 221382, 2049904938
519, 2290373, 744264, 286432, 274300, 730797, 127290, 127290, 2421534660
518, 2289861, 609025, 429646, 417509, 596129, 118776, 118776, 3067673543
521, 2287802, 763316, 275829, 263934, 749733, 117495, 117495, 1228942217
520, 2292126, 490223, 539480, 527700, 477243, 128740, 128740, 1238143005
523, 2290968, 320452, 714820, 702111, 308263, 122661, 122661, 3401505329
524, 2293377, 459158, 584670, 571728, 446173, 115824, 115824, 1356140692
525, 2287127, 511767, 523419, 511088, 498445, 121204, 121204, 1337936032
522, 2292538, 466393, 565350, 552375, 454624, 126898, 126898, 2114785832
527, 2287312, 507266, 528493, 514857, 494130, 121283, 121283, 1503900127
526, 2286365, 365510, 626069, 613178, 353262, 164173, 164173, 3775986676
528, 2287704, 473867, 549366, 536333, 461438, 133350, 133350, 2061101595
531, 2283767, 328903, 700591, 687194, 316273, 125403, 125403, 1026919307
533, 2288449, 478966, 561270, 548407, 466484, 116661, 116661, 1627713696
529, 2292912, 695534, 340190, 328252, 682544, 123196, 123196, 3342406618
534, 2287709, 788830, 256127, 243857, 775405, 111745, 111745, 1847293134
530, 2289312, 686963, 350090, 337765, 674290, 120102, 120102, 1176894192
532, 2285565, 652386, 380933, 368047, 639175, 122512, 122512, 565980426
536, 2287016, 397354, 645741, 632682, 384801, 113219, 113219, 3251235172
537, 2286756, 564990, 469955, 456543, 551762, 121753, 121753, 3546932087
539, 2287399, 295324, 741121, 727797, 283175, 119991, 119991, 271727821
535, 2288923, 533154, 496092, 482741, 520946, 127995, 127995, 2601265646
538, 2288542, 342289, 693001, 680282, 330202, 121384, 121384, 1188607350
543, 2288597, 334007, 707898, 694782, 321600, 115155, 115155, 2867661478
540, 2286184, 563445, 473398, 460405, 550574, 119181, 119181, 694318131
541, 2290814, 531965, 501832, 489715, 519762, 123770, 123770, 16550077
542, 2290987, 554980, 490247, 477341, 543117, 112651, 112651, 3774282859
544, 2289924, 805861, 239631, 227469, 792191, 112386, 112386, 1704640335
547, 2288784, 448785, 579795, 567062, 436216, 128463, 128463, 1318103976
548, 2284890, 436538, 598136, 585347, 423719, 120575, 120575, 2962836138
546, 2298394, 298597, 596081, 583077, 286811, 266914, 266914, 1174635487
549, 2291757, 569310, 476245, 463490, 556788, 112962, 112962, 2059637739
545, 2291825, 805888, 242106, 230331, 793392, 110054, 110054, 4076813755
551, 2285981, 562075, 470759, 458100, 548913, 123067, 123067, 176445596
550, 2285722, 568354, 464642, 452036, 556076, 122307, 122307, 755209604
552, 2297063, 578635, 462079, 450320, 565735, 120147, 120147, 736873567
554, 2289137, 497582, 539028, 525802, 484889, 120918, 120918, 3644867867
553, 2286737, 613754, 425673, 412488, 600726, 117048, 117048, 967044720
555, 2291432, 731836, 312920, 300835, 718753, 113544, 113544, 599123428
557, 2291448, 687400, 357759, 345198, 674409, 113341, 113341, 2440090334
559, 2287348, 379998, 662421, 649229, 367758, 113971, 113971, 2042593334
556, 2295048, 540204, 405111, 392797, 527576, 214680, 214680, 543615168
558, 2291842, 493342, 547328, 534414, 480316, 118221, 118221, 3237344690
561, 2287863, 683761, 352326, 339573, 670475, 120864, 120864, 2783826432
560, 2293580, 561042, 480972, 468360, 549032, 117087, 117087, 2018671685
562, 2295765, 362385, 671933, 660457, 349814, 125588, 125588, 1748154307
564, 2294600, 659102, 363813, 351713, 646048, 136962, 136962, 911728169
568, 2292401, 410760, 626581, 614373, 398699, 120994, 120994, 3194825683
563, 2290376, 529716, 499934, 487646, 517152, 127964, 127964, 3694565996
566, 2287579, 474058, 550863, 537736, 461212, 131855, 131855, 2377562202
569, 2283637, 456023, 580969, 567897, 443116, 117816, 117816, 1800779981
565, 2291210, 807369, 229809, 218075, 793899, 121029, 121029, 2970078452
567, 2286538, 320548, 702408, 689616, 308064, 132951, 132951, 2326286977
571, 2287738, 635525, 403593, 391132, 622392, 117548, 117548, 3932809157
570, 2291781, 777297, 270726, 258595, 764709, 110227, 110227, 248810481
575, 2290471, 531466, 503626, 490988, 518953, 122719, 122719, 4268295957
574, 2291518, 637786, 397342, 384801, 625031, 123279, 123279, 599899520
572, 2288574, 363640, 658071, 645338, 351513, 135006, 135006, 638138307
573, 2288717, 577806, 448839, 436005, 564995, 130536, 130536, 3416528165
576, 2287487, 267902, 568122, 555037, 255922, 320252, 320252, 2316488733
578, 2289882, 371279, 670243, 657687, 358713, 115980, 115980, 3175132202
579, 2289863, 491702, 539648, 526837, 479420, 126128, 126128, 3259359626
577, 2292683, 721217, 320935, 308775, 708358, 116699, 116699, 1665949666
584, 2289063, 356774, 676616, 663309, 343882, 124241, 124241, 3436881701
581, 2287690, 776422, 257654, 245633, 762681, 122650, 122650, 2441821
580, 2293127, 689533, 348953, 337016, 676863, 120381, 120381, 49851966
585, 2292001, 733005, 307321, 295426, 719981, 118134, 118134, 1302390407
587, 2279551, 402918, 624621, 611315, 389831, 125433, 125433, 949265981
582, 2289142, 620495, 403384, 391092, 607995, 133088, 133088, 79715416
583, 2287527, 679019, 355651, 343277, 665782, 121899, 121899, 3329765117
586, 2291556, 720693, 319821, 307537, 708129, 117688, 117688, 1025959547
588, 2292904, 395432, 643062, 630897, 383139, 120187, 120187, 1069617184
589, 2290849, 325992, 697319, 684660, 313972, 134453, 134453, 4105457385
590, 2292178, 783038, 260176, 248152, 770022, 115395, 115395, 288220321
591, 2289509, 400677, 632281, 619871, 388384, 124148, 124148, 703653114
592, 2289795, 737600, 307457, 295168, 724210, 112680, 112680, 433369682
593, 2291861, 586882, 449551, 437063, 573813, 122276, 122276, 1592556711
596, 2289990, 553334, 465972, 454046, 540986, 137826, 137826, 3824611802
598, 2285587, 379126, 660266, 647301, 366756, 116069, 116069, 204548086
594, 2286734, 364906, 676616, 663751, 352295, 114583, 114583, 1457932178
595, 2287887, 681479, 352335, 340427, 667972, 122837, 122837, 143450709
597, 2290385, 507104, 530258, 518332, 494345, 120173, 120173, 1098940964
599, 2289578, 549546, 487946, 475325, 536613, 120074, 120074, 4050103324
600, 2285420, 418822, 601383, 588571, 406340, 135152, 135152, 3232207870
604, 2289423, 168015, 875433, 861569, 156170, 114118, 114118, 751813452
603, 2290284, 576049, 463464, 450898, 563621, 118126, 118126, 1266710752
602, 2288131, 534684, 504839, 492360, 521784, 117232, 117232, 3227369803
601, 2290568, 628717, 400383, 388235, 616301, 128466, 128466, 3551257596
605, 2283562, 406700, 630027, 617351, 394640, 117422, 117422, 3603643850
607, 2291920, 356280, 653906, 641845, 344277, 147806, 147806, 1289986153
606, 2295692, 843627, 210685, 199228, 830400, 105876, 105876, 919928646
608, 2290771, 650679, 392398, 380212, 638224, 114629, 114629, 4161782674
613, 2284038, 397566, 637395, 624278, 384895, 119952, 119952, 2446630345
610, 2288290, 351275, 687289, 673943, 339199, 118292, 118292, 877753849
611, 2291047, 598825, 425785, 413571, 586004, 133431, 133431, 1277408558
612, 2286916, 542029, 461918, 449618, 528923, 152214, 152214, 2722002133
615, 2291132, 375450, 670916, 657807, 363323, 111818, 111818, 2463287573
616, 2294299, 499088, 533993, 521786, 486666, 126383, 126383, 550681193
609, 2285491, 533019, 487576, 475210, 520514, 134586, 134586, 3912906221
614, 2289540, 700518, 338419, 326241, 687610, 118376, 118376, 657245813
617, 2297236, 525587, 514379, 501850, 513736, 120842, 120842, 3902661233
618, 2284745, 577446, 458242, 445986, 564137, 119467, 119467, 462072868
620, 2289984, 431851, 607887, 595051, 419843, 117676, 117676, 3474994772
619, 2292316, 536201, 496850, 484984, 523071, 125605, 125605, 2491245561
621, 2288463, 436262, 588938, 575869, 423568, 131913, 131913, 2403720602
624, 2290685, 155999, 897542, 884399, 144095, 104325, 104325, 245012560
623, 2290953, 548517, 493775, 481283, 535416, 115981, 115981, 1687309935
622, 2286373, 644657, 384659, 371683, 632098, 126638, 126638, 4033925790
625, 2283170, 342367, 688981, 675102, 330164, 123278, 123278, 1493901360
626, 2288728, 539243, 496321, 483645, 526003, 121758, 121758, 3827076172
627, 2290934, 721056, 317380, 304884, 708594, 119510, 119510, 4235868082
628, 2286390, 823478, 218533, 206320, 811017, 113521, 113521, 3926109621
629, 2293365, 329582, 707592, 695667, 317474, 121525, 121525, 936094578
630, 2294886, 649169, 390966, 378318, 636281, 120076, 120076, 1774487645
631, 2288354, 563624, 469939, 456929, 550346, 123758, 123758, 1862224908
633, 2288769, 366021, 665489, 653141, 353464, 125327, 125327, 45937351
632, 2292193, 487084, 556553, 543898, 474516, 115071, 115071, 2270411558
635, 2290582, 497775, 532737, 520133, 485003, 127467, 127467, 1940757532
634, 2290034, 626758, 409428, 397040, 614132, 121338, 121338, 3660055056
636, 2293903, 523402, 492342, 479803, 511480, 143438, 143438, 488444274
638, 2290669, 594997, 449517, 436984, 582029, 113571, 113571, 437409487
639, 2289317, 655780, 370075, 357591, 642865, 131503, 131503, 1213520053
637, 2292045, 594835, 437210, 424403, 582267, 126665, 126665, 1736758236
640, 2290737, 868969, 180167, 168470, 855199, 108966, 108966, 1715101971
643, 2288242, 546002, 495584, 482571, 532927, 115579, 115579, 3247640692
648, 2288627, 245855, 794077, 781158, 233623, 116957, 116957, 4082902671
645, 2290299, 417993, 618125, 605461, 405996, 121362, 121362, 543494486
644, 2290593, 437622, 603469, 590542, 425694, 116633, 116633, 3077991780
641, 2290129, 244952, 793786, 780836, 233115, 118720, 118720, 1920447446
650, 2290864, 706917, 334334, 322359, 693636, 116809, 116809, 127081727
649, 2288180, 570835, 468257, 455423, 557449, 118108, 118108, 173635894
642, 2292015, 794274, 255001, 242778, 781666, 109148, 109148, 1582204701
646, 2295800, 582755, 460743, 448233, 571125, 116472, 116472, 1348122887
652, 2290290, 237306, 806926, 793785, 225583, 113345, 113345, 738702632
647, 2287103, 619085, 400641, 388496, 606225, 136328, 136328, 2176194967
651, 2295062, 328787, 702988, 690447, 317024, 127908, 127908, 636898814
655, 2287164, 662950, 379436, 366787, 650099, 113946, 113946, 816630784
654, 2283441, 438743, 586879, 573675, 426456, 128844, 128844, 1934549181
653, 2289945, 615255, 418902, 406536, 602652, 123300, 123300, 4120716362
656, 2286529, 462355, 564877, 552560, 449705, 128516, 128516, 2980132830
658, 2292321, 649987, 385279, 372815, 636686, 123777, 123777, 1126673307
659, 2293901, 648577, 391159, 378904, 636387, 119437, 119437, 567075526
660, 2290003, 571821, 466020, 453035, 558991, 120068, 120068, 1178845717
662, 2291966, 716348, 314461, 302308, 702991, 127929, 127929, 375636402
664, 2282161, 433619, 600247, 587073, 420440, 120391, 120391, 3459848252
657, 2289396, 389675, 644698, 632372, 377539, 122556, 122556, 2817973555
661, 2291422, 466347, 566912, 554122, 454401, 124820, 124820, 3320664223
663, 2289892, 561388, 479897, 467649, 548768, 116095, 116095, 205075027
665, 2290254, 680083, 354953, 343029, 666679, 122755, 122755, 4057847312
668, 2289418, 535209, 481214, 468746, 522351, 140949, 140949, 991680418
666, 2295238, 524779, 517570, 505560, 512321, 117504, 117504, 586053713
667, 2290779, 543912, 495403, 483117, 531857, 118245, 118245, 1443960460
671, 2289757, 522813, 522377, 509760, 509765, 112521, 112521, 2924971504
670, 2294802, 441896, 592744, 580154, 429478, 125265, 125265, 2874891037
673, 2290473, 611201, 428372, 416027, 598093, 118390, 118390, 3829193861
674, 2292419, 394569, 643302, 630612, 382272, 120832, 120832, 933911473
672, 2292545, 750179, 276852, 264665, 736725, 132062, 132062, 183793148
675, 2295386, 425671, 611841, 599223, 413331, 122660, 122660, 4157240700
669, 2287367, 546553, 481582, 469163, 533619, 128225, 128225, 3466936802
676, 2285337, 469126, 563311, 550308, 456400, 123096, 123096, 3188059937
677, 2287041, 524530, 494044, 481174, 511479, 137907, 137907, 4244558873
681, 2286457, 285053, 751012, 737877, 272841, 119837, 119837, 3084641917
678, 2287464, 350693, 653697, 641572, 337972, 151765, 151765, 1390996610
679, 2287103, 401738, 629762, 617304, 389167, 124566, 124566, 1412289760
680, 2291351, 570876, 467486, 455276, 557903, 119905, 119905, 1854458139
684, 2289591, 335672, 699650, 687130, 323505, 121817, 121817, 1709489294
682, 2293407, 496666, 540154, 527765, 483894, 122464, 122464, 307987056
683, 2291823, 610611, 428238, 415711, 597489, 119887, 119887, 2069151572
685, 2288446, 465134, 565969, 553143, 452058, 126071, 126071, 1204185483
686, 2284190, 791068, 246184, 233835, 777991, 117556, 117556, 2180288499
689, 2284950, 407084, 629252, 616456, 394682, 118738, 118738, 1238103428
687, 2290985, 376824, 656553, 643364, 364200, 125022, 125022, 71635443
691, 2291465, 363452, 676800, 663905, 351436, 117936, 117936, 1073147995
692, 2289585, 625070, 406448, 393837, 612532, 125849, 125849, 75422346
690, 2294119, 475471, 559972, 547400, 462900, 124188, 124188, 4184947340
688, 2292479, 779852, 263556, 251940, 766259, 115436, 115436, 47980720
694, 2288370, 364044, 675668, 662821, 351769, 117034, 117034, 1786155441
695, 2293611, 375759, 658260, 644404, 363774, 125707, 125707, 1639598121
693, 2294673, 694674, 337790, 325706, 682223, 127140, 127140, 2332292753
696, 2290565, 656357, 389865, 378092, 642407, 111922, 111922, 294445560
697, 2288053, 503597, 525529, 512647, 491068, 127606, 127606, 3652546516
698, 2286950, 413590, 631918, 618707, 401147, 110794, 110794, 3566353962
700, 2296167, 396320, 649566, 636848, 383625, 114904, 114904, 329721384
699, 2280774, 796427, 235457, 223421, 782849, 121310, 121310, 245714965
701, 2289140, 556605, 482330, 469532, 544011, 118331, 118331, 4031681313
702, 2287664, 538492, 497296, 484553, 525965, 120679, 120679, 969151118
704, 2282694, 572314, 453354, 440984, 559910, 128066, 128066, 4228603034
705, 2290705, 629128, 402866, 390407, 616310, 125997, 125997, 1610066076
707, 2287239, 535838, 499941, 488080, 522492, 120444, 120444, 1618826835
708, 2292538, 469657, 575404, 563171, 457076, 113615, 113615, 4188995529
706, 2286140, 475854, 555865, 543107, 463418, 123948, 123948, 1727026540
703, 2292242, 478922, 555242, 542649, 466785, 124322, 124322, 1700308711
709, 2287743, 608747, 427041, 414011, 596188, 120878, 120878, 3749914545
711, 2291080, 626955, 410943, 398756, 613958, 120234, 120234, 893162169
710, 2285133, 446766, 582616, 570079, 433998, 125837, 125837, 2324516093
714, 2288414, 636051, 394741, 382318, 622740, 126282, 126282, 4153616055
713, 2286659, 507203, 517620, 505030, 494338, 131234, 131234, 511933255
716, 2294299, 455133, 587321, 573457, 442764, 117812, 117812, 1367608172
715, 2284845, 841507, 190487, 178862, 827501, 123244, 123244, 3432145963
717, 2289744, 801277, 215693, 203798, 787664, 140656, 140656, 3592907093
712, 2286715, 481827, 516478, 503845, 469133, 157716, 157716, 3375156128
721, 2290491, 656560, 385166, 373431, 643308, 116013, 116013, 456489533
724, 2288819, 499521, 531517, 518608, 487159, 126007, 126007, 1246534115
720, 2294710, 543466, 485995, 473878, 530169, 130601, 130601, 3937262493
718, 2285923, 529215, 508002, 494961, 516521, 118612, 118612, 4036820655
725, 2287965, 246107, 792624, 779533, 234547, 117577, 117577, 1378219931
719, 2291802, 324028, 716004, 703155, 312269, 118173, 118173, 1289824677
722, 2291810, 513375, 528055, 515886, 501396, 116549, 116549, 2173035779
728, 2289603, 282186, 759850, 746357, 269952, 115629, 115629, 4169362024
727, 2287416, 551804, 467041, 454137, 538890, 137772, 137772, 2464762455
723, 2289264, 797768, 241020, 228802, 784688, 118493, 118493, 447719718
726, 2285090, 635770, 387716, 375701, 622613, 131645, 131645, 498945507
729, 2286365, 430755, 608768, 596042, 418292, 116254, 116254, 3383194346
732, 2294384, 224863, 822375, 809154, 213200, 112396, 112396, 3257334149
731, 2288792, 350129, 686545, 673583, 338005, 120265, 120265, 367538404
730, 2291640, 464795, 578401, 565641, 452323, 115240, 115240, 3117530612
733, 2285159, 605278, 430564, 418502, 592495, 119160, 119160, 1913532231
735, 2285128, 589979, 447319, 434267, 577121, 118221, 118221, 2676812824
737, 2289469, 646926, 383916, 371502, 633779, 126673, 126673, 3755435363
734, 2288623, 519693, 523648, 511083, 506783, 113708, 113708, 2515935307
736, 2286154, 445298, 588690, 575710, 432752, 121852, 121852, 1368963728
741, 2288896, 583274, 452732, 439781, 570335, 121387, 121387, 103485235
742, 2286722, 388137, 640216, 626943, 375284, 128071, 128071, 671515433
745, 2289758, 318322, 726341, 712087, 305450, 113779, 113779, 4075058995
739, 2293304, 677065, 369208, 357398, 664219, 112707, 112707, 544959804
738, 2297533, 563094, 471434, 458875, 550360, 126885, 126885, 3980129072
746, 2287996, 352196, 689403, 676325, 339852, 115110, 115110, 2898781003
740, 2289758, 706013, 336169, 324064, 693172, 115170, 115170, 917632141
744, 2291874, 425186, 614108, 601385, 412847, 119174, 119174, 340484776
748, 2287319, 479556, 536022, 522592, 466965, 141092, 141092, 2777904084
747, 2292300, 488799, 529576, 517066, 476653, 140103, 140103, 1228033096
743, 2294532, 622101, 423042, 411237, 609990, 114081, 114081, 3854586373
749, 2289599, 325121, 714486, 700929, 313149, 117957, 117957, 4113657861
751, 2286256, 458998, 575532, 562690, 446612, 121212, 121212, 1046420910
750, 2291042, 286858, 731382, 717902, 274834, 140033, 140033, 4270707211
752, 2287294, 511400, 511510, 498697, 498623, 133532, 133532, 3021986130
755, 2291323, 429478, 603244, 589967, 417222, 125706, 125706, 1982485070
758, 2288467, 190644, 862625, 848529, 179001, 103834, 103834, 3338445287
753, 2293211, 661476, 381792, 369803, 648318, 115911, 115911, 1830126022
760, 2289809, 387453, 646062, 633180, 375020, 124047, 124047, 1298047216
759, 2287673, 363495, 673178, 660099, 351445, 119728, 119728, 2475865259
757, 2290584, 388736, 639738, 626522, 376674, 129457, 129457, 2847656217
756, 2288452, 732815, 316028, 303692, 720095, 107911, 107911, 2992750397
754, 2281695, 654056, 359353, 346679, 641291, 140158, 140158, 903386525
761, 2294775, 544672, 467041, 454641, 532243, 148089, 148089, 2411483009
763, 2296504, 664299, 366473, 354326, 652072, 129667, 129667, 3193492938
762, 2287136, 560366, 468856, 455712, 547904, 127149, 127149, 2891237493
764, 2288756, 666995, 346795, 334506, 653608, 143426, 143426, 2891512085
767, 2294152, 237702, 803293, 790173, 225808, 118588, 118588, 159722185
766, 2289199, 587599, 444172, 431675, 574383, 125685, 125685, 17869712
768, 2287898, 547625, 485648, 473199, 534998, 123214, 123214, 2241705033
769, 2286194, 264418, 777285, 763811, 252020, 114330, 114330, 1296994305
765, 2286793, 316625, 710378, 697400, 304338, 129026, 129026, 2862835553
773, 2290932, 314830, 724047, 711397, 302996, 118831, 118831, 1695626594
771, 2295673, 293602, 746294, 733362, 281759, 120328, 120328, 547745470
770, 2287401, 578662, 451493, 439106, 565394, 126373, 126373, 1375409392
772, 2288992, 714772, 327857, 315301, 701928, 114567, 114567, 3360745998
774, 2288360, 406136, 634433, 621485, 393530, 116388, 116388, 1654758066
777, 2286890, 426711, 602434, 589133, 414658, 126977, 126977, 3548607813
779, 2291006, 364365, 666536, 653538, 351545, 127511, 127511, 2844424489
775, 2291344, 513618, 517834, 505274, 501436, 126591, 126591, 2064326489
778, 2291295, 715008, 316322, 304598, 701435, 126966, 126966, 3728871403
782, 2289949, 272647, 758884, 745339, 260639, 126220, 126220, 682020358
781, 2289481, 804429, 243006, 231228, 790644, 110087, 110087, 2300239936
776, 2288643, 551657, 474176, 461977, 539297, 130768, 130768, 649776855
780, 2287811, 366371, 672507, 659669, 354482, 117391, 117391, 4060801374
783, 2290327, 369151, 676527, 662999, 357060, 112295, 112295, 3028902115
787, 2289070, 284362, 750881, 737237, 271956, 122317, 122317, 82798216
788, 2289695, 413440, 626007, 612476, 401282, 118245, 118245, 3233395281
785, 2287819, 495730, 540179, 527590, 483670, 120325, 120325, 4170067590
784, 2285424, 367660, 661726, 648594, 355374, 126035, 126035, 123377263
786, 2291076, 580794, 458607, 446332, 567899, 118722, 118722, 164135553
790, 2288527, 242803, 761639, 748141, 230868, 152538, 152538, 1758889832
789, 2287032, 673547, 363435, 351012, 659536, 119751, 119751, 2193811503
791, 2289066, 470808, 569403, 556404, 458275, 117088, 117088, 1794029888
796, 2283687, 223656, 819889, 806144, 211704, 111147, 111147, 329274750
795, 2289693, 434843, 602236, 589423, 422377, 120407, 120407, 2362594776
792, 2296141, 447659, 597254, 585001, 435753, 115237, 115237, 2043773095
794, 2283041, 240562, 802214, 789351, 228422, 111246, 111246, 3400277452
800, 2286416, 485699, 554915, 542224, 472778, 115400, 115400, 4117138050
793, 2291871, 773100, 273202, 260734, 760573, 112131, 112131, 4157252395
799, 2286304, 519475, 507986, 495248, 506383, 128606, 128606, 2464111894
797, 2288381, 715179, 330147, 318083, 702428, 111272, 111272, 3369499793
798, 2295689, 491794, 542869, 531005, 479937, 125042, 125042, 3792344564
801, 2283432, 715466, 294859, 282478, 701933, 144348, 144348, 56735461
803, 2289485, 696804, 344069, 331711, 684179, 116361, 116361, 2201930027
804, 2287728, 385728, 641214, 628818, 373270, 129349, 129349, 2301447442
805, 2295135, 434364, 601799, 589103, 422127, 123871, 123871, 1779200916
806, 2289212, 662476, 381722, 369563, 649085, 113183, 113183, 3210429246
802, 2286761, 642353, 373263, 360757, 629748, 140320, 140320, 1821245736
808, 2291917, 446238, 576007, 563730, 433478, 136232, 136232, 1615995421
807, 2285960, 614717, 417570, 404938, 601573, 123581, 123581, 3734978252
812, 2289333, 337483, 700919, 687064, 325325, 119271, 119271, 4117215357
810, 2281520, 340833, 696274, 682712, 328461, 116620, 116620, 4183346690
813, 2289783, 460630, 567995, 555244, 447584, 129165, 129165, 3790929825
814, 2289967, 514863, 509426, 496113, 502295, 133635, 133635, 1039436904
809, 2289373, 587606, 441803, 429773, 574859, 127666, 127666, 1843580164
811, 2290616, 580613, 439787, 427923, 568327, 136983, 136983, 3859014337
817, 2288257, 441330, 599526, 586589, 428896, 115958, 115958, 2188829812
815, 2291177, 826258, 216905, 204843, 813427, 114872, 114872, 2210136053
816, 2290621, 618367, 423251, 410390, 605615, 116499, 116499, 2126570451
818, 2288824, 671065, 353745, 341221, 658455, 132169, 132169, 2410271901
821, 2284685, 527156, 495694, 482011, 514522, 132651, 132651, 3114631288
820, 2288563, 753732, 287440, 275731, 740642, 115509, 115509, 1647957455
819, 2288326, 537758, 488160, 475471, 524877, 131030, 131030, 2259565796
824, 2284512, 550144, 475200, 461969, 537011, 130094, 130094, 3812714395
823, 2287396, 566541, 460178, 447552, 553629, 129748, 129748, 993486126
822, 2293042, 554025, 485817, 473117, 541385, 119349, 119349, 1697518407
829, 2290811, 474835, 563712, 551013, 462287, 119482, 119482, 2622086248
827, 2286390, 725791, 311100, 298681, 713030, 118894, 118894, 693567148
825, 2298651, 458315, 571744, 559581, 446015, 131498, 131498, 465298302
830, 2286706, 410131, 623696, 610613, 398008, 122129, 122129, 2316558407
828, 2292823, 540649, 495047, 482560, 528325, 123121, 123121, 3267080995
826, 2286659, 618342, 420479, 407966, 605246, 117313, 117313, 1028205592
832, 2286794, 608177, 424469, 411769, 595033, 123673, 123673, 3295161858
833, 2286286, 486952, 523100, 510197, 473611, 146213, 146213, 4207518884
831, 2295936, 338748, 696622, 684499, 326687, 124690, 124690, 3194050319
835, 2285672, 316572, 720407, 707251, 304118, 118662, 118662, 2990482453
834, 2291725, 605630, 437077, 424311, 593219, 115744, 115744, 1602450821
837, 2292245, 750353, 285742, 273338, 737348, 122732, 122732, 4010575188
839, 2293110, 516174, 514026, 501496, 503862, 128776, 128776, 469050459
840, 2288018, 689799, 352230, 339716, 676561, 114856, 114856, 2600815821
838, 2286592, 671919, 356930, 344847, 658538, 127179, 127179, 817388554
836, 2292133, 572419, 424112, 412074, 560078, 161725, 161725, 2709886474
842, 2292055, 804380, 239633, 227782, 791140, 114560, 114560, 2971825363
841, 2292662, 566155, 461800, 449682, 554051, 130487, 130487, 331813325
843, 2297424, 375595, 654193, 641444, 363446, 131373, 131373, 1045019545
844, 2290412, 343893, 660796, 648093, 331500, 153065, 153065, 1121635505
845, 2290725, 398346, 638997, 626066, 386022, 120647, 120647, 2809706595
847, 2291294, 343642, 671516, 658728, 331254, 143077, 143077, 2207009723
846, 2287588, 404265, 626351, 613375, 391485, 126056, 126056, 1731182369
848, 2288541, 666140, 366717, 354627, 653257, 123900, 123900, 126757188
849, 2285516, 679482, 349406, 337004, 665804, 126910, 126910, 39924407
850, 2290749, 488524, 536130, 523348, 476095, 133326, 133326, 528701870
852, 2287900, 610942, 427624, 414937, 597961, 118218, 118218, 1587528323
851, 2287856, 619011, 414447, 401973, 605791, 123317, 123317, 2810787045
853, 2295874, 563837, 463672, 450951, 551758, 132828, 132828, 718567476
854, 2296660, 558604, 480827, 468604, 546103, 121261, 121261, 563279305
855, 2293944, 512567, 525395, 512565, 500033, 121692, 121692, 3194324559
859, 2289342, 385077, 651427, 638475, 372335, 121014, 121014, 104072464
856, 2291485, 783148, 255357, 243152, 770544, 119642, 119642, 2928198782
858, 2290384, 354811, 630076, 617396, 342729, 172686, 172686, 2106823176
860, 2288351, 546343, 490083, 476617, 533784, 120762, 120762, 1443207055
863, 2288638, 344395, 694121, 681040, 332370, 118356, 118356, 338460150
857, 2295475, 699714, 329013, 317126, 687542, 131040, 131040, 1849953176
861, 2286807, 670796, 363426, 350908, 657855, 121911, 121911, 3227907154
865, 2288261, 558451, 481146, 468775, 545359, 117265, 117265, 1903501182
862, 2287619, 658528, 361855, 349284, 645642, 136155, 136155, 2718361332
864, 2289787, 500325, 534561, 521859, 487304, 122869, 122869, 1409343642
866, 2290930, 523615, 512233, 499449, 511419, 122107, 122107, 585874454
868, 2291972, 423735, 619010, 606387, 410812, 116014, 116014, 1199702467
867, 2292070, 461805, 569851, 557512, 449004, 126949, 126949, 675665670
870, 2286380, 462409, 574452, 561210, 449541, 119384, 119384, 1034135575
871, 2288630, 542215, 493784, 481278, 529531, 120911, 120911, 3893552228
869, 2287873, 622914, 420362, 407522, 609827, 113624, 113624, 3418213864
873, 2288537, 384926, 636155, 623389, 372845, 135611, 135611, 4026691611
874, 2285697, 407935, 603808, 590447, 395655, 143926, 143926, 1494689806
872, 2292065, 736393, 300824, 288619, 723799, 121215, 121215, 2838849416
875, 2294350, 381639, 646584, 634114, 369871, 131071, 131071, 274374636
876, 2287018, 348894, 679004, 666228, 336192, 128350, 128350, 3538821816
878, 2287353, 713782, 325862, 313409, 700514, 116893, 116893, 1490785261
877, 2287309, 492926, 539814, 526962, 480509, 123549, 123549, 1910718396
879, 2286290, 404773, 631694, 618508, 392129, 119593, 119593, 3714058401
880, 2284862, 484159, 537805, 525035, 471085, 133389, 133389, 924080021
882, 2291171, 522317, 509971, 497834, 508891, 126079, 126079, 835464159
881, 2295734, 503873, 534795, 522899, 491697, 121235, 121235, 764715736
885, 2291469, 663174, 383418, 370736, 650071, 112035, 112035, 502434922
883, 2289708, 420091, 611439, 599053, 407291, 125917, 125917, 4053617252
887, 2292188, 421837, 618555, 605854, 409554, 118194, 118194, 1850328041
888, 2288402, 450990, 583173, 569463, 438824, 122976, 122976, 980325824
884, 2294472, 892607, 158547, 147299, 879421, 108299, 108299, 923363560
886, 2288999, 796958, 250891, 239246, 783690, 109107, 109107, 175424841
889, 2289330, 392004, 640293, 627724, 379567, 124871, 124871, 2787008810
890, 2290125, 309917, 728247, 714831, 298558, 119286, 119286, 4217096615
891, 2286898, 548282, 490288, 477732, 535522, 117537, 117537, 1645565106
892, 2290666, 292646, 735296, 722744, 280678, 129651, 129651, 2569047989
893, 2285375, 357568, 672682, 659123, 345234, 125384, 125384, 386202090
894, 2290338, 646172, 363087, 350752, 632715, 148806, 148806, 892328825
896, 2291825, 291816, 752068, 739289, 279850, 114401, 114401, 1564268812
897, 2289212, 368425, 667294, 654057, 356154, 121641, 121641, 3299935574
899, 2287742, 661694, 355623, 343419, 648230, 139388, 139388, 4292956352
895, 2297963, 570870, 474255, 462137, 558663, 116019, 116019, 830194321
904, 2293462, 270134, 777179, 763412, 258227, 112255, 112255, 1692807961
898, 2290501, 290437, 753143, 739901, 277956, 114532, 114532, 3049999623
901, 2285966, 705927, 327006, 314467, 692914, 122826, 122826, 666661549
900, 2290867, 576921, 462975, 450535, 564694, 117871, 117871, 644704208
903, 2293023, 585946, 458336, 445621, 573364, 114878, 114878, 8752889
902, 2291530, 579531, 456373, 444104, 567186, 122168, 122168, 2741081954
907, 2284624, 399127, 634075, 621176, 386368, 121939, 121939, 3739922274
906, 2290454, 524164, 479684, 467075, 511779, 153876, 153876, 3497069412
908, 2286441, 475293, 551394, 538620, 462494, 129320, 129320, 2279858836
905, 2288036, 419145, 615749, 603487, 406967, 121344, 121344, 515878843
911, 2289253, 198006, 843704, 829688, 186339, 115758, 115758, 3635800786
910, 2291800, 332965, 708198, 694889, 320842, 117453, 117453, 1689142983
909, 2283677, 515718, 518273, 505242, 503096, 120674, 120674, 165080938
914, 2288281, 274099, 766129, 752503, 261916, 116817, 116817, 2009716365
912, 2296049, 236204, 812829, 799922, 224256, 111419, 111419, 1738291243
913, 2289470, 456844, 567856, 555151, 443897, 132861, 132861, 4140695226
916, 2289688, 352805, 690051, 676658, 340278, 114948, 114948, 3570698321
915, 2289855, 291913, 750447, 737453, 279618, 115212, 115212, 1374675202
917, 2293933, 574988, 463602, 450846, 562087, 121205, 121205, 2690407055
919, 2293212, 474889, 561636, 548579, 462726, 122691, 122691, 3057694131
920, 2294324, 803081, 249230, 237139, 789396, 107739, 107739, 1247594017
918, 2291561, 705826, 333614, 321621, 692800, 118850, 118850, 982991846
921, 2292391, 522695, 513876, 501661, 509705, 122227, 122227, 3681299292
923, 2288452, 330496, 710378, 696879, 317861, 116419, 116419, 815779764
922, 2297185, 679551, 365516, 353781, 666595, 115871, 115871, 745031449
926, 2294287, 289367, 735695, 722672, 278047, 134253, 134253, 3797667379
927, 2285186, 711636, 318903, 305848, 698275, 125262, 125262, 1246824759
925, 2286062, 496602, 533421, 520585, 483836, 125809, 125809, 4225659359
924, 2286460, 477417, 555110, 542644, 464561, 123364, 123364, 2373220002
930, 2289537, 280327, 758032, 745022, 268318, 118919, 118919, 2335687787
931, 2285278, 348683, 691711, 678114, 336218, 115276, 115276, 3754954589
929, 2289911, 876450, 173924, 162221, 863036, 107140, 107140, 1625507737
928, 2287849, 392373, 644978, 632318, 379956, 119112, 119112, 2433446998
934, 2287571, 554752, 485428, 472522, 541671, 116599, 116599, 398838101
933, 2284055, 711468, 314515, 302467, 697853, 128876, 128876, 1535992810
938, 2294652, 442224, 577874, 565277, 429733, 139772, 139772, 2402459636
932, 2291188, 519062, 522010, 508935, 506657, 117262, 117262, 1204639943
935, 2282057, 513782, 480357, 467330, 500870, 159859, 159859, 2550397997
936, 2287962, 582981, 439945, 427746, 570496, 133397, 133397, 4227754779
937, 2287676, 482220, 484005, 470843, 469704, 190452, 190452, 3683431612
940, 2290097, 622419, 421557, 409378, 609421, 113661, 113661, 368243589
942, 2286981, 430163, 598963, 586035, 417790, 127015, 127015, 1606395705
945, 2292870, 496197, 536450, 523360, 484079, 126392, 126392, 3827485988
939, 2286233, 706812, 327166, 314790, 693559, 121953, 121953, 1789314935
941, 2287912, 406186, 632071, 620149, 393940, 117783, 117783, 3369715070
946, 2284624, 613661, 417311, 404477, 600995, 124090, 124090, 2197793079
944, 2285367, 649371, 389588, 377032, 636428, 116474, 116474, 1860998636
943, 2291657, 497510, 531267, 518741, 484757, 129691, 129691, 956293014
947, 2290951, 534092, 509857, 496979, 521959, 114032, 114032, 666607745
948, 2289771, 664674, 373026, 360809, 652340, 119461, 119461, 1111250005
950, 2286691, 256761, 780984, 767271, 244859, 118408, 118408, 4269528062
951, 2290058, 450107, 580324, 567823, 437596, 127104, 127104, 1771695205
949, 2288573, 392789, 647996, 635158, 380884, 115873, 115873, 3666529674
952, 2294220, 364328, 666534, 654645, 352369, 128172, 128172, 144678532
953, 2288796, 771726, 270822, 258872, 757958, 114709, 114709, 1625285182
954, 2282558, 443071, 585527, 572626, 430498, 125418, 125418, 194639867
956, 2288974, 435237, 585862, 573064, 423001, 135905, 135905, 1784111691
955, 2288030, 302733, 742581, 729252, 290480, 111492, 111492, 2746293602
961, 2283090, 495629, 536684, 523296, 482185, 122648, 122648, 3389758836
958, 2292431, 307925, 739215, 726224, 295677, 111695, 111695, 104546439
963, 2289656, 286044, 752018, 739129, 273769, 119348, 119348, 2452054971
962, 2289031, 445638, 600964, 587502, 433299, 110814, 110814, 2931993087
957, 2292847, 833382, 213019, 201242, 820750, 112227, 112227, 2177522628
959, 2290147, 450017, 588980, 575748, 437108, 119147, 119147, 790574714
960, 2285541, 356695, 679600, 666887, 344243, 119058, 119058, 2952468236
964, 2288023, 434061, 580019, 567193, 421764, 142493, 142493, 1546668350
967, 2291954, 330864, 703005, 690232, 318735, 124559, 124559, 2821527282
965, 2287600, 561287, 469912, 457343, 548892, 125083, 125083, 238805990
970, 2290081, 492437, 544545, 531149, 479474, 121238, 121238, 1538414625
968, 2289760, 580168, 449247, 437056, 567007, 128141, 128141, 3467830875
969, 2293585, 685750, 359694, 347846, 673067, 113614, 113614, 2894170963
971, 2297037, 276124, 751211, 737726, 264394, 133791, 133791, 358291480
966, 2287644, 816690, 204107, 192160, 803973, 135357, 135357, 1324059169
974, 2286540, 282216, 742725, 729527, 269906, 131083, 131083, 3078290489
972, 2287917, 468789, 563971, 550581, 456304, 124136, 124136, 2829028308
973, 2288518, 503151, 530622, 517634, 490685, 123213, 123213, 1472708675
978, 2288269, 253067, 798413, 785197, 240900, 105346, 105346, 1326040358
977, 2295467, 566245, 469310, 457310, 553562, 124520, 124520, 3337688922
976, 2285888, 417384, 617611, 605074, 404621, 120599, 120599, 335164944
979, 2290099, 257167, 785509, 772729, 245298, 114698, 114698, 176218740
975, 2292428, 590127, 450374, 438195, 577594, 118069, 118069, 2020304080
980, 2293269, 753135, 286808, 275015, 739997, 119157, 119157, 4112655615
981, 2287751, 548483, 491981, 479087, 535812, 116194, 116194, 3761295557
983, 2296243, 435813, 608132, 595211, 424025, 116531, 116531, 2205523624
982, 2291116, 382862, 653962, 641071, 370553, 121334, 121334, 1827794325
987, 2291117, 393310, 643732, 630208, 380743, 121562, 121562, 3682587707
984, 2293737, 448295, 581282, 567716, 436558, 129943, 129943, 4049037083
986, 2290601, 573215, 465054, 452949, 560641, 119371, 119371, 1272438787
990, 2289810, 411774, 627795, 614822, 399337, 118041, 118041, 3187234714
985, 2287703, 362365, 638494, 625703, 349625, 155758, 155758, 2446321671
989, 2284824, 602660, 429173, 417101, 589268, 123311, 123311, 894042538
988, 2286926, 664936, 372441, 360055, 651712, 118891, 118891, 3064192470
991, 2286212, 458193, 574912, 562155, 445366, 122793, 122793, 3416452184
992, 2288449, 555815, 481329, 468802, 543247, 119628, 119628, 1741482270
994, 2283491, 452412, 585125, 571775, 439819, 117180, 117180, 1778496179
993, 2290456, 662815, 380804, 368875, 649898, 114032, 114032, 1795207365
995, 2285148, 396409, 622929, 610034, 384092, 135842, 135842, 1464004722
997, 2289139, 295792, 736822, 723859, 283622, 124522, 124522, 1390369168
999, 2285576, 285607, 755961, 743081, 273747, 113590, 113590, 31879540
996, 2288732, 653164, 381681, 369403, 640574, 121955, 121955, 3397584695
998, 2290465, 787188, 255448, 243428, 774343, 115029, 115029, 3101692218
