sample_id, N_LCC, N_A_1_LCC, N_B_1_LCC, N_A_0_LCC, N_B_0_LCC, N_A_*_LCC, N_B_*_LCC, seed
0, 859048, 184670, 181001, 174246, 177905, 70613, 70613, 663631867
11, 859325, 176085, 196613, 189746, 169003, 63939, 63939, 1502355598
4, 863393, 170206, 199323, 192170, 163868, 68913, 68913, 2314439125
3, 864891, 187604, 182827, 176645, 180681, 68567, 68567, 3115879011
5, 863718, 169941, 206368, 199787, 163958, 61832, 61832, 9347721
9, 864669, 184507, 187060, 181088, 178304, 66855, 66855, 2330904224
10, 862815, 201819, 170161, 164032, 195183, 65810, 65810, 1105035725
15, 861629, 156353, 215075, 208013, 150042, 66073, 66073, 2785276360
2, 861034, 194252, 180487, 173729, 187262, 62652, 62652, 2635947533
12, 860580, 171243, 196550, 189705, 164744, 69169, 69169, 261084524
6, 859165, 160178, 202146, 195298, 153361, 74091, 74091, 3192835486
8, 862684, 199249, 171638, 165390, 192597, 66905, 66905, 4129323921
7, 858843, 175309, 186615, 179966, 168771, 74091, 74091, 525712962
13, 864047, 179827, 187316, 180927, 173329, 71324, 71324, 1498835388
1, 864294, 209144, 159143, 153177, 202274, 70278, 70278, 1651622951
14, 864966, 174979, 198512, 191938, 168573, 65482, 65482, 1536592133
16, 863890, 184683, 189971, 183496, 178164, 63788, 63788, 2134462190
26, 858177, 230047, 138579, 132389, 222220, 67471, 67471, 2347258839
18, 864369, 176060, 200922, 193954, 169929, 61752, 61752, 2815220637
20, 861970, 177915, 191601, 184985, 171555, 67957, 67957, 2015616922
17, 858603, 182453, 184730, 177852, 175976, 68796, 68796, 2563045224
28, 861574, 198716, 170426, 163824, 191856, 68376, 68376, 3038698321
19, 863395, 186547, 186401, 179887, 180336, 65112, 65112, 1300826362
22, 864041, 176545, 193706, 186907, 170031, 68426, 68426, 890645662
24, 861547, 175665, 193671, 187147, 169360, 67852, 67852, 4143655101
30, 861267, 211202, 158002, 151575, 204512, 67988, 67988, 2596434311
23, 860223, 176798, 189921, 183695, 170167, 69821, 69821, 878898381
21, 860789, 160570, 213106, 206070, 154329, 63357, 63357, 4277223448
27, 861888, 197139, 176152, 169541, 190628, 64214, 64214, 3321198535
25, 860462, 216523, 155564, 149373, 209408, 64797, 64797, 3648604208
29, 864625, 197776, 173907, 167826, 191172, 66972, 66972, 2460932840
31, 861421, 177295, 191252, 184266, 170860, 68874, 68874, 283348441
32, 861835, 153984, 218905, 211897, 148059, 64495, 64495, 371343094
33, 863409, 181104, 197556, 190960, 174579, 59605, 59605, 1799705773
36, 857093, 187427, 176164, 169270, 180276, 71978, 71978, 2124520545
38, 866066, 171555, 204127, 197339, 165445, 63800, 63800, 4259466643
34, 864113, 205946, 158791, 152681, 198921, 73887, 73887, 4269824639
35, 864573, 167305, 204080, 197814, 160838, 67268, 67268, 2938740144
46, 857446, 210748, 153506, 146884, 203896, 71206, 71206, 2787796065
40, 862918, 180157, 189203, 182993, 173959, 68303, 68303, 2691964431
41, 862028, 172653, 194172, 187383, 166292, 70764, 70764, 4018732262
45, 858012, 170529, 195374, 188638, 163987, 69742, 69742, 3065948626
37, 865650, 179864, 196034, 189355, 173461, 63468, 63468, 1693026752
39, 865986, 210515, 166010, 160103, 203594, 62882, 62882, 3161584713
42, 862989, 181408, 191886, 185177, 175008, 64755, 64755, 569614300
44, 860043, 176369, 192386, 185816, 169708, 67882, 67882, 2198893463
43, 864640, 213479, 162190, 156300, 206537, 63067, 63067, 3902769147
47, 861644, 222301, 143743, 137538, 215110, 71476, 71476, 3275988997
48, 863628, 182653, 191030, 184614, 175885, 64723, 64723, 2495267371
49, 861537, 211138, 163506, 157337, 203856, 62850, 62850, 1887992222
51, 863626, 161911, 213082, 206280, 155955, 63199, 63199, 3292663438
59, 860518, 203721, 165652, 159152, 196745, 67624, 67624, 420187259
54, 860693, 154535, 218196, 210786, 148220, 64478, 64478, 1907139426
52, 862383, 187000, 184906, 178567, 180418, 65746, 65746, 3042565824
55, 862068, 171370, 203999, 197540, 165041, 62059, 62059, 742082550
58, 861535, 178157, 193656, 187234, 171662, 65413, 65413, 1339629454
50, 861141, 185654, 185065, 178135, 179333, 66477, 66477, 3301284122
53, 862164, 194546, 170181, 163694, 187731, 73006, 73006, 2193179317
61, 863823, 201250, 173303, 167262, 194334, 63837, 63837, 178403087
57, 863461, 197360, 171091, 164846, 190876, 69644, 69644, 558754267
62, 864043, 205644, 161434, 155223, 199066, 71338, 71338, 2396782027
60, 868957, 209345, 162405, 156533, 202770, 68952, 68952, 3990597600
64, 866681, 207903, 164344, 158246, 201218, 67485, 67485, 1120827578
63, 862030, 170098, 204260, 196840, 164042, 63395, 63395, 2778246097
56, 866309, 173054, 198478, 192017, 166936, 67912, 67912, 3892558734
65, 860496, 197530, 170341, 163568, 190825, 69116, 69116, 1506929985
66, 858827, 213311, 154166, 148029, 206139, 68591, 68591, 2320314933
68, 860542, 187380, 183002, 176466, 180382, 66656, 66656, 2856778727
69, 861981, 187364, 184606, 178077, 180626, 65654, 65654, 2040748195
67, 860653, 190369, 180603, 173895, 183600, 66093, 66093, 1909054430
71, 857618, 161997, 208252, 201164, 155585, 65310, 65310, 3654269534
77, 863106, 162751, 207722, 200430, 156547, 67828, 67828, 3411581320
75, 862068, 181693, 188171, 181392, 174746, 68033, 68033, 1293007973
72, 857044, 199614, 168224, 161569, 192609, 67514, 67514, 1356801115
79, 864538, 185514, 189111, 182652, 178773, 64244, 64244, 3801488279
70, 862540, 189603, 177261, 171026, 183320, 70665, 70665, 1210349271
74, 866298, 168376, 205046, 198446, 161934, 66248, 66248, 3809006292
73, 865094, 195411, 177303, 171135, 188735, 66255, 66255, 3489168326
76, 861968, 164160, 205320, 198371, 157835, 68141, 68141, 1216277269
78, 861453, 168670, 205233, 198897, 162197, 63228, 63228, 3540409117
80, 860680, 198483, 171647, 165014, 191710, 66913, 66913, 773311062
82, 864997, 160162, 215475, 208850, 153966, 63272, 63272, 1905779392
81, 862685, 178408, 194736, 187848, 172107, 64793, 64793, 4210839381
84, 860963, 212448, 161778, 155115, 205470, 63076, 63076, 704767527
85, 866092, 224252, 149251, 143327, 217134, 66064, 66064, 2333093313
83, 861926, 173650, 193752, 187067, 167219, 70119, 70119, 2301389947
87, 863349, 176155, 194733, 188061, 169690, 67355, 67355, 2308148790
90, 865424, 148752, 221838, 214950, 142922, 68481, 68481, 2611218010
86, 862074, 176929, 188237, 181318, 170530, 72530, 72530, 273727296
88, 862495, 228112, 147964, 141892, 220761, 61883, 61883, 1766468556
92, 860593, 180123, 186823, 180387, 173472, 69894, 69894, 544299692
89, 861736, 181096, 189392, 182805, 174953, 66745, 66745, 2063050086
91, 862498, 174572, 186597, 180143, 168188, 76499, 76499, 1719977816
94, 860879, 164420, 206933, 200123, 158165, 65619, 65619, 1422707542
95, 866339, 186575, 187833, 181633, 179762, 65268, 65268, 3597044907
99, 860725, 194921, 173855, 167370, 188201, 68189, 68189, 2341299576
97, 863812, 178683, 191909, 185428, 172616, 67588, 67588, 287703941
98, 860601, 168426, 203973, 197254, 161848, 64550, 64550, 2353150686
93, 865135, 186678, 180570, 174209, 180232, 71723, 71723, 670131630
96, 863634, 185166, 183829, 177459, 178958, 69111, 69111, 1706258057
100, 862031, 176085, 189348, 183053, 170003, 71771, 71771, 1837567363
101, 862100, 196659, 166880, 160404, 189999, 74079, 74079, 715259534
102, 865005, 174027, 194413, 187751, 167624, 70595, 70595, 1267111461
103, 860593, 206298, 166162, 159640, 198991, 64751, 64751, 1169577044
104, 862172, 164819, 203612, 197263, 158216, 69131, 69131, 1710603725
107, 865355, 200311, 170732, 164226, 193824, 68131, 68131, 2465345977
106, 860575, 205674, 161280, 154994, 198647, 69990, 69990, 3497222869
110, 860552, 190522, 184904, 178138, 183382, 61803, 61803, 1709595383
111, 865409, 187341, 187680, 181070, 180676, 64321, 64321, 1622776010
109, 865328, 194561, 179474, 173325, 187890, 65039, 65039, 1957909202
105, 865175, 195389, 170956, 164640, 188844, 72673, 72673, 3004375514
112, 860039, 191085, 178561, 172123, 184484, 66893, 66893, 2070714893
108, 862355, 192419, 170537, 163731, 186170, 74749, 74749, 2424983112
117, 861066, 168663, 198889, 192005, 162021, 69744, 69744, 2052144292
114, 862449, 179038, 188422, 181786, 172039, 70582, 70582, 1958252523
113, 859916, 162160, 206922, 199615, 155933, 67643, 67643, 2068835831
115, 866774, 171115, 205048, 198951, 164920, 63370, 63370, 526374333
116, 866640, 185386, 183521, 177479, 179154, 70550, 70550, 3325542709
118, 861703, 189800, 178541, 171543, 182775, 69522, 69522, 1563989712
119, 863577, 169180, 201304, 194260, 162881, 67976, 67976, 1890552374
120, 864889, 178826, 194507, 187618, 172516, 65711, 65711, 2052809132
121, 863890, 176245, 198038, 191471, 169914, 64111, 64111, 3173831803
123, 864843, 153558, 218798, 212200, 147387, 66450, 66450, 2928001306
122, 863116, 202491, 170968, 164233, 195878, 64773, 64773, 2318960957
125, 864314, 155230, 216329, 209472, 148961, 67161, 67161, 2930376366
126, 863492, 177930, 192113, 185554, 171305, 68295, 68295, 4212521454
128, 860807, 172645, 199425, 192312, 166113, 65156, 65156, 1964896446
127, 863725, 138658, 234292, 227052, 132653, 65535, 65535, 2748427636
124, 866923, 206587, 167983, 161854, 200143, 65178, 65178, 3560247330
132, 862491, 192328, 178833, 172337, 185527, 66733, 66733, 1957146314
131, 861691, 170230, 200658, 193756, 163709, 66669, 66669, 2187727655
130, 862193, 181867, 185945, 179496, 175515, 69685, 69685, 3897804628
133, 859078, 169205, 201455, 194802, 162532, 65542, 65542, 3900783572
129, 862993, 181263, 195376, 188901, 174903, 61275, 61275, 2777904226
136, 862673, 163501, 206103, 199585, 156790, 68347, 68347, 3693417126
134, 866656, 150046, 229462, 222494, 143824, 60415, 60415, 978715916
135, 862229, 188379, 184073, 177639, 181626, 65256, 65256, 667294355
137, 857875, 179594, 183933, 176851, 172951, 72273, 72273, 2485838911
140, 864458, 208758, 166514, 160391, 202009, 63393, 63393, 841195337
139, 860802, 186513, 182591, 176211, 179901, 67793, 67793, 3577901887
138, 865241, 185569, 190436, 184126, 179452, 62829, 62829, 1512813522
143, 863882, 197648, 176302, 169941, 191245, 64373, 64373, 1251754886
141, 860979, 191078, 175105, 168928, 184460, 70704, 70704, 1686702445
142, 862114, 179857, 191434, 184935, 173114, 66387, 66387, 2503351127
147, 866632, 197392, 174006, 167338, 191032, 68432, 68432, 3856660975
144, 864755, 174009, 194006, 187592, 167704, 70722, 70722, 4281085205
148, 862386, 170138, 199021, 192230, 164119, 68439, 68439, 4250904511
145, 866197, 186002, 189609, 183272, 179604, 63855, 63855, 3609559225
149, 862416, 191044, 178526, 172097, 184313, 68218, 68218, 3200203900
146, 864656, 197523, 175348, 168828, 190871, 66043, 66043, 437968262
150, 858227, 214487, 154668, 148285, 207429, 66679, 66679, 3813197593
153, 862537, 202303, 167208, 160517, 195505, 68502, 68502, 3396779020
152, 861701, 180916, 187014, 180545, 174566, 69330, 69330, 2233132893
151, 863244, 178666, 187173, 180531, 172430, 72222, 72222, 3626653783
154, 862788, 157736, 213918, 206644, 151676, 66407, 66407, 1479757796
155, 862411, 170416, 192914, 185720, 164493, 74434, 74434, 101212946
157, 861395, 171233, 200783, 194155, 164750, 65237, 65237, 476143685
156, 866466, 166148, 200052, 193752, 160358, 73078, 73078, 2750358075
161, 861093, 213962, 155384, 149116, 207507, 67562, 67562, 1727609714
165, 862744, 161575, 206846, 199938, 155347, 69519, 69519, 4288430376
159, 860614, 180981, 179355, 172586, 174694, 76499, 76499, 1754007462
162, 862983, 188282, 180635, 174430, 181622, 69007, 69007, 781054052
158, 861911, 177770, 183655, 176943, 171243, 76150, 76150, 3895232932
163, 859572, 221759, 150773, 144557, 215169, 63657, 63657, 2625981276
160, 863337, 175068, 193493, 187019, 168905, 69426, 69426, 361087557
164, 862603, 149686, 223300, 215971, 143554, 65046, 65046, 2887046777
166, 860307, 198204, 171928, 165522, 191593, 66530, 66530, 4120844157
168, 864784, 162530, 204990, 198561, 156547, 71078, 71078, 291528205
167, 859666, 192465, 171840, 165624, 185705, 72016, 72016, 2018974271
169, 863897, 176818, 194625, 188131, 170675, 66824, 66824, 2384185278
170, 862425, 135112, 226874, 219408, 129501, 75765, 75765, 2409770558
171, 862184, 211231, 156739, 150566, 204912, 69368, 69368, 158883905
172, 865822, 175791, 198171, 191715, 169429, 65358, 65358, 4051503673
178, 858993, 172122, 200795, 193480, 165528, 63534, 63534, 2371028699
174, 862988, 186549, 172178, 165994, 180093, 79087, 79087, 3778053255
176, 862553, 183164, 184757, 178185, 176417, 70015, 70015, 1018898051
180, 862766, 191316, 182011, 175395, 184998, 64523, 64523, 1953655043
173, 861589, 171521, 196519, 189516, 165153, 69440, 69440, 1784752905
175, 862813, 192085, 177955, 171553, 185450, 67885, 67885, 270944494
177, 860094, 191520, 176464, 169776, 184934, 68700, 68700, 1063025821
182, 862292, 167484, 204717, 197883, 160874, 65667, 65667, 266229498
179, 863572, 148721, 216455, 209424, 142590, 73191, 73191, 3077043158
181, 865220, 168286, 203400, 196812, 161752, 67485, 67485, 1388929355
184, 860405, 192300, 176240, 169558, 185905, 68201, 68201, 1190044328
183, 860294, 186015, 183891, 177052, 179546, 66895, 66895, 1364237267
185, 860939, 211078, 164149, 158168, 204104, 61720, 61720, 1888340976
187, 862588, 162616, 205968, 199450, 156316, 69119, 69119, 2811022719
186, 861506, 183253, 172573, 166265, 176799, 81308, 81308, 1669073197
188, 857327, 190138, 174762, 168234, 183541, 70326, 70326, 1384825694
192, 863573, 146977, 225351, 218511, 140940, 65897, 65897, 3496529705
190, 864199, 178727, 195399, 188579, 172078, 64708, 64708, 3678751105
189, 862037, 182162, 185947, 179389, 175323, 69608, 69608, 144663110
194, 859790, 169524, 203185, 196143, 163180, 63879, 63879, 1686130091
197, 866711, 175317, 197219, 190506, 168793, 67438, 67438, 118383863
193, 864614, 186091, 186547, 179750, 179492, 66367, 66367, 2633448650
191, 864703, 193740, 174936, 168715, 187118, 70097, 70097, 3329475426
195, 860188, 187415, 178320, 172087, 180238, 71064, 71064, 2593514063
196, 863928, 169740, 204839, 198006, 163335, 64004, 64004, 2290778828
200, 861926, 177654, 188770, 181993, 171451, 71029, 71029, 3756113013
198, 863827, 180357, 191366, 184334, 174332, 66719, 66719, 787156065
199, 861195, 187354, 177816, 171816, 180347, 71931, 71931, 337667764
201, 862595, 172189, 194064, 187482, 165996, 71432, 71432, 2281656583
202, 860264, 172137, 198028, 191056, 165641, 66701, 66701, 2860919945
203, 861523, 167313, 201613, 195162, 161125, 68155, 68155, 3160570237
205, 860051, 188520, 174791, 168330, 181866, 73272, 73272, 2660093813
204, 864999, 203684, 162007, 155732, 196962, 73307, 73307, 2094776009
206, 862312, 168298, 198536, 191876, 161712, 70945, 70945, 3042359000
207, 866015, 202615, 166713, 160277, 195882, 70264, 70264, 1799434901
208, 859159, 198593, 173706, 167102, 191662, 64048, 64048, 91261508
211, 862194, 194743, 174957, 168446, 187888, 68080, 68080, 211155901
209, 861315, 197576, 173723, 166709, 190689, 66309, 66309, 1448199320
213, 863374, 217555, 151332, 145074, 210601, 69406, 69406, 1608567458
212, 860200, 173549, 195034, 188036, 167265, 68158, 68158, 147077305
215, 862071, 190811, 181853, 175680, 184411, 64658, 64658, 3134965338
210, 865414, 185858, 180140, 173465, 179639, 73156, 73156, 3714395398
214, 864448, 171728, 200516, 193791, 165559, 66427, 66427, 3229454173
216, 857641, 173680, 191443, 184405, 167133, 70490, 70490, 371295425
217, 859939, 182060, 189028, 182475, 175128, 65624, 65624, 1730424119
218, 863054, 205425, 165623, 159346, 198666, 66997, 66997, 265581084
219, 864212, 181180, 187278, 180715, 174721, 70159, 70159, 3297405200
220, 866779, 152701, 221198, 214321, 146789, 65885, 65885, 3620985166
222, 863608, 180927, 191468, 184865, 174450, 65949, 65949, 3715628399
221, 864760, 185749, 184595, 178001, 179735, 68340, 68340, 3642206057
223, 864626, 176864, 194849, 188154, 170583, 67088, 67088, 4281882651
224, 862874, 195455, 178906, 172356, 188387, 63885, 63885, 3775903100
225, 862615, 199698, 173892, 167455, 193064, 64253, 64253, 130436705
228, 862744, 211815, 152024, 145774, 204767, 74182, 74182, 2027017324
227, 860705, 184416, 184555, 177708, 177686, 68170, 68170, 3574075254
233, 859809, 203923, 169090, 162527, 196863, 63703, 63703, 2942436413
231, 861136, 208538, 163321, 157115, 201628, 65267, 65267, 1084276014
229, 862928, 175721, 195868, 188832, 169679, 66414, 66414, 2935318567
230, 860242, 186529, 183463, 176914, 180044, 66646, 66646, 2245480859
232, 863428, 195351, 174851, 168657, 189061, 67754, 67754, 923738931
226, 864826, 194624, 176601, 170293, 187638, 67835, 67835, 1196853389
235, 860676, 178623, 190247, 183405, 171899, 68251, 68251, 1177399014
234, 859556, 170647, 197013, 190314, 164146, 68718, 68718, 418408317
236, 860974, 161913, 207894, 200585, 155966, 67308, 67308, 3031181606
237, 863441, 167149, 203983, 197023, 160752, 67267, 67267, 1166013157
238, 864917, 185495, 182946, 176403, 179107, 70483, 70483, 1481521789
239, 860774, 202024, 171208, 164582, 195466, 63747, 63747, 924378631
240, 863554, 187573, 181115, 174579, 181189, 69549, 69549, 317093284
243, 866497, 133946, 239305, 232570, 128168, 66254, 66254, 758607910
241, 865775, 197684, 170745, 164372, 191024, 70975, 70975, 2968390272
245, 862268, 202223, 170638, 164131, 195302, 64987, 64987, 2295039692
248, 864190, 191591, 179326, 172719, 184846, 67854, 67854, 3060489065
246, 860928, 182375, 190288, 183824, 175797, 64322, 64322, 2101123538
244, 864325, 159648, 216181, 209186, 153478, 62916, 62916, 4079687556
249, 863870, 204176, 165949, 159628, 197501, 68308, 68308, 334102928
242, 868378, 189260, 185192, 178654, 182990, 66141, 66141, 3744947881
247, 862001, 196955, 169478, 162899, 190229, 71220, 71220, 4034283159
250, 861619, 178005, 193391, 186847, 171268, 66054, 66054, 1923083037
251, 865352, 172510, 200355, 193887, 166506, 66047, 66047, 2617990091
254, 858581, 173020, 191186, 184660, 166259, 71728, 71728, 2018259431
252, 866091, 214102, 159283, 153273, 207577, 65928, 65928, 293611855
253, 863811, 181718, 187869, 181364, 175164, 68848, 68848, 3165321471
255, 867460, 202925, 170746, 164504, 195773, 66756, 66756, 4090451110
256, 858850, 155687, 213374, 206890, 149201, 66849, 66849, 321705164
259, 863257, 157039, 218350, 211457, 150997, 62707, 62707, 2293780957
258, 863827, 156076, 204643, 197782, 149892, 77717, 77717, 4268572275
260, 863467, 205232, 164443, 158121, 198455, 68608, 68608, 1627253037
257, 863860, 168549, 204165, 197457, 162295, 65697, 65697, 1043639338
261, 863827, 196790, 178310, 172225, 189930, 63286, 63286, 2617766401
262, 859544, 166936, 203064, 196023, 160385, 66568, 66568, 967056389
266, 865705, 200151, 174720, 168180, 193922, 64366, 64366, 3503682720
263, 868213, 169584, 199855, 193362, 163260, 71076, 71076, 2831943809
265, 864325, 208451, 165553, 159224, 201605, 64746, 64746, 4018552868
264, 858764, 194358, 175296, 168317, 187419, 66687, 66687, 1866524125
267, 863986, 165444, 203993, 197054, 159221, 69137, 69137, 3866430021
269, 857972, 165799, 197275, 190141, 159389, 72684, 72684, 4257449551
268, 862689, 197137, 173561, 167345, 190494, 67076, 67076, 1423043022
270, 864677, 180335, 189277, 182982, 174125, 68979, 68979, 4290653046
271, 864259, 171641, 198758, 192541, 165373, 67973, 67973, 255299164
273, 863887, 199009, 170724, 164541, 192533, 68540, 68540, 1832623727
272, 865465, 181190, 188591, 182615, 174849, 69110, 69110, 1014934284
276, 860709, 182230, 189162, 182546, 175645, 65563, 65563, 3803773912
275, 867001, 192495, 178244, 171562, 185542, 69579, 69579, 3519315098
278, 865225, 177759, 189751, 183547, 171430, 71369, 71369, 928438805
274, 866279, 184747, 186549, 180456, 177527, 68500, 68500, 4031082015
282, 861832, 193281, 178318, 171545, 186748, 65970, 65970, 1465993619
277, 863748, 181860, 185930, 179577, 175525, 70428, 70428, 827927579
280, 863507, 187691, 181185, 174478, 181353, 69400, 69400, 3930746993
279, 869153, 185078, 186387, 180100, 178914, 69337, 69337, 4201339615
281, 861545, 168963, 199451, 192944, 162551, 68818, 68818, 1276132797
284, 861724, 165782, 201343, 194585, 159422, 70296, 70296, 3646318986
283, 864664, 211666, 166656, 160622, 205048, 60336, 60336, 3793384907
287, 860687, 180000, 184802, 178223, 173504, 72079, 72079, 3509930982
285, 865313, 176699, 195340, 188700, 170422, 67076, 67076, 1001152006
286, 861653, 216202, 154761, 148753, 209251, 66343, 66343, 3607066676
288, 865034, 177735, 195613, 188664, 171536, 65743, 65743, 3579948796
290, 858928, 164058, 205512, 198216, 157572, 66785, 66785, 1117451345
289, 864914, 165823, 206404, 199830, 159919, 66469, 66469, 1783283816
291, 863858, 183285, 189668, 182708, 176687, 65755, 65755, 2831983919
293, 859231, 175699, 195404, 188622, 169012, 65247, 65247, 619065877
292, 867899, 191865, 181099, 175004, 185329, 67301, 67301, 1581637599
295, 861996, 189088, 181203, 174575, 182376, 67377, 67377, 1276586227
297, 863300, 171101, 204810, 197782, 165031, 62288, 62288, 398036077
299, 863305, 204580, 163094, 156665, 197784, 70591, 70591, 4126501597
298, 868479, 204102, 172852, 166802, 197453, 63635, 63635, 3152305080
294, 862549, 186937, 181517, 174739, 180550, 69403, 69403, 3472741551
296, 862857, 215792, 152344, 146242, 208665, 69907, 69907, 1989042058
302, 859615, 166997, 200044, 193535, 160643, 69198, 69198, 3049888299
301, 864194, 173499, 196295, 189886, 167224, 68645, 68645, 114881340
300, 866312, 186360, 187379, 180986, 180101, 65743, 65743, 2110776173
303, 865831, 183515, 187304, 180595, 176881, 68768, 68768, 3814244089
305, 861893, 193601, 176056, 169606, 187382, 67624, 67624, 2005859791
304, 861976, 162625, 198704, 192134, 156281, 76116, 76116, 2755508483
306, 861494, 201349, 163735, 157539, 194887, 71992, 71992, 3252572254
308, 864024, 194284, 174244, 167805, 187497, 70097, 70097, 1108971810
307, 861702, 184224, 181210, 174551, 177391, 72163, 72163, 3335917726
309, 863440, 156897, 219603, 212231, 150697, 62006, 62006, 2520102363
311, 861847, 175054, 195683, 188991, 168493, 66813, 66813, 4219979576
315, 861328, 191869, 169558, 162843, 184952, 76053, 76053, 179127199
312, 860364, 162773, 207050, 200367, 156582, 66796, 66796, 1655567758
310, 860810, 205760, 160652, 154160, 198932, 70653, 70653, 4163090051
313, 864541, 149569, 224585, 217584, 143543, 64630, 64630, 2514185820
314, 861499, 168582, 203839, 196908, 162148, 65011, 65011, 390526549
316, 859124, 177332, 190996, 183693, 170933, 68085, 68085, 4282115558
319, 859393, 174104, 196973, 190118, 167448, 65375, 65375, 1408189131
317, 863247, 183371, 184768, 178037, 177049, 70011, 70011, 2025798734
318, 859200, 179446, 192003, 185177, 173096, 64739, 64739, 1670482580
320, 861394, 179198, 187864, 181422, 172500, 70205, 70205, 2105464320
321, 863789, 160816, 211351, 204472, 154628, 66261, 66261, 1242004067
322, 863803, 178911, 191887, 184957, 172110, 67969, 67969, 3839924582
324, 866434, 165071, 211094, 204117, 158748, 63702, 63702, 2143918090
326, 862116, 180069, 184600, 178301, 173244, 72951, 72951, 2834719390
323, 869274, 189857, 184767, 178135, 183633, 66441, 66441, 630100640
330, 866643, 183282, 185117, 178724, 176584, 71468, 71468, 972901295
328, 859355, 163169, 207597, 200415, 156912, 65631, 65631, 1190606419
329, 860431, 175010, 191865, 184981, 168561, 70007, 70007, 1656798828
325, 866267, 192348, 178078, 171627, 186036, 69089, 69089, 2312251337
327, 861940, 165776, 205693, 199568, 159107, 65898, 65898, 3666657903
331, 860296, 185378, 186489, 180060, 178309, 65030, 65030, 914170185
333, 864514, 175547, 188708, 182376, 169179, 74352, 74352, 2296029338
332, 864594, 196460, 178412, 171876, 189862, 63992, 63992, 2366803541
335, 865238, 179883, 191781, 185316, 173832, 67213, 67213, 904247755
334, 862662, 191075, 180699, 174348, 184620, 65960, 65960, 4256562066
336, 862771, 208568, 155903, 149730, 201722, 73424, 73424, 1636320917
337, 867404, 184657, 188370, 181728, 178477, 67086, 67086, 128223562
338, 859429, 182594, 188061, 181559, 176041, 65587, 65587, 1198502934
339, 863822, 208520, 168026, 161783, 201727, 61883, 61883, 1169674794
340, 859907, 176598, 191144, 184331, 170032, 68901, 68901, 881040992
342, 860446, 214061, 154929, 148930, 206236, 68145, 68145, 1182062125
345, 862851, 162168, 210127, 203119, 156145, 65646, 65646, 361019127
341, 864123, 210583, 163801, 157576, 203755, 64204, 64204, 1670616707
347, 860227, 178830, 185789, 178957, 172563, 72044, 72044, 2799800
346, 859884, 199454, 167388, 161136, 192672, 69617, 69617, 3477089161
343, 864416, 198712, 159387, 153122, 192289, 80453, 80453, 3304994884
344, 863129, 207921, 164735, 158564, 201325, 65292, 65292, 2035380517
348, 865805, 176551, 192580, 185935, 170287, 70226, 70226, 1917598792
350, 859615, 191720, 176356, 169568, 184947, 68512, 68512, 4189556150
351, 859237, 179896, 187968, 181277, 173258, 68419, 68419, 3111652343
349, 859971, 192061, 175180, 168258, 185170, 69651, 69651, 3214756145
353, 861454, 205778, 165916, 159704, 198856, 65600, 65600, 1860406425
352, 864353, 161164, 208672, 202089, 154752, 68838, 68838, 628647803
354, 864626, 198699, 174438, 168285, 191930, 65637, 65637, 2238745413
355, 863281, 186984, 174135, 167551, 180333, 77139, 77139, 637048348
357, 865869, 185020, 187598, 180834, 178539, 66939, 66939, 489657627
356, 863349, 166135, 205068, 198407, 159803, 66968, 66968, 2690222138
360, 858103, 165046, 205988, 198814, 158555, 64850, 64850, 3121303258
358, 859845, 194365, 176753, 170340, 187703, 65342, 65342, 3886245259
361, 866444, 185045, 187445, 181244, 178248, 67231, 67231, 328039958
362, 861397, 171741, 196754, 190266, 164918, 68859, 68859, 1595882205
364, 861178, 189565, 180344, 173410, 182963, 67448, 67448, 4180662260
363, 862300, 180391, 185443, 179020, 173738, 71854, 71854, 1678163314
359, 865003, 187716, 186576, 180055, 181096, 64780, 64780, 2993910161
366, 863355, 203431, 165473, 159292, 196625, 69267, 69267, 1281934178
369, 862243, 194449, 175382, 169042, 187802, 67784, 67784, 1157984002
367, 863400, 164703, 201470, 194926, 158753, 71774, 71774, 929087192
368, 863271, 149972, 218066, 211157, 144096, 69990, 69990, 1166421235
365, 864726, 188381, 184182, 177850, 182099, 66107, 66107, 1770685318
370, 868073, 186861, 185945, 179709, 180720, 67419, 67419, 874395745
371, 862972, 191739, 175770, 169245, 185366, 70426, 70426, 3037453005
372, 865558, 191632, 182399, 176103, 185308, 65058, 65058, 1933814569
373, 861773, 180233, 186669, 180208, 174075, 70294, 70294, 1208871145
374, 863793, 205401, 162011, 155475, 197832, 71537, 71537, 2562502257
376, 859473, 173825, 195756, 188744, 167314, 66917, 66917, 3998192951
375, 863544, 194420, 176932, 170657, 187579, 66978, 66978, 1859763872
379, 863374, 191984, 178072, 171606, 185076, 68318, 68318, 1592186566
377, 861325, 181912, 187031, 180165, 175173, 68522, 68522, 4111319340
378, 864517, 217418, 160186, 154081, 210676, 61078, 61078, 1408765532
381, 862658, 172606, 198150, 191234, 166266, 67201, 67201, 397084777
383, 858527, 200801, 169479, 162334, 194145, 65884, 65884, 3058759855
382, 863978, 153959, 216808, 209760, 148011, 67720, 67720, 1554370972
380, 860567, 192827, 178028, 171620, 186062, 66015, 66015, 1242344017
385, 864471, 193607, 178177, 171571, 187526, 66795, 66795, 740233419
384, 858848, 160904, 203970, 196760, 154602, 71306, 71306, 533963298
387, 863512, 183506, 190261, 183455, 176984, 64653, 64653, 2523969951
386, 862378, 149682, 214238, 207781, 143759, 73459, 73459, 3131209181
390, 864084, 210277, 161552, 155153, 203166, 66968, 66968, 2237955626
388, 864395, 212582, 163812, 157749, 206016, 62118, 62118, 1401168366
391, 860884, 176636, 196540, 189978, 170372, 63679, 63679, 3648436993
392, 863583, 177967, 193976, 187732, 171136, 66386, 66386, 3221337339
393, 860423, 171017, 198538, 191610, 164752, 67253, 67253, 3393363411
389, 862818, 165599, 199224, 192825, 159284, 72943, 72943, 3835015090
394, 860502, 173914, 194152, 187482, 167356, 68799, 68799, 2889828200
397, 863057, 188232, 175225, 169119, 181381, 74550, 74550, 1377448095
395, 863825, 193266, 172826, 166216, 186279, 72619, 72619, 3687899651
396, 866607, 192300, 179754, 173382, 185847, 67662, 67662, 688288642
398, 862553, 178441, 196083, 189675, 171688, 63333, 63333, 1658479963
400, 865345, 177684, 187094, 180769, 171442, 74178, 74178, 3335044756
399, 861655, 218641, 148032, 141974, 211904, 70552, 70552, 2875640162
401, 860299, 185733, 181358, 174898, 179114, 69598, 69598, 3655158685
402, 863582, 159298, 215886, 208755, 153117, 63263, 63263, 3639532463
403, 868155, 200144, 178137, 171934, 193524, 62208, 62208, 1510432472
405, 862794, 183163, 176537, 170232, 176190, 78336, 78336, 2872594740
406, 860130, 171016, 193912, 186805, 164267, 72065, 72065, 267986707
404, 867413, 162573, 213761, 207092, 156805, 63591, 63591, 1158986813
408, 863928, 203387, 165406, 159112, 196641, 69691, 69691, 2700827595
410, 862814, 198842, 169828, 163577, 191733, 69417, 69417, 340908629
411, 859422, 160500, 215203, 207714, 153993, 61006, 61006, 3207036012
407, 862086, 221860, 146138, 139990, 214550, 69774, 69774, 394042058
415, 862309, 200181, 175201, 169034, 193535, 62179, 62179, 2393237488
409, 862243, 187217, 180498, 173919, 180765, 69922, 69922, 768285288
412, 860124, 174718, 194844, 188511, 167953, 67049, 67049, 3837910694
413, 863350, 204901, 168926, 162830, 198013, 64340, 64340, 293710799
416, 862147, 203230, 164849, 158536, 196402, 69565, 69565, 2835701613
418, 866770, 155194, 216310, 209298, 149220, 68374, 68374, 3696868219
417, 865915, 196003, 178016, 171459, 189219, 65609, 65609, 3453886986
414, 862490, 189923, 173431, 166804, 182906, 74713, 74713, 914336729
419, 865145, 191924, 178802, 172689, 185476, 68127, 68127, 1560701715
421, 864521, 218582, 149663, 143309, 211855, 70556, 70556, 1213258964
422, 869098, 193810, 181079, 174504, 187559, 66073, 66073, 3492857553
420, 865348, 222963, 152715, 146655, 216397, 63309, 63309, 928803962
425, 862308, 164830, 208708, 201855, 158629, 64143, 64143, 3250697259
428, 861782, 200804, 165158, 159160, 193646, 71507, 71507, 3700214753
424, 865123, 191500, 181400, 175175, 184954, 66047, 66047, 3809268971
430, 861399, 175362, 191658, 185004, 168775, 70300, 70300, 2573243218
432, 860159, 185918, 186576, 179383, 179498, 64392, 64392, 2383935985
429, 861575, 194491, 175328, 168884, 187878, 67497, 67497, 2516908152
433, 858118, 181740, 188850, 182128, 175088, 65156, 65156, 1100169174
434, 864554, 173184, 201501, 194574, 166765, 64265, 64265, 3599478174
427, 861480, 192999, 169555, 163272, 186186, 74734, 74734, 450545487
423, 862510, 188282, 179217, 172575, 181642, 70397, 70397, 4292761787
431, 858499, 179228, 195690, 188759, 172266, 61278, 61278, 3496457516
426, 863479, 184690, 187926, 180790, 178375, 65849, 65849, 634733304
435, 860593, 206819, 160651, 154359, 199580, 69592, 69592, 1505031484
436, 863326, 178975, 185699, 179118, 172848, 73343, 73343, 1063358806
437, 861834, 169502, 201893, 195275, 163108, 66028, 66028, 2828933733
438, 862289, 208897, 163066, 156878, 201938, 65755, 65755, 4216206562
440, 859491, 175055, 193294, 186687, 168377, 68039, 68039, 1000263958
439, 859553, 170213, 201763, 194350, 164059, 64584, 64584, 1057665578
442, 860742, 150597, 219252, 211777, 144278, 67419, 67419, 2680988616
443, 862568, 172136, 196219, 189444, 165459, 69655, 69655, 2149860992
444, 861481, 183488, 179329, 172407, 176753, 74752, 74752, 966632681
448, 863247, 185934, 180110, 173090, 179497, 72308, 72308, 2139929629
441, 862900, 162791, 199737, 193144, 156418, 75405, 75405, 1322837724
446, 859850, 159613, 212833, 205390, 153604, 64205, 64205, 2533522860
445, 860237, 200009, 171707, 165443, 192922, 65078, 65078, 4130420386
449, 861500, 164777, 200220, 192995, 158508, 72500, 72500, 2189797253
450, 861549, 207558, 158941, 152556, 200844, 70825, 70825, 3309752762
447, 862126, 179931, 192164, 185537, 173450, 65522, 65522, 371373390
451, 865286, 200381, 167759, 161406, 193578, 71081, 71081, 3368522314
452, 863059, 202892, 165665, 159269, 196061, 69586, 69586, 1939092744
454, 860349, 202307, 159432, 153009, 195019, 75291, 75291, 2729673416
453, 864540, 201822, 169037, 162743, 195662, 67638, 67638, 3768199133
455, 865871, 176368, 196238, 189708, 170337, 66610, 66610, 2184310794
456, 863283, 187456, 176793, 170188, 180860, 73993, 73993, 3160571819
457, 861977, 196311, 171759, 165517, 189400, 69495, 69495, 2803597423
460, 862576, 158816, 206632, 199463, 153033, 72316, 72316, 3519297298
459, 867182, 216066, 159571, 153359, 209808, 64189, 64189, 3018002303
458, 863490, 151901, 218398, 211714, 145993, 67742, 67742, 2409002536
461, 862026, 195551, 168450, 162146, 189009, 73435, 73435, 4079252890
463, 864786, 188008, 182720, 176599, 181613, 67923, 67923, 4199352601
466, 861981, 201251, 167376, 160718, 194484, 69076, 69076, 1410899949
462, 863794, 192668, 176835, 170174, 186225, 68946, 68946, 1958754518
467, 863962, 186602, 188968, 182305, 179997, 63045, 63045, 2093937796
464, 863616, 177435, 191343, 184657, 171117, 69532, 69532, 533508825
465, 859235, 218379, 153338, 147179, 210665, 64837, 64837, 1761567174
468, 862375, 154333, 214775, 207732, 148045, 68745, 68745, 1004429826
469, 864850, 158632, 204109, 197666, 152505, 75969, 75969, 4037943913
470, 864753, 194581, 174854, 168971, 187799, 69274, 69274, 204072906
472, 863645, 212028, 162386, 156061, 204910, 64130, 64130, 1789189761
471, 861367, 167597, 200401, 193826, 161005, 69269, 69269, 231538044
473, 864077, 194170, 177231, 170466, 187728, 67241, 67241, 1108116817
477, 860476, 203802, 172042, 165465, 196801, 61183, 61183, 3842733085
476, 859925, 188524, 177949, 171436, 181938, 70039, 70039, 3111687171
474, 863376, 202930, 166741, 160680, 196001, 68512, 68512, 549441833
478, 862254, 203325, 163109, 156813, 196615, 71196, 71196, 3691166744
479, 863869, 185128, 188088, 181484, 178513, 65328, 65328, 2000862845
480, 862806, 160961, 207472, 200284, 154481, 69804, 69804, 1502121384
475, 863742, 158976, 206260, 199606, 152756, 73072, 73072, 3523162577
482, 858422, 170572, 194512, 187377, 164053, 70954, 70954, 2169385923
483, 866486, 165457, 203322, 196471, 159414, 70911, 70911, 2717083046
481, 863442, 201189, 164921, 158954, 194276, 72051, 72051, 3155690741
485, 859728, 184711, 176120, 169838, 177723, 75668, 75668, 604658965
486, 862623, 188836, 180723, 174616, 181974, 68237, 68237, 276022338
484, 867173, 190691, 180989, 174337, 184286, 68435, 68435, 636673024
487, 860584, 184532, 187609, 181099, 177624, 64860, 64860, 1741912863
488, 864971, 186897, 182920, 176448, 180164, 69271, 69271, 2366068063
490, 860082, 212763, 158911, 152625, 205417, 65183, 65183, 3483417192
489, 866628, 186084, 187390, 180954, 179378, 66411, 66411, 2344750775
491, 860126, 188871, 185501, 178550, 182348, 62428, 62428, 2951503364
492, 864634, 205221, 171792, 165443, 198536, 61821, 61821, 1082232806
497, 860675, 167823, 200261, 193408, 161653, 68765, 68765, 3240199895
499, 858840, 170836, 194085, 187282, 164397, 71120, 71120, 2619709487
496, 857776, 185636, 183745, 177047, 178830, 66259, 66259, 1338639635
494, 863266, 197862, 172960, 166568, 191118, 67379, 67379, 4242240999
498, 862473, 190631, 183500, 177122, 183718, 63751, 63751, 398622512
493, 866917, 190410, 183047, 176739, 183883, 66419, 66419, 1801186578
500, 865118, 184261, 183200, 176240, 177915, 71751, 71751, 1338849860
495, 863427, 197029, 175007, 168660, 190305, 66213, 66213, 2029072154
502, 861540, 180712, 193201, 186716, 174041, 63435, 63435, 4237707975
501, 866713, 182436, 190161, 183837, 176361, 66959, 66959, 1695371716
503, 860700, 218145, 155867, 149787, 210857, 63022, 63022, 1289165311
504, 861981, 193872, 175490, 169187, 186806, 68313, 68313, 206378093
506, 867192, 150318, 226438, 219649, 144277, 63255, 63255, 3875095213
507, 861845, 181004, 191391, 184707, 174753, 64995, 64995, 1016711675
505, 863440, 181933, 181024, 174451, 175468, 75282, 75282, 1995183495
511, 864102, 207662, 165052, 158960, 200446, 65991, 65991, 3002107004
512, 863522, 175140, 196085, 189342, 168845, 67055, 67055, 523666990
510, 863074, 175208, 194619, 187669, 168744, 68417, 68417, 3453704830
508, 863880, 163053, 205202, 198297, 156706, 70311, 70311, 15787052
509, 865395, 190182, 182569, 175799, 184061, 66392, 66392, 1013661201
514, 868740, 221744, 148327, 142257, 215110, 70651, 70651, 2460358688
516, 862257, 194330, 170200, 163925, 187468, 73167, 73167, 1802734217
513, 864507, 216973, 152171, 146261, 210266, 69418, 69418, 2620283680
515, 862519, 170201, 202399, 195455, 163708, 65378, 65378, 3073126497
518, 859269, 182986, 184182, 177582, 176345, 69087, 69087, 3657457727
517, 860486, 193097, 176444, 169893, 186124, 67464, 67464, 2982346770
519, 860147, 193570, 175594, 169240, 186887, 67428, 67428, 2510630490
520, 864156, 180558, 193307, 186502, 173841, 64974, 64974, 3011727890
521, 863255, 140988, 226022, 219349, 134778, 71059, 71059, 2384804292
522, 862036, 167584, 202445, 195791, 161218, 67499, 67499, 2297980409
523, 864605, 203162, 165135, 158757, 196689, 70431, 70431, 2930757398
524, 862368, 167754, 207124, 200255, 161581, 62827, 62827, 858590835
525, 863066, 189700, 180767, 174446, 183177, 67488, 67488, 3438235041
527, 863685, 176966, 193967, 187622, 170536, 67297, 67297, 640824280
528, 865936, 196173, 176919, 170499, 189937, 66204, 66204, 2087889524
529, 860806, 193478, 176394, 170100, 186630, 67102, 67102, 3968200362
530, 864761, 223773, 151118, 144876, 216600, 64197, 64197, 1920953711
526, 864304, 160017, 209081, 202278, 154040, 69444, 69444, 742803769
535, 860828, 182733, 180706, 174313, 176384, 73346, 73346, 4926997
531, 862367, 198341, 168385, 162033, 191500, 71054, 71054, 2872332769
536, 864476, 196317, 176357, 169869, 189345, 66294, 66294, 659770137
534, 865271, 180213, 193300, 186830, 174200, 65364, 65364, 2323358877
532, 863578, 148195, 209180, 202258, 141977, 80984, 80984, 1383261491
533, 862735, 155229, 216937, 210003, 148696, 65935, 65935, 1638656957
537, 862960, 175707, 195096, 188806, 169459, 66946, 66946, 13769266
538, 862771, 192391, 182168, 175544, 186194, 63237, 63237, 1834048039
539, 861496, 199408, 169299, 162874, 192679, 68618, 68618, 4269747560
540, 862191, 181634, 188835, 182254, 175124, 67172, 67172, 3714581381
543, 859731, 193473, 177284, 170814, 186490, 65835, 65835, 3244734847
542, 863673, 188617, 181952, 175650, 182106, 67674, 67674, 588442452
541, 863737, 210968, 161956, 155908, 204127, 65389, 65389, 2129132189
544, 864734, 168830, 198973, 191987, 162484, 71230, 71230, 1042540899
551, 862800, 155725, 211090, 203780, 149595, 71305, 71305, 1462458550
545, 865800, 176839, 189989, 183315, 170821, 72418, 72418, 796237640
550, 864721, 187484, 179808, 173368, 180959, 71551, 71551, 635142851
547, 860505, 157874, 210466, 203716, 151895, 68277, 68277, 3445362801
548, 859933, 181924, 184062, 177604, 174959, 70692, 70692, 3801762380
546, 861093, 203675, 162052, 155678, 196714, 71487, 71487, 3773150893
549, 859543, 205317, 165399, 159020, 198289, 65759, 65759, 185923298
552, 862538, 184641, 187109, 180906, 177896, 65993, 65993, 71563277
553, 862474, 174102, 189268, 182730, 167464, 74455, 74455, 2498787713
554, 865808, 177133, 195687, 189414, 170974, 66300, 66300, 2090572433
555, 860634, 170317, 197991, 190965, 163791, 68785, 68785, 3580214045
556, 862155, 199723, 166060, 159867, 192865, 71820, 71820, 4145407140
558, 864084, 174219, 201188, 194443, 168016, 63109, 63109, 4035457199
560, 861190, 183896, 186863, 180191, 177252, 66494, 66494, 1705854844
557, 864062, 196874, 171944, 165637, 190207, 69700, 69700, 2597841228
559, 860110, 171075, 197270, 190486, 164823, 68228, 68228, 1566425969
561, 866174, 177591, 193708, 186497, 171394, 68492, 68492, 4013939871
565, 863878, 176350, 195181, 188795, 170026, 66763, 66763, 3859473569
562, 861452, 184276, 185222, 178546, 177690, 67859, 67859, 3109701016
563, 861328, 206134, 165047, 158516, 199329, 66151, 66151, 2444240257
564, 863993, 202456, 164752, 158429, 195720, 71318, 71318, 629342687
566, 862623, 168821, 196589, 190106, 162225, 72441, 72441, 1544665967
567, 863667, 161422, 214518, 207772, 155271, 62342, 62342, 3132105126
568, 859765, 170981, 199402, 192675, 164577, 66065, 66065, 2961728848
569, 865334, 186796, 180200, 174191, 180003, 72072, 72072, 52778463
570, 862106, 192372, 177034, 170407, 185541, 68376, 68376, 4284023125
571, 862804, 183126, 185080, 178272, 176518, 69904, 69904, 912488991
572, 861952, 173617, 201644, 194603, 167152, 62468, 62468, 3986946627
574, 862923, 190368, 179770, 173381, 183524, 67940, 67940, 8382389
573, 862334, 195487, 175158, 168628, 188653, 67204, 67204, 3767342481
576, 860339, 214926, 159349, 153123, 207597, 62672, 62672, 3801040115
575, 866604, 196812, 178214, 171980, 190004, 64797, 64797, 4281110260
577, 861430, 175615, 196191, 188948, 169274, 65701, 65701, 919468569
580, 863900, 179170, 193326, 186468, 172848, 66044, 66044, 3497491466
579, 861520, 160500, 208821, 201431, 154466, 68151, 68151, 1079783219
578, 862794, 183046, 188829, 181998, 176581, 66170, 66170, 4074195409
583, 860276, 207918, 162100, 155373, 200941, 66972, 66972, 447270172
582, 865414, 197720, 171361, 164894, 191407, 70016, 70016, 3674466371
581, 862301, 175337, 180990, 174752, 169442, 80890, 80890, 3279944353
585, 869316, 186218, 190368, 183980, 179834, 64458, 64458, 1102460229
584, 865182, 199554, 171850, 165333, 193387, 67529, 67529, 837633325
587, 862901, 194709, 175533, 169057, 188004, 67799, 67799, 1458136493
586, 864135, 196990, 176715, 170219, 189973, 65119, 65119, 852316782
588, 857325, 174527, 196354, 189496, 168014, 64467, 64467, 325891965
589, 861065, 180143, 189884, 183322, 173884, 66916, 66916, 2101268023
590, 863136, 185771, 190933, 184499, 179445, 61244, 61244, 1590999692
591, 861523, 162458, 211134, 203970, 156199, 63881, 63881, 4134832651
592, 861616, 185017, 187120, 180290, 178295, 65447, 65447, 3432276846
593, 862959, 192798, 174496, 167960, 186329, 70688, 70688, 2495208411
597, 864454, 183241, 192554, 185541, 176474, 63322, 63322, 1668116837
595, 865692, 189824, 183053, 176694, 183449, 66336, 66336, 1996957796
596, 861859, 186899, 181025, 174443, 180184, 69654, 69654, 2693665504
594, 864219, 188572, 182049, 175498, 182074, 68013, 68013, 4164355550
599, 865019, 158268, 214668, 208040, 152039, 66002, 66002, 3988358974
598, 864926, 175122, 200802, 193878, 168714, 63205, 63205, 1709655214
600, 867433, 196998, 175940, 169425, 190624, 67223, 67223, 1720820306
603, 859983, 186623, 184571, 177877, 179926, 65493, 65493, 2863625411
601, 862536, 178279, 190282, 183537, 172222, 69108, 69108, 2555996599
602, 860621, 169336, 198622, 191759, 162738, 69083, 69083, 3926396967
604, 861578, 182021, 184479, 178058, 175318, 70851, 70851, 1059151753
605, 863297, 204955, 165051, 158480, 198139, 68336, 68336, 4198375187
607, 860030, 170723, 199373, 192654, 164154, 66563, 66563, 108199251
606, 865691, 194475, 179699, 173219, 187828, 65235, 65235, 329470853
608, 863116, 175553, 198114, 191314, 168917, 64609, 64609, 3282833964
609, 863977, 186023, 188363, 181832, 179015, 64372, 64372, 795407128
611, 859322, 184674, 184423, 177811, 178062, 67176, 67176, 345408796
610, 860870, 186136, 184903, 177859, 179336, 66318, 66318, 309338090
613, 866428, 196463, 176627, 170321, 190051, 66483, 66483, 1921533542
612, 865629, 162890, 213105, 205806, 156794, 63517, 63517, 2433012327
617, 863349, 156745, 217207, 210116, 150487, 64397, 64397, 1343521486
614, 861249, 191176, 176821, 170511, 184449, 69146, 69146, 942279080
619, 864013, 199778, 176041, 169481, 193567, 62573, 62573, 723937147
620, 863784, 178799, 193220, 186868, 172463, 66217, 66217, 4138051260
615, 863440, 219754, 152743, 146883, 212526, 65767, 65767, 2517992818
616, 862381, 190209, 177369, 170747, 183422, 70317, 70317, 3564486106
618, 860530, 171658, 199816, 192730, 165168, 65579, 65579, 13093326
621, 861474, 190546, 179664, 173185, 184219, 66930, 66930, 1083324390
623, 861974, 190373, 186333, 179589, 183675, 61002, 61002, 2288824071
622, 865366, 208991, 161653, 155651, 202245, 68413, 68413, 3386473160
624, 858667, 175276, 195019, 188093, 168857, 65711, 65711, 3178202071
627, 859488, 165407, 201260, 194103, 158988, 69865, 69865, 2138607813
625, 865268, 181006, 185104, 178803, 174445, 72955, 72955, 824755148
626, 860936, 167977, 200079, 193087, 161081, 69356, 69356, 2468927716
628, 860667, 187298, 178604, 172081, 180876, 70904, 70904, 2348691717
630, 859959, 211941, 153219, 147276, 204747, 71388, 71388, 3854010788
633, 863384, 189687, 178297, 171644, 183218, 70269, 70269, 502448184
629, 862465, 185231, 169772, 163537, 178835, 82545, 82545, 2445352689
631, 860925, 200343, 170378, 163827, 193621, 66378, 66378, 1631018892
636, 860372, 164661, 203664, 196688, 157963, 68698, 68698, 628036677
635, 863729, 175039, 199343, 192741, 168532, 64037, 64037, 31819169
632, 861060, 202602, 165418, 159158, 195686, 69098, 69098, 1795985917
634, 861860, 200553, 165401, 158995, 193787, 71562, 71562, 4293201175
637, 864627, 162730, 210254, 203382, 156275, 65993, 65993, 3163067125
638, 862478, 197000, 175864, 169220, 190124, 65135, 65135, 1312021097
639, 865936, 177810, 194008, 187373, 171665, 67540, 67540, 3981609812
641, 861176, 173649, 198303, 191323, 167007, 65447, 65447, 2546067033
640, 860176, 179805, 191438, 184720, 173697, 65258, 65258, 3987948869
644, 861671, 169829, 200011, 193409, 163054, 67684, 67684, 3407746106
642, 865719, 172910, 201054, 194294, 166139, 65661, 65661, 3724650967
643, 869150, 215800, 151215, 145370, 209231, 73767, 73767, 528090758
645, 866532, 199207, 177834, 171504, 192749, 62619, 62619, 2342379120
646, 862416, 182580, 187938, 181298, 175538, 67531, 67531, 1643806131
651, 860250, 162693, 204677, 197300, 156532, 69524, 69524, 4015970644
648, 865123, 195533, 181151, 174894, 189039, 62253, 62253, 1949616933
647, 865902, 196676, 175476, 169363, 190121, 67133, 67133, 2026529989
650, 862873, 156867, 211864, 204667, 150727, 69374, 69374, 1029838079
652, 860251, 172789, 199684, 192452, 166452, 64437, 64437, 1416868153
649, 865489, 188251, 172356, 165928, 181740, 78607, 78607, 1948322935
653, 864587, 182503, 190644, 183758, 176326, 65678, 65678, 3993437796
654, 861039, 220121, 151821, 145535, 212698, 65432, 65432, 2674548865
655, 861784, 164780, 203515, 196540, 159025, 68962, 68962, 2082206114
656, 860725, 207287, 160049, 153384, 200279, 69863, 69863, 1185116220
657, 863176, 175924, 185574, 179039, 169489, 76575, 76575, 3885409265
658, 864145, 208792, 164625, 158252, 202132, 65172, 65172, 633676171
659, 865125, 187389, 178747, 172189, 180808, 72996, 72996, 679606262
660, 863074, 168425, 200910, 194185, 162122, 68716, 68716, 111668518
661, 859884, 173287, 197747, 190531, 167013, 65653, 65653, 3797937981
662, 857966, 161921, 205929, 198976, 155318, 67911, 67911, 3905497259
664, 860114, 175247, 188849, 181889, 168727, 72701, 72701, 729878883
666, 866837, 176985, 198883, 192610, 170571, 63894, 63894, 1199601720
663, 862399, 175742, 190957, 184476, 169200, 71012, 71012, 3475836399
668, 866474, 185244, 186774, 180292, 178310, 67927, 67927, 2656147977
667, 863534, 191539, 180827, 174415, 184919, 65917, 65917, 3438329836
665, 862928, 202654, 172041, 165970, 195793, 63235, 63235, 770223271
669, 858033, 210470, 159432, 153067, 203328, 65868, 65868, 1959057523
670, 867713, 192528, 176174, 169903, 186386, 71361, 71361, 1606682478
672, 862551, 182733, 183673, 176976, 176353, 71408, 71408, 3238491541
671, 862978, 199094, 171455, 164854, 192455, 67560, 67560, 2462897143
674, 863615, 178179, 193761, 187040, 171911, 66362, 66362, 1765516396
673, 859873, 175699, 191846, 184821, 169411, 69048, 69048, 2791295980
675, 863502, 197784, 169089, 163096, 190833, 71350, 71350, 2431730725
677, 864967, 192502, 180785, 174567, 185705, 65704, 65704, 3953936800
676, 862232, 194263, 176439, 169632, 187718, 67090, 67090, 1402262884
678, 858261, 176170, 193091, 186003, 169465, 66766, 66766, 2160844170
681, 863729, 199571, 178349, 171440, 192905, 60732, 60732, 2686462109
680, 865024, 204135, 164787, 158297, 197745, 70030, 70030, 3549086972
683, 862963, 183010, 185377, 178477, 176385, 69857, 69857, 2894268277
679, 868648, 217257, 155938, 150046, 210581, 67413, 67413, 137491621
682, 865311, 201575, 174490, 168727, 194679, 62920, 62920, 3336150101
684, 864927, 159409, 201510, 195171, 153473, 77682, 77682, 3090261033
685, 867907, 192724, 178015, 171971, 186197, 69500, 69500, 1228661802
686, 862521, 181274, 189509, 183073, 174953, 66856, 66856, 1762326210
688, 863046, 171424, 202033, 195193, 164986, 64705, 64705, 439576555
687, 860469, 170796, 197968, 191010, 164239, 68228, 68228, 402976949
689, 866595, 183528, 192593, 186217, 177241, 63508, 63508, 103889982
690, 862838, 181835, 184566, 178054, 175375, 71504, 71504, 1759282840
691, 862259, 165912, 202853, 196325, 159725, 68722, 68722, 4173769164
692, 863444, 178715, 189087, 182897, 172233, 70256, 70256, 2059199312
694, 864763, 191890, 180572, 174240, 185485, 66288, 66288, 662401719
693, 862561, 193670, 177392, 170921, 187092, 66743, 66743, 135354613
695, 860668, 164167, 205960, 199111, 157650, 66890, 66890, 2154300867
697, 862529, 192307, 182901, 176668, 185851, 62401, 62401, 3060432178
698, 862316, 191211, 175944, 169285, 184666, 70605, 70605, 3690729909
696, 861431, 197054, 171356, 165196, 190365, 68730, 68730, 2447065897
699, 856978, 178180, 189726, 182828, 171482, 67381, 67381, 4075663622
700, 865023, 190000, 177332, 170406, 183619, 71833, 71833, 1552805274
702, 863712, 167485, 201328, 194450, 161111, 69669, 69669, 3775636290
701, 862347, 184597, 188488, 182022, 178202, 64519, 64519, 895741311
703, 865673, 150031, 224764, 218145, 144055, 64339, 64339, 225049934
705, 860983, 207878, 168502, 162035, 200688, 60940, 60940, 2352164259
704, 861431, 207614, 162801, 156337, 200447, 67116, 67116, 3723800455
708, 864594, 193862, 178440, 172213, 187463, 66308, 66308, 251519209
706, 864827, 186679, 186453, 180173, 180434, 65544, 65544, 2186260495
707, 863683, 171882, 202533, 195753, 165633, 63941, 63941, 2745347449
711, 861618, 220544, 148867, 142698, 213069, 68220, 68220, 1009994698
709, 861510, 185489, 179094, 172314, 178583, 73015, 73015, 299447256
710, 864014, 214330, 157153, 150899, 207236, 67198, 67198, 2342821694
713, 864299, 175355, 190896, 184147, 168815, 72543, 72543, 684699674
712, 861705, 207460, 162506, 156236, 200737, 67383, 67383, 3502801975
714, 862927, 224247, 144550, 138289, 217211, 69315, 69315, 959265571
715, 858906, 165289, 201592, 194692, 159021, 69156, 69156, 237746431
717, 865338, 162695, 206117, 199399, 156975, 70076, 70076, 260200730
718, 864069, 184586, 186298, 179555, 177806, 67912, 67912, 2528730631
719, 856112, 205331, 161387, 154561, 198423, 68205, 68205, 3200120537
716, 860793, 179918, 191686, 184904, 173089, 65598, 65598, 868991188
720, 862226, 194646, 177828, 171446, 187970, 65168, 65168, 2796531758
721, 862164, 189697, 178084, 171642, 182919, 69911, 69911, 3323826411
723, 859916, 183931, 184258, 177645, 177036, 68523, 68523, 970867592
722, 864498, 161295, 209622, 203104, 154849, 67814, 67814, 3568675111
724, 863051, 198697, 165284, 159207, 192161, 73851, 73851, 2789748368
725, 863481, 176149, 194759, 187923, 170140, 67255, 67255, 4149890210
726, 861515, 177543, 192733, 186074, 170819, 67173, 67173, 4110882409
727, 862718, 186403, 184421, 177414, 180290, 67095, 67095, 3359814142
728, 861521, 208187, 156927, 150825, 201364, 72109, 72109, 2950118318
729, 863742, 165426, 199276, 192455, 159655, 73465, 73465, 428245508
730, 863338, 174085, 190636, 183888, 167657, 73536, 73536, 3443521368
733, 867156, 180866, 193110, 186467, 174575, 66069, 66069, 3669524470
732, 864291, 183547, 187946, 181464, 177014, 67160, 67160, 858998802
735, 864281, 170595, 195626, 189247, 164439, 72187, 72187, 4183796506
731, 865441, 176196, 192320, 186149, 169642, 70567, 70567, 4083335939
736, 861693, 179056, 191692, 185341, 172402, 66601, 66601, 3072666350
734, 861389, 195618, 169309, 163110, 188526, 72413, 72413, 2386475580
737, 863962, 189685, 179511, 172885, 182971, 69455, 69455, 991057113
738, 863639, 195475, 169749, 163544, 188907, 72982, 72982, 4082229737
739, 858163, 212704, 157165, 150834, 205786, 65837, 65837, 2666795597
740, 867564, 151533, 218732, 211775, 145644, 69940, 69940, 1635979776
741, 860632, 178577, 189811, 183205, 171849, 68595, 68595, 2557048166
742, 862437, 202632, 167140, 160808, 195701, 68078, 68078, 1743222470
743, 864344, 210598, 159640, 153496, 203800, 68405, 68405, 3197000211
744, 864317, 173092, 197195, 190089, 166833, 68554, 68554, 2328143543
745, 863442, 195132, 177769, 170977, 188670, 65447, 65447, 2817691423
749, 862857, 214443, 162198, 155977, 207427, 61406, 61406, 661590433
748, 865489, 200325, 174033, 167506, 193511, 65057, 65057, 3357473082
747, 861879, 194056, 174629, 168267, 187331, 68798, 68798, 1133102816
746, 864754, 161529, 212447, 205538, 155534, 64853, 64853, 1261672471
751, 864569, 171264, 204209, 197362, 164814, 63460, 63460, 606228580
752, 861221, 180112, 190714, 183661, 173632, 66551, 66551, 1185291435
750, 863872, 203219, 156944, 150662, 196311, 78368, 78368, 3046088838
753, 863889, 208132, 160200, 154172, 201767, 69809, 69809, 3898642518
754, 859607, 196137, 173158, 166557, 189445, 67155, 67155, 1590189682
757, 865324, 188387, 181448, 175222, 181693, 69287, 69287, 2391591460
755, 857945, 193312, 177775, 170769, 186619, 64735, 64735, 505264996
756, 865428, 178307, 194240, 187900, 171779, 66601, 66601, 16213708
758, 865169, 163398, 209302, 202513, 157428, 66264, 66264, 2089905143
760, 865993, 182422, 195579, 188766, 175984, 61621, 61621, 1494047111
759, 863126, 196578, 180157, 173372, 190411, 61304, 61304, 2529515847
762, 859963, 202208, 164603, 158284, 195330, 69769, 69769, 2778525246
761, 863667, 196567, 171845, 165892, 189555, 69904, 69904, 2540888232
763, 864081, 174550, 196253, 189251, 167895, 68066, 68066, 1176399306
767, 858123, 163414, 206229, 199023, 157063, 66197, 66197, 3783225142
764, 862313, 173601, 197040, 190217, 166947, 67254, 67254, 784916346
765, 861041, 181691, 190908, 184523, 175101, 64409, 64409, 521815699
768, 862453, 186849, 184183, 177630, 180309, 66741, 66741, 2804730787
766, 861287, 207702, 164516, 158291, 200884, 64947, 64947, 2569687780
769, 864328, 155256, 212258, 205399, 148899, 71258, 71258, 1445533599
770, 864827, 168596, 205223, 198395, 162401, 65106, 65106, 1011526408
771, 862460, 200600, 170415, 163781, 193702, 66981, 66981, 3422732179
773, 860334, 188849, 183725, 177012, 181718, 64515, 64515, 3525341421
772, 862728, 197118, 175436, 169025, 190415, 65367, 65367, 702725720
774, 863274, 191875, 177183, 170857, 184961, 69199, 69199, 2247598756
775, 861387, 168557, 193046, 186526, 162360, 75449, 75449, 1355152443
776, 864360, 172652, 199637, 193243, 166438, 66195, 66195, 19823836
777, 864111, 198731, 171235, 164941, 192102, 68551, 68551, 3436153670
779, 859868, 159297, 209476, 202402, 152847, 67923, 67923, 1399090134
778, 863262, 156662, 218676, 212336, 150396, 62596, 62596, 4137273492
781, 861952, 183044, 185895, 179139, 176562, 68656, 68656, 2620544959
780, 858065, 189981, 178591, 171820, 183131, 67271, 67271, 425963462
782, 860683, 192442, 172867, 166293, 185707, 71687, 71687, 1705608191
783, 864881, 170349, 201298, 194516, 164310, 67204, 67204, 2729605507
784, 863693, 160290, 202550, 195860, 153913, 75540, 75540, 3490382527
785, 865221, 170805, 203465, 196916, 164463, 64786, 64786, 3100263218
786, 862411, 174742, 196341, 189399, 168095, 66917, 66917, 4091543247
788, 859749, 206845, 159762, 153507, 199607, 70014, 70014, 1022199107
789, 859260, 177952, 191511, 184837, 171434, 66763, 66763, 2333905773
787, 863472, 199548, 173325, 167138, 193075, 65193, 65193, 8116437
790, 864440, 172246, 196621, 189858, 165715, 70000, 70000, 4111143365
791, 870768, 181948, 189126, 183073, 176255, 70183, 70183, 2101914359
792, 866860, 188508, 182464, 176310, 182026, 68776, 68776, 3819935406
793, 861320, 175312, 195216, 188410, 168546, 66918, 66918, 3012669359
795, 860079, 201141, 161749, 155456, 194155, 73789, 73789, 2577383133
796, 861946, 193865, 169239, 162991, 186971, 74440, 74440, 1786773773
800, 864190, 184601, 188802, 182170, 178031, 65293, 65293, 3501592651
797, 863428, 205482, 171785, 164956, 198515, 61345, 61345, 2306611930
794, 869246, 185418, 187416, 181362, 179112, 67969, 67969, 2782117404
802, 860678, 206260, 161328, 155471, 199093, 69263, 69263, 2518157973
799, 863307, 190598, 182448, 176121, 184162, 64989, 64989, 2808935120
798, 864667, 178674, 191588, 184749, 172494, 68581, 68581, 1063763466
801, 858612, 192003, 175122, 168449, 185098, 68970, 68970, 2552983128
804, 859836, 169361, 198362, 191504, 162705, 68952, 68952, 1289791615
803, 863978, 220026, 146383, 140352, 212739, 72239, 72239, 2609126485
805, 860698, 181108, 191363, 184604, 174141, 64741, 64741, 1257719902
806, 865739, 174614, 198790, 192400, 168069, 65933, 65933, 2616613624
807, 864640, 200597, 168584, 162187, 193500, 69886, 69886, 3057149731
808, 859997, 161402, 205967, 198729, 155179, 69360, 69360, 1377451568
809, 864513, 157588, 217723, 210835, 151371, 63498, 63498, 953105540
811, 859365, 177525, 194186, 187339, 170827, 64744, 64744, 4275611898
810, 863762, 196633, 173886, 167310, 189803, 68065, 68065, 1582955128
813, 864448, 184637, 185433, 179138, 178204, 68518, 68518, 9709603
812, 859950, 164672, 204674, 197888, 158198, 67259, 67259, 4065069858
814, 863815, 151886, 220726, 214078, 145671, 65727, 65727, 1317768085
816, 859580, 177824, 186593, 180183, 171014, 71983, 71983, 126382302
815, 863731, 166307, 208154, 201267, 160049, 63977, 63977, 84791979
817, 861675, 201796, 165355, 158779, 194865, 70440, 70440, 3400341700
818, 864572, 178484, 188616, 182151, 171949, 71686, 71686, 3461973999
819, 862812, 163385, 211196, 204475, 157060, 63348, 63348, 838689442
821, 862700, 148947, 220221, 213125, 143093, 68657, 68657, 1678993005
820, 859832, 200800, 169365, 162914, 193659, 66547, 66547, 966098376
822, 861024, 192307, 178690, 172079, 185660, 66144, 66144, 2867643097
823, 860077, 175642, 195639, 189046, 169190, 65280, 65280, 3378857521
824, 865148, 165115, 212417, 205257, 159125, 61617, 61617, 666028129
825, 868846, 182496, 197327, 190437, 176272, 61157, 61157, 409803841
826, 857973, 171689, 200162, 192794, 165144, 64092, 64092, 273670874
827, 862964, 178853, 186079, 179374, 172588, 73035, 73035, 3007654600
828, 860193, 180507, 190148, 183770, 173836, 65966, 65966, 807225911
829, 858809, 173128, 193314, 186268, 166457, 69821, 69821, 1565373156
834, 862992, 167322, 202552, 195544, 161414, 68080, 68080, 2921817993
830, 865064, 192829, 176795, 170322, 186606, 69256, 69256, 2814609670
832, 866819, 216209, 160013, 153917, 209552, 63564, 63564, 2895918366
831, 863843, 203853, 168315, 162209, 197112, 66177, 66177, 3595683870
835, 862658, 186144, 182879, 176480, 179639, 68758, 68758, 1209252614
839, 859773, 188485, 183956, 177226, 181698, 64204, 64204, 1727469163
836, 864744, 192710, 173465, 166893, 186170, 72753, 72753, 4112045894
837, 862147, 163473, 200496, 194139, 157085, 73477, 73477, 1271715821
833, 866156, 206647, 167771, 161444, 200472, 64911, 64911, 1065070982
840, 863799, 177235, 193644, 186769, 170575, 67788, 67788, 334788141
838, 863799, 193416, 178281, 172294, 186842, 66483, 66483, 1527396530
841, 864626, 187747, 179902, 173384, 181189, 71202, 71202, 2788563166
842, 862877, 162996, 209415, 202560, 156746, 65580, 65580, 4053940505
843, 865840, 210575, 160257, 154254, 204156, 68299, 68299, 1256294440
847, 861118, 195968, 172561, 165905, 188684, 69000, 69000, 1246107287
845, 857165, 191253, 180706, 173834, 184252, 63560, 63560, 872880670
844, 863612, 200863, 156964, 150585, 194400, 80400, 80400, 3293260724
846, 860745, 218305, 150864, 145019, 211233, 67662, 67662, 3823533011
850, 863376, 212929, 159282, 152782, 206057, 66163, 66163, 2922859466
848, 862928, 175826, 194365, 187414, 169329, 67997, 67997, 3149832847
849, 862507, 185523, 183227, 176450, 178841, 69233, 69233, 2676587340
852, 864014, 189866, 183450, 177103, 183479, 65058, 65058, 2723832372
851, 860219, 161173, 200955, 194251, 154568, 74636, 74636, 946437570
855, 858121, 170555, 200321, 193275, 163918, 65026, 65026, 1250169506
853, 865932, 192208, 179321, 173051, 186154, 67599, 67599, 4101274619
854, 863667, 207655, 159164, 153147, 200989, 71356, 71356, 3799459187
857, 866101, 183036, 189909, 183587, 176617, 66476, 66476, 164425046
856, 861892, 172166, 199646, 192875, 165637, 65784, 65784, 1835824065
858, 861599, 189605, 181008, 174452, 182774, 66880, 66880, 344898791
859, 859296, 215813, 148560, 142319, 208738, 71933, 71933, 1767152912
861, 862438, 185120, 185103, 178403, 178574, 67619, 67619, 60217183
860, 863615, 186142, 187176, 180426, 179697, 65087, 65087, 2424421524
862, 859423, 172001, 200482, 193785, 165083, 64036, 64036, 146562364
863, 866743, 195271, 176814, 170747, 188663, 67624, 67624, 454018228
864, 860946, 220130, 149589, 143536, 213043, 67324, 67324, 4125116615
866, 862153, 203406, 173348, 167055, 196832, 60756, 60756, 2782194274
865, 866798, 179838, 189703, 183590, 173169, 70249, 70249, 2505918227
867, 861372, 167270, 200658, 193942, 160878, 69312, 69312, 1778109535
868, 858707, 166288, 202805, 195565, 159711, 67169, 67169, 1777841195
873, 862031, 161456, 207622, 200939, 154994, 68510, 68510, 3594394345
872, 859198, 150383, 210779, 203819, 144073, 75072, 75072, 1181538484
869, 861908, 153092, 218786, 211909, 146817, 65652, 65652, 1933068653
871, 863838, 167066, 195959, 189675, 160852, 75143, 75143, 258490924
870, 862143, 215887, 157288, 150742, 208814, 64706, 64706, 2963092832
874, 861723, 183117, 183707, 176955, 176714, 70615, 70615, 1439190703
876, 862195, 153025, 208842, 202167, 146707, 75727, 75727, 148401459
875, 861594, 183955, 189044, 182368, 177225, 64501, 64501, 241564894
878, 861865, 167798, 206561, 199705, 161255, 63273, 63273, 2340460987
877, 861112, 196989, 177009, 170382, 190522, 63105, 63105, 689611092
879, 865300, 179437, 189204, 182706, 172893, 70530, 70530, 4070451366
880, 861665, 208883, 163193, 156960, 201713, 65458, 65458, 3528044733
885, 863128, 179195, 191557, 184904, 172720, 67376, 67376, 1536342305
883, 862770, 193444, 175441, 168762, 187237, 68943, 68943, 1156563713
882, 862311, 218819, 154915, 148610, 211737, 64115, 64115, 1390052580
886, 860971, 180823, 186445, 179620, 174543, 69770, 69770, 4113460573
889, 869196, 187174, 187469, 181087, 180744, 66361, 66361, 1217729071
884, 862493, 188382, 176290, 169775, 181816, 73115, 73115, 326414973
881, 859854, 155495, 205601, 198921, 149375, 75231, 75231, 1680690503
888, 864119, 187833, 187867, 181260, 181411, 62874, 62874, 3013172237
887, 862340, 203151, 167294, 161212, 196559, 67062, 67062, 409187609
890, 866179, 169903, 204586, 197651, 163569, 65235, 65235, 2248469509
891, 859731, 166680, 199068, 192108, 160037, 70919, 70919, 3909370415
893, 860926, 193817, 175128, 168501, 187110, 68185, 68185, 2589458536
892, 862182, 194514, 174988, 168686, 187638, 68178, 68178, 2382731387
894, 866497, 160508, 215646, 208888, 154759, 63348, 63348, 3071738160
895, 862631, 178524, 193439, 186167, 172039, 66231, 66231, 2194087861
896, 865173, 158108, 213328, 206351, 152316, 67535, 67535, 755049106
897, 866810, 163189, 205546, 198816, 157155, 71052, 71052, 3206045054
901, 865750, 171634, 199321, 192822, 165015, 68479, 68479, 3897610971
899, 858717, 192195, 172245, 165469, 185310, 71749, 71749, 232314985
900, 861450, 179080, 193762, 186743, 172477, 64694, 64694, 2288408978
902, 859887, 187889, 179826, 172612, 181464, 69048, 69048, 4224099793
898, 862463, 170748, 196599, 189644, 164616, 70428, 70428, 1424516684
904, 868571, 190047, 181016, 174661, 183949, 69449, 69449, 3015443025
903, 867124, 197171, 172606, 166355, 190660, 70166, 70166, 1228752952
906, 865980, 188460, 182853, 176555, 181900, 68106, 68106, 3060923101
905, 859603, 186411, 184556, 177878, 179874, 65442, 65442, 3830349424
908, 865782, 169476, 205564, 198683, 163309, 64375, 64375, 2011545990
907, 861320, 190784, 180322, 173725, 184199, 66145, 66145, 2324452144
909, 862768, 190453, 173328, 167260, 183369, 74179, 74179, 98359223
910, 867188, 208292, 162053, 156122, 201645, 69538, 69538, 1263278837
912, 865102, 195951, 177556, 171170, 189281, 65572, 65572, 3496402543
911, 864109, 211289, 163827, 157589, 204492, 63456, 63456, 1381695550
913, 863938, 214833, 156396, 149862, 208099, 67374, 67374, 2893215735
914, 860919, 174630, 194577, 187818, 168004, 67945, 67945, 4229623771
915, 865068, 189749, 184222, 177865, 183350, 64941, 64941, 3448341631
916, 863512, 186479, 184008, 177563, 179638, 67912, 67912, 1906774641
917, 860911, 176359, 196447, 189786, 169733, 64293, 64293, 202597071
918, 862155, 187154, 186589, 179605, 180763, 64022, 64022, 6063793
920, 863575, 202733, 170306, 163968, 196088, 65240, 65240, 2545732569
919, 863506, 215407, 156958, 150437, 208448, 66128, 66128, 3050085765
923, 861111, 178547, 190729, 183762, 172015, 68029, 68029, 3530878525
922, 862349, 204899, 167823, 161400, 198079, 65074, 65074, 1305943378
921, 861729, 167854, 198824, 191873, 161542, 70818, 70818, 1083321569
925, 865332, 177665, 195217, 188939, 171491, 66010, 66010, 2980443935
924, 865854, 155410, 208273, 202016, 148995, 75580, 75580, 292274147
926, 863455, 205035, 169754, 163516, 197980, 63585, 63585, 2242760302
927, 860407, 183740, 177132, 170377, 177712, 75723, 75723, 2777807903
928, 866103, 198924, 175484, 169076, 192615, 65002, 65002, 4121766524
929, 865733, 156743, 208761, 201801, 150592, 73918, 73918, 441950622
933, 858984, 174381, 194135, 187162, 167652, 67827, 67827, 3189035895
931, 861239, 176741, 197026, 190078, 170484, 63455, 63455, 3012017742
930, 866288, 205435, 172255, 166229, 199063, 61653, 61653, 2586338635
932, 866277, 206216, 166622, 160372, 199463, 66802, 66802, 512627514
934, 862626, 194379, 168048, 161979, 187552, 75334, 75334, 269167293
936, 862928, 160195, 212691, 205617, 153525, 65450, 65450, 3500956362
937, 859736, 194620, 171322, 165013, 187337, 70722, 70722, 2436650019
935, 863398, 183802, 180469, 173884, 177649, 73797, 73797, 305361569
938, 864049, 165365, 207319, 200973, 159364, 65514, 65514, 3849132058
939, 862772, 171776, 196626, 189942, 165390, 69519, 69519, 1789822341
940, 864005, 194546, 177665, 171581, 187927, 66143, 66143, 2088820572
941, 863713, 214258, 154472, 148299, 207062, 69811, 69811, 740449364
942, 860017, 193610, 174542, 168105, 186560, 68600, 68600, 1489532635
943, 868349, 181294, 193841, 187298, 175258, 65329, 65329, 117712556
944, 861066, 167331, 202097, 194937, 160859, 67921, 67921, 3843095251
945, 862624, 195690, 173831, 167463, 189030, 68305, 68305, 2627870881
946, 863046, 172519, 196216, 189604, 166187, 69260, 69260, 2923266455
948, 861904, 179043, 190285, 183681, 172763, 68066, 68066, 3342914314
947, 864287, 179663, 188884, 182593, 173203, 69972, 69972, 3129602955
949, 858087, 172219, 196637, 189564, 165687, 66990, 66990, 940215131
955, 858973, 176244, 189993, 183513, 169815, 69704, 69704, 1831325206
952, 863176, 159485, 206841, 199962, 153542, 71673, 71673, 3160840609
950, 860115, 221618, 146173, 140095, 214783, 68723, 68723, 122162493
951, 862319, 193678, 177349, 170673, 187397, 66611, 66611, 511049379
956, 864034, 189753, 182387, 175986, 183026, 66441, 66441, 1673234563
954, 864252, 165973, 201560, 195200, 159761, 70879, 70879, 2978066938
953, 867900, 199540, 172335, 165912, 192871, 68621, 68621, 2827539193
957, 858692, 204672, 154309, 147930, 198103, 76839, 76839, 178103142
958, 864816, 191774, 182031, 175359, 185430, 65111, 65111, 119577664
959, 863744, 179916, 184412, 177819, 173643, 73977, 73977, 608581201
960, 866503, 201514, 170218, 164166, 195185, 67710, 67710, 1875838642
962, 862226, 153057, 217278, 210114, 146869, 67454, 67454, 2933535039
961, 863597, 204213, 163344, 156870, 197708, 70731, 70731, 2077267170
964, 863311, 203855, 166929, 160564, 197223, 67370, 67370, 3516069503
966, 862435, 186265, 186724, 179939, 179633, 64937, 64937, 1916332140
965, 861430, 162343, 204216, 197738, 155537, 70798, 70798, 2801866500
963, 865120, 213082, 158004, 152093, 206049, 67946, 67946, 3149025218
969, 860900, 188783, 183651, 177259, 182323, 64442, 64442, 1063206784
967, 865590, 187108, 185165, 178899, 180430, 66994, 66994, 1714466065
972, 858248, 169439, 193916, 186861, 162708, 72662, 72662, 1489621156
968, 866218, 186830, 188409, 181633, 180334, 64506, 64506, 870405840
970, 861231, 177339, 188890, 182307, 170917, 70889, 70889, 2821265955
973, 866216, 178838, 189765, 183025, 172746, 70921, 70921, 4145592334
971, 861873, 189649, 177272, 170703, 182517, 70866, 70866, 584088631
975, 864826, 217468, 153992, 148228, 210578, 67280, 67280, 1429821926
974, 864750, 191032, 169592, 162840, 184656, 78315, 78315, 388007676
976, 861090, 173147, 196697, 190162, 166702, 67191, 67191, 1601203109
978, 861345, 194027, 179741, 173042, 187207, 63664, 63664, 2266574410
977, 864513, 149205, 221972, 215354, 143374, 67304, 67304, 3594719172
980, 863876, 166820, 209659, 202541, 160632, 62112, 62112, 3300772213
979, 865911, 175484, 197974, 191827, 169282, 65672, 65672, 481849117
981, 863999, 185437, 184649, 178451, 179160, 68151, 68151, 3083800327
982, 864573, 176116, 196828, 190059, 169844, 65863, 65863, 1989454069
984, 859809, 158044, 205366, 198284, 151947, 73084, 73084, 95195471
983, 862674, 199532, 170310, 163713, 192835, 68142, 68142, 1903793627
989, 863382, 189174, 181492, 175189, 182611, 67458, 67458, 4272856782
986, 862006, 190541, 178111, 171445, 184149, 68880, 68880, 4129739597
985, 866033, 176263, 191435, 184963, 170180, 71596, 71596, 1394368700
988, 861626, 168076, 187790, 180828, 161716, 81608, 81608, 1896879787
991, 863576, 179936, 189989, 183054, 173807, 68395, 68395, 4276073821
990, 859401, 193423, 175077, 168329, 186560, 68006, 68006, 2133556292
987, 864939, 180396, 189115, 182504, 174338, 69293, 69293, 4033445111
992, 862503, 150502, 217112, 209943, 144332, 70307, 70307, 1915473883
994, 858318, 177806, 188252, 181468, 170956, 69918, 69918, 1200973664
993, 865766, 196528, 173630, 167167, 190129, 69156, 69156, 3330360190
996, 866642, 168187, 203959, 197269, 162083, 67572, 67572, 3964865873
995, 859595, 184810, 181807, 175255, 178221, 69751, 69751, 1800484731
997, 862339, 179094, 188158, 181580, 172513, 70497, 70497, 45411988
999, 864243, 164309, 207146, 200596, 158146, 67023, 67023, 2460675161
998, 865630, 193412, 178259, 171899, 187334, 67363, 67363, 400470138
