sample_id, N_LCC, N_A_1_LCC, N_B_1_LCC, N_A_0_LCC, N_B_0_LCC, N_A_*_LCC, N_B_*_LCC, seed
15, 908747, 172378, 227790, 222898, 167667, 59007, 59007, 13211890
2, 903913, 181515, 214870, 209801, 176543, 60592, 60592, 145401810
0, 908348, 234674, 167544, 163039, 229695, 56698, 56698, 483169219
6, 904485, 182044, 208115, 203093, 177243, 66995, 66995, 1475222693
10, 910309, 141544, 256820, 252000, 137359, 61293, 61293, 930045802
12, 907544, 127830, 274616, 269848, 123604, 55823, 55823, 3488795319
3, 914503, 176420, 233988, 229607, 171976, 51256, 51256, 2033505775
14, 906314, 245781, 154419, 150247, 240503, 57682, 57682, 3613209883
8, 911269, 184939, 214371, 209704, 180403, 60926, 60926, 1318529434
4, 906398, 235087, 164291, 159876, 230176, 58484, 58484, 3510477712
1, 907771, 209002, 193740, 188946, 204363, 55860, 55860, 506482767
5, 909181, 246957, 153270, 148832, 241756, 59183, 59183, 4109962072
11, 908843, 229441, 159218, 154984, 224372, 70414, 70414, 4234314699
9, 910547, 209684, 194499, 190067, 205259, 55519, 55519, 288127996
7, 908034, 204427, 199163, 193974, 200054, 55208, 55208, 1108000039
13, 908545, 192566, 200211, 195916, 187644, 66104, 66104, 244986228
17, 911572, 224855, 176475, 171425, 220055, 59381, 59381, 3132205179
18, 905877, 185187, 209517, 204571, 180364, 63119, 63119, 508109633
16, 907402, 307940, 96293, 92401, 302152, 54308, 54308, 2164546375
22, 904666, 212084, 180867, 176253, 207066, 64198, 64198, 2829683174
28, 906655, 185466, 209826, 205080, 180353, 62965, 62965, 3886163361
27, 909275, 212744, 190403, 185885, 207897, 56173, 56173, 3862276424
21, 907284, 226816, 166950, 162636, 222144, 64369, 64369, 1509753103
26, 905983, 166772, 229542, 224802, 162229, 61319, 61319, 96000161
24, 908786, 229286, 170870, 166548, 224366, 58858, 58858, 679529247
19, 909576, 176286, 219724, 214663, 171963, 63470, 63470, 2873229889
25, 906199, 142519, 243283, 238070, 138137, 72095, 72095, 4049540791
20, 906097, 198794, 194856, 189973, 193686, 64394, 64394, 2623929502
29, 909852, 257040, 141727, 137384, 252187, 60757, 60757, 2765934825
23, 907924, 246817, 146513, 142182, 241464, 65474, 65474, 388357508
31, 907418, 213775, 183732, 179146, 209181, 60792, 60792, 137177958
30, 903172, 195225, 202452, 197460, 190391, 58822, 58822, 2209773950
32, 909913, 181940, 217036, 212473, 177302, 60581, 60581, 2654564861
33, 908483, 181393, 202424, 197497, 176541, 75314, 75314, 1392646828
34, 911597, 210012, 193389, 188848, 205350, 56999, 56999, 1399996124
36, 909067, 201462, 197513, 192902, 196600, 60295, 60295, 2664569465
37, 908345, 254347, 144026, 139618, 249378, 60488, 60488, 3658315231
39, 909016, 210349, 193918, 189531, 205392, 54913, 54913, 2936225106
38, 904892, 212132, 179368, 174817, 207271, 65652, 65652, 3388805012
42, 905969, 259235, 144904, 140374, 254066, 53695, 53695, 3607241466
41, 906287, 200182, 200513, 195866, 195234, 57246, 57246, 3710478578
43, 915305, 180155, 217906, 213501, 175633, 64055, 64055, 2923953717
44, 907951, 241688, 157044, 152616, 236449, 60077, 60077, 3397874179
40, 906135, 209963, 191568, 187106, 205006, 56246, 56246, 806195831
35, 911308, 236773, 162509, 158111, 232087, 60914, 60914, 3407876213
47, 905394, 233273, 159200, 154769, 228092, 65030, 65030, 57327250
45, 912675, 207980, 191995, 187651, 203223, 60913, 60913, 531532937
46, 906846, 219748, 180200, 175497, 214809, 58296, 58296, 1589397962
50, 908263, 197382, 196646, 191884, 192591, 64880, 64880, 3568801443
48, 911278, 167352, 228729, 223895, 163218, 64042, 64042, 2464930549
49, 906066, 205732, 188857, 184297, 200778, 63201, 63201, 4134180467
55, 905068, 209855, 190088, 185259, 204678, 57594, 57594, 1552653384
51, 906954, 169539, 227624, 222859, 165274, 60829, 60829, 3183558307
53, 905035, 106636, 293220, 287902, 102609, 57334, 57334, 533590599
54, 909196, 181101, 215181, 210168, 176622, 63062, 63062, 3476936314
56, 904665, 173862, 222848, 218450, 169249, 60128, 60128, 2013146976
61, 909142, 172230, 231199, 226558, 167863, 55646, 55646, 3626858280
60, 904506, 213357, 182696, 178098, 208137, 61109, 61109, 222916244
57, 908720, 183175, 207628, 203121, 178586, 68105, 68105, 3890406889
59, 909209, 188547, 209695, 204733, 184102, 61066, 61066, 338913176
52, 911224, 192448, 183360, 179069, 188053, 84147, 84147, 2944419216
58, 912635, 186512, 210148, 205338, 181963, 64337, 64337, 1700019949
63, 905634, 206532, 188639, 183698, 201987, 62389, 62389, 1244840906
62, 909468, 263353, 138861, 134648, 258168, 57219, 57219, 3209353681
64, 906358, 141074, 252566, 247331, 136631, 64378, 64378, 2937197244
65, 909445, 163901, 230556, 225359, 159325, 65152, 65152, 3349166778
66, 909585, 198161, 194941, 190354, 193411, 66359, 66359, 2865409951
67, 909514, 223144, 179863, 175346, 218175, 56493, 56493, 3403556865
70, 907668, 215461, 180570, 176072, 210465, 62550, 62550, 4246814365
69, 905629, 183523, 214290, 209596, 178736, 59742, 59742, 4288936565
72, 909607, 257722, 143340, 138898, 252235, 58706, 58706, 1233143182
71, 907643, 181933, 217303, 212461, 177494, 59226, 59226, 2740805246
74, 910298, 215222, 180725, 176112, 210355, 63942, 63942, 1346680492
68, 910572, 201667, 201585, 197236, 197260, 56412, 56412, 1177493359
73, 908102, 202164, 193192, 188716, 197134, 63448, 63448, 811048002
76, 908440, 235831, 161537, 156624, 231030, 61709, 61709, 4087134868
79, 904951, 178203, 217972, 212754, 173800, 61111, 61111, 2758017999
75, 907009, 217268, 179883, 175191, 212211, 61228, 61228, 365061720
77, 909946, 200225, 195054, 190576, 195499, 64296, 64296, 722323484
78, 908554, 213870, 180877, 176245, 209258, 64152, 64152, 38177906
81, 906353, 178416, 216608, 211724, 173895, 62855, 62855, 3114478326
80, 907659, 219514, 168567, 163994, 214846, 70369, 70369, 3918967532
82, 905451, 213428, 180704, 176003, 208564, 63376, 63376, 60789802
83, 902806, 195625, 196287, 191409, 191099, 64193, 64193, 2612204546
85, 908141, 210367, 181945, 177682, 205333, 66407, 66407, 2187750647
84, 908825, 198390, 198735, 194404, 194064, 61616, 61616, 74912469
92, 905567, 203642, 189373, 184360, 198884, 64654, 64654, 2198055649
89, 907287, 120129, 278792, 273692, 116092, 59291, 59291, 1439810623
86, 907685, 151287, 239683, 234669, 146824, 67611, 67611, 826421525
90, 904929, 255496, 139700, 135376, 249931, 62213, 62213, 1333557173
87, 908130, 147341, 248137, 243285, 142401, 63483, 63483, 3059075207
93, 908011, 177961, 221147, 216472, 173599, 59416, 59416, 175445406
88, 910469, 245121, 157304, 152905, 240669, 57235, 57235, 1146034915
91, 907039, 193537, 195729, 191099, 189248, 68713, 68713, 3607226241
95, 907586, 176741, 221358, 216636, 171801, 60525, 60525, 3761944929
94, 909543, 161913, 240050, 234909, 157195, 57738, 57738, 843062380
96, 909293, 241269, 163216, 158780, 236302, 54863, 54863, 1051794142
97, 909669, 197148, 194538, 189602, 192303, 68039, 68039, 1963497337
98, 908540, 171198, 228223, 222932, 166771, 59708, 59708, 1506335265
100, 907900, 210640, 193020, 188304, 205580, 55178, 55178, 303138097
99, 910405, 116290, 285948, 280268, 112227, 57836, 57836, 1518081806
101, 905733, 187169, 206959, 201806, 182305, 63747, 63747, 2676272817
110, 904700, 152696, 247195, 241558, 147787, 57732, 57732, 3798837249
104, 908418, 244668, 148216, 143914, 239452, 66084, 66084, 2678440898
105, 908310, 199233, 196883, 192091, 194653, 62725, 62725, 4289428588
102, 905275, 202496, 192103, 187219, 197569, 62944, 62944, 3631262814
106, 907264, 195352, 199623, 195165, 190528, 63298, 63298, 3013958175
109, 907750, 175021, 222226, 217216, 170459, 61414, 61414, 1217624733
103, 910264, 210979, 189599, 185237, 206031, 59209, 59209, 2702035455
111, 905889, 162440, 218598, 213662, 157909, 76640, 76640, 1128810559
107, 910495, 228757, 173880, 169628, 223910, 57160, 57160, 508134228
108, 907182, 184947, 209119, 204395, 180203, 64259, 64259, 1770935987
112, 909570, 171552, 224516, 219562, 166996, 63472, 63472, 2829046069
114, 908066, 190914, 207267, 202663, 186560, 60331, 60331, 2318004120
113, 909402, 222774, 173757, 169117, 217856, 62949, 62949, 3776388216
115, 907226, 172508, 217848, 213164, 168030, 67838, 67838, 1769762334
116, 908094, 218545, 183490, 178570, 213817, 56836, 56836, 1412072920
117, 911198, 213242, 186249, 181541, 208564, 60801, 60801, 3497350782
118, 909602, 216262, 184655, 180242, 211337, 58553, 58553, 2667294445
121, 909623, 156687, 243978, 238721, 152157, 59040, 59040, 1660852606
119, 907870, 191044, 207121, 202586, 185801, 60659, 60659, 4174715364
123, 906194, 146908, 253815, 248762, 142821, 56944, 56944, 1352657336
120, 907517, 177146, 219678, 215045, 172506, 61571, 61571, 1407297650
124, 907511, 151043, 238043, 233038, 146399, 69494, 69494, 3462072772
126, 907669, 150867, 246925, 242029, 146484, 60682, 60682, 3020621806
122, 905780, 189057, 189856, 184710, 184315, 78921, 78921, 1571539693
125, 908497, 136549, 248662, 243272, 132384, 73815, 73815, 2197604153
127, 911823, 286768, 113369, 109223, 282121, 60171, 60171, 1302295806
128, 901935, 215942, 181424, 176125, 210826, 58809, 58809, 3287409353
132, 909000, 136448, 265044, 259268, 132104, 58068, 58068, 424608790
129, 908983, 184599, 212840, 208299, 179735, 61755, 61755, 2874962562
131, 912211, 188977, 214020, 209226, 184754, 57617, 57617, 2089190038
130, 906768, 225554, 173470, 169082, 220766, 58948, 58948, 332095762
134, 905454, 209102, 188691, 184150, 203863, 59824, 59824, 1991239262
133, 906895, 195452, 199649, 194702, 190502, 63295, 63295, 2160182412
135, 910836, 240439, 157787, 153671, 235595, 61672, 61672, 4199194496
138, 906930, 218816, 178037, 173441, 213706, 61465, 61465, 1307117569
141, 907184, 149736, 251254, 245847, 145253, 57547, 57547, 3419176923
140, 909095, 178226, 212860, 208034, 173673, 68151, 68151, 7003538
136, 904041, 223073, 164970, 160339, 218049, 68805, 68805, 235744399
142, 907336, 150840, 243398, 238524, 146554, 64010, 64010, 1433304034
137, 909687, 221409, 175922, 171421, 216415, 62260, 62260, 3463066118
139, 906045, 158055, 229647, 224905, 153302, 70068, 70068, 1369883274
143, 907087, 188209, 208291, 203522, 183715, 61675, 61675, 3296893705
144, 902989, 123421, 267935, 262332, 119067, 65117, 65117, 357187329
146, 907961, 181033, 214923, 210255, 176532, 62609, 62609, 622447480
148, 902371, 183569, 215696, 210379, 178475, 57126, 57126, 2842944955
147, 905271, 179166, 216504, 211284, 174537, 61890, 61890, 3667786229
145, 909533, 268070, 127785, 123548, 262924, 63603, 63603, 3250958303
149, 908712, 201505, 191070, 186709, 196428, 66500, 66500, 1768323292
151, 907754, 190717, 203345, 198541, 185893, 64629, 64629, 443608054
150, 909721, 214758, 185331, 180495, 209791, 59673, 59673, 566146578
152, 908451, 186119, 211933, 207365, 181490, 60772, 60772, 3331573813
155, 904939, 194953, 200800, 195981, 189671, 61767, 61767, 119546796
154, 910519, 217538, 185548, 180829, 212586, 57009, 57009, 876724763
153, 907023, 209666, 187540, 182896, 204299, 61311, 61311, 2469123806
156, 909504, 231429, 158657, 153655, 226805, 69479, 69479, 829492749
158, 908862, 174072, 227547, 222276, 169507, 57730, 57730, 1533512154
157, 911564, 179158, 217275, 212688, 174795, 63824, 63824, 3134393589
159, 907819, 163648, 232405, 227310, 159148, 62654, 62654, 279720330
160, 906671, 200313, 180093, 175735, 195564, 77483, 77483, 3188742627
161, 907579, 99729, 297756, 292582, 95778, 60867, 60867, 347857229
163, 909207, 170118, 232687, 227634, 165658, 56555, 56555, 3234597914
162, 909720, 205343, 188915, 184331, 200703, 65214, 65214, 770950585
165, 908993, 218062, 181431, 176889, 213285, 59663, 59663, 4028889881
166, 911486, 174243, 224487, 219696, 169838, 61611, 61611, 1219795446
167, 911439, 238132, 165514, 160920, 233183, 56845, 56845, 621053354
164, 909557, 232993, 166616, 162028, 228424, 59748, 59748, 2665360095
169, 903494, 148622, 244583, 238956, 144383, 63475, 63475, 3962603228
168, 908874, 185702, 216746, 212298, 181302, 56413, 56413, 500616191
170, 901739, 250463, 137452, 132730, 245036, 68029, 68029, 811332796
171, 908645, 192076, 195785, 191005, 187463, 71158, 71158, 2110627272
175, 906898, 247382, 153761, 149267, 242594, 56947, 56947, 1919001747
172, 910115, 156005, 244430, 239490, 151970, 59110, 59110, 3832868787
173, 907424, 251886, 143373, 139088, 247097, 62990, 62990, 1644705647
177, 906980, 232242, 164876, 160722, 227188, 60976, 60976, 829133621
178, 906126, 214518, 179830, 175028, 209480, 63635, 63635, 4013031354
176, 904621, 281458, 117704, 113473, 276376, 57805, 57805, 411353663
174, 908361, 215036, 181656, 177163, 210278, 62114, 62114, 3553093081
180, 907667, 188638, 204087, 199154, 183602, 66093, 66093, 2691063665
181, 908550, 151307, 248604, 243990, 146949, 58850, 58850, 3787198219
179, 909651, 262064, 131794, 127690, 256961, 65571, 65571, 864299689
182, 907476, 215657, 182408, 178020, 210797, 60297, 60297, 2078163520
184, 908904, 177021, 217916, 212894, 172371, 64351, 64351, 219360599
183, 911347, 186169, 216700, 211668, 181846, 57482, 57482, 1561546048
187, 906868, 149800, 243058, 238110, 145222, 65339, 65339, 2582107039
185, 911868, 242930, 160448, 156171, 237629, 57345, 57345, 3815433808
186, 913086, 192125, 209891, 205034, 187754, 59141, 59141, 4126740891
188, 907753, 169373, 227675, 222822, 164729, 61577, 61577, 2551023067
189, 908040, 225501, 158292, 153906, 220381, 74980, 74980, 541865425
190, 905177, 174526, 214007, 209246, 169716, 68841, 68841, 3860015505
191, 909610, 260838, 134200, 130098, 255638, 64418, 64418, 1728962865
192, 909282, 164354, 238760, 233834, 159988, 56173, 56173, 787035331
193, 910098, 219157, 184342, 179662, 213973, 56482, 56482, 3306640052
198, 903550, 180468, 210500, 205486, 175962, 65567, 65567, 2512828479
197, 906959, 229970, 167185, 162758, 224956, 61045, 61045, 3226341968
195, 907201, 178884, 204593, 199725, 174541, 74729, 74729, 2026612230
194, 908308, 212074, 188650, 184323, 206809, 58226, 58226, 2837585899
196, 907811, 202245, 199925, 195271, 197620, 56375, 56375, 3691662673
199, 909004, 177416, 219019, 214074, 172973, 62761, 62761, 4270019607
201, 909249, 260481, 140856, 136641, 255303, 57984, 57984, 2234362073
202, 909577, 248084, 152179, 147901, 242761, 59326, 59326, 920484836
203, 906473, 170855, 229352, 224291, 166177, 57899, 57899, 3596394272
204, 905209, 188738, 206101, 200979, 183749, 62821, 62821, 3346161846
200, 908117, 235039, 163442, 158978, 229874, 60392, 60392, 2457163716
205, 910802, 193130, 206457, 201615, 188712, 60444, 60444, 3909455150
206, 909423, 181124, 216474, 211482, 176873, 61735, 61735, 1007416517
207, 907159, 164364, 229812, 224571, 159818, 64297, 64297, 2352200839
209, 906973, 232092, 163197, 158749, 227435, 62750, 62750, 1960086905
208, 907593, 242251, 155312, 150724, 237178, 61064, 61064, 3714897524
210, 912053, 218243, 184797, 180581, 213606, 57413, 57413, 2927015868
213, 907842, 188074, 210934, 205622, 183876, 59668, 59668, 1184218902
211, 906605, 162816, 237280, 232529, 158668, 57656, 57656, 1890110439
212, 906722, 220954, 175692, 170887, 216051, 61569, 61569, 2014104307
214, 912082, 217377, 185913, 181658, 212228, 57453, 57453, 2207714818
215, 905865, 202689, 185962, 181375, 197835, 69002, 69002, 2084260674
216, 903961, 183076, 209803, 204426, 178356, 64150, 64150, 778218378
220, 906340, 157359, 244070, 238612, 153127, 56586, 56586, 685664336
219, 908943, 204823, 192529, 187484, 200175, 61966, 61966, 1114621096
217, 907836, 162858, 223325, 218473, 158246, 72467, 72467, 1582813738
221, 907555, 263216, 137721, 133263, 257775, 57790, 57790, 1325505387
218, 907357, 212377, 185483, 181048, 207579, 60435, 60435, 24651509
223, 910360, 206525, 192390, 187774, 201815, 60928, 60928, 713964691
222, 906643, 223843, 176177, 171493, 219062, 58034, 58034, 4116574420
224, 903918, 184628, 207179, 202208, 180031, 64936, 64936, 1994780811
225, 906425, 183935, 209334, 204063, 179143, 64975, 64975, 370367215
226, 905670, 227502, 167208, 162545, 222581, 62917, 62917, 237155267
227, 906229, 187179, 209518, 204744, 182176, 61306, 61306, 3367066926
228, 907637, 202503, 197827, 193119, 197674, 58257, 58257, 3554863236
229, 906522, 152547, 236527, 231141, 148255, 69026, 69026, 227878763
230, 909406, 209069, 187794, 183092, 204657, 62397, 62397, 3027741119
231, 907938, 206071, 195714, 190739, 201144, 57135, 57135, 2296158923
235, 908294, 150081, 249061, 243785, 145535, 59916, 59916, 3807464251
232, 908695, 183686, 196258, 191459, 179034, 79129, 79129, 86909177
234, 908849, 205462, 191478, 186658, 200757, 62247, 62247, 3106282364
233, 908102, 234365, 163003, 158601, 229527, 61303, 61303, 2337006971
238, 909476, 222558, 177700, 172739, 217481, 59499, 59499, 311374255
236, 909048, 220979, 178871, 173660, 216578, 59480, 59480, 1618036785
237, 910432, 187428, 205706, 200557, 183017, 66862, 66862, 1930438168
240, 906028, 177498, 220406, 215488, 173082, 59777, 59777, 853840871
239, 908318, 209170, 194076, 189404, 204496, 55586, 55586, 327914543
241, 905437, 225242, 171828, 167213, 220182, 60486, 60486, 4224117032
243, 907073, 187283, 211404, 206413, 182461, 59756, 59756, 577371991
245, 906515, 202648, 193926, 189283, 198042, 61308, 61308, 3879300269
246, 907982, 186392, 213589, 208438, 182039, 58762, 58762, 3443172432
244, 908189, 213844, 188133, 183228, 209180, 56902, 56902, 2682746796
242, 910637, 144005, 254701, 249993, 139830, 61054, 61054, 3500218089
247, 908563, 178338, 214631, 209914, 174092, 65794, 65794, 861896266
249, 904288, 201207, 197412, 192865, 196136, 58334, 58334, 4185847409
248, 909867, 245951, 152631, 148100, 241187, 60999, 60999, 3667070524
251, 906481, 214230, 181277, 176568, 209492, 62457, 62457, 4233294514
252, 905461, 203765, 189263, 184354, 198517, 64781, 64781, 3045603548
250, 908616, 163913, 239259, 233965, 159559, 55960, 55960, 4254057976
253, 911100, 257030, 141785, 137427, 251954, 61452, 61452, 1207809926
254, 908539, 174438, 226396, 221896, 170253, 57778, 57778, 3859417115
255, 906597, 223859, 175659, 170486, 218771, 58911, 58911, 204928088
256, 906143, 177859, 208457, 203516, 173435, 71438, 71438, 316525140
257, 909130, 228897, 166744, 162132, 224415, 63471, 63471, 3501688069
258, 909580, 241010, 156592, 152143, 236141, 61847, 61847, 325431289
261, 903125, 213299, 182668, 177624, 208236, 60649, 60649, 2094485409
262, 908222, 278993, 123595, 119775, 273743, 56058, 56058, 699523886
260, 906564, 157935, 242458, 237133, 153166, 57936, 57936, 4217042596
259, 909339, 163541, 214920, 210005, 159115, 80879, 80879, 1396079141
265, 906030, 216093, 177802, 172676, 211025, 64217, 64217, 660230038
263, 910235, 203043, 195283, 190588, 198617, 61352, 61352, 529890855
264, 907498, 194908, 195809, 191299, 190432, 67525, 67525, 2689233674
267, 910506, 167320, 234678, 229118, 162816, 58287, 58287, 2404923486
266, 906687, 183619, 211988, 206910, 178922, 62624, 62624, 3297823916
268, 910396, 210229, 190018, 185126, 205173, 59925, 59925, 3130187672
269, 908821, 203817, 191936, 187089, 199045, 63467, 63467, 3658855900
271, 903315, 197653, 193618, 188696, 192726, 65311, 65311, 3684959624
272, 904721, 211506, 186401, 181774, 206534, 59253, 59253, 213890905
270, 910361, 218735, 174099, 169836, 214069, 66811, 66811, 1505154485
273, 911102, 251576, 148870, 144945, 246133, 59789, 59789, 1535401530
275, 910041, 181241, 218948, 214152, 175994, 59853, 59853, 1670843839
276, 906886, 210275, 185094, 180387, 205374, 62878, 62878, 4163367845
274, 908456, 181820, 212273, 207459, 176672, 65116, 65116, 135385189
277, 910023, 189164, 210839, 206002, 184756, 59631, 59631, 831231492
280, 909991, 218257, 178471, 173883, 213458, 62961, 62961, 2045913334
278, 905978, 165032, 229773, 224957, 160402, 62907, 62907, 1216198694
282, 909355, 221654, 179716, 175131, 216556, 58149, 58149, 908463497
281, 909290, 219013, 172493, 167986, 214110, 67844, 67844, 4226357996
279, 905549, 206410, 183463, 178424, 201546, 67853, 67853, 1360408319
283, 906370, 192738, 196234, 191397, 187757, 69122, 69122, 1972959342
284, 908920, 211919, 177530, 172932, 207101, 69719, 69719, 2426286089
286, 907525, 165459, 231468, 226284, 161292, 61511, 61511, 3709497667
285, 902535, 178362, 210636, 205743, 173836, 66979, 66979, 3944524708
287, 909010, 161447, 236544, 231632, 157507, 60940, 60940, 245416705
288, 910362, 184502, 208855, 204346, 180203, 66228, 66228, 164765331
290, 910777, 188004, 213211, 208479, 183519, 58782, 58782, 3933394738
292, 910760, 164552, 231511, 226533, 160194, 63985, 63985, 3787069135
291, 911040, 209436, 192023, 187305, 204744, 58766, 58766, 2519827523
295, 906517, 170330, 227891, 222529, 166087, 59840, 59840, 3082289447
293, 907946, 213724, 183750, 179361, 208629, 61241, 61241, 1495012148
296, 905273, 161380, 236408, 231018, 156811, 59828, 59828, 747407282
289, 913032, 206627, 191082, 186788, 202297, 63119, 63119, 888080834
297, 907352, 231636, 170519, 166033, 226404, 56380, 56380, 2234061111
294, 910528, 203759, 162762, 158739, 199000, 93134, 93134, 738519340
299, 907589, 140294, 263610, 258403, 135704, 54789, 54789, 2558374507
298, 909738, 214790, 183517, 178879, 209818, 61367, 61367, 1536595478
300, 907898, 201291, 196786, 191706, 196591, 60762, 60762, 5549424
302, 908362, 162994, 227180, 222235, 158589, 68682, 68682, 947302256
301, 904518, 212725, 183901, 179300, 207610, 60491, 60491, 2274088700
303, 908678, 229919, 169632, 164793, 225182, 59576, 59576, 885460573
305, 907171, 168059, 223876, 219447, 163817, 65986, 65986, 2158923832
307, 906814, 167046, 231517, 226473, 161930, 59924, 59924, 575303203
304, 905100, 208660, 182084, 177264, 203668, 66712, 66712, 2895324921
309, 907294, 221346, 178454, 173848, 216286, 58680, 58680, 1538608019
306, 912991, 217045, 169052, 164472, 212344, 75039, 75039, 1247614535
311, 907644, 210034, 185916, 181479, 205343, 62436, 62436, 2656296331
308, 911403, 195728, 200483, 195883, 190973, 64168, 64168, 110034298
314, 902992, 166523, 227375, 222622, 161264, 62604, 62604, 918718702
313, 906842, 203391, 195833, 190836, 198820, 58981, 58981, 1260841902
312, 908328, 191510, 202355, 197801, 186888, 64887, 64887, 3201451639
310, 906073, 217730, 177634, 172694, 212945, 62535, 62535, 651480477
316, 909296, 212776, 182519, 178063, 207978, 63980, 63980, 3664732630
315, 907913, 166918, 227192, 222663, 162448, 64346, 64346, 3711914997
317, 908664, 198817, 193939, 189056, 194008, 66422, 66422, 1885933884
318, 911152, 186132, 215192, 210078, 181850, 58950, 58950, 2927685543
319, 903264, 246983, 150814, 146164, 241487, 58908, 58908, 4195780980
320, 910322, 193103, 208248, 203652, 188347, 58486, 58486, 3108180375
321, 911451, 224720, 176597, 172036, 219858, 59120, 59120, 2332950477
322, 909148, 186898, 212063, 207048, 182313, 60413, 60413, 3391769509
323, 906783, 198240, 191825, 187426, 193432, 67930, 67930, 1389849200
327, 906894, 238431, 158626, 154268, 233161, 61204, 61204, 3453126956
328, 904681, 194636, 201319, 196411, 189533, 61391, 61391, 2579545909
324, 911172, 218650, 177168, 172560, 213980, 64407, 64407, 64246112
326, 910047, 211381, 187193, 183125, 206436, 60956, 60956, 414320544
325, 907712, 197114, 203547, 198941, 192558, 57776, 57776, 2239867150
330, 903579, 211730, 175043, 170157, 206311, 70169, 70169, 2441641827
329, 902606, 230956, 157587, 152619, 225964, 67740, 67740, 2614482371
334, 907411, 172596, 224630, 219632, 167865, 61344, 61344, 3899917290
331, 906021, 171182, 224489, 219663, 166605, 62041, 62041, 370820883
333, 905500, 232617, 158566, 154087, 227254, 66488, 66488, 3302447065
332, 912071, 218714, 184519, 179905, 213965, 57484, 57484, 3637681450
335, 907749, 220888, 173140, 168675, 216032, 64507, 64507, 1538610035
337, 910910, 172910, 229967, 225274, 168455, 57152, 57152, 3706689992
336, 904680, 210299, 177421, 172550, 205344, 69533, 69533, 716655173
338, 903661, 205439, 177458, 172726, 200528, 73755, 73755, 1856774315
339, 908721, 145839, 252418, 247444, 141714, 60653, 60653, 3288030317
340, 907506, 178219, 217241, 212050, 173284, 63356, 63356, 3068340781
342, 905655, 224402, 174228, 169740, 219371, 58957, 58957, 735801441
341, 906966, 162824, 235304, 230166, 158388, 60142, 60142, 1134157532
344, 905550, 114128, 286399, 280772, 110087, 57082, 57082, 130043137
345, 909694, 153421, 241881, 237134, 148780, 64239, 64239, 326329833
346, 908139, 196735, 201920, 196851, 192099, 60267, 60267, 2743515263
343, 909989, 236102, 161308, 156881, 231190, 62254, 62254, 4088282112
350, 906781, 172735, 228053, 223278, 168395, 57160, 57160, 3552977141
348, 907894, 186338, 212806, 208425, 181475, 59425, 59425, 3378617243
349, 906591, 208211, 190005, 185669, 202924, 59891, 59891, 1232464730
347, 907192, 192654, 209405, 204457, 188100, 56288, 56288, 2814147426
351, 902284, 193403, 200844, 195641, 188462, 61967, 61967, 864613739
352, 907373, 237767, 162369, 157812, 232975, 58225, 58225, 2160486177
353, 908277, 216188, 183721, 179345, 210913, 59055, 59055, 2667058728
354, 909635, 280924, 117969, 113508, 275912, 60661, 60661, 3335980222
357, 910115, 144135, 253829, 248975, 139754, 61711, 61711, 3883695819
355, 909316, 188022, 211330, 206599, 183153, 60106, 60106, 4251933183
356, 907446, 161667, 239993, 234756, 157266, 56882, 56882, 2471207040
358, 910757, 222962, 177072, 172191, 218220, 60156, 60156, 2162179759
360, 910498, 157055, 247812, 242723, 152716, 55096, 55096, 1707295898
359, 906737, 212708, 183531, 178780, 208044, 61837, 61837, 1320039096
362, 905258, 209705, 187381, 182770, 204758, 60322, 60322, 1007644175
361, 910597, 222420, 175825, 171415, 217601, 61668, 61668, 209730766
363, 908519, 189248, 209016, 204354, 184497, 60702, 60702, 4044174885
366, 906866, 180580, 214973, 209771, 175958, 62792, 62792, 2207970838
364, 905309, 168624, 228319, 223303, 163915, 60574, 60574, 2326487829
365, 907804, 195019, 199801, 195432, 190190, 63681, 63681, 1249001994
367, 906326, 151724, 240221, 234951, 147248, 66091, 66091, 104631576
368, 913122, 159535, 237581, 232864, 155552, 63795, 63795, 148356467
370, 907944, 172393, 224077, 219128, 167862, 62242, 62242, 3240014839
369, 910362, 235221, 163103, 158462, 230462, 61557, 61557, 3755118246
374, 903507, 193940, 199758, 194993, 188906, 62955, 62955, 1705601369
372, 903799, 185245, 180896, 175940, 180328, 90695, 90695, 1173879004
375, 908092, 118516, 280042, 274977, 114365, 60096, 60096, 2734032375
373, 907679, 197177, 194400, 189886, 192810, 66703, 66703, 1493121386
371, 908278, 232005, 159628, 155234, 227175, 67118, 67118, 1858375794
377, 907773, 193830, 207377, 202543, 189321, 57351, 57351, 1171261096
378, 908407, 155502, 242868, 238076, 151305, 60328, 60328, 1344835713
376, 913028, 249417, 155820, 151331, 244638, 55911, 55911, 203267044
379, 908011, 194169, 200554, 196190, 189756, 63671, 63671, 4094314460
380, 905956, 182052, 214982, 209745, 177271, 60953, 60953, 3361642528
381, 907890, 191442, 207309, 202464, 187031, 59822, 59822, 660472361
383, 902883, 249147, 147572, 143352, 243748, 59532, 59532, 2581372455
384, 909936, 149165, 250408, 244945, 144752, 60333, 60333, 648744140
382, 906943, 231437, 164099, 159269, 226416, 62861, 62861, 506276293
385, 907706, 250202, 145679, 141164, 245257, 62702, 62702, 2129133135
386, 906872, 150859, 250834, 245418, 146019, 56871, 56871, 3318677142
387, 908697, 222877, 177786, 173264, 217932, 58419, 58419, 2907858097
388, 906207, 232864, 155265, 150765, 228111, 69601, 69601, 3048705485
389, 911214, 159642, 231189, 226395, 155158, 69415, 69415, 1526520618
392, 909243, 199757, 200462, 195612, 194998, 59207, 59207, 3733995219
391, 906775, 236069, 161866, 157408, 230964, 60234, 60234, 2133634387
393, 911963, 230984, 172773, 168511, 225615, 57040, 57040, 3854572687
390, 908779, 194469, 207173, 202527, 189856, 57377, 57377, 3292263558
394, 908540, 222254, 174903, 170254, 217891, 61619, 61619, 3509814059
395, 906669, 244170, 153984, 149516, 239029, 59985, 59985, 3332534913
396, 907166, 219773, 177926, 173349, 214812, 60653, 60653, 898718849
398, 911252, 219556, 177811, 173619, 214866, 62700, 62700, 1364899287
397, 911389, 223475, 170676, 166191, 218981, 66033, 66033, 2295462508
399, 912113, 216593, 188009, 183723, 211990, 55899, 55899, 4057304555
400, 908870, 168025, 226290, 221366, 163487, 64851, 64851, 574873501
401, 907265, 257544, 142351, 138185, 251987, 58599, 58599, 3744689150
403, 906689, 182165, 214955, 209983, 177206, 61190, 61190, 3171775355
402, 906842, 167955, 228435, 223559, 163581, 61656, 61656, 2717249206
404, 906169, 188106, 205073, 199935, 183609, 64723, 64723, 2905330741
405, 908999, 233994, 160890, 156354, 229115, 64323, 64323, 3614292850
406, 906447, 200467, 200493, 195889, 195740, 56929, 56929, 700552971
407, 909326, 172548, 230471, 226081, 168076, 56075, 56075, 4273517801
410, 903247, 168965, 228155, 223144, 164447, 59268, 59268, 3996344691
408, 906830, 142508, 255284, 250032, 138102, 60452, 60452, 2139760637
411, 906594, 218559, 174528, 169592, 213587, 65164, 65164, 3826633084
412, 906931, 203890, 189963, 184841, 198875, 64681, 64681, 1626582562
409, 909370, 200771, 198337, 193878, 196158, 60113, 60113, 2082514583
413, 905715, 201603, 195731, 190904, 196817, 60330, 60330, 430913766
415, 907568, 169655, 223349, 218497, 165137, 65465, 65465, 1047445648
414, 905418, 182110, 207931, 203214, 177359, 67402, 67402, 1240977867
416, 904491, 204540, 191450, 186788, 199805, 60954, 60954, 3639971356
417, 905378, 301257, 100168, 95933, 295750, 56135, 56135, 478792451
418, 907743, 228722, 168276, 163542, 223863, 61670, 61670, 2529327918
419, 907929, 167747, 226884, 222119, 163281, 63949, 63949, 4214721229
421, 907758, 203045, 193614, 188597, 198274, 62114, 62114, 4015353906
425, 905707, 172178, 225450, 220247, 167480, 60176, 60176, 2502025821
420, 908707, 163598, 234939, 229581, 159199, 60695, 60695, 1317695909
422, 906994, 246419, 153431, 149103, 241267, 58387, 58387, 2253266127
427, 908216, 238320, 159286, 154663, 233493, 61227, 61227, 1648219113
423, 907104, 206159, 191246, 186124, 201475, 61050, 61050, 2273325599
426, 907350, 151559, 249536, 244257, 147074, 57462, 57462, 12631346
428, 905837, 141909, 250056, 244704, 137558, 65805, 65805, 1388506916
424, 907052, 190076, 208220, 203170, 185278, 60154, 60154, 999492112
430, 907080, 190838, 202591, 197569, 185964, 65059, 65059, 741024682
432, 909505, 206432, 192958, 188139, 201628, 60174, 60174, 3343043638
429, 912132, 196861, 198937, 194252, 192160, 64961, 64961, 2738133308
431, 912878, 151870, 248445, 243485, 147722, 60678, 60678, 1569982759
433, 906625, 180617, 206422, 201658, 176158, 70885, 70885, 2638412804
434, 905378, 206620, 181220, 176429, 202131, 69489, 69489, 3156371846
436, 905311, 194500, 197401, 192627, 189327, 65728, 65728, 3310495929
435, 906415, 165461, 233426, 228077, 160847, 59302, 59302, 1348065927
437, 908663, 182029, 218743, 214122, 177275, 58247, 58247, 632575758
439, 909782, 152815, 243013, 237636, 148326, 63996, 63996, 352619197
438, 910303, 178951, 216800, 211925, 174115, 64256, 64256, 4089330812
443, 904915, 193295, 202334, 197473, 188691, 61561, 61561, 2543537648
440, 905606, 213322, 177607, 172547, 208840, 66645, 66645, 371244371
446, 906681, 139782, 252954, 247083, 135360, 65751, 65751, 4166976102
442, 909527, 220401, 177272, 172554, 215634, 61833, 61833, 629616909
445, 910594, 212901, 188263, 183635, 208487, 58654, 58654, 2315191064
441, 909398, 191196, 201991, 197627, 186918, 65833, 65833, 388998943
447, 910548, 172982, 223765, 219210, 168349, 63121, 63121, 3660806582
449, 910223, 117008, 286980, 281903, 112840, 55746, 55746, 1142117995
444, 906246, 269901, 126591, 122298, 264706, 61375, 61375, 242972611
448, 908565, 201772, 187765, 183063, 197001, 69482, 69482, 1142886114
450, 910784, 189240, 213732, 209191, 184469, 57076, 57076, 3536691079
451, 906932, 186661, 205666, 200580, 181697, 66164, 66164, 2239678503
452, 908615, 184078, 217138, 212483, 179490, 57713, 57713, 159219783
453, 910717, 174095, 223149, 218266, 169647, 62780, 62780, 1095923898
455, 912994, 200951, 199020, 194601, 196844, 60789, 60789, 1102909630
454, 903996, 181525, 217150, 211937, 176540, 58422, 58422, 7616755
456, 909578, 173583, 220996, 216425, 169060, 64757, 64757, 2894228200
457, 907063, 131986, 268231, 263086, 127862, 57949, 57949, 2195188146
461, 908985, 176075, 224746, 220066, 171910, 58094, 58094, 3479126200
458, 910373, 282148, 119971, 115947, 277187, 57560, 57560, 3908355509
460, 908596, 198895, 200873, 195879, 194059, 59445, 59445, 885845143
462, 906916, 194301, 198112, 193239, 189256, 66004, 66004, 388759315
463, 905951, 166746, 232091, 226963, 162053, 59049, 59049, 4275833047
459, 908485, 208278, 187763, 182989, 203951, 62752, 62752, 542785012
466, 907731, 171201, 217503, 212495, 166572, 69980, 69980, 793422743
465, 907661, 200974, 193309, 188582, 196074, 64361, 64361, 3352494396
467, 908403, 176301, 219979, 215046, 171941, 62568, 62568, 1055789536
468, 905735, 168649, 223633, 218666, 164401, 65193, 65193, 3663693835
469, 905386, 209107, 184922, 179843, 204256, 63629, 63629, 3432471199
470, 908196, 204001, 196599, 192228, 198964, 58202, 58202, 3589586814
471, 910435, 215074, 186703, 182176, 210208, 58137, 58137, 2125790622
464, 910469, 210712, 172659, 168344, 206228, 76263, 76263, 252665472
472, 910765, 204032, 195884, 191101, 199396, 60176, 60176, 2121345623
473, 904838, 212675, 183042, 178304, 207805, 61506, 61506, 4189979650
474, 907212, 220674, 175644, 171271, 215501, 62061, 62061, 2055449525
475, 907740, 198106, 195266, 190476, 193310, 65291, 65291, 1374319034
477, 907079, 228724, 165270, 160795, 223896, 64197, 64197, 3262264575
479, 904689, 164555, 225772, 220249, 159855, 67129, 67129, 2776627129
476, 909445, 200898, 189531, 185187, 196101, 68864, 68864, 2265927013
478, 908196, 229025, 164667, 160122, 223836, 65273, 65273, 1497950407
480, 908940, 194530, 198573, 193872, 189993, 65986, 65986, 4055695802
481, 901735, 249689, 142393, 137601, 244536, 63758, 63758, 996574417
483, 904811, 219918, 165481, 160858, 214616, 71969, 71969, 3562861558
484, 908642, 232315, 165746, 161283, 227236, 61031, 61031, 1933582636
482, 904065, 191896, 201142, 196418, 187423, 63593, 63593, 1221924256
487, 905943, 159036, 235640, 230818, 154637, 62906, 62906, 438788126
485, 906512, 174636, 223341, 218371, 170202, 59981, 59981, 1572939842
488, 912475, 136636, 267760, 262946, 132707, 56213, 56213, 3889606594
489, 909961, 212947, 189185, 184202, 207829, 57899, 57899, 1605990553
486, 913468, 219192, 178463, 174187, 214560, 63533, 63533, 220605696
490, 907092, 226443, 171049, 166651, 221473, 60738, 60738, 3338377109
493, 906088, 188293, 200681, 195626, 183282, 69103, 69103, 826969028
494, 905860, 210173, 183830, 178969, 205238, 63825, 63825, 2559663537
492, 910163, 236748, 162303, 157869, 232143, 60550, 60550, 308051984
491, 910079, 225543, 165070, 160272, 220622, 69286, 69286, 2822842851
495, 908893, 200674, 193958, 189395, 195718, 64574, 64574, 1688877073
496, 904076, 255752, 143061, 138485, 250688, 58045, 58045, 2021933439
497, 910396, 228547, 170986, 166619, 223336, 60454, 60454, 1813359409
498, 908154, 217677, 183332, 178798, 212877, 57735, 57735, 2950146905
499, 909471, 132737, 268981, 263768, 128155, 57915, 57915, 3986555636
500, 909022, 227554, 173130, 168442, 222364, 58766, 58766, 1508849087
502, 904540, 175972, 222690, 217605, 170719, 58777, 58777, 3007277225
501, 910509, 261945, 130949, 126852, 256913, 66925, 66925, 1473680935
503, 907871, 171965, 227287, 222411, 167208, 59500, 59500, 1676521636
505, 907662, 180006, 214672, 209952, 175672, 63680, 63680, 544219124
504, 910353, 221324, 170934, 166712, 216735, 67324, 67324, 3557959252
506, 907793, 209295, 186849, 182271, 204794, 62292, 62292, 3143585555
507, 907162, 261733, 135994, 131626, 256571, 60619, 60619, 133644537
510, 907107, 197523, 199121, 194287, 192746, 61715, 61715, 394050744
508, 908455, 182600, 213270, 208159, 177826, 63300, 63300, 3165963484
509, 906457, 135530, 258706, 253403, 131228, 63795, 63795, 4291414349
511, 908709, 202168, 195616, 191087, 197342, 61248, 61248, 70672751
512, 911982, 230228, 168189, 163447, 225312, 62403, 62403, 1767408685
513, 902950, 201110, 195417, 189989, 196048, 60193, 60193, 451612402
517, 905677, 222746, 170725, 166230, 217620, 64178, 64178, 535320663
516, 903973, 169414, 201540, 196444, 164817, 85879, 85879, 3365446236
514, 908764, 178728, 209353, 205017, 174134, 70766, 70766, 2815922848
515, 910150, 203278, 187640, 183225, 198741, 68633, 68633, 2868362186
520, 907595, 136542, 264696, 259427, 132128, 57401, 57401, 2368731867
518, 907705, 225855, 175674, 171082, 221278, 56908, 56908, 3609406293
521, 912167, 187085, 216067, 211425, 182808, 57391, 57391, 1667159499
519, 904494, 171523, 222505, 217683, 166905, 62939, 62939, 2597816356
523, 909002, 197795, 199702, 195156, 193193, 61578, 61578, 1489441456
522, 909103, 223908, 171219, 166762, 219122, 64046, 64046, 3491972951
527, 901956, 201127, 191893, 186476, 196108, 63176, 63176, 969015664
524, 909763, 227164, 167233, 163004, 222326, 65018, 65018, 3779152759
525, 910088, 212553, 185073, 180730, 207600, 62066, 62066, 115643144
526, 910669, 214235, 187486, 183038, 209694, 58108, 58108, 1311102728
529, 905385, 209724, 174545, 169871, 204941, 73152, 73152, 2241304483
530, 908486, 217545, 166029, 161177, 212721, 75507, 75507, 262904713
532, 904786, 189164, 204126, 199302, 184258, 63968, 63968, 1162639757
531, 907031, 238184, 163423, 159203, 233009, 56606, 56606, 3061019380
528, 907574, 258568, 138241, 134018, 253613, 61567, 61567, 285129499
533, 911107, 193389, 207217, 202632, 188529, 59670, 59670, 4089070974
534, 906719, 147706, 248513, 243637, 143165, 61849, 61849, 3994564031
536, 908242, 218991, 182061, 177209, 214249, 57866, 57866, 22975723
535, 908117, 186051, 204693, 200289, 181458, 67813, 67813, 3668921263
537, 905145, 198300, 193241, 188468, 193888, 65624, 65624, 2406749830
538, 909309, 171953, 217802, 212981, 167261, 69656, 69656, 95388038
539, 909384, 154562, 242594, 237344, 150006, 62439, 62439, 1981717754
541, 908704, 194324, 200767, 195950, 189449, 64107, 64107, 21371723
540, 907263, 193742, 203301, 198361, 188783, 61538, 61538, 3710954516
542, 908325, 195799, 197735, 192982, 191159, 65325, 65325, 257651823
547, 904441, 232685, 159655, 155264, 227183, 64827, 64827, 3901170518
544, 904092, 201616, 196066, 191232, 196880, 59149, 59149, 948753762
548, 908998, 175358, 220254, 215297, 170965, 63562, 63562, 2143157706
543, 907430, 223384, 153445, 148909, 218300, 81696, 81696, 2508179932
545, 909816, 245167, 155299, 150858, 240438, 59027, 59027, 3442393989
546, 910870, 247510, 155235, 150806, 242729, 57295, 57295, 1840094159
549, 907376, 221129, 177415, 172631, 216239, 59981, 59981, 2229369704
550, 912101, 176628, 223779, 218771, 172233, 60345, 60345, 2366415897
551, 909138, 187220, 209856, 205138, 182844, 62040, 62040, 598535100
553, 907024, 242685, 154067, 149588, 237250, 61717, 61717, 1539015620
554, 906837, 131754, 266630, 261646, 127595, 59606, 59606, 1965725711
557, 906635, 213596, 181509, 176677, 208919, 62967, 62967, 2972534350
555, 910185, 202070, 201750, 197501, 197594, 55635, 55635, 4103678429
556, 908657, 182493, 214082, 209230, 177902, 62475, 62475, 2329718638
558, 910081, 151571, 248105, 242729, 147298, 60189, 60189, 3837644882
552, 907507, 191770, 203220, 198515, 187172, 63415, 63415, 4047881934
559, 908496, 201382, 195184, 190779, 196509, 62321, 62321, 3053769821
560, 909134, 218780, 182342, 177833, 213645, 58267, 58267, 4205527523
561, 909416, 160545, 239666, 235051, 156394, 58880, 58880, 1672780277
562, 906707, 172664, 223956, 219084, 167935, 61534, 61534, 3652097047
563, 905851, 182980, 212670, 208018, 178447, 61868, 61868, 476324489
564, 905390, 184422, 212423, 207860, 179487, 60599, 60599, 251335896
567, 909036, 159605, 241006, 236127, 155390, 58454, 58454, 1611058166
565, 907882, 190930, 207374, 202213, 186381, 60492, 60492, 4168089285
566, 908639, 256657, 141922, 137918, 251188, 60477, 60477, 2483037762
569, 907420, 207597, 184618, 179962, 202537, 66353, 66353, 3364901466
571, 905236, 144137, 250228, 245299, 139730, 62921, 62921, 1448034394
568, 910556, 246988, 121138, 116844, 242212, 91687, 91687, 3940946566
572, 905896, 211552, 186137, 181258, 206589, 60180, 60180, 589437246
570, 907363, 193872, 200262, 195469, 189470, 64145, 64145, 3921591580
573, 908521, 201640, 192937, 188357, 196871, 64358, 64358, 3129831776
577, 906451, 241703, 157420, 152821, 236163, 59172, 59172, 873441811
575, 908083, 217639, 172924, 168242, 212808, 68235, 68235, 1428971480
576, 905837, 218185, 182640, 177858, 213072, 57041, 57041, 976320155
574, 911833, 192583, 205366, 200551, 188143, 62595, 62595, 3657527690
578, 908459, 210229, 186921, 182053, 205432, 61912, 61912, 3833806258
581, 907866, 167060, 230028, 225006, 162488, 61642, 61642, 2283178656
580, 907024, 191082, 206197, 201536, 186127, 61041, 61041, 3335848198
583, 905429, 218632, 179625, 174880, 213716, 59288, 59288, 214667497
582, 907706, 195813, 202751, 197880, 190772, 60245, 60245, 1387227216
584, 909648, 200289, 200700, 196392, 195493, 58387, 58387, 3084987699
579, 906404, 180100, 210807, 205966, 175327, 67102, 67102, 1185676821
586, 903900, 162315, 222710, 217885, 157636, 71677, 71677, 2501432872
585, 908913, 257617, 136713, 132633, 252492, 64729, 64729, 2562912484
589, 906431, 177856, 207076, 202211, 173248, 73020, 73020, 1814759126
588, 909927, 178351, 218574, 213965, 173571, 62733, 62733, 3245617721
587, 909272, 203521, 189377, 185139, 198927, 66154, 66154, 2765804903
590, 904870, 152795, 246660, 241645, 148098, 57836, 57836, 1943624725
591, 909881, 218903, 181926, 177412, 213670, 58985, 58985, 107671928
593, 905582, 217987, 173408, 168945, 212718, 66262, 66262, 2084958621
596, 903950, 235256, 157797, 153110, 229869, 63959, 63959, 1630465580
592, 912457, 145345, 254216, 249320, 140960, 61308, 61308, 1258744509
594, 910485, 261541, 136274, 131945, 255697, 62514, 62514, 2795338397
595, 908353, 285027, 120782, 116531, 279725, 53144, 53144, 892113348
598, 908721, 158718, 244819, 239912, 154072, 55600, 55600, 2110213478
597, 904568, 240759, 160242, 155952, 235927, 55844, 55844, 2288157031
599, 905920, 206035, 193299, 188536, 201276, 58387, 58387, 4128162440
600, 907800, 179506, 216069, 211369, 175048, 62904, 62904, 2908835629
601, 910823, 229636, 160812, 156425, 224394, 69778, 69778, 2928996173
602, 907413, 201044, 193268, 188416, 196551, 64067, 64067, 3022023106
603, 908093, 221904, 177837, 173431, 217025, 58948, 58948, 939692472
604, 909895, 209098, 190322, 185871, 204464, 60070, 60070, 1553098020
606, 904126, 188118, 205573, 200580, 183265, 63295, 63295, 3195619610
609, 906287, 180942, 217927, 212966, 175922, 59265, 59265, 2607328603
611, 907636, 171799, 224561, 219459, 166859, 62479, 62479, 1475549634
608, 908675, 195285, 205782, 201061, 190383, 58082, 58082, 3978472063
610, 906789, 172774, 225416, 220290, 168305, 60002, 60002, 780442181
607, 908140, 228415, 164183, 159673, 223561, 66154, 66154, 609004352
605, 907358, 213717, 170446, 165909, 208992, 74147, 74147, 2831035372
612, 905630, 237407, 163604, 158942, 232083, 56797, 56797, 3055553339
613, 906151, 201746, 195049, 190157, 197071, 61064, 61064, 1665700541
615, 906713, 194081, 194920, 190074, 189790, 68924, 68924, 1934371218
614, 906562, 239814, 155414, 150723, 234993, 62809, 62809, 602694411
617, 907898, 182506, 212229, 207346, 178171, 63823, 63823, 3962717775
616, 908991, 222096, 172987, 168503, 216993, 64206, 64206, 2344516561
618, 906065, 182943, 205677, 200703, 178072, 69335, 69335, 4050143724
620, 908639, 199898, 195922, 191157, 194854, 63404, 63404, 3327411717
621, 908871, 201656, 196308, 191811, 196670, 61213, 61213, 1928850294
619, 910223, 193437, 210361, 205461, 189028, 55968, 55968, 628163079
623, 910645, 196800, 203524, 198766, 192199, 59678, 59678, 2293777205
622, 906623, 223662, 174627, 170250, 218640, 59722, 59722, 3505896094
627, 908184, 230954, 167261, 162923, 226188, 60429, 60429, 4141337033
624, 905643, 206077, 188137, 182974, 200933, 63761, 63761, 3885243649
628, 907101, 244652, 149672, 145021, 239614, 64071, 64071, 3237591229
626, 908088, 179406, 214085, 209528, 174977, 65046, 65046, 250048387
630, 905802, 261376, 139599, 135159, 255864, 56902, 56902, 1556613314
629, 906885, 264120, 130297, 126227, 259281, 63480, 63480, 2442272833
625, 909942, 275329, 125941, 121549, 270131, 58496, 58496, 1494096402
631, 905994, 173953, 221848, 217040, 169199, 61977, 61977, 4108342977
634, 904155, 183010, 209023, 204026, 178034, 65031, 65031, 3490303717
632, 908571, 195017, 202046, 197417, 190015, 62038, 62038, 3374928508
636, 907756, 215387, 172743, 168219, 210405, 70501, 70501, 184722924
637, 901726, 164223, 227028, 221401, 159726, 64674, 64674, 3459994985
633, 915256, 248182, 160226, 155840, 243560, 53724, 53724, 3444321730
639, 907888, 138651, 262623, 257458, 134266, 57445, 57445, 924645604
638, 909248, 170244, 227379, 221924, 165803, 61949, 61949, 3857806043
641, 907497, 139253, 258867, 253593, 134862, 60461, 60461, 435876301
642, 909068, 149563, 245382, 240679, 145100, 64172, 64172, 2564555716
635, 907368, 219521, 177377, 172190, 214380, 61950, 61950, 3316655669
645, 906231, 205305, 192230, 187207, 200115, 60687, 60687, 1693060857
640, 907768, 245958, 151623, 147440, 240741, 61003, 61003, 4032824195
643, 906180, 167141, 227889, 222994, 162454, 62851, 62851, 440159764
646, 906485, 175095, 226264, 221215, 170411, 56750, 56750, 1230174363
644, 908533, 150419, 248836, 243704, 146114, 59730, 59730, 375919612
647, 911263, 238204, 161751, 157388, 233574, 60173, 60173, 3921962254
648, 908686, 230400, 168999, 164334, 225787, 59583, 59583, 284519247
649, 902314, 257991, 137325, 132893, 252457, 60824, 60824, 2270465292
650, 909366, 146889, 252373, 247733, 142619, 59876, 59876, 4045155422
651, 906826, 178681, 223296, 218657, 174324, 55934, 55934, 1207031515
652, 910936, 237710, 152022, 147654, 233094, 70228, 70228, 3387308070
653, 908614, 217170, 183890, 179264, 212162, 58064, 58064, 3851033000
654, 907440, 153877, 242288, 237400, 149531, 62172, 62172, 3171371982
656, 904307, 185934, 206879, 201624, 180762, 64554, 64554, 2731239865
655, 906599, 231362, 165204, 160736, 226133, 61582, 61582, 827328526
660, 903064, 186032, 205955, 200725, 181180, 64586, 64586, 3253934106
658, 905402, 190511, 205058, 200205, 185690, 61969, 61969, 2141559963
659, 906997, 198203, 197206, 192501, 193369, 62859, 62859, 2868389046
662, 906724, 235948, 156074, 151575, 230641, 66243, 66243, 1222082442
661, 906006, 219482, 181865, 177174, 214185, 56650, 56650, 4107658704
657, 908704, 240480, 152048, 147928, 235384, 66432, 66432, 4217613273
663, 908578, 231376, 161656, 157047, 226547, 65976, 65976, 2840544179
664, 907990, 204322, 194036, 189047, 199329, 60628, 60628, 4229846022
665, 908706, 174644, 221099, 216233, 169998, 63366, 63366, 1974456998
667, 909610, 229419, 171435, 167001, 224243, 58756, 58756, 2671725951
666, 906059, 202883, 182769, 177915, 197964, 72264, 72264, 1224291839
668, 908736, 199515, 197095, 192231, 194431, 62732, 62732, 433289907
671, 907745, 214026, 179953, 175465, 209139, 64581, 64581, 3756599273
669, 908674, 251696, 149732, 145252, 246876, 57559, 57559, 2040618044
672, 908368, 189052, 206226, 201316, 184708, 63533, 63533, 226361689
677, 902177, 191648, 204453, 199201, 186781, 60047, 60047, 2670104735
673, 909648, 252040, 147504, 143188, 247184, 59866, 59866, 1110962602
670, 912478, 276885, 120532, 116654, 272277, 63065, 63065, 3256030922
675, 907621, 246363, 152733, 148346, 241101, 59539, 59539, 1809714839
674, 905441, 179305, 219460, 214552, 174366, 58879, 58879, 3316344470
678, 905606, 162375, 233190, 227704, 157931, 62203, 62203, 3679825865
676, 903389, 200471, 196674, 191601, 195729, 59457, 59457, 1029516562
680, 907065, 161017, 238651, 233079, 156544, 58887, 58887, 2666178741
679, 908673, 226870, 161490, 156639, 221614, 71030, 71030, 2601551937
682, 904353, 174275, 217649, 212896, 169753, 64890, 64890, 878745940
681, 911495, 182722, 219135, 214679, 178433, 58263, 58263, 2282546084
683, 908101, 227342, 171640, 167431, 222848, 59420, 59420, 3838572041
684, 902743, 193556, 198931, 194367, 188881, 63504, 63504, 3523070315
687, 907750, 183835, 214851, 210101, 179085, 59939, 59939, 3276702659
690, 905647, 198829, 196664, 192013, 193979, 62081, 62081, 31456978
686, 909839, 232625, 168234, 163867, 227575, 58769, 58769, 3985067731
685, 910465, 190329, 213683, 209113, 185894, 55723, 55723, 1620313353
689, 903642, 189505, 202916, 197776, 184865, 64290, 64290, 729819007
688, 906476, 211674, 179666, 175099, 206649, 66694, 66694, 2826430453
691, 908024, 193889, 198221, 193287, 189063, 66782, 66782, 1551979066
693, 907327, 208973, 185993, 181667, 203618, 63538, 63538, 20726389
692, 908522, 246072, 154004, 149360, 241272, 58907, 58907, 1243053752
694, 908518, 180951, 218593, 214061, 176337, 59288, 59288, 685894706
697, 909238, 155438, 246137, 241307, 151352, 57502, 57502, 2678160940
695, 911478, 197358, 204458, 199770, 193028, 58432, 58432, 1308671686
698, 911643, 228271, 172349, 167857, 223260, 59953, 59953, 1108395427
696, 908582, 242661, 158546, 154417, 237598, 57680, 57680, 1565511228
699, 903895, 240466, 156878, 151881, 235106, 59782, 59782, 1054720757
700, 907445, 227309, 168885, 164233, 222244, 62387, 62387, 1825140307
701, 913085, 200820, 197394, 192660, 196305, 62953, 62953, 4111812186
705, 908676, 214229, 184037, 179175, 209207, 61014, 61014, 1527383508
703, 908276, 218281, 180073, 175477, 213321, 60562, 60562, 2544915639
707, 910053, 147884, 247189, 241983, 143523, 64737, 64737, 2171861216
708, 909338, 240041, 158376, 153703, 234896, 61161, 61161, 3095426063
706, 904939, 198881, 192782, 188216, 193748, 65656, 65656, 4055790509
709, 910916, 188038, 204585, 200049, 183678, 67283, 67283, 3642774194
710, 905391, 204704, 189039, 184472, 199658, 63759, 63759, 1094635708
702, 909431, 178680, 221759, 217124, 174084, 58892, 58892, 2233444682
704, 909951, 198217, 204966, 200049, 193761, 56479, 56479, 2729789993
713, 908101, 186222, 207651, 202714, 181354, 65080, 65080, 302739364
712, 908965, 222317, 176893, 172490, 217205, 60030, 60030, 3341616834
711, 911529, 171356, 216850, 212187, 167002, 72067, 72067, 860440402
714, 906286, 195413, 197092, 192363, 190566, 65426, 65426, 3885939844
716, 906335, 173232, 226202, 220947, 168142, 58906, 58906, 3319497480
715, 907201, 251670, 143720, 139401, 246958, 62726, 62726, 1479804629
719, 909373, 167854, 231717, 226722, 163250, 59915, 59915, 3626704532
721, 906582, 213702, 180675, 176129, 208610, 63733, 63733, 2072906473
717, 906811, 230336, 163752, 159450, 225257, 64008, 64008, 1915640579
718, 905405, 208089, 183573, 178993, 202978, 65886, 65886, 731762889
722, 908169, 129493, 271305, 265876, 125237, 58129, 58129, 1221996785
720, 909361, 146265, 256233, 251159, 141766, 56969, 56969, 790712587
725, 907871, 157227, 236398, 231493, 152887, 64933, 64933, 823127062
723, 905240, 206556, 189565, 184467, 201726, 61463, 61463, 1264712965
724, 912818, 267389, 138074, 133737, 262762, 55428, 55428, 570592516
727, 906788, 215419, 186605, 181640, 210522, 56301, 56301, 626294064
726, 912656, 193473, 206422, 201900, 188911, 60975, 60975, 1780761305
730, 905428, 189529, 205852, 200880, 184725, 62221, 62221, 3546110076
728, 912999, 235337, 166206, 161798, 230690, 59484, 59484, 4197932778
729, 906734, 217500, 179032, 174287, 212733, 61591, 61591, 2877273654
731, 907451, 169358, 221453, 216526, 164820, 67647, 67647, 2471139152
732, 907327, 255404, 138448, 134100, 250443, 64466, 64466, 3868969662
733, 912894, 207485, 195653, 190738, 202854, 58082, 58082, 4145118572
735, 908685, 161392, 233921, 228735, 156803, 63917, 63917, 4024724321
736, 907780, 225994, 173119, 168547, 220736, 59692, 59692, 670188396
737, 906400, 195717, 194519, 190121, 190671, 67686, 67686, 4256314719
734, 905903, 236523, 161994, 157540, 231546, 59150, 59150, 2620250909
738, 910012, 140516, 255353, 250195, 136038, 63955, 63955, 794747813
740, 909001, 193318, 206967, 202221, 188865, 58815, 58815, 1738135988
741, 905226, 224455, 171702, 167338, 219415, 61158, 61158, 742638473
742, 909349, 196874, 197394, 192634, 191831, 65308, 65308, 2755438924
739, 912576, 220339, 184491, 179607, 215951, 56094, 56094, 1563506691
743, 907240, 223172, 176427, 171913, 218374, 58677, 58677, 424108430
745, 909321, 139789, 259267, 254215, 135190, 60430, 60430, 510912830
746, 908069, 224213, 170594, 165971, 219189, 64051, 64051, 2439157604
747, 906839, 227185, 172084, 167556, 222082, 58966, 58966, 2625569995
748, 912244, 179114, 219097, 214533, 174336, 62582, 62582, 3436267451
744, 904080, 222930, 170835, 166216, 217573, 63263, 63263, 794035832
749, 911626, 154710, 246479, 241542, 150357, 59269, 59269, 1126592173
752, 909891, 179492, 218093, 213357, 174541, 62204, 62204, 2525787618
751, 905375, 162744, 227254, 222581, 157904, 67446, 67446, 1798173696
753, 909521, 170064, 227362, 222453, 165858, 61892, 61892, 2182282003
750, 906941, 233564, 162872, 158587, 228668, 61625, 61625, 1310678619
754, 908888, 205745, 190133, 185391, 200513, 63553, 63553, 1493054741
756, 900412, 169360, 223808, 218539, 164223, 62241, 62241, 4210243916
757, 906053, 201983, 196882, 192070, 197076, 59021, 59021, 84008879
760, 910851, 206241, 193423, 188901, 200946, 60670, 60670, 4287011603
755, 909407, 225252, 177025, 172839, 220331, 56980, 56980, 2279131761
758, 907043, 200833, 189929, 185329, 196062, 67445, 67445, 604531772
761, 907586, 237057, 151446, 147305, 231644, 70067, 70067, 3013240050
759, 908593, 209409, 183610, 179181, 204833, 65780, 65780, 1989193653
762, 905946, 185593, 210450, 205644, 180821, 61719, 61719, 438434479
763, 907641, 255561, 145522, 141227, 250647, 57342, 57342, 3037634624
764, 906493, 256658, 134689, 130495, 251267, 66692, 66692, 938718386
765, 908591, 227591, 174136, 169471, 222851, 57271, 57271, 1352650191
766, 905867, 197511, 198367, 193716, 192639, 61817, 61817, 27167779
768, 905259, 188444, 198868, 194323, 183620, 70002, 70002, 3380852137
767, 908036, 206926, 184719, 179854, 201935, 67301, 67301, 2241524847
771, 908177, 146544, 251411, 245858, 142010, 61177, 61177, 529949689
769, 909827, 238383, 164664, 160561, 233319, 56450, 56450, 4153376761
770, 907466, 273127, 126681, 122415, 268183, 58530, 58530, 2732142936
772, 904189, 250100, 147149, 142532, 244940, 59734, 59734, 3008320965
774, 904837, 198157, 198799, 194138, 193371, 60186, 60186, 2577333311
775, 903413, 172606, 219471, 214796, 167572, 64484, 64484, 1332482043
773, 908083, 219198, 177744, 173409, 214406, 61663, 61663, 647778855
776, 907555, 208876, 185819, 181192, 203986, 63841, 63841, 1098073368
777, 907273, 208450, 186947, 182168, 203462, 63123, 63123, 157611165
778, 904855, 186257, 210390, 205688, 181190, 60665, 60665, 2819357049
780, 908998, 153813, 243282, 238457, 149192, 62127, 62127, 3301492654
779, 907833, 265981, 124997, 120592, 260873, 67695, 67695, 3026149116
781, 908886, 129338, 264937, 259741, 124910, 64980, 64980, 1112677938
782, 903687, 170364, 225552, 220215, 165546, 61005, 61005, 2097423927
783, 907964, 163265, 234106, 229103, 158784, 61353, 61353, 2852525773
785, 911203, 177061, 220748, 215837, 172333, 62612, 62612, 3606572521
786, 904616, 216127, 177166, 172327, 210930, 64033, 64033, 1344713859
787, 911233, 203642, 200403, 195674, 198986, 56264, 56264, 1269011041
784, 908314, 240180, 157593, 153258, 234977, 61153, 61153, 209703429
790, 909887, 205550, 189633, 185147, 200755, 64401, 64401, 40589558
788, 906306, 220445, 179203, 174266, 215986, 58203, 58203, 365619296
791, 911355, 213637, 188628, 183926, 208850, 58157, 58157, 2193990974
793, 906144, 188824, 208709, 204114, 184227, 60135, 60135, 706065934
789, 904796, 220344, 177715, 172995, 215490, 59126, 59126, 841184966
792, 904899, 247845, 148617, 144102, 243065, 60635, 60635, 29534848
794, 909989, 205184, 192854, 188324, 200249, 61689, 61689, 1659637415
796, 908674, 184172, 211958, 206895, 179865, 62892, 62892, 3721221413
795, 906311, 233362, 165320, 161207, 228310, 59056, 59056, 2281808655
797, 911601, 181133, 220523, 215653, 176890, 58701, 58701, 3195092655
799, 904374, 178576, 211012, 206047, 173923, 67408, 67408, 2219261504
798, 903221, 204942, 190161, 185372, 200100, 61323, 61323, 3969994283
800, 906491, 168725, 230278, 224921, 164163, 59202, 59202, 1487809051
801, 906452, 199799, 191016, 186156, 195015, 67233, 67233, 2617471252
802, 907494, 178645, 216848, 212402, 174029, 62785, 62785, 3962903841
805, 908515, 166362, 233519, 228835, 161943, 58928, 58928, 1443088178
803, 907789, 208718, 182526, 177687, 203922, 67468, 67468, 595525337
804, 910083, 142717, 252755, 247525, 138622, 64232, 64232, 1662258575
807, 910528, 216100, 178618, 174013, 211157, 65320, 65320, 827375655
806, 908485, 184978, 212575, 207977, 180189, 61383, 61383, 2769261145
808, 908555, 230933, 165252, 161035, 225917, 62709, 62709, 685606472
810, 909445, 243647, 155542, 151229, 238977, 60025, 60025, 3665458443
809, 907167, 219374, 164517, 159941, 214473, 74431, 74431, 2160159250
813, 907912, 156867, 243690, 238262, 152479, 58307, 58307, 2497878982
811, 904669, 241738, 154226, 149907, 236444, 61177, 61177, 2178885165
812, 904097, 180163, 214727, 209614, 175467, 62063, 62063, 2342656606
816, 908016, 230821, 166364, 161848, 225573, 61705, 61705, 3808227864
814, 907874, 187592, 204574, 200066, 182824, 66409, 66409, 1202160397
815, 909819, 240121, 159664, 155189, 234787, 60029, 60029, 4265013725
818, 903527, 150132, 247216, 242219, 145490, 59235, 59235, 628197753
817, 908306, 265633, 133616, 129364, 260347, 59673, 59673, 2230183319
819, 905501, 190160, 195578, 190697, 185400, 71833, 71833, 3866518293
820, 912149, 179221, 225390, 220518, 174602, 56209, 56209, 1222056343
821, 910999, 235877, 165363, 160569, 231022, 59084, 59084, 925740220
822, 907320, 221948, 177930, 173797, 217127, 58259, 58259, 2809371090
823, 907736, 188687, 208403, 203680, 183842, 61562, 61562, 4034862509
825, 911246, 249422, 152712, 148407, 244453, 58126, 58126, 3458207707
824, 905945, 188565, 209419, 204415, 183588, 59979, 59979, 3866364893
826, 908726, 164337, 237740, 232399, 160018, 57116, 57116, 3597906715
828, 907067, 179290, 218500, 213622, 174311, 60672, 60672, 1023713769
827, 904788, 206274, 190008, 185390, 201130, 60993, 60993, 4240310476
829, 900821, 180308, 208635, 203679, 175421, 66389, 66389, 1612531697
831, 907672, 216538, 180123, 175273, 211952, 61893, 61893, 2664336651
830, 906642, 212398, 188924, 184371, 207663, 56643, 56643, 2933228183
832, 907918, 151139, 242741, 237691, 147001, 64673, 64673, 1466707509
834, 906942, 200137, 199888, 195018, 195485, 58207, 58207, 2401279091
833, 906300, 189174, 201020, 196248, 184212, 67823, 67823, 4022264373
835, 909653, 269720, 121103, 116963, 264843, 68512, 68512, 168755247
836, 909435, 194129, 201784, 197017, 189519, 63493, 63493, 1055405845
837, 908047, 233910, 157764, 153502, 228943, 66964, 66964, 3617546576
838, 903111, 228927, 165943, 161340, 223711, 61595, 61595, 1749482030
839, 908030, 167882, 226342, 221440, 163310, 64528, 64528, 2475226887
841, 911566, 208406, 194099, 189908, 203393, 57880, 57880, 191060974
842, 902856, 190801, 201565, 196543, 185893, 64027, 64027, 3252833796
845, 906408, 150775, 246118, 240659, 146440, 61208, 61208, 2861111977
843, 910512, 199437, 196593, 192275, 194947, 63630, 63630, 1786824177
844, 909036, 210574, 193440, 188564, 205548, 55455, 55455, 3209082071
840, 907759, 204935, 183857, 179072, 200119, 69888, 69888, 1486370708
846, 906563, 210135, 186367, 181772, 205063, 61613, 61613, 2313113306
847, 904969, 147420, 237549, 232463, 142863, 72337, 72337, 206896196
848, 910332, 189575, 210022, 205458, 184943, 60167, 60167, 2984710749
852, 905277, 198509, 196124, 191550, 193512, 62791, 62791, 589118585
849, 907219, 235269, 166832, 162029, 230275, 56407, 56407, 3940262332
850, 908027, 178926, 219383, 214262, 174474, 60491, 60491, 211057961
853, 909697, 221568, 181669, 176658, 216428, 56687, 56687, 1997361204
851, 910440, 224521, 175507, 170996, 219116, 60150, 60150, 140968662
854, 907992, 204636, 195396, 190729, 199561, 58835, 58835, 3008806699
855, 908631, 143697, 243285, 238370, 138929, 72175, 72175, 3876854424
857, 906923, 191079, 188461, 183641, 186062, 78840, 78840, 958194919
856, 905840, 231715, 165752, 161148, 226627, 60299, 60299, 1800818921
858, 908835, 182925, 204771, 199930, 178451, 71379, 71379, 695386667
860, 906816, 164122, 228033, 223053, 159568, 66020, 66020, 2775639395
859, 909732, 202324, 193908, 189075, 197443, 63491, 63491, 1458092577
861, 909006, 164538, 233963, 229062, 159887, 60778, 60778, 1721661759
863, 911183, 189037, 212681, 207821, 184460, 58592, 58592, 1774006034
862, 908400, 205681, 191976, 187175, 200986, 61291, 61291, 3841856548
864, 906399, 178842, 215044, 210054, 174155, 64152, 64152, 360090567
865, 904766, 180999, 211937, 207164, 176328, 64169, 64169, 1675470632
867, 903840, 202737, 189745, 184792, 197932, 64317, 64317, 975345349
866, 907631, 180575, 210092, 205533, 175627, 67902, 67902, 2461063990
868, 908764, 170109, 229043, 223845, 165477, 60145, 60145, 473613502
869, 910389, 217211, 185379, 180926, 212049, 57412, 57412, 3377021744
871, 907536, 157471, 238880, 233656, 153091, 62219, 62219, 1653698821
870, 905846, 186565, 208130, 203150, 181881, 63060, 63060, 2004207
872, 904237, 155036, 240767, 235959, 150151, 61162, 61162, 3690223346
874, 905365, 233793, 159443, 154866, 228795, 64234, 64234, 2891699389
873, 907932, 203629, 197290, 192392, 198753, 57934, 57934, 1003089317
877, 908140, 211509, 190631, 186471, 206707, 56411, 56411, 2301683685
876, 912671, 172540, 226832, 222110, 168301, 61444, 61444, 3951676596
875, 911237, 254363, 147050, 142941, 249155, 58864, 58864, 2228416297
879, 906847, 203474, 190132, 185544, 198381, 64658, 64658, 4124135498
878, 907315, 178792, 220581, 215915, 173989, 59019, 59019, 1883726050
881, 907038, 199175, 194529, 189484, 194696, 64577, 64577, 3621523624
880, 907072, 191047, 204246, 199360, 186325, 63047, 63047, 2759683491
882, 905988, 126291, 268524, 263370, 121995, 62904, 62904, 4108187684
884, 907240, 214962, 185226, 180755, 209571, 58363, 58363, 2639567495
883, 905297, 221321, 171285, 166597, 216420, 64837, 64837, 59928603
885, 909219, 238648, 164903, 160425, 233477, 55883, 55883, 415227916
887, 907937, 179693, 218945, 213997, 175004, 60149, 60149, 2787624517
886, 907072, 297267, 103200, 99260, 292131, 57607, 57607, 3249839995
888, 909224, 155291, 246019, 240953, 151249, 57856, 57856, 1471977568
889, 908034, 160167, 234559, 229518, 155672, 64059, 64059, 4188111336
890, 906255, 168227, 224405, 219752, 163819, 65026, 65026, 1478108979
892, 908531, 211731, 191139, 186471, 206824, 56183, 56183, 1151849305
891, 907514, 207807, 193967, 189184, 202716, 56920, 56920, 3280734189
894, 909639, 209282, 178914, 174366, 204333, 71372, 71372, 3915086037
893, 910319, 213721, 187352, 182713, 208715, 58909, 58909, 709403226
896, 910346, 205949, 193451, 188644, 201204, 60549, 60549, 2250493585
899, 906989, 156250, 235560, 230897, 151638, 66322, 66322, 1166335583
901, 905618, 163207, 228973, 223712, 158784, 65471, 65471, 3051762766
897, 909546, 262471, 133598, 129253, 257396, 63414, 63414, 2397689051
900, 906621, 202501, 191216, 186442, 197352, 64555, 64555, 1242184441
895, 909597, 251726, 142954, 138830, 246729, 64679, 64679, 770238717
898, 907350, 256274, 136619, 132036, 251313, 65554, 65554, 2390670271
902, 906832, 171949, 223675, 219079, 167365, 62382, 62382, 160040313
905, 908827, 179105, 213427, 208786, 174493, 66508, 66508, 3364364325
904, 909060, 186768, 214622, 210126, 182396, 57574, 57574, 2124220692
907, 903240, 182436, 213730, 209211, 177555, 60154, 60154, 640228358
903, 906598, 127277, 264323, 259041, 123329, 66314, 66314, 837242535
906, 907037, 103353, 295338, 289811, 99235, 59650, 59650, 1137421030
908, 909643, 171016, 227178, 222518, 166331, 61300, 61300, 1789205846
911, 905927, 159180, 242798, 237665, 154500, 55892, 55892, 2914536064
909, 909087, 214725, 181063, 176582, 209497, 63610, 63610, 3558732154
912, 906968, 184132, 210954, 206163, 179431, 63144, 63144, 1401458171
910, 906732, 175491, 212617, 207772, 171082, 69885, 69885, 2605758932
914, 905460, 181332, 215675, 210955, 176562, 60468, 60468, 1920946903
917, 905329, 205852, 187433, 182898, 200474, 64336, 64336, 994435474
915, 907292, 172076, 226076, 220923, 167677, 60270, 60270, 3700286962
913, 908456, 248653, 152680, 148051, 244004, 57534, 57534, 2247847465
916, 907244, 245026, 155990, 151413, 240147, 57334, 57334, 3087116034
918, 906978, 209134, 181500, 176829, 204381, 67567, 67567, 3157900008
921, 908208, 164598, 232300, 227493, 160369, 61724, 61724, 2754738256
919, 909593, 161498, 231733, 227077, 157061, 66112, 66112, 571838028
920, 908926, 232225, 167296, 162874, 227409, 59561, 59561, 341282453
923, 910997, 193295, 207994, 203357, 188187, 59082, 59082, 440268686
922, 908689, 207031, 187015, 182498, 202121, 65012, 65012, 741835014
925, 906809, 148543, 243976, 239069, 143819, 65701, 65701, 3770704042
926, 905891, 194514, 195794, 191224, 189447, 67456, 67456, 1318846212
927, 905768, 137551, 255699, 250197, 133257, 64532, 64532, 3196511729
924, 913124, 300263, 105027, 101258, 294680, 55948, 55948, 2672887823
928, 911893, 192933, 202226, 197605, 188247, 65441, 65441, 3953478751
929, 905550, 259213, 137739, 133312, 253816, 60735, 60735, 2684656834
933, 907796, 138662, 260836, 255632, 134062, 59302, 59302, 677070143
931, 909183, 187763, 211107, 206298, 183285, 60365, 60365, 2475858166
930, 907458, 248840, 151029, 146483, 243474, 58816, 58816, 1308968075
934, 905441, 203980, 197745, 192859, 199147, 55855, 55855, 1884787509
932, 907567, 233947, 161231, 156913, 228674, 63401, 63401, 2560198513
935, 900694, 175270, 218270, 213125, 170437, 61796, 61796, 1913756155
938, 908411, 217244, 179458, 174643, 212566, 62250, 62250, 1577644054
937, 907684, 178453, 210096, 204997, 173650, 70244, 70244, 567352186
936, 912980, 205782, 198618, 193961, 201201, 56709, 56709, 4102871172
939, 909480, 201352, 198186, 193357, 196937, 59824, 59824, 1735361912
941, 911484, 208072, 190719, 186013, 203340, 61670, 61670, 3417323541
943, 906835, 230860, 169032, 164613, 225652, 58339, 58339, 4271841532
942, 907448, 215328, 184699, 180075, 210224, 58561, 58561, 3404733780
944, 908628, 198202, 199789, 194962, 193783, 60946, 60946, 3924617827
940, 912525, 184242, 210131, 205807, 179937, 66204, 66204, 3812904531
945, 905752, 205846, 190238, 185480, 201062, 61563, 61563, 4107705154
948, 908688, 182739, 218205, 213443, 177863, 58219, 58219, 2292064301
949, 910415, 198826, 202066, 197757, 194122, 58822, 58822, 3153299023
947, 905265, 253887, 142745, 138316, 248639, 60839, 60839, 1340633739
946, 911943, 265740, 139870, 135779, 261128, 54713, 54713, 2128358509
950, 911608, 223984, 177087, 172828, 219087, 59311, 59311, 2313202434
951, 908852, 239676, 159945, 155576, 234723, 59466, 59466, 601428382
953, 906721, 174547, 219600, 214445, 169967, 64081, 64081, 23186201
952, 908832, 235066, 166507, 161832, 230207, 57610, 57610, 374715634
954, 909402, 201061, 198362, 193631, 196500, 59924, 59924, 3583925773
958, 905629, 152115, 244599, 239035, 147524, 61178, 61178, 3494013787
957, 905566, 211697, 183419, 178350, 207098, 62501, 62501, 1586435537
956, 907779, 250608, 143139, 138483, 245363, 65093, 65093, 4283987847
960, 906151, 210729, 182848, 178027, 205989, 64279, 64279, 2598480415
955, 912745, 196436, 200627, 195960, 192316, 63703, 63703, 3191635204
963, 906762, 196791, 192624, 187780, 192075, 68746, 68746, 787788370
959, 908241, 272022, 124556, 120215, 266772, 62338, 62338, 1854280297
962, 908169, 245417, 153138, 148609, 240483, 60261, 60261, 3501865983
961, 908830, 261506, 131880, 128175, 256419, 65425, 65425, 3296652580
964, 907362, 172775, 221764, 216760, 168297, 63883, 63883, 2595139303
966, 904899, 148024, 249509, 244327, 143777, 59631, 59631, 1892805996
965, 910467, 219022, 183673, 179221, 214387, 57082, 57082, 1083257838
967, 910641, 170874, 232281, 227552, 166334, 56800, 56800, 410635701
969, 906157, 169427, 227751, 222551, 164878, 60775, 60775, 1654913149
970, 906801, 106739, 293519, 287593, 102880, 58035, 58035, 3324482393
968, 906156, 219979, 175530, 171213, 214956, 62239, 62239, 1850700641
971, 907466, 158380, 234493, 229518, 153979, 65548, 65548, 3893262326
972, 907123, 207443, 179537, 174947, 202886, 71155, 71155, 2054550142
973, 908595, 228115, 159867, 155608, 223245, 70880, 70880, 102167032
974, 907586, 220159, 178866, 174745, 215320, 59248, 59248, 3976119690
975, 909032, 223124, 176520, 171937, 218483, 59484, 59484, 2271257169
976, 904560, 172723, 223241, 217895, 168145, 61278, 61278, 492865647
977, 909843, 251686, 148298, 143730, 246689, 59720, 59720, 581720416
979, 908017, 152774, 233262, 228536, 148263, 72591, 72591, 3953236481
981, 909253, 232343, 166773, 162129, 227556, 60226, 60226, 3334885543
982, 903945, 223312, 174656, 169970, 218121, 58943, 58943, 2988629802
978, 908720, 200289, 197006, 191967, 195830, 61814, 61814, 3669382640
980, 909672, 196860, 189027, 184345, 192244, 73598, 73598, 1622204702
983, 909683, 192963, 207568, 202479, 188319, 59177, 59177, 2320808790
984, 907329, 198891, 196913, 192716, 193741, 62534, 62534, 3737433467
985, 911153, 198738, 202466, 197873, 194020, 59028, 59028, 3706800887
988, 910116, 210416, 192424, 187818, 205702, 56878, 56878, 2740599916
986, 909043, 241515, 159502, 154820, 236402, 58402, 58402, 1223403472
987, 906697, 165378, 230460, 225565, 160602, 62346, 62346, 2639702846
989, 903507, 196660, 199345, 194416, 191482, 60802, 60802, 3828366677
991, 907459, 183438, 215516, 210849, 178828, 59414, 59414, 2883520928
990, 908540, 251236, 148945, 144759, 246486, 58557, 58557, 3915672359
993, 908939, 165878, 232344, 227415, 161382, 60960, 60960, 1664255540
992, 907239, 213469, 183516, 179227, 209147, 60940, 60940, 2763727253
994, 907374, 195084, 200369, 195316, 190235, 63185, 63185, 334473920
995, 907953, 206500, 189258, 184490, 202041, 62832, 62832, 829813985
996, 910042, 202395, 191895, 187372, 197966, 65207, 65207, 775969522
997, 907375, 157019, 235843, 230858, 152487, 65584, 65584, 439562792
999, 910719, 184051, 213116, 208384, 179550, 62809, 62809, 2529364481
998, 906209, 226505, 173220, 168708, 221762, 58007, 58007, 551433382
