sample_id, N_LCC, N_A_1_LCC, N_B_1_LCC, N_A_0_LCC, N_B_0_LCC, N_A_*_LCC, N_B_*_LCC, seed
2, 4996079, 18669, 2401284, 2395235, 15095, 82898, 82898, 400949077
1, 4997683, 19740, 2400031, 2395206, 16230, 83238, 83238, 1476943599
7, 5009353, 17963, 2409574, 2404974, 14514, 81164, 81164, 3518132956
13, 4998944, 2400515, 19958, 16597, 2395610, 83132, 83132, 1501879271
6, 5001912, 18702, 2403339, 2399436, 15247, 82594, 82594, 3167991183
15, 4994489, 2396430, 21041, 17508, 2391860, 83825, 83825, 2371756940
5, 5006195, 2408686, 17269, 14003, 2403403, 81417, 81417, 1620685227
3, 4993754, 20462, 2395970, 2392071, 16989, 84131, 84131, 2666586478
0, 4996670, 18171, 2399717, 2395446, 14740, 84298, 84298, 2188723948
4, 4996745, 2400231, 18877, 15340, 2396575, 82861, 82861, 445351861
11, 4998454, 2400011, 20256, 16735, 2394886, 83283, 83283, 3647904916
14, 4995426, 2399997, 18462, 15137, 2395974, 82928, 82928, 1848739995
8, 5002780, 2403342, 18182, 14685, 2399489, 83541, 83541, 354909227
12, 4998917, 2399104, 19810, 16289, 2395164, 84275, 84275, 1252584454
9, 4997642, 21113, 2395506, 2391543, 17572, 85954, 85954, 1973593069
10, 4997187, 2399310, 18316, 14886, 2395679, 84498, 84498, 2129519887
20, 4996342, 20827, 2396541, 2391996, 17216, 84881, 84881, 3187823996
16, 5000806, 2401813, 18073, 14645, 2397681, 84297, 84297, 653621984
17, 4998790, 2400869, 18214, 14787, 2397150, 83885, 83885, 3311608511
23, 4992511, 18649, 2396498, 2392495, 15177, 84846, 84846, 1860218277
30, 5010559, 18887, 2406519, 2401307, 15460, 84193, 84193, 916318686
19, 5000866, 2401379, 19491, 16079, 2396345, 83786, 83786, 428680475
26, 5004949, 2408044, 16891, 13434, 2402948, 81816, 81816, 887561844
27, 5002765, 2405162, 17884, 14400, 2400443, 82438, 82438, 3510909705
28, 5002543, 2401646, 19474, 16073, 2397218, 84066, 84066, 1849282283
18, 4995559, 2395699, 21278, 17786, 2391430, 84683, 84683, 4262427952
25, 5004272, 2400812, 21043, 17573, 2396686, 84079, 84079, 3369163084
22, 5004006, 22113, 2399726, 2396319, 18642, 83603, 83603, 1923372715
21, 5005393, 2405145, 18873, 15509, 2401674, 82096, 82096, 2709819175
34, 5001238, 23144, 2397077, 2392220, 19843, 84477, 84477, 3675466545
24, 5004713, 2401748, 20349, 16831, 2398155, 83815, 83815, 3161250060
31, 5003597, 2403839, 18110, 14653, 2399423, 83786, 83786, 92148481
29, 5005467, 2407349, 16436, 13170, 2402772, 82870, 82870, 3025964152
35, 4998193, 20388, 2399288, 2395053, 16886, 83289, 83289, 4253500471
37, 5001319, 2402871, 17424, 14051, 2398985, 83994, 83994, 1305832121
32, 5003841, 2404983, 18671, 15213, 2400790, 82092, 82092, 1428580347
36, 5001642, 17408, 2403071, 2399195, 14092, 83938, 83938, 3471468215
39, 4993536, 18139, 2398159, 2393039, 14605, 84797, 84797, 856180538
33, 4999496, 2394942, 18813, 15382, 2390927, 89716, 89716, 167423962
38, 4997764, 2397939, 19705, 16139, 2393365, 85308, 85308, 2853661063
46, 5004048, 17723, 2405263, 2399761, 14229, 83536, 83536, 2966132433
41, 5001159, 2404151, 19787, 16349, 2399258, 80807, 80807, 301057122
42, 4998026, 2400523, 18192, 14686, 2396643, 83991, 83991, 1830491570
43, 5000152, 2403623, 17631, 14173, 2399723, 82501, 82501, 544381346
40, 5010119, 19562, 2406650, 2403179, 16152, 82288, 82288, 3998674053
52, 5004622, 18135, 2403980, 2400125, 14756, 83813, 83813, 948713014
45, 5000828, 2401583, 18502, 15116, 2397531, 84048, 84048, 151180353
44, 5004848, 2403479, 19626, 16104, 2399243, 83198, 83198, 2659585358
47, 4999403, 2401987, 18184, 14765, 2398137, 83165, 83165, 434634116
53, 4993609, 2399343, 18653, 15138, 2394469, 83003, 83003, 2730605194
54, 4995078, 2397764, 19949, 16563, 2392716, 84043, 84043, 22896707
50, 4998621, 2398048, 21117, 17557, 2393737, 84081, 84081, 1951684254
51, 5006395, 2404690, 18934, 15420, 2400901, 83225, 83225, 332507764
48, 4994212, 2396489, 20064, 16521, 2392782, 84178, 84178, 4137797826
59, 4997381, 19781, 2398429, 2393578, 16319, 84637, 84637, 3366223774
55, 4995856, 2400613, 17514, 14036, 2396367, 83663, 83663, 3355243596
49, 4997031, 2395897, 21663, 18068, 2392275, 84564, 84564, 163798832
64, 5004597, 17904, 2405728, 2401246, 14301, 82709, 82709, 1189269734
58, 5003292, 18418, 2404223, 2400433, 15054, 82582, 82582, 680515269
57, 5009445, 2407185, 17967, 14520, 2403735, 83019, 83019, 2751985981
63, 5002499, 17861, 2404897, 2400458, 14521, 82381, 82381, 3640370590
56, 5000896, 19102, 2400806, 2397193, 15695, 84050, 84050, 2008661968
62, 4998320, 2402312, 18752, 15302, 2396876, 82539, 82539, 130753050
60, 4989922, 2396709, 18456, 14957, 2392798, 83501, 83501, 654619718
68, 4999065, 18805, 2402039, 2396567, 15452, 83101, 83101, 2629843515
61, 5001945, 2405782, 18434, 15002, 2400807, 80960, 80960, 3606550435
67, 4999806, 19522, 2401005, 2396572, 16055, 83326, 83326, 4081719030
65, 4995301, 2396782, 18802, 15275, 2392884, 85779, 85779, 1960934082
66, 5001692, 2402819, 18526, 14907, 2398986, 83227, 83227, 68112556
71, 5003703, 2401193, 20936, 17487, 2396979, 83554, 83554, 3862097832
72, 5009916, 2407920, 18524, 15202, 2403052, 82609, 82609, 536011089
73, 5000406, 21929, 2397772, 2392658, 18395, 84826, 84826, 4251360216
70, 5005941, 2403272, 20869, 17463, 2399735, 82301, 82301, 308190376
78, 5001170, 19843, 2400250, 2396219, 16292, 84283, 84283, 258480826
75, 5003113, 2404304, 18849, 15457, 2399457, 82523, 82523, 394442705
77, 4997748, 18558, 2399457, 2395681, 15146, 84453, 84453, 2281081195
79, 4994522, 18981, 2397607, 2393668, 15570, 84348, 84348, 3502938441
82, 4999403, 18133, 2401263, 2397128, 14691, 84094, 84094, 416526071
69, 4999184, 2396657, 21754, 18165, 2393124, 84742, 84742, 3979920028
74, 4998982, 2401370, 19081, 15624, 2396603, 83152, 83152, 817348257
76, 5002979, 21455, 2398730, 2395113, 17827, 84927, 84927, 3983263342
80, 5003797, 2405767, 18095, 14756, 2401203, 81988, 81988, 4028498038
83, 5000935, 2406061, 18085, 14684, 2400433, 80836, 80836, 3629937608
81, 5006597, 2405280, 18141, 14747, 2401595, 83417, 83417, 728382139
85, 4999112, 2400783, 19347, 15816, 2396704, 83231, 83231, 901436149
84, 5004376, 18330, 2405644, 2402046, 14932, 81712, 81712, 1091981388
89, 4995740, 20818, 2397816, 2393398, 17264, 83222, 83222, 3543466274
96, 4989171, 19124, 2395805, 2391013, 15597, 83816, 83816, 669041716
86, 5001486, 2400576, 19191, 15653, 2396996, 84535, 84535, 3776996681
87, 4995890, 18395, 2399037, 2395161, 14907, 84195, 84195, 598853046
94, 4999722, 19702, 2396957, 2392711, 16292, 87030, 87030, 4113952340
97, 5000585, 18341, 2404241, 2400592, 14901, 81255, 81255, 3115353453
95, 5001112, 2405749, 17487, 14091, 2399953, 81916, 81916, 3519892211
93, 5005331, 2405036, 19136, 15646, 2400401, 82556, 82556, 2772647610
98, 5003029, 17447, 2406346, 2401598, 14022, 81808, 81808, 1108446660
88, 5002494, 2401460, 21417, 17963, 2397010, 82322, 82322, 2590328866
91, 4998548, 2399926, 19668, 16163, 2394923, 83934, 83934, 1877396062
90, 5000691, 2403308, 18416, 14985, 2399122, 82430, 82430, 3783650181
100, 5005524, 19305, 2406558, 2401213, 15796, 81326, 81326, 4290384710
92, 4997573, 20474, 2398565, 2394940, 16842, 83376, 83376, 1857594487
103, 5001373, 21642, 2399894, 2395231, 18052, 83277, 83277, 1501731729
107, 4998091, 19957, 2399989, 2395102, 16455, 83294, 83294, 4113184904
99, 5004453, 2403515, 18250, 14831, 2400025, 83916, 83916, 2716120362
101, 4998404, 2397927, 19666, 16188, 2394325, 85149, 85149, 1497416659
111, 4994400, 17728, 2399749, 2395672, 14229, 83511, 83511, 2574367868
106, 4997048, 2399750, 19561, 16044, 2394693, 83500, 83500, 2095120267
105, 4998757, 2398662, 18074, 14625, 2394026, 86685, 86685, 534300315
112, 5000283, 20751, 2398794, 2395318, 17248, 84086, 84086, 570911606
108, 4992617, 2397587, 18109, 14676, 2393605, 84320, 84320, 1174189713
104, 5000211, 2399550, 19972, 16493, 2395990, 84103, 84103, 3034072982
110, 4999635, 2401013, 19461, 16053, 2396468, 83320, 83320, 230481793
114, 4999159, 2401774, 19460, 16068, 2397129, 82364, 82364, 4064704533
102, 5005210, 2399177, 23055, 19612, 2395494, 83936, 83936, 4164376125
117, 5007140, 17173, 2408814, 2404167, 13940, 81523, 81523, 2304534389
113, 4995578, 2395591, 21945, 18532, 2391678, 83916, 83916, 3604184149
109, 4995496, 2399076, 18055, 14584, 2395313, 84234, 84234, 612168761
118, 5000867, 22252, 2397441, 2392686, 18642, 84923, 84923, 3990179535
119, 5005180, 19426, 2404398, 2400218, 15916, 82611, 82611, 3685736724
116, 5001286, 21223, 2397293, 2393676, 17596, 85749, 85749, 1289294557
122, 4999508, 19410, 2400332, 2395314, 15906, 84273, 84273, 211942775
115, 4998539, 2400139, 20575, 17158, 2395555, 82556, 82556, 657137990
120, 4990377, 2391990, 20557, 17062, 2388062, 86353, 86353, 2505187881
126, 4996734, 17433, 2400142, 2395924, 14011, 84612, 84612, 3411002311
125, 5009262, 19544, 2406314, 2402468, 16060, 82438, 82438, 172273375
124, 5005835, 18055, 2405661, 2401843, 14704, 82786, 82786, 2920622388
121, 5002772, 2400236, 20537, 17126, 2396743, 84065, 84065, 2519794445
131, 5003986, 19388, 2399837, 2395722, 15873, 86583, 86583, 931651798
133, 4995696, 19897, 2398338, 2393757, 16336, 83684, 83684, 2517083030
123, 4991324, 20462, 2395123, 2391388, 16939, 83706, 83706, 3636444212
127, 4999751, 2401170, 17653, 14138, 2397004, 84893, 84893, 2941766489
128, 4995512, 21923, 2393413, 2389853, 18335, 85994, 85994, 3819048414
129, 5002188, 2402493, 18957, 15516, 2398698, 83262, 83262, 996736836
135, 4998390, 20491, 2398286, 2393781, 16876, 84478, 84478, 4086055763
137, 4997377, 19097, 2399057, 2393822, 15565, 84918, 84918, 113690605
130, 5006161, 2401302, 21281, 17781, 2396325, 84736, 84736, 1174847808
132, 5003845, 22800, 2399171, 2395100, 19312, 83731, 83731, 1263784614
136, 4996929, 21290, 2397305, 2392910, 17624, 83900, 83900, 2344596701
134, 4995228, 2396065, 20047, 16521, 2392385, 85105, 85105, 2143903248
141, 4994230, 17183, 2400993, 2396498, 13898, 82829, 82829, 42732413
138, 4998317, 2405313, 16985, 13558, 2399843, 81309, 81309, 1064281230
139, 4997609, 2401163, 17910, 14370, 2396992, 83587, 83587, 1795786191
146, 4999677, 19228, 2400793, 2396136, 15800, 83860, 83860, 2349568763
143, 5000230, 20832, 2399688, 2395983, 17225, 83251, 83251, 3943109606
140, 4997587, 2398154, 20309, 16937, 2393929, 84129, 84129, 452189233
149, 4993315, 19407, 2396935, 2391828, 15945, 84600, 84600, 2489364184
151, 5008421, 19160, 2407192, 2402574, 15761, 81867, 81867, 3980149506
148, 5002722, 2402458, 19640, 16127, 2398125, 83186, 83186, 801826415
142, 4997903, 2395346, 21713, 18175, 2391417, 85626, 85626, 3029527260
150, 5002599, 2402907, 18954, 15522, 2397982, 83617, 83617, 3010236421
152, 5000145, 18132, 2402057, 2398212, 14610, 83567, 83567, 2944974641
144, 5002060, 2405156, 17148, 13817, 2401403, 82268, 82268, 2074440175
147, 5002131, 2401192, 19853, 16328, 2397470, 83644, 83644, 4082831815
145, 4994290, 2398320, 18857, 15421, 2394450, 83621, 83621, 3330580575
156, 4999893, 19931, 2401832, 2396049, 16319, 82881, 82881, 630110386
153, 5004024, 2406770, 18627, 15109, 2401716, 80901, 80901, 90097714
154, 5002790, 16724, 2406258, 2402457, 13341, 82005, 82005, 783561447
157, 4995182, 19357, 2399144, 2394938, 15817, 82963, 82963, 1820391128
164, 5010379, 16181, 2411227, 2406878, 12949, 81572, 81572, 2044776059
155, 5000720, 2401600, 19841, 16412, 2397793, 82537, 82537, 4164261644
160, 5000374, 2401283, 18566, 15199, 2396976, 84175, 84175, 149909733
165, 4994335, 17794, 2399638, 2395596, 14349, 83479, 83479, 4190973119
159, 4993269, 2395162, 20810, 17180, 2390765, 84676, 84676, 1181783015
158, 4993217, 2396651, 19577, 16030, 2392535, 84212, 84212, 1703079578
166, 4996965, 20656, 2398371, 2394496, 17132, 83155, 83155, 3729203791
163, 5001982, 2401196, 20193, 16645, 2397234, 83357, 83357, 306987448
169, 4996374, 2398027, 19850, 16247, 2393340, 84455, 84455, 4079309539
168, 5001834, 18453, 2403374, 2399481, 14964, 82781, 82781, 3788073185
172, 4992280, 17440, 2398617, 2393563, 13936, 84362, 84362, 1902121175
161, 5004120, 19150, 2403856, 2400608, 15754, 82376, 82376, 1315098462
171, 4995979, 20286, 2396485, 2391535, 16803, 85435, 85435, 2944249137
162, 5000772, 2398304, 21777, 18199, 2394762, 83865, 83865, 3789215873
170, 4992442, 2398087, 19241, 15687, 2393231, 83098, 83098, 4178980294
174, 5002020, 19350, 2402326, 2397981, 15895, 83234, 83234, 1093835681
167, 4994066, 19825, 2398766, 2395072, 16281, 82061, 82061, 3123266912
173, 5005926, 18757, 2406419, 2402602, 15344, 81402, 81402, 1761862228
175, 5000486, 2399464, 19567, 16028, 2395491, 84968, 84968, 1493403046
176, 4992438, 2398311, 19054, 15431, 2393628, 83007, 83007, 1146765428
180, 5007715, 18620, 2406563, 2402787, 15169, 82288, 82288, 2408593457
177, 5001485, 2402234, 20093, 16482, 2397912, 82382, 82382, 2916685599
178, 5008363, 18556, 2406054, 2402372, 15195, 83093, 83093, 3600175166
179, 5000096, 2399012, 19809, 16340, 2395507, 84714, 84714, 2627555658
182, 5012527, 2408992, 19612, 16317, 2404748, 81429, 81429, 132921598
181, 4996009, 2401823, 16877, 13561, 2396898, 83425, 83425, 822241463
185, 4989212, 2392178, 20743, 17210, 2387295, 85893, 85893, 284264353
183, 5002649, 2402973, 19441, 15909, 2398670, 82828, 82828, 193663305
184, 4989863, 2396095, 18275, 14656, 2392381, 84228, 84228, 2364982497
189, 4995646, 21504, 2397310, 2393387, 17961, 82742, 82742, 3733140938
186, 5001445, 2402762, 20062, 16638, 2398025, 81979, 81979, 3364489088
187, 5007134, 16860, 2406578, 2403018, 13416, 83631, 83631, 278570336
190, 5000830, 2403756, 18908, 15456, 2398946, 81882, 81882, 2467725623
191, 5002393, 17968, 2403817, 2399590, 14560, 83229, 83229, 1200709945
197, 4998208, 19547, 2399168, 2394661, 16056, 84388, 84388, 2793733133
195, 5008225, 18636, 2406891, 2400858, 15124, 83358, 83358, 1574218255
200, 5000847, 19858, 2402186, 2396051, 16372, 83190, 83190, 3815631360
193, 4999724, 18729, 2400746, 2396862, 15221, 84083, 84083, 759535685
188, 4993580, 2395677, 19015, 15592, 2391852, 85722, 85722, 291460507
192, 5001948, 2401026, 21350, 17882, 2396418, 82636, 82636, 3388532306
198, 5004265, 20614, 2402115, 2398153, 17157, 83113, 83113, 890442747
194, 5005753, 2403002, 20873, 17434, 2398556, 82944, 82944, 3875684615
199, 4997544, 2400795, 19454, 16140, 2396653, 82251, 82251, 3815712570
201, 4999636, 20600, 2398022, 2393800, 17020, 85097, 85097, 4192166184
205, 5003844, 18008, 2405675, 2400615, 14646, 82450, 82450, 2774597221
202, 5002574, 18944, 2402572, 2397457, 15493, 84054, 84054, 2423876311
196, 4994025, 2402318, 16880, 13471, 2397888, 81734, 81734, 510523638
203, 4995408, 2400339, 18496, 14940, 2395805, 82914, 82914, 1537978859
204, 4995435, 19336, 2398770, 2394903, 15820, 83303, 83303, 3328887921
207, 4997712, 19082, 2398099, 2394302, 15573, 85328, 85328, 3474392068
214, 5000907, 17523, 2404721, 2399216, 14091, 82678, 82678, 2706600343
212, 4999222, 2403311, 19271, 15780, 2397870, 81495, 81495, 3940475949
210, 4991320, 2393581, 22060, 18350, 2389057, 84136, 84136, 3248444650
206, 4999005, 21286, 2395017, 2391443, 17745, 86757, 86757, 3994780046
208, 4995238, 19713, 2397041, 2393309, 16027, 84574, 84574, 3840937401
211, 5004640, 2404052, 18157, 14698, 2399605, 84064, 84064, 1642135027
209, 4995526, 20150, 2396770, 2392911, 16571, 84562, 84562, 570211509
213, 5003869, 2404377, 19095, 15624, 2400273, 82250, 82250, 3322026515
220, 5007228, 16842, 2408861, 2403428, 13531, 82283, 82283, 494306558
219, 5004834, 18007, 2405041, 2401125, 14485, 83088, 83088, 3722070524
221, 5004610, 18248, 2405910, 2401514, 14918, 82010, 82010, 2432616879
216, 5005843, 18807, 2403906, 2400310, 15350, 83735, 83735, 3754987932
215, 5007733, 17876, 2405739, 2402311, 14413, 83697, 83697, 2146430960
217, 4995672, 2399001, 18913, 15503, 2395181, 83537, 83537, 3817840612
224, 4998589, 2402643, 18655, 15071, 2397154, 82533, 82533, 3152633574
222, 5002697, 2402249, 19819, 16359, 2398208, 83031, 83031, 390616747
230, 4996833, 19847, 2399109, 2394341, 16218, 83659, 83659, 3672930634
218, 5004866, 2404765, 18274, 14850, 2401321, 82828, 82828, 465098668
227, 4998377, 2400378, 18532, 15050, 2395105, 84656, 84656, 349260082
225, 5003257, 2400906, 20292, 16863, 2396672, 84262, 84262, 241613423
229, 5002604, 17683, 2405168, 2401225, 14352, 82088, 82088, 3960703757
228, 4998467, 2400002, 20140, 16706, 2395373, 83123, 83123, 1080365831
226, 5002473, 2404314, 17953, 14531, 2400849, 82413, 82413, 284908521
223, 4995408, 2401766, 17089, 13573, 2397996, 82492, 82492, 441013737
233, 4995101, 2393014, 22594, 18938, 2387469, 86543, 86543, 3146007811
238, 5006703, 17991, 2407696, 2403049, 14591, 81688, 81688, 3724522823
234, 5002844, 17958, 2405334, 2401108, 14592, 81926, 81926, 1240567024
232, 4990503, 2390593, 21235, 17615, 2385872, 87594, 87594, 3178952795
231, 4992828, 2392562, 19156, 15529, 2388549, 88516, 88516, 3445553336
236, 4990625, 2397509, 19381, 15704, 2392219, 82906, 82906, 471663227
237, 4996140, 19478, 2396673, 2392784, 15799, 85703, 85703, 4125914167
241, 4996125, 20577, 2397113, 2390150, 17147, 85569, 85569, 858386973
235, 4998859, 2402073, 18895, 15547, 2397510, 82417, 82417, 3784235989
239, 4997977, 19894, 2400482, 2396812, 16409, 82190, 82190, 57716657
240, 4987465, 2393766, 19614, 15904, 2387785, 85198, 85198, 4146625644
244, 4993064, 18548, 2399805, 2394680, 15221, 82405, 82405, 2481708742
242, 5002431, 2406361, 17640, 14268, 2401938, 81112, 81112, 2446852994
243, 4995493, 2393048, 22782, 19201, 2388262, 86100, 86100, 3442051336
246, 4997394, 22482, 2394852, 2390717, 18901, 85221, 85221, 1725206682
255, 4993136, 17856, 2399008, 2394176, 14452, 83822, 83822, 995985940
247, 4998145, 2401433, 18581, 15145, 2396932, 83027, 83027, 2011633208
248, 4996739, 2401490, 18615, 15207, 2395617, 82905, 82905, 1634587976
254, 4995778, 2397704, 21189, 17624, 2392769, 83246, 83246, 3519734670
250, 5003895, 2403771, 19243, 15814, 2399257, 82905, 82905, 1306544498
253, 4999486, 20087, 2398538, 2394888, 16497, 84738, 84738, 1222031414
245, 4986591, 18350, 2393465, 2390073, 14775, 84964, 84964, 2768244543
259, 4991554, 23010, 2392863, 2387661, 19270, 84375, 84375, 3658551043
251, 4993752, 2399207, 19714, 16322, 2394617, 81946, 81946, 3750946231
249, 4998514, 17189, 2403588, 2399908, 13797, 82016, 82016, 2444571301
256, 5001014, 20068, 2399751, 2396073, 16508, 84307, 84307, 1916119299
257, 5004108, 19797, 2401821, 2398091, 16255, 84072, 84072, 352862890
252, 4995446, 2395931, 21000, 17404, 2392043, 84534, 84534, 1884307241
258, 4993906, 20374, 2394520, 2390923, 16727, 85681, 85681, 1391110093
261, 4997220, 2401143, 17852, 14364, 2397429, 83216, 83216, 2036038084
264, 4996278, 21183, 2395907, 2391774, 17624, 84895, 84895, 48552758
269, 5002359, 19890, 2402447, 2397846, 16300, 82938, 82938, 2678711726
260, 5002064, 2400386, 20632, 17221, 2396539, 83643, 83643, 3719638409
265, 5001783, 2402365, 19912, 16518, 2397150, 82919, 82919, 3328694911
262, 5001184, 2408636, 16116, 12835, 2402591, 80503, 80503, 2913570015
267, 4998873, 17695, 2401013, 2397118, 14269, 84389, 84389, 165008887
270, 4999857, 19964, 2400575, 2395833, 16377, 83554, 83554, 1246911932
271, 5000278, 19980, 2399857, 2396078, 16667, 83848, 83848, 2270965802
263, 5004577, 2400202, 19123, 15671, 2396717, 86432, 86432, 576313101
268, 5001556, 2400543, 18685, 15282, 2396450, 85298, 85298, 3343256181
272, 5001633, 2402630, 18702, 15203, 2397928, 83585, 83585, 1732348830
266, 5006495, 2402184, 19989, 16558, 2398752, 84506, 84506, 3549515840
273, 5002539, 2400591, 20093, 16500, 2395535, 84910, 84910, 164514142
276, 5005762, 17694, 2407353, 2402775, 14256, 81842, 81842, 3563813743
274, 4994029, 19332, 2397984, 2394155, 15780, 83389, 83389, 1839023324
280, 4997886, 2400133, 19691, 16252, 2394516, 83647, 83647, 4104290804
279, 5003138, 20068, 2402206, 2398076, 16516, 83136, 83136, 666197175
281, 5007867, 18724, 2407086, 2402870, 15335, 81926, 81926, 2450188305
277, 5000973, 18119, 2402000, 2398324, 14706, 83912, 83912, 2692622121
275, 5005297, 2398461, 21807, 18334, 2394785, 85955, 85955, 2759920416
284, 4996965, 19663, 2397366, 2392417, 16077, 85721, 85721, 3033810090
285, 5004256, 18805, 2405086, 2400770, 15331, 82132, 82132, 4232013102
282, 5000880, 19333, 2401324, 2397589, 15922, 83356, 83356, 2277992340
287, 4996835, 20483, 2397478, 2393464, 16878, 84266, 84266, 2691341199
283, 5002844, 19285, 2404639, 2400737, 15755, 81214, 81214, 2812582189
278, 4996272, 2398021, 20211, 16529, 2394219, 83646, 83646, 621761752
286, 4990939, 2398760, 19767, 16278, 2393006, 81564, 81564, 1024646788
288, 4991710, 2393649, 19939, 16208, 2389318, 86298, 86298, 4256483510
289, 5000714, 2402388, 19874, 16322, 2396710, 82710, 82710, 2290870092
291, 4994854, 22820, 2392646, 2388190, 19176, 86011, 86011, 2439751165
293, 5002168, 20018, 2401989, 2397743, 16502, 82958, 82958, 3710795377
294, 5002310, 19154, 2401427, 2396768, 15611, 84675, 84675, 3719816755
292, 5005257, 2407199, 17697, 14285, 2402326, 81875, 81875, 1471038211
290, 5003293, 2402997, 18134, 14727, 2398429, 84503, 84503, 3026983790
302, 4998516, 21323, 2397787, 2392983, 17859, 84282, 84282, 1673231911
297, 5000184, 2398163, 20247, 16757, 2393313, 85852, 85852, 4262632577
298, 4990770, 21341, 2392760, 2388704, 17685, 85140, 85140, 2989169441
296, 4992891, 19824, 2394794, 2390895, 16388, 85495, 85495, 274668367
305, 5000372, 19220, 2401890, 2396198, 15654, 83705, 83705, 3775534347
299, 4993012, 20688, 2395609, 2391374, 17005, 84168, 84168, 720053136
295, 4991036, 2395169, 18058, 14527, 2391322, 85980, 85980, 3045210979
301, 5000890, 2400415, 19691, 16314, 2395800, 84335, 84335, 2267542800
303, 5005524, 2406871, 18603, 15144, 2402872, 81017, 81017, 2595714889
304, 5008178, 2406740, 18886, 15420, 2402952, 82090, 82090, 4097507680
311, 5002165, 22108, 2398677, 2394181, 18633, 84283, 84283, 865127488
307, 4995268, 2398374, 20173, 16627, 2393956, 83069, 83069, 2101153879
308, 4994287, 19963, 2397591, 2393635, 16436, 83331, 83331, 1947897123
306, 4996599, 2396627, 21029, 17490, 2392315, 84569, 84569, 1140285117
300, 5001488, 2399926, 19345, 15932, 2396413, 84936, 84936, 2164054820
314, 5001154, 20591, 2400822, 2395081, 17216, 83722, 83722, 991716623
316, 4997257, 20254, 2399517, 2394064, 16796, 83313, 83313, 2402895736
320, 5004819, 19331, 2402976, 2397866, 15998, 84324, 84324, 2743494932
309, 5000256, 2401808, 19628, 16121, 2398173, 82263, 82263, 2237973161
310, 5000545, 2401944, 20520, 16973, 2398160, 81474, 81474, 3403540590
312, 5009090, 2408360, 17795, 14397, 2403976, 82281, 82281, 2940169972
313, 4999769, 20260, 2399687, 2396155, 16715, 83476, 83476, 1048178735
318, 5000104, 18439, 2402628, 2398976, 14957, 82552, 82552, 1684946710
315, 5005538, 2403690, 19109, 15563, 2400026, 83575, 83575, 1817181688
322, 4998328, 18664, 2403455, 2398744, 15147, 81159, 81159, 1715564520
321, 5003128, 18475, 2406147, 2401249, 15061, 81098, 81098, 4287399303
317, 4993391, 2395020, 20775, 17070, 2391344, 84591, 84591, 1705175610
324, 5006586, 16358, 2406728, 2402447, 13041, 84006, 84006, 3425873161
325, 4994665, 23982, 2391579, 2387248, 20226, 85815, 85815, 1433259590
327, 5006241, 17896, 2404119, 2400189, 14379, 84829, 84829, 362664440
331, 4998446, 18397, 2399855, 2394494, 14860, 85420, 85420, 106782685
319, 5001339, 2399770, 20817, 17242, 2396286, 83612, 83612, 2541850819
328, 5004027, 23192, 2396977, 2393141, 19699, 85509, 85509, 2102016257
326, 4999772, 2399743, 20484, 16993, 2396188, 83182, 83182, 3495102773
323, 4996810, 2400709, 18838, 15393, 2396800, 82535, 82535, 3326013334
333, 5001688, 17799, 2403174, 2398905, 14402, 83704, 83704, 1033302626
329, 4994276, 17906, 2399853, 2396053, 14506, 82979, 82979, 700769326
330, 5008597, 2405583, 17678, 14378, 2401566, 84696, 84696, 1781047481
337, 5006266, 19196, 2405709, 2400827, 15764, 82385, 82385, 320889758
332, 4999931, 2400331, 19250, 15824, 2396262, 84132, 84132, 1105715172
338, 5001012, 2402650, 18499, 14940, 2398137, 83393, 83393, 1759824247
336, 5000890, 2402541, 18439, 14980, 2398330, 83300, 83300, 904488273
334, 4996171, 2402432, 17066, 13646, 2398927, 82050, 82050, 4156876211
341, 5004053, 2401740, 19943, 16528, 2396820, 84511, 84511, 485091561
335, 4996768, 2397365, 21284, 17687, 2393542, 83445, 83445, 3629880974
339, 5006000, 2405280, 18818, 15367, 2401547, 82494, 82494, 853630703
343, 4998743, 19712, 2400500, 2396042, 16211, 83139, 83139, 1457072309
345, 4996943, 2398333, 19381, 15825, 2394138, 84633, 84633, 1416579452
340, 5007729, 2407137, 18580, 15094, 2403048, 81935, 81935, 3154201725
344, 5003086, 18950, 2402043, 2398395, 15442, 84128, 84128, 4142637375
342, 4994861, 20672, 2394991, 2391295, 17147, 85378, 85378, 2283971325
347, 5005835, 2407292, 19015, 15558, 2402718, 80626, 80626, 3572055223
350, 5001825, 2404043, 16787, 13430, 2399493, 84036, 84036, 1451543083
351, 5000841, 19700, 2402613, 2397533, 16237, 82379, 82379, 846634664
349, 4998095, 2398889, 20514, 16853, 2394895, 83472, 83472, 3410826760
352, 5001816, 20759, 2400671, 2396845, 17143, 83199, 83199, 3486552602
353, 4997848, 20959, 2397148, 2391895, 17376, 85235, 85235, 897623206
348, 4998108, 20457, 2397325, 2393824, 16794, 84854, 84854, 3790987062
346, 5000628, 2400272, 18781, 15350, 2396501, 84862, 84862, 2958468897
355, 4999695, 19963, 2398542, 2394502, 16302, 85193, 85193, 384377200
354, 4995904, 18749, 2401979, 2398089, 15281, 80903, 80903, 4054878790
356, 5001478, 20323, 2399591, 2395616, 16846, 84551, 84551, 3965274071
358, 5000210, 2400513, 20469, 17002, 2395918, 83154, 83154, 2978541072
361, 5009294, 17796, 2407025, 2402747, 14316, 83705, 83705, 1801962782
359, 5001724, 18396, 2403127, 2399390, 14915, 82948, 82948, 585628552
363, 5001414, 20046, 2401091, 2395628, 16687, 83981, 83981, 633697932
357, 5005546, 2403351, 18847, 15279, 2399685, 84192, 84192, 3315941161
360, 5003562, 2401237, 22202, 18664, 2397279, 82090, 82090, 1269933682
366, 5001161, 20621, 2400141, 2395141, 17044, 84107, 84107, 3215176297
365, 4996933, 19567, 2398739, 2394193, 16002, 84216, 84216, 3184834695
367, 4999140, 20495, 2398963, 2394545, 17017, 84060, 84060, 374658688
362, 4997274, 2397689, 19856, 16433, 2394186, 84555, 84555, 1294902356
370, 4996164, 18971, 2399489, 2394678, 15440, 83793, 83793, 5532193
364, 4994096, 18878, 2397986, 2394094, 15298, 83920, 83920, 328084311
368, 5001597, 18117, 2404888, 2400859, 14735, 81499, 81499, 2468728495
372, 4992785, 19223, 2398437, 2393488, 15479, 83079, 83079, 1311337940
369, 5006019, 2404862, 18900, 15489, 2400770, 82999, 82999, 886988715
375, 4994692, 18586, 2399599, 2395529, 15018, 82980, 82980, 4180412923
374, 4998099, 2398226, 20234, 16688, 2394415, 84268, 84268, 2135835486
371, 5005184, 2403386, 19131, 15611, 2399646, 83705, 83705, 1856292056
384, 4998138, 21422, 2397454, 2391798, 17862, 84801, 84801, 647499281
383, 5000882, 19518, 2402326, 2396372, 16250, 83208, 83208, 568545059
381, 5004125, 19830, 2402652, 2398183, 16372, 83544, 83544, 288563552
377, 4998832, 18226, 2402498, 2398975, 14799, 82167, 82167, 1283731531
373, 5000585, 2401481, 19185, 15602, 2397795, 83261, 83261, 1572162045
376, 4999751, 2399800, 19939, 16415, 2396337, 83630, 83630, 353892096
379, 4997657, 2397245, 21502, 17914, 2393302, 83847, 83847, 1493953146
378, 4996428, 20377, 2395702, 2392163, 16836, 85675, 85675, 2683308924
385, 5000124, 19970, 2400521, 2395961, 16488, 83592, 83592, 3084334087
382, 5003066, 2406536, 18499, 15061, 2401284, 80843, 80843, 610039001
380, 5000245, 2402422, 17126, 13806, 2397909, 84491, 84491, 1364139631
386, 4995681, 2401577, 18038, 14573, 2396555, 82469, 82469, 1680124995
390, 4994927, 19232, 2400575, 2395754, 15734, 81816, 81816, 2951421426
388, 5002337, 2403347, 18050, 14480, 2399706, 83377, 83377, 3978484982
387, 4998119, 2396708, 20148, 16538, 2393045, 85840, 85840, 2335387711
395, 4996243, 20036, 2397623, 2392950, 16510, 84562, 84562, 2131335653
391, 5003783, 19812, 2402656, 2398450, 16327, 83269, 83269, 325454789
389, 4993930, 2397248, 20435, 16913, 2391318, 84008, 84008, 3697382229
393, 4989682, 2396428, 19615, 16123, 2391044, 83236, 83236, 1707899185
394, 4998585, 2397224, 20206, 16766, 2393283, 85553, 85553, 3236714573
399, 5001199, 16244, 2406409, 2402059, 13003, 81742, 81742, 1748250449
397, 4995819, 23496, 2394784, 2390365, 19822, 83676, 83676, 293591696
398, 4997013, 2400030, 19603, 16185, 2395139, 83028, 83028, 3808284276
401, 4999261, 2402671, 17739, 14241, 2398338, 83136, 83136, 1838295658
400, 4992774, 2393748, 21203, 17698, 2388743, 85691, 85691, 579431482
392, 5001884, 2398760, 22129, 18593, 2395060, 83671, 83671, 772333692
402, 5000843, 18058, 2405309, 2401465, 14629, 80691, 80691, 406081835
396, 5009574, 2404388, 20922, 17381, 2400751, 83066, 83066, 726019214
403, 4994568, 2396862, 20395, 16939, 2391354, 84509, 84509, 266108393
407, 5001859, 19595, 2403230, 2398169, 16187, 82339, 82339, 2093389436
409, 5004189, 18748, 2404648, 2400745, 15346, 82351, 82351, 3397618619
404, 4998346, 20429, 2397402, 2394023, 16828, 84832, 84832, 728901198
413, 4997749, 18512, 2401129, 2396427, 15003, 83339, 83339, 1187885330
414, 4991453, 2398513, 18042, 14534, 2392460, 83952, 83952, 3353528780
406, 4997459, 2390669, 25441, 21902, 2386541, 86453, 86453, 2919734565
411, 4995750, 2398925, 20020, 16502, 2393487, 83408, 83408, 373290116
408, 5003123, 2398530, 21895, 18399, 2394681, 84809, 84809, 549296225
410, 4997270, 2397599, 20079, 16418, 2394006, 84584, 84584, 4138156613
405, 5000521, 2403492, 17328, 13839, 2399934, 82964, 82964, 448099614
412, 4997105, 2401734, 18444, 15022, 2396147, 82879, 82879, 2744522924
415, 5007393, 2403921, 19940, 16477, 2400185, 83435, 83435, 3807218733
416, 4999023, 2401837, 18663, 15279, 2397130, 83057, 83057, 163045542
419, 4998304, 18716, 2400575, 2396213, 15152, 83824, 83824, 3858331519
420, 4995654, 2399592, 19520, 16068, 2393874, 83300, 83300, 2327107746
417, 5001696, 2406198, 17173, 13868, 2402721, 80868, 80868, 274777514
427, 4998257, 20038, 2399004, 2394736, 16511, 83984, 83984, 2030611874
418, 4997728, 2398796, 18335, 14752, 2395359, 85243, 85243, 1717646406
423, 4996216, 2397009, 20251, 16748, 2391874, 85167, 85167, 3411503168
426, 4999108, 19819, 2399000, 2395031, 16388, 84435, 84435, 3622493793
428, 5004989, 18144, 2405674, 2400932, 14813, 82713, 82713, 1591262836
424, 4996836, 19220, 2398150, 2394527, 15557, 84691, 84691, 2640767709
421, 4998898, 17604, 2402487, 2398838, 14237, 82866, 82866, 3702057659
422, 5000158, 2403278, 18270, 14835, 2399251, 82262, 82262, 2470794488
433, 5001392, 18885, 2401591, 2397455, 15323, 84069, 84069, 951357102
425, 5001883, 2402414, 18647, 15106, 2398546, 83585, 83585, 3596905877
430, 5003498, 2403324, 19185, 15796, 2398773, 83210, 83210, 2109179698
429, 5001662, 2402887, 19094, 15690, 2398831, 82580, 82580, 705709049
432, 5006923, 18192, 2406769, 2403176, 14746, 82020, 82020, 813243770
434, 5004175, 18242, 2404857, 2400331, 14793, 82976, 82976, 40320727
431, 5002114, 2401856, 20450, 16886, 2397738, 82592, 82592, 2285630977
441, 5005815, 17720, 2408086, 2403023, 14232, 81377, 81377, 3286666945
439, 4999160, 2402901, 18810, 15360, 2397367, 82361, 82361, 4214844671
444, 5008681, 20488, 2403590, 2398317, 16984, 84651, 84651, 2373001687
436, 4995076, 2397693, 20319, 16891, 2393597, 83288, 83288, 633886967
438, 5006239, 19395, 2403899, 2399945, 15882, 83559, 83559, 2332157884
440, 4990439, 2395311, 19973, 16401, 2390246, 84254, 84254, 556277497
437, 4997534, 2397349, 20801, 17302, 2392124, 84979, 84979, 293281441
435, 4997523, 2395971, 21457, 17732, 2392173, 85095, 85095, 858365068
448, 4998317, 19908, 2399402, 2395096, 16489, 83711, 83711, 1511205784
442, 5002991, 2403207, 19322, 15912, 2398792, 82879, 82879, 3708338442
447, 4993339, 2397489, 19624, 15974, 2392788, 83732, 83732, 3267768240
443, 4996409, 19163, 2400094, 2396412, 15794, 82473, 82473, 3599908291
449, 4999989, 19185, 2402908, 2398393, 15791, 81856, 81856, 2666401488
445, 5006267, 17911, 2406632, 2403181, 14535, 82004, 82004, 3723703621
446, 4999066, 18125, 2402410, 2398889, 14726, 82458, 82458, 2829347931
450, 4998810, 2401188, 18773, 15404, 2397177, 83134, 83134, 3386569783
454, 4999607, 20892, 2398674, 2394747, 17296, 83999, 83999, 78763309
455, 4999482, 22435, 2398457, 2394172, 18984, 82717, 82717, 3323883178
456, 5001033, 2402129, 18998, 15536, 2397698, 83336, 83336, 3111707310
453, 4999121, 2402647, 17605, 14178, 2398329, 83181, 83181, 2747132594
457, 4998933, 19170, 2399297, 2395579, 15761, 84563, 84563, 1728250345
452, 4999989, 2403380, 18206, 14786, 2399551, 82033, 82033, 1455179179
451, 5003050, 2402707, 19617, 16176, 2399108, 82721, 82721, 3322990127
458, 5002748, 2401473, 19633, 16305, 2397451, 83943, 83943, 2749920568
464, 4996413, 2397728, 20634, 17165, 2392998, 83944, 83944, 840747126
460, 5004185, 15464, 2408986, 2405549, 12248, 80969, 80969, 1128484424
461, 5000980, 2405138, 17134, 13744, 2400896, 82034, 82034, 1072784185
465, 5001208, 21822, 2398706, 2394766, 18364, 83775, 83775, 4123259919
459, 4999361, 18656, 2401970, 2398265, 15172, 82649, 82649, 2518520298
462, 5005577, 19044, 2404247, 2400742, 15528, 83008, 83008, 903141421
468, 5000597, 19942, 2403281, 2397064, 16402, 81954, 81954, 3387128384
463, 4996995, 2397296, 19566, 16061, 2393502, 85285, 85285, 2745675286
467, 4996875, 21334, 2397443, 2393672, 17872, 83277, 83277, 461619062
471, 4996404, 15552, 2403523, 2398166, 12209, 83477, 83477, 3212407417
469, 5004380, 19969, 2402211, 2397977, 16487, 83868, 83868, 3535156160
466, 5004006, 21527, 2399569, 2395907, 18073, 84465, 84465, 829067139
472, 5002782, 18012, 2404099, 2399930, 14683, 83029, 83029, 1011923308
470, 5010307, 19081, 2407424, 2403560, 15688, 82277, 82277, 3759373540
475, 5003299, 2404859, 18804, 15449, 2400799, 81694, 81694, 3585647148
476, 4996688, 2402047, 18670, 15145, 2396874, 81976, 81976, 2332642949
482, 4999397, 18051, 2404422, 2400293, 14731, 80950, 80950, 3722415939
474, 5001748, 2400813, 18779, 15340, 2396896, 84960, 84960, 640028629
473, 4999535, 20741, 2399081, 2395518, 17249, 83473, 83473, 503635186
479, 4992639, 18856, 2397523, 2393578, 15314, 83684, 83684, 4196178735
480, 4993570, 19095, 2397148, 2393661, 15634, 84016, 84016, 2649464831
478, 5005545, 2402213, 21411, 17847, 2397814, 83130, 83130, 898905638
477, 4996796, 2396203, 20592, 16906, 2392405, 85345, 85345, 4010645889
483, 4997611, 18802, 2398419, 2394365, 15263, 85381, 85381, 3893421892
488, 4994157, 20121, 2396704, 2392130, 16630, 84286, 84286, 990099661
486, 4998439, 2397744, 20213, 16760, 2393310, 85206, 85206, 1654969743
485, 5007103, 2403685, 18875, 15390, 2399933, 84610, 84610, 2664497804
481, 4997152, 2395026, 20628, 17133, 2391423, 86471, 86471, 3004436904
487, 5000466, 2403064, 18398, 14955, 2398517, 82766, 82766, 1563580007
492, 4999369, 18097, 2403501, 2398201, 14766, 82402, 82402, 3356188112
491, 4994480, 19494, 2397386, 2393033, 16023, 84272, 84272, 407791009
484, 4996744, 2398320, 19422, 15868, 2394754, 84190, 84190, 1983908058
489, 5006471, 19167, 2404191, 2399738, 15645, 83865, 83865, 1268097737
494, 4999965, 18093, 2403373, 2396967, 14648, 83442, 83442, 9610133
493, 4997286, 2399734, 18619, 15186, 2395755, 83996, 83996, 1468041747
497, 4996639, 19258, 2399525, 2395518, 15780, 83279, 83279, 3976033809
490, 5001805, 2405363, 17210, 13856, 2401428, 81974, 81974, 1565042333
496, 5000700, 2405402, 17530, 14282, 2400454, 81516, 81516, 4260891289
495, 5002291, 2403196, 18243, 14853, 2399239, 83380, 83380, 177013315
498, 5002707, 2401829, 20115, 16603, 2397722, 83219, 83219, 463880987
500, 4996659, 2400490, 18402, 15009, 2395144, 83807, 83807, 2188546393
502, 5001412, 19936, 2402416, 2398339, 16383, 82169, 82169, 389036901
507, 5003738, 18263, 2406076, 2400899, 14948, 81776, 81776, 930315991
499, 5000972, 2396631, 22461, 18759, 2393159, 84981, 84981, 1423960813
503, 4996985, 2400318, 17519, 13987, 2394889, 85136, 85136, 188359819
508, 5001851, 18087, 2404830, 2400359, 14649, 81963, 81963, 2484629217
506, 5003026, 19128, 2401616, 2398135, 15651, 84248, 84248, 3870977497
504, 4993957, 18452, 2397407, 2393719, 15087, 84646, 84646, 492370418
501, 5004320, 2403794, 18549, 15033, 2400150, 83397, 83397, 3992981022
505, 4991647, 2394629, 20600, 17001, 2390731, 84343, 84343, 3024892374
509, 5002706, 18571, 2401048, 2397403, 15142, 85271, 85271, 2205462460
510, 5004969, 2403892, 19526, 16050, 2399985, 82758, 82758, 357249318
519, 5009124, 17989, 2408227, 2404053, 14619, 82118, 82118, 2903430576
516, 5000985, 2398508, 20434, 16842, 2393855, 85673, 85673, 4106928494
517, 4995320, 2393872, 22760, 18989, 2389537, 85081, 85081, 3039956204
515, 4998623, 2397912, 19722, 16193, 2393352, 85722, 85722, 1823562002
520, 4999145, 19722, 2401514, 2397107, 16130, 82336, 82336, 994973595
514, 4996525, 2400602, 18956, 15451, 2396826, 82345, 82345, 3439971593
513, 5001878, 2395410, 23342, 19741, 2391847, 85769, 85769, 1063579932
512, 5000933, 2401325, 19782, 16330, 2397828, 82834, 82834, 783792844
511, 5009101, 2405661, 19530, 16270, 2402166, 82737, 82737, 1085626107
524, 4999215, 18861, 2402054, 2396816, 15364, 83060, 83060, 1198629836
521, 4999547, 2399607, 19380, 15980, 2395944, 84318, 84318, 4029607166
522, 5002376, 2399753, 20545, 17028, 2395504, 84773, 84773, 3756394133
523, 4996374, 20086, 2399473, 2395368, 16521, 82463, 82463, 3364446439
518, 5001297, 2402185, 19265, 15787, 2398540, 82760, 82760, 890039428
528, 5003602, 2406769, 17681, 14277, 2401653, 81611, 81611, 1406486858
530, 5001167, 18102, 2402110, 2397651, 14656, 84324, 84324, 193536531
525, 5014310, 18238, 2409484, 2405608, 14836, 83072, 83072, 339262717
527, 4999040, 2399378, 18834, 15327, 2394945, 85278, 85278, 3748144150
526, 5007960, 2407185, 18562, 15219, 2402700, 82147, 82147, 2367167802
536, 4998392, 18641, 2401775, 2397097, 15039, 82920, 82920, 2274171628
534, 5008143, 18655, 2406532, 2402588, 15204, 82582, 82582, 2626278473
535, 5007009, 18212, 2407148, 2403249, 14690, 81855, 81855, 2255131215
531, 5003816, 20527, 2402330, 2398654, 17035, 82635, 82635, 2535063728
533, 5001060, 2399775, 20096, 16686, 2395651, 84426, 84426, 3261539277
538, 5007848, 2407558, 17829, 14458, 2403009, 82497, 82497, 3713592796
540, 5000234, 19764, 2401957, 2397558, 16223, 82366, 82366, 2247020326
537, 5012828, 2408391, 19637, 16269, 2403937, 82297, 82297, 2110369245
539, 4995510, 22668, 2392019, 2387965, 19038, 86910, 86910, 10104785
529, 5001486, 2396932, 23376, 19817, 2393407, 83977, 83977, 3489505982
532, 4991016, 2393966, 21127, 17613, 2390502, 83904, 83904, 790082659
546, 5009222, 18675, 2406775, 2402249, 15235, 83144, 83144, 3100577312
542, 4996274, 2400221, 18366, 14727, 2395226, 83867, 83867, 829258273
543, 5009599, 15850, 2411378, 2407555, 12602, 81107, 81107, 2185641051
541, 5002453, 2404218, 18958, 15460, 2400367, 81725, 81725, 506997628
550, 5003219, 18938, 2403895, 2399751, 15573, 82531, 82531, 1700744580
552, 4997377, 18036, 2401399, 2395899, 14835, 83604, 83604, 1518365364
547, 4999454, 19662, 2400719, 2396317, 16086, 83335, 83335, 2869492746
548, 5001941, 2404512, 17641, 14241, 2400387, 82580, 82580, 744209872
551, 5002121, 18796, 2404491, 2399535, 15355, 81972, 81972, 1878365476
549, 4999687, 19996, 2400120, 2395264, 16493, 83907, 83907, 1814331676
545, 5003505, 2400306, 19176, 15814, 2396225, 85992, 85992, 1109937380
544, 5001902, 18936, 2402983, 2399488, 15541, 82477, 82477, 397096321
555, 4995979, 19950, 2397079, 2392939, 16313, 84849, 84849, 798196532
553, 5002986, 2403374, 18708, 15321, 2399225, 83179, 83179, 2298736506
558, 4992893, 19959, 2396814, 2392491, 16149, 83740, 83740, 2543790962
559, 5000279, 18550, 2403444, 2399117, 15008, 82080, 82080, 3888298152
556, 4998052, 19603, 2399154, 2394781, 16128, 84193, 84193, 1530450589
560, 5000864, 2402592, 18776, 15323, 2398013, 83080, 83080, 4866972
557, 4994110, 2396705, 19587, 16047, 2392451, 84660, 84660, 1682996398
562, 4997908, 20749, 2399086, 2394719, 17148, 83103, 83103, 205352636
554, 4998182, 22265, 2392907, 2389357, 18659, 87497, 87497, 501058646
564, 5007503, 18174, 2407520, 2403672, 14767, 81685, 81685, 3798996061
565, 5000145, 2405193, 17427, 14117, 2400224, 81592, 81592, 4240672948
561, 5000088, 2402233, 18441, 15015, 2397941, 83229, 83229, 2610586621
563, 5000398, 19826, 2401656, 2397868, 16436, 82306, 82306, 1174597648
567, 4999514, 2403273, 18473, 15136, 2398682, 81975, 81975, 3583263174
571, 5000255, 2401131, 20224, 16702, 2395778, 83210, 83210, 3741086365
569, 4998670, 20033, 2399740, 2395692, 16495, 83355, 83355, 320059379
576, 4989196, 23990, 2386972, 2382370, 20338, 87763, 87763, 3389844154
566, 5003588, 2402317, 19305, 15785, 2398729, 83726, 83726, 1536027569
570, 5006947, 2406795, 18455, 14906, 2402539, 82126, 82126, 2412150481
568, 4994345, 2395542, 21325, 17691, 2390797, 84495, 84495, 689372422
572, 4998130, 2399185, 19962, 16407, 2394384, 84096, 84096, 2718461909
573, 5000724, 19840, 2401039, 2397320, 16349, 83088, 83088, 3268302226
574, 4996586, 19498, 2396746, 2392407, 16041, 85947, 85947, 1465927418
581, 5002025, 17630, 2405833, 2401001, 14229, 81666, 81666, 796895253
580, 4999166, 19823, 2400206, 2395609, 16342, 83593, 83593, 896209344
579, 4995461, 19786, 2397565, 2393669, 16327, 84057, 84057, 2242112791
575, 5003550, 2405555, 18583, 15119, 2400617, 81838, 81838, 3796113273
578, 5004568, 18347, 2404145, 2400140, 14940, 83498, 83498, 3891925582
577, 4988967, 2389098, 22544, 18989, 2385486, 86425, 86425, 1520766131
582, 5000441, 2403289, 19007, 15575, 2398658, 81956, 81956, 2625483214
590, 5001674, 19057, 2402478, 2398326, 15681, 83066, 83066, 791356543
584, 5009955, 2409438, 17073, 13769, 2405097, 82289, 82289, 1009891554
586, 4993846, 18985, 2396357, 2391663, 15611, 85615, 85615, 1852810804
589, 4996746, 2400504, 19263, 15715, 2395614, 82825, 82825, 2963706150
587, 5000075, 19810, 2398641, 2394731, 16429, 85232, 85232, 4154111792
585, 4998503, 2399444, 20757, 17297, 2394185, 83410, 83410, 3463915657
588, 5001507, 2399863, 20490, 16914, 2395576, 84332, 84332, 1836358660
583, 4990846, 19656, 2396691, 2393043, 16138, 82659, 82659, 3752530448
592, 4998974, 2398161, 21138, 17634, 2394221, 83910, 83910, 1991223649
593, 5000163, 17560, 2402741, 2398304, 14138, 83710, 83710, 3625024925
591, 5002369, 2398720, 20744, 17218, 2394885, 85401, 85401, 998323064
594, 5004228, 2406885, 17710, 14249, 2402702, 81341, 81341, 824288624
595, 4987775, 2395529, 18278, 14839, 2391393, 83868, 83868, 4273410004
596, 4997441, 2400233, 19190, 15649, 2395427, 83471, 83471, 1487246224
601, 5002110, 18692, 2402396, 2398325, 15257, 83720, 83720, 2204939592
597, 4994841, 2398132, 20424, 16894, 2392921, 83235, 83235, 3596361158
599, 4998677, 19714, 2401513, 2396931, 16189, 82165, 82165, 3474363692
606, 5002754, 18550, 2400872, 2396618, 15208, 85753, 85753, 3897528016
600, 5005016, 21804, 2401268, 2396376, 18324, 83622, 83622, 3851901624
602, 5007919, 2408698, 17010, 13590, 2404439, 82091, 82091, 2833002994
598, 5001401, 2400405, 20266, 16817, 2396839, 83537, 83537, 3845570555
603, 5001968, 2402670, 18785, 15263, 2398322, 83464, 83464, 4160026316
604, 5001997, 18910, 2400896, 2397349, 15388, 84727, 84727, 4097157310
605, 5001343, 2400392, 20369, 16835, 2396889, 83429, 83429, 2883728444
609, 4999584, 19520, 2397662, 2393632, 15950, 86410, 86410, 557253367
611, 5003254, 2401579, 21190, 17828, 2395949, 83354, 83354, 2308789416
616, 4989375, 20088, 2393773, 2388442, 16538, 85267, 85267, 1118517079
610, 4995908, 21537, 2396868, 2392731, 18110, 83331, 83331, 250322803
607, 5006603, 2405743, 17886, 14450, 2402040, 83242, 83242, 3417877292
608, 4994331, 20819, 2394847, 2391372, 17243, 85025, 85025, 3794345133
617, 4996953, 19417, 2399061, 2394485, 15854, 84068, 84068, 1005346963
614, 5004754, 18176, 2404419, 2400587, 14766, 83403, 83403, 1210319689
615, 4990659, 18844, 2396844, 2392756, 15217, 83499, 83499, 1927065847
618, 5005910, 17791, 2405966, 2402228, 14341, 82792, 82792, 3601923673
619, 5005809, 18815, 2404694, 2400548, 15380, 83186, 83186, 4178434976
613, 5008775, 2405915, 18979, 15595, 2401082, 83602, 83602, 730651390
612, 4993875, 2393310, 22543, 19038, 2389128, 84928, 84928, 1556761270
620, 4992524, 2394092, 21103, 17504, 2389401, 85212, 85212, 4231348922
621, 4992218, 2394224, 21533, 17908, 2389527, 84513, 84513, 2876161350
627, 5010362, 18917, 2407583, 2403179, 15545, 82569, 82569, 3355345727
629, 5001951, 18913, 2403425, 2399215, 15418, 82490, 82490, 3936728548
622, 5002544, 2403172, 19783, 16326, 2399335, 81964, 81964, 1859211018
633, 5000156, 2403309, 17853, 14429, 2397551, 83507, 83507, 3182925172
630, 4998684, 21201, 2399561, 2395279, 17653, 82495, 82495, 993173302
634, 5004154, 18615, 2406639, 2401608, 15200, 81046, 81046, 1475175201
632, 4993376, 2393912, 20473, 17020, 2389213, 86379, 86379, 3794645805
625, 5003265, 20116, 2400601, 2397018, 16530, 84500, 84500, 1287480438
626, 4998919, 2400584, 19454, 15916, 2396421, 83272, 83272, 2501372425
624, 4993843, 2395454, 20155, 16489, 2391633, 85056, 85056, 1788014658
623, 4995102, 2394106, 22415, 18840, 2390087, 84827, 84827, 2513368023
628, 4995721, 2396174, 21776, 18147, 2392136, 83744, 83744, 3196035417
631, 4993462, 2396078, 19300, 15742, 2392220, 85061, 85061, 3994991471
638, 5001713, 20741, 2399451, 2394762, 17225, 84767, 84767, 1142058749
635, 4995071, 21355, 2393807, 2390199, 17808, 85951, 85951, 3570255828
640, 5006120, 17211, 2407103, 2402306, 13930, 82785, 82785, 1446612646
639, 5002343, 19980, 2401566, 2397341, 16500, 83478, 83478, 1173343201
637, 5000404, 2402687, 17271, 13798, 2398836, 83906, 83906, 2478106140
636, 4996967, 2397984, 19918, 16335, 2394198, 84266, 84266, 2442973152
643, 4994990, 2396596, 20558, 17022, 2391050, 84882, 84882, 2256177939
645, 5006376, 19241, 2406546, 2402193, 15846, 81275, 81275, 3831632368
644, 5002614, 2402221, 19304, 15733, 2398154, 83601, 83601, 3170839403
650, 4995369, 2399001, 19574, 16121, 2394043, 83315, 83315, 3602353588
651, 4993897, 21758, 2393957, 2390168, 18240, 84887, 84887, 2158271742
652, 4996342, 17600, 2399424, 2395222, 14218, 84939, 84939, 2104698336
648, 4994894, 2395866, 21084, 17529, 2391863, 84276, 84276, 2590505697
642, 5001763, 19938, 2400684, 2397235, 16566, 83670, 83670, 1278987360
649, 5000304, 2400445, 18606, 15136, 2396675, 84721, 84721, 1470498267
653, 5002608, 20277, 2403559, 2399109, 16887, 81388, 81388, 1813239462
647, 4998058, 2402141, 18863, 15305, 2398311, 81719, 81719, 1644035596
646, 5001762, 2401802, 19445, 15941, 2398082, 83246, 83246, 1439397086
654, 5002802, 21815, 2399206, 2395227, 18186, 84184, 84184, 4294311103
641, 5009032, 2409086, 17297, 13983, 2405332, 81667, 81667, 2241190488
657, 4980358, 20784, 2386298, 2381616, 17284, 87188, 87188, 2049992799
658, 4996676, 21175, 2395632, 2391028, 17563, 85639, 85639, 2664493335
656, 5001366, 2403260, 18459, 15082, 2398651, 82957, 82957, 4246968052
655, 4995997, 2400484, 19219, 15749, 2396099, 82223, 82223, 1183545813
659, 4993957, 2398473, 18777, 15279, 2393974, 83727, 83727, 1234078885
665, 5002643, 19164, 2404537, 2399368, 15514, 82030, 82030, 4168296275
662, 5010294, 17132, 2410561, 2406061, 13658, 81441, 81441, 2115034042
661, 4990312, 20246, 2391731, 2387194, 16659, 87241, 87241, 3035178662
663, 5002729, 2404375, 19149, 15666, 2399625, 81957, 81957, 3402792120
660, 5002712, 2401027, 20157, 16541, 2396569, 84209, 84209, 3498841868
667, 5008456, 17772, 2407982, 2403804, 14418, 82240, 82240, 3106836750
666, 4996275, 2400777, 19296, 15668, 2396268, 82133, 82133, 4205020001
670, 4997791, 2402478, 20140, 16710, 2396505, 80979, 80979, 2226170551
669, 4994681, 2396058, 19437, 15923, 2391589, 85837, 85837, 314729542
668, 5003013, 2406169, 18524, 15081, 2402557, 80341, 80341, 1527840516
671, 4993550, 2395717, 20377, 16872, 2390738, 84923, 84923, 2533860057
672, 5002966, 19258, 2401314, 2397148, 15746, 84750, 84750, 2147343273
678, 4993952, 18111, 2400012, 2394970, 14469, 83195, 83195, 3023378827
679, 5008154, 19059, 2406838, 2402606, 15679, 81986, 81986, 341754741
675, 4995311, 2403142, 17293, 13949, 2397477, 81725, 81725, 557860712
677, 4993973, 21094, 2394892, 2391267, 17582, 84569, 84569, 563999354
673, 4996860, 2393220, 22345, 18794, 2389175, 86663, 86663, 3802915940
664, 5001024, 2399032, 19407, 15932, 2395543, 85555, 85555, 852790209
676, 5009539, 2407696, 18765, 15330, 2403630, 82059, 82059, 344851205
680, 4998918, 2400402, 19846, 16288, 2396452, 82965, 82965, 4007983875
682, 4996336, 19551, 2397896, 2394142, 16081, 84333, 84333, 341396953
681, 4997284, 2395605, 19385, 15790, 2391824, 87340, 87340, 1410235952
674, 4995977, 2395675, 20883, 17355, 2391944, 85060, 85060, 3223655714
683, 4992583, 20413, 2395806, 2392257, 16817, 83645, 83645, 1387912315
686, 5000877, 2400004, 20576, 16963, 2395882, 83726, 83726, 2321917563
692, 4999605, 17367, 2401955, 2397040, 13933, 84655, 84655, 356540444
687, 4999994, 2398682, 20574, 17107, 2394795, 84418, 84418, 380541641
688, 4997237, 2401314, 18916, 15602, 2396303, 82551, 82551, 2591112213
685, 4991472, 2392895, 21170, 17677, 2388532, 85599, 85599, 4171519969
684, 4999116, 2397653, 20737, 17190, 2393508, 85014, 85014, 1374870739
689, 5002495, 2401577, 20545, 17030, 2397165, 83089, 83089, 3809702519
691, 5003027, 2401927, 20267, 16783, 2397676, 83187, 83187, 1841390015
694, 4998483, 17737, 2403548, 2399803, 14361, 81517, 81517, 2977746395
696, 5005152, 2407940, 17313, 13924, 2402083, 81946, 81946, 551087509
697, 5000396, 20585, 2399881, 2396189, 17011, 83365, 83365, 3685413053
690, 4993972, 2398410, 18882, 15471, 2394021, 83594, 83594, 3890451687
693, 4993084, 2394896, 20314, 16727, 2391205, 84971, 84971, 2261956064
695, 5003472, 2403664, 19740, 16183, 2399913, 81986, 81986, 3011633260
699, 5002399, 17455, 2408166, 2402291, 14041, 80223, 80223, 1414657517
707, 5003320, 20294, 2402779, 2397132, 16795, 83160, 83160, 1910538379
700, 4996949, 2395543, 20769, 17271, 2390398, 86484, 86484, 2357620296
709, 5010150, 17786, 2408265, 2403702, 14631, 82883, 82883, 1536001465
701, 5000723, 21546, 2398165, 2394224, 18010, 84389, 84389, 3599370021
706, 4993371, 20354, 2394488, 2390295, 16742, 85746, 85746, 2736999530
703, 4992685, 2398839, 17935, 14398, 2394165, 83674, 83674, 3978957210
702, 4999819, 2401367, 19289, 15846, 2397547, 82885, 82885, 1356843540
708, 4998938, 18498, 2400171, 2396161, 15050, 84529, 84529, 3460539668
704, 4996186, 2396013, 20005, 16546, 2392062, 85780, 85780, 2703546659
713, 5000121, 18352, 2403923, 2398960, 14852, 82017, 82017, 2757313480
712, 5005498, 2406132, 18590, 15253, 2401361, 82081, 82081, 3787261304
711, 5003058, 2404670, 17837, 14260, 2400495, 82898, 82898, 3563252230
705, 4997224, 2402241, 17321, 14040, 2397558, 83032, 83032, 2927308995
698, 4997585, 2392497, 23730, 20256, 2389070, 86016, 86016, 3552287426
710, 4997406, 20791, 2396833, 2393291, 17435, 84528, 84528, 2562567742
714, 5000016, 2404015, 17431, 13969, 2400239, 82181, 82181, 46105291
715, 4994958, 2397450, 20442, 16849, 2392593, 83812, 83812, 268408048
718, 5007469, 2406171, 19618, 16173, 2401775, 81866, 81866, 1960015645
716, 4994023, 2400858, 18995, 15483, 2395209, 81739, 81739, 3731149926
717, 5000267, 2402471, 19235, 15753, 2398032, 82388, 82388, 3784236533
720, 5000658, 22533, 2395834, 2391683, 18966, 85821, 85821, 3590667385
721, 5003662, 18708, 2402165, 2398273, 15298, 84609, 84609, 3187394942
719, 4997308, 2398038, 20193, 16616, 2394177, 84142, 84142, 414630890
725, 5004728, 19867, 2404240, 2399339, 16390, 82446, 82446, 2788476464
723, 4995706, 2394804, 20081, 16574, 2390269, 86989, 86989, 1240190733
727, 4998036, 2400098, 19837, 16336, 2393707, 84029, 84029, 3592431215
724, 4994596, 2396111, 20165, 16617, 2391469, 85117, 85117, 879520942
728, 5005530, 2405944, 18290, 14881, 2401855, 82280, 82280, 3606458635
726, 5003111, 18247, 2405115, 2401530, 14781, 81719, 81719, 1496905885
729, 4993639, 2398056, 20238, 16640, 2392239, 83233, 83233, 3513708222
731, 4996761, 18876, 2400632, 2396052, 15483, 82859, 82859, 2862719249
722, 4999359, 2403949, 18221, 14774, 2399995, 81210, 81210, 2743969932
734, 5001832, 22977, 2398141, 2393853, 19403, 83729, 83729, 1502498047
738, 4992492, 18968, 2396938, 2392223, 15495, 84434, 84434, 1853210842
736, 5001225, 18822, 2404060, 2399159, 15390, 81897, 81897, 903073778
733, 4994224, 2398321, 19462, 15992, 2393813, 83318, 83318, 851219415
740, 4985954, 20742, 2389145, 2384627, 17066, 87187, 87187, 3873137935
730, 4999950, 2399687, 20160, 16585, 2396054, 83732, 83732, 3254316002
732, 4995485, 2394500, 20446, 16888, 2390645, 86503, 86503, 2678008880
737, 4999358, 2400351, 18799, 15498, 2396446, 84132, 84132, 658284404
741, 5003863, 19867, 2404596, 2398237, 16347, 82408, 82408, 3708166510
735, 4999110, 21327, 2397463, 2393723, 17771, 84413, 84413, 3047626922
739, 4998307, 2394221, 22278, 18817, 2390271, 86360, 86360, 3565341146
745, 4996362, 20088, 2397686, 2392640, 16610, 84669, 84669, 3828433398
743, 4997086, 17599, 2402853, 2398983, 14185, 81733, 81733, 3417398049
744, 5002429, 19735, 2400292, 2396291, 16267, 84922, 84922, 1643121176
742, 4999946, 2402749, 18515, 15096, 2397642, 82972, 82972, 2036904832
747, 5004172, 2406206, 17692, 14181, 2401123, 82485, 82485, 761786356
749, 5000662, 21395, 2397294, 2393241, 17806, 85463, 85463, 2506958603
755, 5007280, 17893, 2408226, 2402652, 14485, 82012, 82012, 284538354
752, 5003195, 18778, 2402911, 2397983, 15295, 84114, 84114, 2155457302
750, 5000925, 2401966, 18819, 15280, 2397630, 83615, 83615, 3253498282
746, 4996956, 2397187, 18784, 15399, 2393040, 86273, 86273, 3820809728
748, 5005121, 22309, 2398092, 2394401, 18783, 85768, 85768, 2958709313
756, 4996452, 16641, 2400735, 2396841, 13339, 84448, 84448, 4188071544
751, 5004135, 2404706, 19322, 15833, 2400006, 82134, 82134, 1185247973
757, 4990092, 2393101, 20446, 16794, 2388175, 85788, 85788, 3257413844
754, 4998776, 18544, 2402527, 2398507, 15050, 82074, 82074, 2823930526
758, 4999551, 18757, 2401168, 2397143, 15289, 83597, 83597, 2886172963
753, 4995556, 2397399, 19108, 15509, 2393672, 84934, 84934, 1080199959
759, 4994928, 23464, 2390613, 2386583, 19760, 87254, 87254, 3947021693
762, 4995080, 19386, 2399039, 2394535, 15964, 83078, 83078, 3587275779
763, 4999621, 2401172, 19511, 16024, 2396562, 83176, 83176, 1116158943
761, 4999237, 18084, 2400679, 2396704, 14552, 84609, 84609, 782162428
760, 5002249, 2404654, 18058, 14623, 2399896, 82509, 82509, 1499949588
765, 5003180, 2403537, 19156, 15648, 2398807, 83016, 83016, 2230516433
764, 5000369, 2401920, 19554, 16040, 2396127, 83364, 83364, 3072079039
766, 5002372, 18724, 2403229, 2399252, 15377, 82895, 82895, 2395711559
770, 4998094, 19327, 2400334, 2395110, 15847, 83738, 83738, 1061379333
776, 4993942, 18838, 2398882, 2394338, 15314, 83285, 83285, 1049562084
771, 4995442, 19640, 2398195, 2394322, 16189, 83548, 83548, 433571546
778, 4999072, 20957, 2397972, 2392589, 17406, 85074, 85074, 1878009122
775, 4999760, 21341, 2396932, 2392947, 17710, 85415, 85415, 275346648
772, 4995517, 2398399, 18988, 15562, 2393952, 84308, 84308, 1888240715
773, 5001566, 20873, 2398317, 2393849, 17345, 85591, 85591, 1660882970
768, 5003774, 2405339, 18828, 15433, 2401706, 81234, 81234, 1416459957
769, 5000565, 2398972, 22166, 18609, 2395132, 82843, 82843, 2080912966
774, 5001854, 18918, 2401805, 2397855, 15510, 83883, 83883, 3474706881
767, 4997857, 2399441, 19746, 16328, 2395866, 83238, 83238, 3235241827
777, 5010232, 17387, 2408537, 2404790, 13950, 82784, 82784, 3293491192
779, 4991349, 2399453, 17867, 14356, 2393957, 82858, 82858, 2650157826
780, 5000606, 17487, 2405667, 2401364, 14126, 80981, 80981, 3204309014
782, 5002706, 2399921, 21398, 17769, 2393456, 85081, 85081, 999071201
781, 5006334, 2402800, 20038, 16610, 2399248, 83819, 83819, 3419027543
787, 4998848, 20760, 2398231, 2393627, 17232, 84499, 84499, 2541486078
788, 4995040, 20726, 2394661, 2389908, 17137, 86304, 86304, 4078751193
785, 5002896, 19091, 2402439, 2398471, 15647, 83624, 83624, 2678191319
791, 4996969, 24920, 2391942, 2387206, 21411, 85745, 85745, 1566039112
784, 5004891, 2404333, 19908, 16418, 2399076, 82578, 82578, 786640312
790, 4999383, 19651, 2401757, 2397618, 16169, 82094, 82094, 111304058
789, 4990935, 2394551, 21456, 17778, 2388792, 84179, 84179, 3759667965
783, 4996715, 20818, 2397206, 2393672, 17457, 83781, 83781, 3394973051
797, 4995831, 18907, 2400123, 2394961, 15406, 83217, 83217, 1985921318
793, 5000051, 2402036, 19435, 15903, 2397023, 82827, 82827, 2703996663
795, 5010155, 18028, 2407674, 2403770, 14585, 83049, 83049, 3924588734
786, 5001842, 19787, 2400517, 2396939, 16245, 84177, 84177, 2652081481
794, 5004506, 2407495, 17253, 13810, 2403930, 81009, 81009, 319236890
800, 4997901, 19810, 2399757, 2395340, 16280, 83357, 83357, 2723662115
796, 4993695, 2394663, 20690, 17134, 2390448, 85380, 85380, 1219863776
792, 5001103, 2402801, 18240, 14695, 2399211, 83078, 83078, 2395078379
804, 5002485, 19971, 2402853, 2398383, 16458, 82410, 82410, 1269421998
799, 4998098, 2397356, 21020, 17528, 2393256, 84469, 84469, 3787993095
802, 4992923, 19003, 2399207, 2394506, 15403, 82402, 82402, 128911398
798, 5002373, 17561, 2404276, 2400574, 14128, 82917, 82917, 1514556190
803, 5004495, 2403790, 18459, 15016, 2399932, 83649, 83649, 7496899
807, 4996231, 2402411, 17659, 14224, 2397989, 81974, 81974, 2748706694
811, 5000871, 20495, 2399020, 2395146, 16864, 84673, 84673, 3795161226
810, 4994760, 20294, 2395137, 2391059, 16790, 85740, 85740, 2315624273
808, 5002835, 2401733, 20651, 17315, 2396910, 83113, 83113, 328565492
805, 5003687, 2405485, 19126, 15660, 2401842, 80787, 80787, 789317541
806, 4998946, 2399851, 19860, 16350, 2395739, 83573, 83573, 3051718201
809, 5003246, 2404349, 17880, 14429, 2400332, 83128, 83128, 3960409839
816, 4997604, 17416, 2401781, 2395754, 13983, 84335, 84335, 3975830163
813, 4998229, 18560, 2400396, 2396322, 15205, 83873, 83873, 605061447
801, 5004615, 2402096, 19718, 16257, 2398376, 84084, 84084, 2452985739
812, 4998256, 19790, 2400221, 2396356, 16149, 82870, 82870, 1116340622
815, 4994220, 20840, 2393442, 2389482, 17292, 86582, 86582, 2315492178
820, 5001911, 17810, 2404868, 2400326, 14441, 82233, 82233, 3651083440
814, 4994849, 2394728, 19084, 15603, 2391084, 87175, 87175, 3801925069
819, 4998348, 2399672, 20689, 17192, 2394699, 83048, 83048, 178928234
817, 4996984, 2395470, 19885, 16279, 2391458, 86946, 86946, 3031034474
822, 4992462, 18462, 2398495, 2394280, 14897, 83164, 83164, 3641184827
818, 5000906, 18887, 2401302, 2397602, 15459, 83828, 83828, 1719574742
821, 5001466, 16272, 2405716, 2402196, 12958, 82162, 82162, 3528412170
828, 5000551, 20083, 2398985, 2395112, 16689, 84841, 84841, 1909156262
825, 5000014, 18003, 2403893, 2400330, 14598, 81595, 81595, 662481427
823, 4996394, 20938, 2397934, 2394422, 17524, 82788, 82788, 845018559
826, 4999848, 2399298, 21346, 17840, 2395178, 83093, 83093, 3741644526
827, 4995446, 2399223, 19103, 15580, 2395438, 83051, 83051, 596282946
829, 4992167, 2396256, 19472, 15924, 2391801, 84357, 84357, 2580969469
824, 4998863, 2399233, 19400, 15971, 2395405, 84427, 84427, 1280345948
835, 4998598, 18303, 2401486, 2397307, 14938, 83282, 83282, 1258591024
830, 5000990, 2402492, 19242, 15802, 2398886, 82284, 82284, 3942653789
833, 5009977, 20623, 2405959, 2402383, 17064, 81974, 81974, 1576197562
831, 4989907, 2393631, 19963, 16352, 2389753, 85104, 85104, 2129667758
838, 5001457, 18338, 2402734, 2398235, 14948, 83601, 83601, 1740839186
832, 5010080, 17368, 2408861, 2405527, 14046, 82139, 82139, 2085658568
836, 4992614, 18177, 2396775, 2392954, 14704, 85002, 85002, 1382933787
841, 4997394, 18865, 2400175, 2395884, 15234, 83618, 83618, 3760469855
834, 5007483, 2399661, 23483, 20047, 2395452, 84420, 84420, 2766763730
840, 4999955, 2401787, 20943, 17443, 2396316, 81733, 81733, 3190646845
846, 5005956, 19470, 2404472, 2399951, 15931, 83066, 83066, 624671313
842, 5000074, 2400650, 17895, 14426, 2394927, 86088, 86088, 190082525
839, 4991978, 2393845, 20194, 16675, 2389436, 85914, 85914, 1632586713
845, 5002844, 2406363, 16725, 13401, 2401805, 82275, 82275, 2739020485
837, 5007678, 2402922, 20449, 16949, 2398950, 84204, 84204, 717304221
844, 4999667, 2399424, 20356, 16738, 2394685, 84232, 84232, 3589768781
843, 5004109, 2402133, 20085, 16592, 2398023, 83638, 83638, 1137700298
847, 4992733, 18061, 2396212, 2391829, 14463, 86084, 86084, 2782101895
848, 5006802, 2409098, 16789, 13527, 2404476, 81456, 81456, 831555718
849, 5000461, 2403709, 18236, 14838, 2398980, 82349, 82349, 1470729017
853, 4999193, 20008, 2398272, 2394201, 16514, 85099, 85099, 1350481874
852, 5005705, 2406391, 17987, 14547, 2402266, 82257, 82257, 3634945680
851, 4998323, 20232, 2397995, 2394311, 16753, 84516, 84516, 3795440951
850, 5005377, 2405198, 19707, 16201, 2401319, 81476, 81476, 1776855113
856, 5003798, 19408, 2402783, 2398854, 16049, 83352, 83352, 4129058307
858, 5001262, 19155, 2402859, 2399074, 15500, 82337, 82337, 1737161441
854, 4996168, 18927, 2398569, 2394650, 15424, 84299, 84299, 1645943543
862, 4988373, 23435, 2387048, 2382784, 19610, 87748, 87748, 3648125978
857, 5003631, 2403031, 20071, 16603, 2398596, 82665, 82665, 2307567841
864, 4999634, 19061, 2401009, 2395880, 15584, 84050, 84050, 598409830
861, 5002920, 18305, 2402059, 2397611, 14907, 85019, 85019, 1467349098
855, 4994608, 2399206, 19187, 15730, 2394827, 82829, 82829, 321132570
859, 5005158, 2405323, 18173, 14756, 2401476, 82715, 82715, 1940856675
866, 4996637, 19072, 2399422, 2394474, 15597, 84036, 84036, 2612107568
867, 4996501, 19008, 2400631, 2396273, 15497, 82546, 82546, 480452716
863, 4992760, 18697, 2398369, 2394775, 15199, 82860, 82860, 4204191786
865, 4996916, 2395990, 22741, 19246, 2391703, 83618, 83618, 3968278744
860, 4993333, 2389149, 23235, 19638, 2385489, 87911, 87911, 784151925
870, 4999535, 2402883, 18493, 14966, 2397641, 82776, 82776, 3062959139
869, 5007623, 20094, 2404720, 2400658, 16539, 82806, 82806, 637325015
868, 5004566, 2407336, 17316, 13959, 2403319, 81318, 81318, 4271906547
872, 5002383, 2400108, 20781, 17269, 2395237, 84494, 84494, 1321303638
873, 4999728, 2399842, 20295, 16692, 2394841, 84029, 84029, 1366918841
878, 5003097, 19733, 2402968, 2398542, 16298, 82778, 82778, 438409212
874, 5000691, 2404535, 17757, 14269, 2399942, 82094, 82094, 425677584
875, 5001021, 2402076, 19469, 15946, 2397058, 83236, 83236, 2889060342
880, 5005877, 18169, 2407286, 2402442, 14806, 81587, 81587, 3448484015
871, 4996233, 2396395, 20605, 16941, 2392420, 84936, 84936, 4215112445
876, 4996056, 2398109, 19687, 16174, 2393226, 84430, 84430, 2998894304
881, 5006264, 18712, 2406895, 2402875, 15160, 81311, 81311, 1969288673
882, 5004083, 18764, 2404809, 2400308, 15372, 82415, 82415, 142649966
877, 5004941, 2403151, 19742, 16384, 2399234, 83215, 83215, 170898264
883, 4996569, 2396352, 22639, 19037, 2390953, 83794, 83794, 3815063133
884, 5007282, 2410172, 17325, 13977, 2404108, 80850, 80850, 74769062
885, 5001004, 19033, 2400259, 2396188, 15442, 85041, 85041, 2990131658
887, 4992948, 18736, 2398126, 2393016, 15240, 83915, 83915, 3525617641
879, 4998501, 2398060, 20190, 16521, 2394370, 84680, 84680, 1583873346
893, 5000729, 19224, 2402349, 2397042, 15728, 83193, 83193, 2328058747
886, 5001421, 2397326, 21504, 17908, 2393587, 85548, 85548, 2028708735
890, 4999418, 2399848, 20123, 16571, 2395266, 83805, 83805, 643866743
896, 4997280, 19422, 2398830, 2394644, 15946, 84219, 84219, 1721124768
892, 4996895, 2401775, 18227, 14668, 2397605, 82310, 82310, 2785272780
898, 4994445, 19625, 2398050, 2393247, 16139, 83692, 83692, 3606628380
888, 5002609, 20132, 2400759, 2397338, 16570, 83905, 83905, 1599068477
894, 4992456, 2397754, 19566, 16084, 2393104, 82974, 82974, 1671056621
889, 4998921, 2400110, 19513, 16158, 2396120, 83510, 83510, 2147610560
900, 4996041, 17874, 2400972, 2396403, 14336, 83228, 83228, 2698039914
895, 4995409, 2396654, 20287, 16717, 2392781, 84485, 84485, 4222445306
897, 5003007, 21096, 2400254, 2396828, 17519, 83655, 83655, 1294033049
891, 5002136, 2402480, 18741, 15160, 2398889, 83433, 83433, 3566618063
899, 4999069, 19579, 2401074, 2397449, 16021, 82473, 82473, 1550170138
901, 4995983, 2399614, 18637, 15220, 2395382, 83565, 83565, 4024344723
904, 4999010, 20206, 2400050, 2394977, 16813, 83482, 83482, 528424820
902, 5006559, 17902, 2405479, 2401590, 14502, 83543, 83543, 3418817751
907, 5000776, 18044, 2404699, 2399441, 14494, 82049, 82049, 2552170915
908, 4987988, 18587, 2393876, 2389833, 15144, 85274, 85274, 1925064788
905, 4998999, 2399579, 20783, 17315, 2394086, 83618, 83618, 1046916280
910, 5007020, 24285, 2399705, 2395399, 20819, 83406, 83406, 1168599745
903, 5009876, 2405791, 19327, 15831, 2402097, 83415, 83415, 2860747551
911, 4996280, 18278, 2398612, 2394572, 14740, 85039, 85039, 1599797338
912, 5004418, 22107, 2398653, 2395027, 18431, 85100, 85100, 3356403190
917, 4992800, 20885, 2395274, 2390105, 17228, 84654, 84654, 2656146838
916, 4997694, 2402990, 18376, 14995, 2397859, 81737, 81737, 2830845165
909, 4999225, 2396709, 20891, 17359, 2392996, 85635, 85635, 1855075179
906, 5004272, 2405430, 18364, 15104, 2401764, 81805, 81805, 1280022910
913, 5002619, 2401957, 19445, 16054, 2398075, 83544, 83544, 575057154
918, 5006894, 16779, 2408026, 2403939, 13384, 82383, 82383, 4136898258
919, 4994080, 21781, 2392760, 2388426, 18217, 86448, 86448, 2616314387
915, 4994714, 19565, 2396810, 2393256, 16001, 84541, 84541, 2406124741
924, 5000000, 18571, 2402644, 2396762, 15181, 83421, 83421, 2051377344
922, 4996743, 23657, 2392626, 2387660, 20204, 86298, 86298, 3611612775
914, 4998263, 2402886, 16936, 13523, 2399040, 82939, 82939, 49746524
921, 5009123, 18999, 2405332, 2401338, 15696, 83879, 83879, 426827625
920, 4995198, 18159, 2399444, 2395856, 14785, 83477, 83477, 1832392074
923, 4998894, 2403141, 17981, 14419, 2399213, 82070, 82070, 366239346
928, 5001194, 20958, 2399062, 2394416, 17462, 84648, 84648, 182020205
930, 5004217, 19412, 2404416, 2399247, 15942, 82600, 82600, 124177418
929, 5002915, 2405385, 18305, 14903, 2400094, 82114, 82114, 1246012036
927, 4999557, 20302, 2398209, 2394137, 16859, 85025, 85025, 1974683387
925, 5000525, 2403625, 18871, 15458, 2398299, 82136, 82136, 2619716264
932, 5009889, 18022, 2408052, 2403924, 14653, 82619, 82619, 1321230350
926, 4999012, 2396021, 22075, 18558, 2392080, 85139, 85139, 1473733593
939, 4999303, 17494, 2403725, 2397855, 14039, 83095, 83095, 1970762755
931, 5005119, 2405434, 18967, 15503, 2400197, 82509, 82509, 2860942849
936, 4994177, 2393382, 22152, 18523, 2388398, 85861, 85861, 954655803
934, 5000419, 2400552, 20142, 16650, 2396399, 83338, 83338, 2448520661
935, 5008228, 2409168, 18145, 14825, 2404008, 81041, 81041, 2860403967
940, 5000864, 2400464, 19779, 16413, 2394864, 84672, 84672, 4206014784
933, 4997173, 2398858, 20687, 17130, 2395196, 82651, 82651, 1233648334
938, 5002627, 17879, 2405162, 2401326, 14516, 81872, 81872, 1172312482
937, 5002023, 2394977, 21917, 18352, 2391237, 87770, 87770, 1491948810
943, 4996100, 19145, 2396353, 2392370, 15640, 86296, 86296, 738305420
941, 4996701, 22983, 2395189, 2391313, 19344, 83936, 83936, 3993516127
948, 5002486, 19161, 2402652, 2398135, 15738, 83400, 83400, 31665285
942, 4998943, 2397190, 21386, 17912, 2393325, 84565, 84565, 3759991002
946, 4999307, 18521, 2402189, 2398207, 15000, 82695, 82695, 1207475598
944, 5003537, 2400402, 18924, 15494, 2396271, 86223, 86223, 1116925231
949, 5004712, 17924, 2404820, 2401095, 14463, 83205, 83205, 2007111971
947, 4996027, 22136, 2393897, 2390314, 18608, 85536, 85536, 2265643728
951, 5003088, 25228, 2394809, 2390726, 21593, 85366, 85366, 2932182993
945, 5004380, 2401358, 20207, 16591, 2397252, 84486, 84486, 1638654095
958, 4998234, 17826, 2402260, 2396795, 14455, 83449, 83449, 3495152734
950, 4997215, 2398623, 19501, 15959, 2394996, 84068, 84068, 1530379512
952, 5008123, 2407203, 18104, 14733, 2403387, 82348, 82348, 930310961
953, 5002815, 19889, 2402418, 2398662, 16352, 82747, 82747, 878612352
956, 4996612, 18849, 2398505, 2394708, 15268, 84641, 84641, 2305024205
960, 5000526, 18637, 2404760, 2400227, 15204, 80849, 80849, 2489059489
955, 5003765, 2403557, 19379, 16011, 2399696, 82561, 82561, 806268820
962, 4999699, 19273, 2400122, 2395957, 15823, 84262, 84262, 2175778458
954, 5001388, 2401463, 19859, 16470, 2397588, 83004, 83004, 1795842156
957, 4994052, 2396882, 20605, 17100, 2392269, 83598, 83598, 3988149247
959, 4999750, 21620, 2398069, 2394251, 18122, 83844, 83844, 1567496709
961, 5000946, 2401413, 18990, 15500, 2397761, 83641, 83641, 2271441958
967, 4996568, 20113, 2398044, 2393202, 16621, 84294, 84294, 2167166627
963, 5003291, 2402798, 18667, 15179, 2399175, 83736, 83736, 768628626
971, 4999990, 18200, 2402139, 2397961, 14740, 83475, 83475, 278448606
973, 4996114, 21275, 2395869, 2391619, 17657, 84847, 84847, 3055904222
965, 5008352, 21764, 2399990, 2396443, 18249, 85953, 85953, 1681526026
968, 4995655, 21027, 2396081, 2392202, 17417, 84464, 84464, 663135408
964, 5005040, 2405364, 17400, 13943, 2401601, 83366, 83366, 2950244865
969, 5002704, 18689, 2403147, 2399195, 15167, 83253, 83253, 2409115392
966, 5000554, 2399139, 21099, 17703, 2395483, 83565, 83565, 399137189
970, 5008052, 2406089, 20153, 16658, 2401404, 81874, 81874, 1493536116
976, 5000071, 19535, 2400220, 2396435, 16039, 83921, 83921, 3473006173
972, 4997584, 18990, 2399656, 2395946, 15484, 83754, 83754, 3769789715
974, 4997750, 25969, 2390880, 2387033, 22332, 85768, 85768, 2318760221
975, 5001182, 2403200, 18417, 15025, 2398730, 82905, 82905, 3547571375
977, 4995450, 19666, 2395893, 2392051, 15984, 85928, 85928, 3390241382
980, 5006403, 18451, 2404782, 2400308, 15044, 83909, 83909, 1712671861
981, 4993256, 20708, 2393605, 2389363, 17100, 86240, 86240, 2636267214
987, 4994889, 20332, 2397353, 2392567, 16879, 83879, 83879, 1940701557
984, 4992899, 2399093, 17773, 14267, 2394156, 83805, 83805, 2659658215
985, 5006245, 2408921, 17334, 13945, 2404323, 80861, 80861, 1261941945
978, 4998814, 2403012, 17914, 14533, 2399389, 81983, 81983, 4247660923
983, 5003612, 18271, 2404403, 2400810, 14898, 82615, 82615, 2594927315
991, 4995970, 19197, 2398624, 2394423, 15664, 84031, 84031, 3337410423
979, 4992181, 2396525, 18119, 14658, 2393023, 84928, 84928, 2710521359
982, 5001318, 2400076, 19561, 16161, 2396430, 84545, 84545, 719233435
986, 5008027, 17697, 2407618, 2404004, 14266, 82221, 82221, 597052301
988, 4996007, 2396298, 20982, 17429, 2392500, 84399, 84399, 1025740670
992, 4995179, 2397928, 19582, 15967, 2394246, 83728, 83728, 3257260536
990, 5001538, 2403502, 18175, 14759, 2399756, 82673, 82673, 374729048
993, 5006050, 2403641, 20076, 16677, 2399018, 83319, 83319, 2451502207
989, 5005176, 2408073, 16726, 13448, 2404789, 81070, 81070, 2060002678
997, 5003937, 18124, 2405079, 2400136, 14742, 82928, 82928, 2717709597
999, 4995029, 18692, 2401022, 2396174, 15293, 81924, 81924, 1020300274
995, 5003600, 2402976, 18868, 15442, 2398388, 83963, 83963, 1639993378
998, 4995109, 19091, 2399263, 2394834, 15785, 83068, 83068, 2274533307
994, 4996563, 19871, 2397351, 2393787, 16216, 84669, 84669, 516562490
996, 4992320, 2394448, 20517, 16983, 2389584, 85394, 85394, 209226925
