sample_id, N_active, N_A_1, N_B_1, N_A_0, N_B_0, N_A_*, N_B_*, seed
9, 1966191, 398186, 444699, 413872, 368170, 170632, 170632, 1786302835
14, 1964334, 427312, 413620, 383156, 396298, 171974, 171974, 2297055471
8, 1968702, 384870, 460811, 428738, 355231, 169526, 169526, 3156597277
15, 1966795, 395199, 443001, 412164, 364857, 175787, 175787, 102729542
3, 1966673, 411569, 427149, 396777, 381220, 174979, 174979, 2018471223
2, 1968024, 456719, 392475, 363090, 425166, 165287, 165287, 1531959096
6, 1968649, 438671, 405793, 375697, 407258, 170615, 170615, 3651284902
5, 1966816, 437284, 404439, 374724, 406221, 172074, 172074, 296326284
0, 1967312, 412633, 443959, 412873, 382277, 157785, 157785, 3271102847
12, 1964721, 414797, 429530, 398265, 383891, 169119, 169119, 1324585496
13, 1971850, 427277, 421515, 391056, 396662, 167670, 167670, 4185434020
10, 1965481, 411300, 432920, 402123, 380592, 169273, 169273, 1682009055
1, 1968776, 421271, 426047, 395920, 390418, 167560, 167560, 3548649871
11, 1970852, 460111, 390322, 360923, 428486, 165505, 165505, 3137795219
7, 1967521, 439096, 409218, 379268, 408413, 165763, 165763, 3259290127
4, 1968099, 425096, 414331, 384369, 394579, 174862, 174862, 4212106429
16, 1965797, 406919, 438523, 406921, 376832, 168301, 168301, 455892927
17, 1970184, 427809, 420928, 390680, 397873, 166447, 166447, 2701454221
19, 1961792, 434743, 404298, 374296, 403983, 172236, 172236, 3351418655
21, 1961177, 407476, 438299, 406730, 377288, 165692, 165692, 1358304447
22, 1966445, 433740, 410108, 379061, 403322, 170107, 170107, 3055925525
20, 1966866, 410233, 433715, 402694, 379900, 170162, 170162, 1685907703
18, 1969991, 426654, 417564, 386652, 396545, 171288, 171288, 4013078411
25, 1962680, 439580, 407053, 376114, 408391, 165771, 165771, 4098562539
23, 1965947, 427591, 412594, 382168, 397744, 172925, 172925, 691112493
30, 1957826, 401639, 439321, 408412, 371068, 168693, 168693, 3243395314
26, 1966329, 388413, 458199, 426617, 358572, 167264, 167264, 3420805909
27, 1971222, 416298, 426325, 395473, 386382, 173372, 173372, 783013944
24, 1966161, 431888, 408625, 378462, 401098, 173044, 173044, 1573196766
31, 1963257, 408626, 429177, 397847, 378309, 174649, 174649, 3154509404
28, 1959269, 418397, 417398, 385796, 387788, 174945, 174945, 4200696937
29, 1969648, 410307, 436499, 405306, 381032, 168252, 168252, 999433281
32, 1963519, 424875, 415833, 385094, 393949, 171884, 171884, 3659186745
33, 1976021, 389647, 461645, 431022, 360243, 166732, 166732, 862122243
34, 1971052, 408244, 444351, 414115, 378156, 163093, 163093, 267352480
38, 1965692, 424845, 422358, 391837, 394200, 166226, 166226, 2662997109
37, 1962481, 437978, 400991, 371126, 407140, 172623, 172623, 384163541
36, 1966059, 436860, 412111, 381735, 406531, 164411, 164411, 4266178179
39, 1967489, 418349, 427504, 397088, 387800, 168374, 168374, 2866472761
35, 1966681, 404698, 440942, 409725, 375312, 168002, 168002, 2527246555
40, 1965441, 428908, 415318, 384610, 397927, 169339, 169339, 2951537305
41, 1971592, 424184, 416573, 386097, 393988, 175375, 175375, 4106297275
42, 1965311, 454159, 386708, 356660, 423196, 172294, 172294, 2593316687
44, 1962799, 404890, 436685, 405337, 374753, 170567, 170567, 3696682432
47, 1968278, 434214, 405560, 375480, 403406, 174809, 174809, 111282671
43, 1965907, 422829, 422595, 392014, 392303, 168083, 168083, 2195436758
45, 1969092, 425481, 416048, 385608, 394753, 173601, 173601, 2823139789
46, 1967734, 428656, 415526, 384796, 398148, 170304, 170304, 1180438944
48, 1963624, 414937, 427787, 396497, 383959, 170222, 170222, 3032762069
49, 1960961, 435346, 415255, 385141, 403893, 160663, 160663, 2747499973
50, 1961008, 413750, 426694, 395322, 382718, 171262, 171262, 535613788
54, 1968140, 435440, 411117, 381051, 404582, 167975, 167975, 2320251335
52, 1969822, 433535, 408823, 378983, 403255, 172613, 172613, 1651612200
53, 1964881, 425325, 423202, 392029, 394797, 164764, 164764, 2482151726
51, 1966504, 450910, 390522, 360520, 420130, 172211, 172211, 2711747400
55, 1963101, 419678, 423721, 393134, 388602, 168983, 168983, 1694061040
57, 1968892, 408580, 433523, 403233, 378696, 172430, 172430, 425563188
56, 1965211, 430374, 410018, 379636, 399229, 172977, 172977, 3628557658
62, 1965194, 415834, 426155, 395621, 384670, 171457, 171457, 1972224976
58, 1973433, 417685, 421923, 392215, 387812, 176899, 176899, 3615926685
61, 1967355, 412126, 430027, 399095, 381145, 172481, 172481, 3747596931
60, 1965462, 438994, 404532, 373555, 408287, 170047, 170047, 2192223060
63, 1965456, 397031, 447021, 415383, 367003, 169509, 169509, 4258351
59, 1967350, 427839, 416064, 385994, 397015, 170219, 170219, 1103404321
64, 1969722, 400404, 448115, 417370, 370025, 166904, 166904, 1063592047
65, 1956643, 424767, 411623, 380074, 393185, 173497, 173497, 2000354778
66, 1970450, 426516, 421831, 391283, 395942, 167439, 167439, 1290848076
70, 1966679, 410881, 433941, 402836, 380327, 169347, 169347, 3257762784
71, 1972008, 409599, 436569, 406363, 379131, 170173, 170173, 3438704383
67, 1967071, 445822, 399629, 369417, 415009, 168597, 168597, 3682237883
68, 1963933, 394711, 451956, 421280, 364500, 165743, 165743, 2587894521
69, 1968740, 452206, 390277, 360456, 420617, 172592, 172592, 1408676505
73, 1972112, 439949, 399269, 368901, 409391, 177301, 177301, 4095069818
72, 1969262, 413879, 426504, 395827, 383400, 174826, 174826, 3717399245
74, 1967497, 437094, 411479, 381719, 406071, 165567, 165567, 3421311328
78, 1963693, 380359, 467183, 434775, 350480, 165448, 165448, 3428039116
77, 1967593, 446443, 402923, 373120, 415561, 164773, 164773, 1699476669
76, 1972643, 426895, 423732, 393717, 396545, 165877, 165877, 233955732
79, 1970330, 394146, 447387, 416646, 364737, 173707, 173707, 2112833792
75, 1965651, 448911, 387237, 358162, 417331, 177005, 177005, 2535473951
80, 1963489, 440635, 406807, 376508, 409293, 165123, 165123, 372391900
81, 1961078, 419199, 426415, 394914, 388530, 166010, 166010, 18870568
82, 1965040, 425444, 420686, 390236, 395214, 166730, 166730, 551145513
83, 1968206, 423910, 416945, 386133, 393430, 173894, 173894, 849135281
85, 1968675, 431571, 410039, 379807, 400744, 173257, 173257, 2554576919
84, 1967693, 399231, 438004, 407310, 368854, 177147, 177147, 147131428
90, 1962123, 413033, 423398, 392990, 382440, 175131, 175131, 470559917
88, 1964781, 420255, 412877, 381985, 389186, 180239, 180239, 344308791
87, 1965613, 428621, 421103, 391019, 397606, 163632, 163632, 2802701929
86, 1964963, 417185, 432927, 401905, 387236, 162855, 162855, 994355374
93, 1963203, 401757, 441372, 409641, 371207, 169613, 169613, 3850345280
89, 1969523, 427476, 417710, 387254, 396667, 170208, 170208, 3176372875
91, 1966594, 405281, 430594, 400111, 374680, 177964, 177964, 3667235918
92, 1963925, 411415, 431827, 401065, 380874, 169372, 169372, 2942288918
94, 1964569, 412071, 428520, 397299, 381967, 172356, 172356, 2721996360
95, 1962677, 389970, 451176, 419732, 359387, 171206, 171206, 944071513
96, 1971392, 440783, 406288, 376203, 409586, 169266, 169266, 820294624
97, 1966051, 423596, 417622, 387088, 393725, 172010, 172010, 2509528458
98, 1964901, 428103, 413872, 383655, 396895, 171188, 171188, 4269374460
99, 1968703, 422410, 413395, 383178, 391434, 179143, 179143, 3187185543
100, 1969598, 428756, 410223, 379990, 398435, 176097, 176097, 1356049150
101, 1968581, 433392, 413351, 384002, 402598, 167619, 167619, 525880860
102, 1963793, 438962, 409542, 379541, 407346, 164201, 164201, 3990142589
104, 1966847, 417340, 421595, 391027, 386593, 175146, 175146, 2412223959
103, 1963873, 446521, 394383, 363726, 414757, 172243, 172243, 1037868728
105, 1971364, 412559, 434485, 404013, 382287, 169010, 169010, 2147474385
106, 1964296, 433230, 412409, 381990, 402139, 167264, 167264, 2577108134
107, 1969094, 397484, 453445, 422268, 367441, 164228, 164228, 649617462
109, 1962021, 417448, 423907, 392379, 386657, 170815, 170815, 2920051961
108, 1970662, 442670, 395024, 365459, 412139, 177685, 177685, 624778351
110, 1967842, 408618, 433122, 402861, 377951, 172645, 172645, 3033025152
112, 1964215, 409841, 429085, 398325, 379434, 173765, 173765, 833155085
111, 1960957, 381607, 455901, 424352, 350955, 174071, 174071, 1391721907
113, 1963471, 421072, 416502, 385709, 390046, 175071, 175071, 3555092105
114, 1965070, 400069, 450447, 419217, 369753, 162792, 162792, 2779658289
115, 1967679, 396666, 440764, 410298, 366339, 176806, 176806, 734936285
116, 1974254, 409128, 435904, 405871, 378885, 172233, 172233, 1152709381
117, 1970482, 426387, 419390, 389040, 395483, 170091, 170091, 1458726607
118, 1975087, 421016, 427713, 397086, 390640, 169316, 169316, 1955682187
119, 1967556, 404168, 435813, 404508, 374975, 174046, 174046, 2405585411
121, 1969703, 399112, 446485, 415093, 368615, 170199, 170199, 2850503924
120, 1963250, 433167, 404449, 373787, 402045, 174901, 174901, 3925522193
122, 1965852, 384342, 453653, 422370, 353895, 175796, 175796, 3798745394
123, 1964902, 388030, 452890, 421480, 358314, 172094, 172094, 703588633
125, 1970611, 436106, 412173, 381443, 405063, 167913, 167913, 920070653
127, 1962411, 418270, 425968, 394464, 387755, 167977, 167977, 2367281053
124, 1968196, 421461, 421555, 391211, 390709, 171630, 171630, 3005641852
128, 1965458, 421375, 428061, 397034, 390440, 164274, 164274, 1742445236
129, 1965051, 432326, 406084, 376387, 401050, 174602, 174602, 1220268246
126, 1968684, 404303, 446311, 415540, 374356, 164087, 164087, 2841342407
130, 1968650, 435041, 406937, 376503, 404041, 173064, 173064, 2101869225
131, 1958853, 406721, 429994, 398598, 376250, 173645, 173645, 2846285856
132, 1966484, 396601, 444786, 413736, 366485, 172438, 172438, 2875827222
134, 1965954, 403681, 440450, 409107, 373730, 169493, 169493, 4171269820
133, 1972860, 439189, 409322, 379199, 409164, 167993, 167993, 343730697
135, 1969096, 399054, 445341, 415279, 368434, 170494, 170494, 1145504714
136, 1962310, 434669, 402512, 372349, 403534, 174623, 174623, 4095397794
137, 1966550, 445646, 402262, 371138, 414736, 166384, 166384, 63758495
138, 1964633, 403515, 442040, 411177, 372907, 167497, 167497, 1112416668
139, 1962381, 409738, 429521, 398441, 379539, 172571, 172571, 1566968102
140, 1968174, 414778, 426973, 395978, 383993, 173226, 173226, 180514061
141, 1969291, 401459, 446570, 415417, 370937, 167454, 167454, 4147186361
144, 1965717, 400880, 447281, 415908, 370830, 165409, 165409, 1382131262
143, 1961690, 399897, 439538, 408350, 369651, 172127, 172127, 3544343449
142, 1966932, 410054, 440624, 410210, 379448, 163298, 163298, 3320306267
146, 1964971, 402688, 440096, 409118, 372303, 170383, 170383, 1577563563
145, 1967149, 412423, 423928, 392741, 382107, 177975, 177975, 1977424886
147, 1971239, 433265, 410544, 380466, 402244, 172360, 172360, 4006492567
148, 1965567, 400345, 436571, 405888, 370065, 176349, 176349, 3828287354
149, 1962618, 388180, 456559, 425368, 357837, 167337, 167337, 1522967567
150, 1963995, 411772, 427980, 397419, 380848, 172988, 172988, 672049862
151, 1965735, 448144, 397836, 367994, 417709, 167026, 167026, 348705746
152, 1965008, 429837, 413224, 382548, 399089, 170155, 170155, 3186729675
153, 1967201, 441211, 397064, 366393, 410611, 175961, 175961, 232492741
155, 1963307, 398338, 439062, 407936, 368291, 174840, 174840, 895335127
154, 1964647, 414054, 419831, 389006, 383268, 179244, 179244, 1792453205
158, 1968891, 422565, 427126, 396751, 392255, 165097, 165097, 1259488627
156, 1968102, 425487, 414488, 384775, 394498, 174427, 174427, 4136574720
160, 1964902, 405711, 435352, 404213, 375600, 172013, 172013, 1463289017
157, 1971722, 408233, 436657, 405898, 378716, 171109, 171109, 3924569152
159, 1964635, 418356, 425929, 394958, 387664, 168864, 168864, 3243724855
161, 1967106, 440730, 410360, 379370, 409946, 163350, 163350, 1002803967
162, 1967743, 437668, 409544, 379525, 406818, 167094, 167094, 258206564
163, 1971635, 404452, 440673, 410331, 374961, 170609, 170609, 2076139065
164, 1966310, 431046, 415405, 385140, 400655, 167032, 167032, 3321092725
165, 1961872, 393950, 442055, 410691, 363180, 175998, 175998, 1311098715
166, 1970677, 424916, 424791, 394251, 394321, 166199, 166199, 590843835
168, 1963166, 418390, 428538, 397725, 387147, 165683, 165683, 454606467
167, 1966679, 422278, 416846, 386185, 391754, 174808, 174808, 297077919
169, 1965690, 422838, 418380, 388033, 392053, 172193, 172193, 1622292945
170, 1964587, 422685, 416917, 386155, 391912, 173459, 173459, 1576187075
173, 1963693, 422431, 422638, 392117, 391747, 167380, 167380, 1290576922
172, 1970357, 435272, 406023, 375875, 404851, 174168, 174168, 3724648491
174, 1957487, 448047, 386008, 355824, 416116, 175746, 175746, 3870197494
171, 1966418, 431699, 411694, 381332, 400947, 170373, 170373, 3137557777
175, 1965225, 419283, 423621, 392619, 388282, 170710, 170710, 655546827
178, 1967724, 405493, 441348, 410439, 375266, 167589, 167589, 4041492469
177, 1964729, 428292, 420504, 389955, 397126, 164426, 164426, 2128095909
176, 1968192, 403938, 437640, 407436, 373696, 172741, 172741, 1424018098
180, 1971164, 405051, 436619, 405303, 375053, 174569, 174569, 3758280224
179, 1965324, 461446, 375087, 345445, 430180, 176583, 176583, 3424468060
181, 1964783, 433562, 412510, 382400, 402687, 166812, 166812, 2567155498
182, 1966507, 397853, 446217, 415367, 367386, 169842, 169842, 3919336497
183, 1966078, 403869, 444252, 413914, 373129, 165457, 165457, 3684967310
185, 1968173, 420114, 422823, 391874, 389440, 171961, 171961, 35950929
184, 1966911, 411679, 431945, 401237, 381216, 170417, 170417, 3079035517
187, 1962442, 454214, 386510, 356316, 422818, 171292, 171292, 2390717871
186, 1963751, 445401, 389388, 359128, 413922, 177956, 177956, 2634429944
189, 1967620, 409118, 434685, 403532, 379197, 170544, 170544, 1984422413
193, 1969215, 411336, 437066, 406477, 380780, 166778, 166778, 3079665942
190, 1968725, 432680, 416331, 385934, 400972, 166404, 166404, 3295894681
188, 1963669, 416676, 421102, 389904, 386079, 174954, 174954, 3489633394
191, 1960046, 430068, 413711, 382979, 398954, 167167, 167167, 2642124440
192, 1962658, 415409, 421993, 390986, 384326, 174972, 174972, 234732341
194, 1967528, 452478, 395304, 365359, 421745, 166321, 166321, 2138476160
196, 1966520, 410948, 430145, 399959, 380662, 172403, 172403, 2149746447
195, 1966882, 423649, 425869, 394948, 393102, 164657, 164657, 1975246504
197, 1963727, 445009, 406646, 375821, 413223, 161514, 161514, 4157216912
198, 1970709, 447891, 392449, 362970, 416927, 175236, 175236, 3894938424
199, 1968789, 428974, 416626, 386611, 398386, 169096, 169096, 214887387
200, 1967745, 423694, 419407, 388371, 393217, 171528, 171528, 511335260
201, 1958507, 434663, 405735, 375269, 403076, 169882, 169882, 1802412047
202, 1969170, 457570, 391299, 360853, 426184, 166632, 166632, 768175338
203, 1969090, 428362, 415013, 384431, 397352, 171966, 171966, 2600176620
208, 1968139, 422433, 420686, 390171, 391537, 171656, 171656, 4091599486
207, 1961822, 447300, 394198, 363244, 415442, 170819, 170819, 89757596
204, 1969240, 416820, 423995, 393697, 386838, 173945, 173945, 2098684570
206, 1963984, 438903, 403780, 373670, 407587, 170022, 170022, 1946644958
210, 1960648, 398994, 432107, 400894, 367979, 180337, 180337, 1507104423
209, 1968242, 418871, 427877, 397124, 388608, 167881, 167881, 2584296395
205, 1967582, 386954, 453569, 422430, 357439, 173595, 173595, 3931873874
211, 1964431, 404413, 438768, 407872, 373018, 170180, 170180, 612298957
212, 1969001, 415051, 429656, 399459, 383909, 170463, 170463, 2862619281
213, 1973292, 425435, 430666, 399997, 394956, 161119, 161119, 1406430395
214, 1972639, 408874, 432301, 401405, 379595, 175232, 175232, 4211387779
215, 1968066, 431079, 399935, 369373, 401205, 183237, 183237, 3369918477
216, 1966469, 401681, 447193, 415956, 371263, 165188, 165188, 356287181
217, 1965036, 422345, 428586, 397213, 391500, 162696, 162696, 3236029805
218, 1969374, 412300, 435919, 405324, 382507, 166662, 166662, 4106584702
219, 1965831, 390273, 460980, 429073, 360345, 162580, 162580, 233922117
221, 1963743, 413148, 433189, 402558, 381692, 166578, 166578, 1144273116
222, 1966799, 444593, 400144, 370312, 413722, 169014, 169014, 2499027226
220, 1966358, 412384, 426257, 395184, 381761, 175386, 175386, 743750401
223, 1969040, 454850, 389306, 359633, 424039, 170606, 170606, 358737167
224, 1965344, 408671, 437192, 406587, 378064, 167415, 167415, 1538543689
226, 1963774, 417860, 423969, 393708, 386801, 170718, 170718, 1845311930
227, 1968843, 446649, 394721, 364390, 416271, 173406, 173406, 2492668665
225, 1968908, 418284, 428612, 398348, 387618, 168023, 168023, 3626473777
230, 1965264, 403403, 434853, 403570, 372136, 175651, 175651, 2587456552
228, 1965454, 423462, 422220, 391236, 393524, 167506, 167506, 652670069
229, 1966892, 423755, 425507, 394332, 392870, 165214, 165214, 2912049742
231, 1965502, 412534, 422540, 392119, 382145, 178082, 178082, 429503129
233, 1966187, 408897, 443463, 412695, 378984, 161074, 161074, 1129644954
232, 1963276, 411875, 433370, 401808, 380471, 167876, 167876, 395927974
234, 1963493, 411511, 432959, 402061, 381318, 167822, 167822, 3772572537
235, 1968337, 434060, 409519, 379602, 402998, 171079, 171079, 3794683543
238, 1966243, 447033, 398339, 367867, 415858, 168573, 168573, 941655534
236, 1968991, 405928, 432586, 401800, 375619, 176529, 176529, 1818648733
239, 1966155, 425891, 410517, 379911, 395708, 177064, 177064, 2295872780
243, 1965422, 451673, 387718, 357310, 420717, 174002, 174002, 4179291505
237, 1965036, 417259, 429573, 398707, 387605, 165946, 165946, 2664940680
241, 1966723, 436672, 415436, 385242, 406203, 161585, 161585, 206304778
242, 1964351, 415150, 425127, 395001, 383739, 172667, 172667, 4294860148
240, 1968776, 419687, 429624, 398934, 388977, 165777, 165777, 2464890407
244, 1971264, 407871, 439831, 409467, 378685, 167705, 167705, 1757315355
245, 1967636, 447672, 391808, 362065, 416977, 174557, 174557, 3296067305
246, 1965436, 427581, 417834, 386814, 396691, 168258, 168258, 2495437374
247, 1960777, 424223, 410164, 379493, 393247, 176825, 176825, 3639034937
248, 1968613, 414291, 437560, 406416, 383818, 163264, 163264, 1585417851
249, 1957929, 406972, 431085, 399804, 376394, 171837, 171837, 3736134835
250, 1969308, 430575, 413299, 382699, 399589, 171573, 171573, 1366295793
251, 1960675, 422502, 423637, 392305, 392097, 165067, 165067, 4268022856
252, 1966926, 418625, 428569, 398272, 387520, 166970, 166970, 3088330458
253, 1965791, 407085, 438500, 407506, 376764, 167968, 167968, 1595817412
254, 1969814, 425682, 415951, 385380, 394933, 173934, 173934, 3616554134
255, 1969035, 385358, 457301, 426147, 355775, 172227, 172227, 2964592753
256, 1966679, 409293, 427511, 397667, 378858, 176675, 176675, 2282861260
257, 1965800, 433083, 406767, 376145, 402277, 173764, 173764, 1625606080
259, 1967374, 426423, 417374, 387523, 395424, 170315, 170315, 4121727808
258, 1965636, 429885, 417209, 386752, 399066, 166362, 166362, 1104261187
260, 1964848, 413900, 427636, 396907, 383439, 171483, 171483, 2702389060
262, 1965451, 426097, 419015, 388383, 395110, 168423, 168423, 1796695823
261, 1971749, 429975, 413434, 383233, 399173, 172967, 172967, 3789536584
264, 1968430, 420511, 424738, 394373, 390270, 169269, 169269, 1433357345
263, 1964667, 454350, 385732, 356094, 422475, 173008, 173008, 2712341216
265, 1966046, 399514, 439759, 408955, 369302, 174258, 174258, 2266710138
266, 1966510, 423192, 422395, 392663, 393028, 167616, 167616, 361910376
267, 1963536, 409970, 426388, 395486, 379862, 175915, 175915, 1079564088
268, 1962812, 430330, 413115, 382770, 399099, 168749, 168749, 3454993765
269, 1968364, 392001, 442460, 411564, 362535, 179902, 179902, 2026622458
270, 1966567, 395087, 447055, 415813, 365336, 171638, 171638, 998280798
273, 1969060, 410131, 433009, 402200, 379640, 172040, 172040, 404775616
271, 1964893, 457302, 382882, 352824, 426683, 172601, 172601, 2244950991
275, 1962629, 397409, 443467, 413055, 367056, 170821, 170821, 3566044396
272, 1963946, 434413, 406591, 375594, 403292, 172028, 172028, 2616356900
276, 1957081, 362559, 474514, 441836, 333154, 172509, 172509, 3647228672
277, 1964529, 424485, 421541, 391043, 393486, 166987, 166987, 1987003078
278, 1968701, 391869, 455061, 424352, 361571, 167924, 167924, 3165787825
274, 1962290, 422407, 414803, 383172, 391686, 175111, 175111, 851449190
280, 1968445, 406134, 436039, 404989, 375919, 172682, 172682, 1622085251
279, 1957270, 402008, 440724, 408740, 370882, 167458, 167458, 3210314427
281, 1965857, 399141, 443468, 412943, 368707, 170799, 170799, 3780914248
282, 1968599, 427016, 423499, 392306, 395608, 165085, 165085, 212912852
283, 1970046, 431091, 420025, 389498, 400054, 164689, 164689, 1339059112
284, 1971486, 406063, 431611, 401083, 376353, 178188, 178188, 19697712
285, 1966202, 415812, 419280, 389103, 385157, 178425, 178425, 101045340
286, 1970398, 438884, 402649, 372889, 408262, 173857, 173857, 4251277217
287, 1970665, 426559, 417620, 387122, 396252, 171556, 171556, 1022608917
289, 1967888, 397630, 451901, 420433, 367472, 165226, 165226, 3925585602
291, 1967521, 426908, 419973, 389672, 395650, 167659, 167659, 270062894
290, 1963689, 431513, 407773, 377255, 400136, 173506, 173506, 1898341679
288, 1964456, 409199, 433555, 402523, 378895, 170142, 170142, 417806704
292, 1967014, 434310, 408445, 377804, 403371, 171542, 171542, 608340717
296, 1967402, 423686, 421827, 390821, 392802, 169133, 169133, 2830167078
295, 1973595, 418095, 428107, 398083, 388100, 170605, 170605, 2870811417
293, 1966073, 437982, 401995, 371773, 406871, 173726, 173726, 2110414917
297, 1968078, 428456, 418741, 388168, 397341, 167686, 167686, 2341199198
298, 1965154, 437243, 409745, 378675, 406329, 166581, 166581, 2233906274
294, 1973666, 414756, 426640, 396421, 385057, 175396, 175396, 4157011764
299, 1971366, 410987, 439300, 408426, 380201, 166226, 166226, 2928992109
300, 1972014, 406568, 439637, 408793, 376100, 170458, 170458, 394770243
301, 1965371, 403273, 438965, 407494, 373009, 171315, 171315, 1509230503
304, 1965073, 408100, 437241, 406442, 377296, 167997, 167997, 1112277204
303, 1966392, 442492, 403735, 374026, 411817, 167161, 167161, 1291968054
302, 1967411, 422675, 413524, 383361, 392153, 177849, 177849, 4147945422
306, 1961328, 436467, 401672, 371565, 405892, 172866, 172866, 2644118339
305, 1966350, 397068, 445516, 414539, 366435, 171396, 171396, 1285129628
308, 1968670, 416297, 422405, 392225, 385787, 175978, 175978, 121535164
307, 1962315, 404450, 435226, 404251, 374014, 172187, 172187, 1398640935
309, 1969033, 419036, 416544, 386085, 389152, 179108, 179108, 3821012748
314, 1961975, 423034, 421311, 390146, 391988, 167748, 167748, 1852081854
310, 1964661, 384547, 458553, 426929, 354446, 170093, 170093, 4091823902
315, 1963509, 416851, 427863, 396574, 386133, 168044, 168044, 2276569672
313, 1960440, 393718, 451889, 419647, 363128, 166029, 166029, 3751415516
311, 1967603, 432172, 414344, 383953, 401490, 167822, 167822, 2196199198
312, 1967905, 434191, 412924, 382211, 404221, 167179, 167179, 3966201849
316, 1969360, 398495, 448386, 417357, 368662, 168230, 168230, 2065194320
317, 1967934, 429475, 405270, 375264, 399573, 179176, 179176, 118652640
318, 1964952, 424951, 415748, 385579, 393440, 172617, 172617, 1370857710
320, 1964659, 424322, 420490, 390150, 393661, 168018, 168018, 2559477630
319, 1965091, 405004, 439161, 407595, 374865, 169233, 169233, 2220625420
324, 1965218, 412396, 429380, 398289, 381281, 171936, 171936, 1468158379
322, 1967856, 450526, 398020, 367502, 418692, 166558, 166558, 3937338242
321, 1964442, 433339, 406395, 376711, 401401, 173298, 173298, 3173916809
326, 1967448, 422536, 420117, 389744, 391463, 171794, 171794, 1031639895
323, 1965984, 444972, 396146, 365929, 414453, 172242, 172242, 2279273317
325, 1966030, 444679, 403864, 373115, 413942, 165215, 165215, 954567257
327, 1967316, 425941, 415885, 385432, 395130, 172464, 172464, 636458994
330, 1965756, 396302, 452487, 421353, 366224, 164695, 164695, 3059582934
331, 1963900, 414533, 431629, 400653, 383979, 166553, 166553, 2106567715
328, 1968958, 400488, 440335, 409316, 370699, 174060, 174060, 2458876517
332, 1969326, 450286, 394396, 364996, 418296, 170676, 170676, 4115790402
329, 1966686, 415397, 425517, 396002, 385078, 172346, 172346, 1780546787
333, 1971124, 427075, 418272, 387831, 396568, 170689, 170689, 1118938090
334, 1965313, 433529, 408662, 378337, 402105, 171340, 171340, 3631443343
335, 1969057, 421537, 425862, 395252, 390952, 167727, 167727, 729102370
336, 1960978, 436621, 400821, 370749, 405721, 173533, 173533, 754460201
337, 1971678, 416166, 428560, 397599, 385915, 171719, 171719, 4190966925
341, 1965644, 421701, 419524, 389757, 390980, 171841, 171841, 1873975601
339, 1968777, 420516, 424703, 394279, 389507, 169886, 169886, 1765722626
338, 1968689, 400460, 437901, 406544, 369712, 177036, 177036, 118171486
342, 1968273, 444684, 396506, 365883, 414122, 173539, 173539, 2715829531
340, 1968708, 421590, 422684, 392485, 390613, 170668, 170668, 402732936
343, 1968932, 409586, 441807, 411533, 379890, 163058, 163058, 2946033277
345, 1960881, 435067, 408804, 378176, 404100, 167367, 167367, 1810010949
347, 1968927, 405341, 437176, 406153, 374737, 172760, 172760, 2522906894
344, 1965997, 426960, 418311, 387900, 395804, 168511, 168511, 4154464933
346, 1972357, 404993, 436968, 406570, 374702, 174562, 174562, 3541505029
349, 1968249, 438731, 406898, 376379, 407855, 169193, 169193, 1094399646
348, 1961862, 398492, 444161, 412344, 368335, 169265, 169265, 2333015684
350, 1968035, 423590, 420000, 389698, 392241, 171253, 171253, 874896477
352, 1967225, 425584, 426015, 394756, 394792, 163039, 163039, 1274410823
351, 1973349, 383883, 461875, 431652, 354759, 170590, 170590, 3142980273
354, 1969126, 408122, 433403, 402894, 377921, 173393, 173393, 982939549
353, 1966397, 414854, 433766, 402802, 383723, 165626, 165626, 1930936250
357, 1964362, 405312, 432819, 401585, 375044, 174801, 174801, 102260238
355, 1969847, 425379, 419719, 389573, 394984, 170096, 170096, 4031055113
360, 1966706, 417512, 424102, 394052, 387062, 171989, 171989, 774312471
356, 1968915, 446223, 403686, 373536, 414512, 165479, 165479, 346833622
358, 1968441, 438863, 402635, 372454, 408803, 172843, 172843, 1600956799
361, 1965454, 435979, 410642, 380400, 404317, 167058, 167058, 339497296
359, 1968133, 406926, 436057, 404575, 376821, 171877, 171877, 1873378431
362, 1965973, 412876, 433231, 402067, 382387, 167706, 167706, 3478232885
363, 1965958, 436817, 407998, 377495, 405454, 169097, 169097, 3409677483
364, 1971672, 398928, 441403, 410671, 369526, 175572, 175572, 2931722857
365, 1971233, 408980, 436961, 406436, 378856, 170000, 170000, 1753942473
366, 1965177, 425608, 418330, 386728, 394667, 169922, 169922, 1905678533
368, 1967775, 446090, 402723, 372445, 414467, 166025, 166025, 2187998127
367, 1969251, 384875, 452430, 420929, 355229, 177894, 177894, 1422776726
369, 1961868, 375470, 463265, 430730, 345305, 173549, 173549, 4094564854
370, 1965847, 423531, 423076, 392317, 392667, 167128, 167128, 3237095196
371, 1967456, 441174, 408744, 378506, 409996, 164518, 164518, 1648819335
372, 1971214, 452345, 397891, 367369, 421637, 165986, 165986, 2416554628
373, 1971670, 404889, 436042, 405357, 374636, 175373, 175373, 566856584
376, 1958614, 421416, 414051, 383313, 390114, 174860, 174860, 171022048
374, 1965994, 427806, 416027, 385309, 397016, 169918, 169918, 1035981477
377, 1966933, 397642, 444055, 413471, 367705, 172030, 172030, 1805309305
378, 1966938, 418519, 432993, 402715, 388131, 162290, 162290, 2220819054
375, 1966824, 433659, 401896, 372218, 402747, 178152, 178152, 2513803289
381, 1970725, 424644, 422125, 391513, 393411, 169516, 169516, 2069994402
380, 1968671, 440645, 407782, 377692, 409272, 166640, 166640, 2106576226
382, 1968119, 434802, 405114, 374876, 404497, 174415, 174415, 456467482
379, 1971420, 433210, 416958, 386661, 403287, 165652, 165652, 7940688
384, 1966993, 425323, 419270, 389237, 393667, 169748, 169748, 2112386213
383, 1958356, 439579, 400471, 369907, 408175, 170112, 170112, 1234057414
385, 1969709, 418835, 423211, 392661, 388886, 173058, 173058, 3816054623
387, 1971424, 432606, 407633, 377753, 402112, 175660, 175660, 2951647918
386, 1961614, 433914, 405116, 374013, 402499, 173036, 173036, 515236272
388, 1970583, 425895, 421503, 391469, 396470, 167623, 167623, 2335698580
389, 1966923, 407731, 436308, 405715, 377645, 169762, 169762, 693858523
391, 1967861, 398359, 444203, 412818, 368497, 171992, 171992, 2342882922
390, 1966799, 419282, 424541, 393769, 388803, 170202, 170202, 4252474244
397, 1964573, 425423, 416916, 386572, 394304, 170679, 170679, 1963392619
394, 1965677, 414675, 429368, 397868, 384418, 169674, 169674, 3259232863
392, 1963271, 413839, 426867, 396013, 383606, 171473, 171473, 3724332092
396, 1964902, 410158, 432261, 401199, 379322, 170981, 170981, 787323531
395, 1962337, 404527, 430784, 400042, 374292, 176346, 176346, 987982605
393, 1964987, 399126, 448250, 417010, 369035, 165783, 165783, 175089412
399, 1967466, 448008, 398024, 367964, 416522, 168474, 168474, 159530601
398, 1970337, 435870, 404006, 374323, 405348, 175395, 175395, 1171650023
400, 1955688, 408238, 424982, 393800, 376842, 175913, 175913, 3124140847
401, 1967179, 425550, 418150, 387470, 395905, 170052, 170052, 1889383538
403, 1968261, 426604, 420597, 390474, 396194, 167196, 167196, 3594460962
402, 1971578, 421696, 423442, 393500, 391440, 170750, 170750, 2769645764
407, 1958829, 409500, 427107, 395531, 378317, 174187, 174187, 233757100
404, 1966180, 418758, 425411, 394384, 388813, 169407, 169407, 1957245340
406, 1963995, 445404, 398654, 368564, 413805, 168784, 168784, 3459960996
405, 1970485, 415464, 433880, 402816, 384925, 166700, 166700, 659427332
408, 1971978, 424195, 428715, 398832, 393588, 163324, 163324, 2462126262
409, 1964274, 419919, 426062, 395092, 388591, 167305, 167305, 2165172188
412, 1967031, 416367, 424441, 394279, 385128, 173408, 173408, 486610069
410, 1970199, 411848, 435827, 405476, 381682, 167683, 167683, 1216468884
411, 1965178, 410365, 431168, 400462, 379987, 171598, 171598, 3156229662
413, 1967799, 424288, 424551, 393642, 393552, 165883, 165883, 2588456791
414, 1960790, 414415, 428422, 397453, 383742, 168379, 168379, 2086201829
415, 1965195, 436849, 402244, 371919, 405495, 174344, 174344, 3014721439
416, 1965068, 402486, 441079, 409313, 372104, 170043, 170043, 3242108411
417, 1967312, 405226, 432848, 402080, 375424, 175867, 175867, 2104911054
419, 1960369, 419731, 420032, 389450, 388476, 171340, 171340, 1550999009
418, 1966634, 441155, 408089, 377885, 410541, 164482, 164482, 3890856095
420, 1972602, 406532, 446607, 415293, 376750, 163710, 163710, 3975715880
421, 1967459, 393035, 451032, 419905, 363175, 170156, 170156, 1093970994
422, 1962579, 407618, 428957, 397900, 377906, 175099, 175099, 2676004680
423, 1962185, 442668, 391941, 361821, 410475, 177640, 177640, 2194038764
424, 1969888, 419671, 424748, 394559, 389220, 170845, 170845, 2371515758
425, 1965337, 401318, 441880, 410818, 371141, 170090, 170090, 2658038866
427, 1963861, 408845, 432692, 401964, 378612, 170874, 170874, 2297407613
428, 1965559, 434992, 412237, 382432, 403702, 166098, 166098, 853134476
429, 1962334, 428292, 411117, 380955, 397434, 172268, 172268, 45794760
426, 1972423, 406903, 440988, 410574, 377398, 168280, 168280, 2626071728
431, 1968559, 429293, 404834, 374512, 399056, 180432, 180432, 1042436992
430, 1968330, 415116, 424355, 393930, 385057, 174936, 174936, 2891947942
432, 1960974, 412825, 427565, 396961, 381943, 170840, 170840, 3208024553
433, 1968584, 418200, 430590, 400290, 387654, 165925, 165925, 1830476659
434, 1964557, 435851, 403245, 373131, 405148, 173591, 173591, 3932936452
435, 1963663, 436582, 405332, 375803, 405188, 170379, 170379, 2312042997
436, 1967840, 433428, 412770, 382212, 403052, 168189, 168189, 1964685050
437, 1974148, 399653, 446712, 415828, 369723, 171116, 171116, 163422036
439, 1959721, 417235, 424120, 393576, 385950, 169420, 169420, 1404195028
438, 1962557, 426083, 416754, 386300, 395398, 169011, 169011, 3251915126
440, 1963096, 407879, 435372, 403946, 376975, 169462, 169462, 496983858
441, 1971944, 414446, 428662, 398140, 384306, 173195, 173195, 2471260398
445, 1966370, 417627, 422885, 392732, 386682, 173222, 173222, 6985961
443, 1965941, 438385, 407100, 377315, 406901, 168120, 168120, 3392627844
446, 1962361, 430753, 411397, 381396, 398951, 169932, 169932, 3443300195
444, 1968355, 445932, 396226, 366010, 415419, 172384, 172384, 819381775
442, 1965265, 448121, 393015, 363164, 416599, 172183, 172183, 1017292894
447, 1965409, 396219, 440189, 409487, 365846, 176834, 176834, 2152000036
449, 1963611, 402961, 440702, 409899, 372427, 168811, 168811, 646799714
448, 1966266, 420744, 413124, 383028, 390464, 179453, 179453, 15021757
450, 1964650, 399074, 445199, 413944, 368577, 168928, 168928, 1596328911
451, 1964211, 405132, 436617, 405286, 374528, 171324, 171324, 2024015939
452, 1965339, 419454, 417384, 386332, 388261, 176954, 176954, 2021229333
453, 1969706, 426104, 416495, 386376, 396233, 172249, 172249, 2251844374
454, 1967688, 410195, 438386, 407306, 380115, 165843, 165843, 3412964818
455, 1967349, 421147, 426246, 395706, 390102, 167074, 167074, 1805120773
456, 1969572, 425291, 424145, 393512, 394832, 165896, 165896, 1047034169
457, 1970020, 420335, 425837, 395555, 390477, 168908, 168908, 3782907563
458, 1963555, 418351, 426588, 395685, 387985, 167473, 167473, 948048850
460, 1967786, 405496, 443709, 412630, 375333, 165309, 165309, 2579247794
459, 1969982, 438331, 402620, 372889, 407714, 174214, 174214, 438199657
462, 1963954, 422871, 419357, 387979, 392501, 170623, 170623, 3104121003
463, 1970699, 429685, 416103, 385415, 398924, 170286, 170286, 3167855320
461, 1965422, 403789, 434775, 403775, 373269, 174907, 174907, 1379733848
464, 1966257, 441496, 395526, 365716, 410585, 176467, 176467, 4196662289
465, 1973570, 426515, 421299, 390767, 395893, 169548, 169548, 1959770562
466, 1962841, 416470, 423719, 392694, 385816, 172071, 172071, 2324359
467, 1967726, 422936, 417530, 387740, 391882, 173819, 173819, 1635646929
468, 1971207, 424027, 420116, 390279, 394345, 171220, 171220, 769364136
469, 1968089, 388284, 455923, 424596, 358326, 170480, 170480, 1957328824
471, 1969765, 431872, 414941, 385038, 401670, 168122, 168122, 3643878844
470, 1962208, 430159, 407826, 377756, 398443, 174012, 174012, 28215964
472, 1960919, 415543, 420810, 389820, 385148, 174799, 174799, 3448051675
473, 1966206, 395842, 450008, 418831, 365705, 167910, 167910, 882645972
476, 1968647, 418255, 426375, 395960, 387537, 170260, 170260, 3586552275
474, 1965820, 444186, 394690, 363463, 413559, 174961, 174961, 767584398
477, 1966170, 436087, 408036, 377638, 405347, 169531, 169531, 281089103
478, 1964595, 419413, 422166, 391392, 388592, 171516, 171516, 2076815395
475, 1961485, 467255, 375234, 345725, 435109, 169081, 169081, 758908654
479, 1966462, 426324, 413637, 383788, 394905, 173904, 173904, 2110957097
480, 1971719, 417711, 429153, 399340, 387531, 168992, 168992, 4119536178
481, 1967211, 389719, 450829, 419843, 359652, 173584, 173584, 3408022747
483, 1968112, 421553, 423702, 393120, 391187, 169275, 169275, 182041901
482, 1960902, 426094, 410281, 379656, 394389, 175241, 175241, 3704904227
484, 1964321, 436059, 408250, 377732, 404924, 168678, 168678, 1501414036
485, 1965076, 405049, 434157, 402532, 375460, 173939, 173939, 1162913174
487, 1962698, 407048, 436331, 405403, 377122, 168397, 168397, 2557167492
486, 1966126, 434111, 413323, 382577, 403053, 166531, 166531, 1969633470
489, 1967278, 440020, 400196, 370243, 408869, 173975, 173975, 2281959316
488, 1969437, 437523, 410373, 380664, 406413, 167232, 167232, 3754097841
490, 1965419, 427586, 414855, 384558, 396076, 171172, 171172, 3313672291
492, 1964758, 446344, 395331, 365584, 414729, 171385, 171385, 1566836278
494, 1962134, 403911, 441914, 410117, 373520, 166336, 166336, 3520634689
491, 1968622, 423299, 427468, 396555, 392810, 164245, 164245, 2518054631
493, 1968807, 392003, 446204, 415337, 362495, 176384, 176384, 3511430313
495, 1963064, 401312, 434781, 404431, 370798, 175871, 175871, 3864305620
497, 1966738, 412297, 432630, 401751, 381808, 169126, 169126, 2185723128
499, 1969174, 405350, 440387, 408569, 375128, 169870, 169870, 2429963803
496, 1970030, 412474, 433617, 402822, 382647, 169235, 169235, 1493412991
500, 1966971, 404249, 442957, 411730, 374387, 166824, 166824, 1214632642
498, 1966006, 415371, 419351, 388974, 385500, 178405, 178405, 789441751
501, 1969284, 474825, 375318, 345836, 443015, 165145, 165145, 167245621
502, 1971561, 422046, 428990, 398113, 391752, 165330, 165330, 3349330805
504, 1960990, 436178, 401136, 370499, 404623, 174277, 174277, 2565459808
503, 1965409, 419584, 418492, 387475, 389316, 175271, 175271, 4213768737
505, 1963431, 442541, 401057, 370445, 411920, 168734, 168734, 4244483572
506, 1971989, 460507, 390234, 360759, 429105, 165692, 165692, 2127485309
507, 1965762, 454203, 393086, 363071, 422690, 166356, 166356, 1283506064
510, 1969830, 445779, 400999, 370797, 414761, 168747, 168747, 1851203925
512, 1968115, 389119, 453128, 421500, 359368, 172500, 172500, 3560519694
511, 1969162, 421953, 423062, 392759, 391266, 170061, 170061, 757813750
508, 1962124, 414174, 428345, 397044, 383379, 169591, 169591, 3875379863
509, 1957209, 397079, 434828, 402969, 366647, 177843, 177843, 2160799345
515, 1969730, 415189, 427330, 397425, 384868, 172459, 172459, 3592428175
514, 1963561, 421734, 419918, 389263, 390660, 170993, 170993, 2808955617
513, 1966869, 421312, 413254, 383190, 390751, 179181, 179181, 3356946615
516, 1969501, 450583, 393768, 364105, 419507, 170769, 170769, 2738766042
517, 1967727, 408723, 435074, 404811, 378357, 170381, 170381, 1380225894
519, 1962717, 411027, 431860, 400467, 380687, 169338, 169338, 5908404
518, 1963836, 408277, 436241, 405099, 377731, 168244, 168244, 1524131812
520, 1964265, 389145, 453435, 421843, 359766, 170038, 170038, 1424527101
521, 1963783, 398278, 440985, 409782, 368038, 173350, 173350, 1383416766
523, 1967785, 427220, 414304, 383296, 397275, 172845, 172845, 4089102584
522, 1968208, 421080, 418513, 388302, 391025, 174644, 174644, 4281218600
524, 1971480, 405107, 440066, 408746, 375621, 170970, 170970, 1787336763
525, 1966493, 386848, 455943, 424673, 356891, 171069, 171069, 1523611693
527, 1962966, 420869, 421812, 391379, 389764, 169571, 169571, 4237317864
531, 1966809, 420509, 424897, 393939, 389818, 168823, 168823, 3803077079
529, 1967134, 413835, 434130, 403251, 384008, 165955, 165955, 2817282409
528, 1966226, 424896, 410940, 380516, 394182, 177846, 177846, 2852546032
526, 1967077, 423777, 418208, 387588, 393210, 172147, 172147, 1736232092
532, 1970816, 410417, 435751, 404893, 380103, 169826, 169826, 1400564774
530, 1960240, 424570, 410426, 379664, 393948, 175816, 175816, 285163052
533, 1963188, 409824, 427094, 396050, 379316, 175452, 175452, 352792027
537, 1965239, 423579, 418468, 387830, 391940, 171711, 171711, 1010557269
534, 1964590, 430891, 415762, 385229, 400006, 166351, 166351, 3225874449
535, 1968959, 400962, 442898, 411982, 370437, 171340, 171340, 3500984934
536, 1964552, 453160, 394229, 364381, 421696, 165543, 165543, 3490214254
538, 1970127, 396476, 446470, 415315, 367044, 172411, 172411, 2911410190
539, 1961005, 392870, 446887, 415381, 362757, 171555, 171555, 4078214024
540, 1967628, 414922, 433203, 402331, 383644, 166764, 166764, 3712936559
541, 1965825, 427959, 411614, 381481, 397473, 173649, 173649, 909719000
542, 1965830, 420704, 417471, 387148, 390057, 175225, 175225, 2776796883
543, 1967230, 426612, 417665, 386808, 395555, 170295, 170295, 604688777
546, 1965758, 417633, 429430, 398600, 387299, 166398, 166398, 2667496074
545, 1970011, 444144, 398514, 368593, 413432, 172664, 172664, 1583195762
544, 1966475, 427688, 416360, 385787, 397172, 169734, 169734, 97638226
547, 1962406, 420268, 420988, 390242, 389566, 170671, 170671, 320198107
548, 1961937, 420551, 423825, 392657, 389642, 167631, 167631, 2187424967
549, 1967530, 419983, 425963, 395179, 389875, 168265, 168265, 3673819607
550, 1972272, 434729, 417677, 387646, 403476, 164372, 164372, 1592041740
552, 1966151, 411184, 434458, 403957, 380636, 167958, 167958, 507578822
551, 1959997, 414083, 425807, 393864, 383257, 171493, 171493, 315779838
553, 1969910, 453358, 390299, 360725, 422002, 171763, 171763, 1009141115
554, 1969971, 427921, 408303, 377984, 397429, 179167, 179167, 12303620
555, 1965557, 411594, 429629, 398798, 381216, 172160, 172160, 2237771444
556, 1967896, 409097, 425582, 395277, 378420, 179760, 179760, 2109377809
557, 1964351, 440134, 401627, 371587, 408859, 171072, 171072, 657718448
558, 1966504, 445564, 403644, 372900, 414232, 165082, 165082, 3768170089
560, 1965593, 417489, 423898, 393201, 386945, 172030, 172030, 1245950070
562, 1967926, 436494, 405279, 375949, 405438, 172383, 172383, 956500544
559, 1965921, 417563, 419374, 388669, 387453, 176431, 176431, 4131795099
561, 1963535, 451055, 393758, 363320, 419216, 168093, 168093, 525469099
563, 1965551, 420595, 425907, 395488, 389475, 167043, 167043, 3071612897
564, 1969362, 440110, 400018, 370048, 409742, 174722, 174722, 2593030046
565, 1968467, 422263, 410940, 380608, 391894, 181381, 181381, 3603519527
567, 1961193, 424647, 415422, 384695, 393421, 171504, 171504, 4235277834
566, 1971102, 420729, 432559, 401531, 390563, 162860, 162860, 489922957
568, 1964539, 430412, 413674, 382745, 400020, 168844, 168844, 3823623624
569, 1965143, 411303, 423120, 393075, 381097, 178274, 178274, 1611728163
570, 1962108, 423334, 419184, 388268, 391824, 169749, 169749, 3772893192
571, 1963188, 412817, 429059, 398221, 382019, 170536, 170536, 2088602570
572, 1964543, 438861, 401780, 371729, 407663, 172255, 172255, 558599852
573, 1967490, 450188, 394518, 364323, 419447, 169507, 169507, 2933770749
574, 1968233, 408688, 439660, 408418, 378717, 166375, 166375, 2566896610
576, 1965146, 432718, 413375, 383476, 401869, 166854, 166854, 863894294
575, 1965673, 428157, 411408, 380754, 397556, 173899, 173899, 2084008607
579, 1968081, 406463, 436146, 405653, 376131, 171844, 171844, 2953769722
577, 1968253, 425355, 416510, 386165, 395715, 172254, 172254, 2376023207
578, 1968190, 432143, 409158, 378816, 401497, 173288, 173288, 2720973641
580, 1968147, 403508, 434330, 403776, 372859, 176837, 176837, 3747800459
582, 1968902, 399621, 439461, 408931, 369979, 175455, 175455, 2741708908
583, 1969533, 442752, 404584, 374744, 412217, 167618, 167618, 2182569010
584, 1966214, 417169, 426387, 395782, 386522, 170177, 170177, 1105370762
581, 1963038, 404001, 432682, 402119, 373136, 175550, 175550, 842935970
585, 1968312, 420758, 427205, 396586, 390533, 166615, 166615, 3300597516
586, 1965825, 445568, 394095, 363512, 414356, 174147, 174147, 2586472975
587, 1963093, 407386, 430250, 399600, 376783, 174537, 174537, 3498444957
588, 1967019, 417733, 428460, 397469, 387107, 168125, 168125, 847702159
590, 1965980, 403806, 440203, 409176, 373503, 169646, 169646, 1818326003
589, 1970189, 419976, 426163, 395436, 389366, 169624, 169624, 39636571
591, 1967438, 403808, 435171, 404671, 374476, 174656, 174656, 1192756006
594, 1966476, 414465, 429447, 398623, 383445, 170248, 170248, 1114933402
595, 1963944, 441971, 403973, 373732, 410350, 166959, 166959, 2644121480
592, 1968903, 450421, 395164, 365380, 419546, 169196, 169196, 1087700845
593, 1967456, 395548, 449598, 418949, 365283, 169039, 169039, 1853671161
596, 1968915, 431315, 408736, 378916, 400346, 174801, 174801, 2609506136
598, 1964992, 436723, 408741, 378316, 405944, 167634, 167634, 4161187257
597, 1967410, 430376, 409348, 378681, 399919, 174543, 174543, 2165513998
601, 1966198, 395400, 451194, 420057, 364603, 167472, 167472, 1678047072
602, 1969076, 433018, 413925, 383784, 402441, 167954, 167954, 206463735
600, 1959081, 404053, 440130, 408660, 373798, 166220, 166220, 1936157164
599, 1970113, 406375, 435631, 404938, 376753, 173208, 173208, 3372000820
603, 1965808, 399368, 439062, 408060, 369068, 175125, 175125, 1824430769
604, 1971640, 419724, 416873, 387233, 389944, 178933, 178933, 296155703
605, 1974131, 406631, 435356, 404967, 376897, 175140, 175140, 1562774583
607, 1968816, 406434, 433104, 402378, 376492, 175204, 175204, 1535032890
606, 1967808, 435078, 412572, 381792, 403952, 167207, 167207, 1637859506
609, 1969472, 401034, 443110, 412559, 371037, 170866, 170866, 3076823463
611, 1961382, 428612, 404871, 373576, 398057, 178133, 178133, 1533434033
610, 1964697, 422282, 419969, 388764, 391574, 171054, 171054, 4012313202
608, 1967890, 435410, 409800, 379388, 404658, 169317, 169317, 4061198451
612, 1967518, 413851, 430026, 399625, 384010, 170003, 170003, 2580210016
614, 1970268, 422505, 421371, 391540, 391832, 171510, 171510, 58695057
613, 1966132, 405448, 430766, 399400, 374978, 177770, 177770, 2696086877
616, 1965328, 408162, 431025, 399946, 377363, 174416, 174416, 3271574973
615, 1970252, 419581, 424566, 394328, 388579, 171599, 171599, 4031371632
618, 1968431, 390642, 451187, 420037, 360893, 172836, 172836, 4039290262
617, 1963191, 409530, 429767, 398428, 379490, 172988, 172988, 248666285
619, 1966874, 431775, 411704, 381884, 401289, 170111, 170111, 3653631907
620, 1966276, 427108, 413899, 383126, 395867, 173138, 173138, 3799312643
621, 1966483, 421948, 424608, 394114, 391569, 167122, 167122, 549151412
623, 1969082, 414911, 430624, 400083, 384432, 169516, 169516, 3762225588
622, 1962268, 443610, 397998, 368104, 411932, 170312, 170312, 2047171422
626, 1959804, 433156, 413567, 382502, 401559, 164510, 164510, 4244214001
624, 1963649, 420749, 421547, 391081, 389958, 170157, 170157, 3777680576
625, 1971327, 412325, 435210, 405052, 382012, 168364, 168364, 2073609883
628, 1967654, 439830, 407497, 376540, 408571, 167608, 167608, 2563293744
627, 1966763, 424872, 420641, 389143, 393925, 169091, 169091, 2027533250
630, 1965046, 417789, 428702, 397628, 387287, 166820, 166820, 1586365422
629, 1971509, 442613, 405554, 375981, 411307, 168027, 168027, 758000333
631, 1970141, 421587, 425172, 394915, 391603, 168432, 168432, 1440833793
634, 1967509, 410778, 431078, 400428, 380499, 172363, 172363, 3768366802
632, 1966901, 400569, 448284, 417213, 370395, 165220, 165220, 1093290612
636, 1969919, 407845, 428437, 398302, 377747, 178794, 178794, 46604170
635, 1969537, 431497, 418699, 388182, 401199, 164980, 164980, 1309932015
633, 1968621, 441009, 399461, 368887, 410226, 174519, 174519, 2393867854
637, 1964275, 431497, 402260, 372012, 400688, 178909, 178909, 3636545204
639, 1964464, 411680, 431903, 400817, 380876, 169594, 169594, 3833710653
638, 1964690, 412551, 430608, 399284, 382535, 169856, 169856, 1230868921
640, 1964038, 413359, 430580, 400093, 382136, 168935, 168935, 829702390
642, 1968274, 431414, 413751, 383216, 400967, 169463, 169463, 4192507553
643, 1964196, 402745, 440964, 409340, 372773, 169187, 169187, 765291082
641, 1966032, 424265, 416680, 386094, 393499, 172747, 172747, 363799726
644, 1965519, 426395, 424904, 394897, 395241, 162041, 162041, 1587473618
645, 1973099, 409358, 441583, 410321, 379123, 166357, 166357, 3181085113
647, 1966520, 420788, 425412, 395273, 390353, 167347, 167347, 2562985729
646, 1966178, 421324, 421405, 390384, 391157, 170954, 170954, 1755380866
649, 1965430, 389496, 455026, 423223, 359329, 169178, 169178, 4141415905
648, 1966040, 455311, 391987, 361369, 423889, 166742, 166742, 77953877
653, 1962239, 410018, 431236, 399774, 378839, 171186, 171186, 1869280348
650, 1966206, 435071, 408074, 377544, 404173, 170672, 170672, 2932790267
651, 1969354, 401563, 444574, 413335, 372366, 168758, 168758, 3420212110
652, 1966331, 420295, 423548, 393965, 389441, 169541, 169541, 1310570872
654, 1962800, 408232, 431638, 400040, 377614, 172638, 172638, 1199715939
655, 1965137, 412132, 433269, 402057, 381565, 168057, 168057, 2396040592
656, 1970608, 430972, 411091, 380791, 400442, 173656, 173656, 3403639751
657, 1970712, 405702, 434359, 403233, 375506, 175956, 175956, 1161742621
658, 1972028, 457032, 394416, 364753, 425705, 165061, 165061, 4187658836
659, 1971553, 399599, 447517, 416311, 369432, 169347, 169347, 1993197902
662, 1962409, 431062, 413998, 383455, 400398, 166748, 166748, 1616283452
665, 1965630, 429482, 407636, 377721, 397801, 176495, 176495, 545762210
660, 1968227, 443591, 401715, 371862, 412645, 169207, 169207, 1868237149
664, 1964270, 417941, 426820, 395849, 387052, 168304, 168304, 1480351510
663, 1964564, 397773, 439740, 408715, 367686, 175325, 175325, 809366138
661, 1968451, 435878, 411191, 381188, 405524, 167335, 167335, 1685479416
667, 1962673, 432023, 403595, 373113, 401276, 176333, 176333, 1653712727
666, 1968907, 425559, 416356, 386102, 395338, 172776, 172776, 943654521
669, 1969174, 429320, 414369, 384273, 399106, 171053, 171053, 2310491101
668, 1962994, 422105, 422469, 391685, 391439, 167648, 167648, 8039675
671, 1964668, 450142, 395050, 364673, 419043, 167880, 167880, 4278752001
670, 1967036, 453028, 391553, 361468, 421641, 169673, 169673, 1980923278
672, 1970780, 428293, 419151, 388933, 397871, 168266, 168266, 3558097741
675, 1961151, 427244, 416085, 385195, 396291, 168168, 168168, 4051259258
673, 1972461, 415392, 435368, 405126, 384723, 165926, 165926, 3334667255
674, 1965641, 403010, 441652, 411026, 372347, 168803, 168803, 535366676
676, 1964777, 435770, 404746, 374839, 404934, 172244, 172244, 941538419
679, 1967742, 453406, 392323, 362661, 423238, 168057, 168057, 1760178889
680, 1963906, 423110, 418824, 388032, 392388, 170776, 170776, 1473526440
677, 1970574, 389523, 460118, 429337, 359426, 166085, 166085, 1968804680
682, 1969561, 418702, 428773, 398143, 388133, 167905, 167905, 2831643977
678, 1965136, 406903, 442022, 410647, 376666, 164449, 164449, 1814237976
681, 1961706, 413791, 427743, 397429, 382925, 169909, 169909, 823083082
683, 1969078, 439188, 407326, 377689, 408897, 167989, 167989, 1267577395
684, 1968532, 432237, 414878, 384515, 401084, 167909, 167909, 788311626
686, 1967722, 418211, 420438, 390851, 387932, 175145, 175145, 2711882463
685, 1969803, 410242, 430189, 399632, 380652, 174544, 174544, 3528097297
687, 1965742, 424822, 420785, 390226, 394165, 167872, 167872, 111748508
688, 1968372, 412827, 428134, 397419, 382110, 173941, 173941, 1994385414
690, 1965961, 404562, 438204, 406854, 374489, 170926, 170926, 4061849102
689, 1964099, 407429, 432356, 400783, 376699, 173416, 173416, 426246485
692, 1968504, 463103, 378688, 348877, 431464, 173186, 173186, 1254999970
691, 1964992, 364171, 476001, 443747, 335165, 172954, 172954, 3245439821
693, 1964863, 401700, 444142, 413051, 371186, 167392, 167392, 3358974941
695, 1964734, 412793, 427884, 396712, 382297, 172524, 172524, 3025680486
696, 1968533, 430288, 408999, 378542, 400262, 175221, 175221, 117346548
697, 1974577, 453508, 396190, 366742, 423075, 167531, 167531, 1033483514
698, 1967399, 417504, 422313, 391333, 387179, 174535, 174535, 2422530654
694, 1971715, 427825, 418163, 387864, 397747, 170058, 170058, 3451611872
699, 1970820, 417115, 428091, 398425, 386709, 170240, 170240, 2424126515
701, 1967551, 428816, 414511, 384640, 397594, 170995, 170995, 1260745507
700, 1969154, 423727, 415152, 385125, 393392, 175879, 175879, 2397940308
702, 1962133, 447783, 396120, 365628, 415826, 168388, 168388, 3794618484
703, 1968588, 401609, 447110, 416175, 370964, 166365, 166365, 3082073395
704, 1967572, 436711, 403595, 373547, 405599, 174060, 174060, 4046978042
705, 1969790, 417768, 426286, 395297, 387423, 171508, 171508, 2968097071
706, 1963238, 409825, 423558, 392323, 379556, 178988, 178988, 1847242336
708, 1961869, 412466, 433819, 402980, 381954, 165325, 165325, 3403275824
707, 1958283, 399548, 440727, 408356, 368762, 170445, 170445, 1342140942
709, 1960049, 405850, 432263, 400658, 375860, 172709, 172709, 2335284097
711, 1967818, 449862, 399359, 369670, 418279, 165324, 165324, 4282097721
710, 1962604, 430623, 417370, 386414, 399383, 164407, 164407, 1758948714
712, 1969099, 406199, 441148, 410256, 376644, 167426, 167426, 1289037947
714, 1968561, 444712, 398148, 368067, 413778, 171928, 171928, 3977324695
715, 1967339, 422548, 425566, 394514, 391851, 166430, 166430, 269906095
713, 1966591, 413550, 424076, 393140, 383519, 176153, 176153, 3583366765
716, 1970202, 439651, 404538, 374686, 409313, 171007, 171007, 560443154
718, 1964230, 429234, 413688, 383294, 398272, 169871, 169871, 1548886228
717, 1969430, 409038, 435150, 404319, 379151, 170886, 170886, 2495480025
719, 1964114, 422561, 413935, 383262, 392426, 175965, 175965, 3022028694
720, 1968348, 450128, 396793, 366687, 418718, 168011, 168011, 2434161656
721, 1966887, 416565, 423716, 393496, 386914, 173098, 173098, 3954932015
722, 1971480, 418437, 428775, 398011, 389063, 168597, 168597, 307789253
723, 1971070, 426343, 421919, 391238, 395970, 167800, 167800, 4082642183
725, 1969286, 440009, 400966, 370545, 409450, 174158, 174158, 805002667
726, 1965458, 433114, 410878, 380267, 402819, 169190, 169190, 3424812908
724, 1963059, 450046, 390384, 359788, 418775, 172033, 172033, 2289418555
728, 1963173, 423051, 418204, 387630, 392816, 170736, 170736, 2016151538
729, 1961432, 446470, 390641, 360642, 415015, 174332, 174332, 1392614236
727, 1957453, 393072, 449420, 417467, 362536, 167479, 167479, 2142568218
730, 1961330, 412254, 421508, 390578, 381686, 177652, 177652, 923143402
732, 1963734, 419391, 419100, 388142, 388981, 174060, 174060, 478250994
734, 1968596, 415577, 433074, 402319, 385080, 166273, 166273, 1011057829
731, 1967386, 411923, 433120, 402627, 381552, 169082, 169082, 4080659204
735, 1968738, 444003, 399843, 369549, 413297, 171023, 171023, 1260984435
733, 1974356, 445808, 398509, 368455, 415386, 173099, 173099, 3051629575
736, 1967908, 438888, 406507, 376037, 407994, 169241, 169241, 3818317140
737, 1964486, 407036, 433755, 403600, 376397, 171849, 171849, 456192051
738, 1965071, 404967, 442305, 411397, 374650, 165876, 165876, 3990633206
739, 1961411, 391186, 442140, 410668, 361203, 178107, 178107, 785297470
740, 1964820, 404336, 442280, 410768, 373300, 167068, 167068, 1364903410
741, 1963508, 415512, 434141, 402476, 385165, 163107, 163107, 1866570539
742, 1965822, 411209, 435538, 405063, 380376, 166818, 166818, 4073761426
743, 1968294, 392184, 460661, 429331, 362626, 161746, 161746, 4264769674
745, 1970530, 400640, 445840, 414442, 370932, 169338, 169338, 4118917542
744, 1967670, 428325, 414532, 384642, 398125, 171023, 171023, 114036516
746, 1966904, 424509, 424917, 394716, 393786, 164488, 164488, 2716790048
750, 1962410, 446599, 402566, 371828, 415123, 163147, 163147, 3019643439
749, 1967953, 408189, 431609, 401116, 378203, 174418, 174418, 3977536262
747, 1969018, 441615, 410025, 379289, 410423, 163833, 163833, 2664228493
748, 1966860, 396080, 444224, 413596, 365690, 173635, 173635, 4165768414
751, 1964468, 415820, 425660, 394367, 385359, 171631, 171631, 2421782699
752, 1969467, 436796, 404832, 374641, 406328, 173435, 173435, 2633621202
753, 1968277, 431612, 414225, 384010, 401374, 168528, 168528, 270021216
754, 1965436, 405670, 442134, 410843, 375271, 165759, 165759, 3477128094
755, 1965177, 382308, 461141, 429434, 352004, 170145, 170145, 4148164091
756, 1965649, 415344, 428374, 397677, 384626, 169814, 169814, 4048875053
757, 1965703, 408136, 433653, 402283, 378101, 171765, 171765, 2359173871
758, 1962843, 410754, 433443, 402384, 380382, 167940, 167940, 49859205
760, 1970948, 396659, 451755, 420716, 366998, 167410, 167410, 836786246
762, 1965635, 436576, 406409, 375733, 405829, 170544, 170544, 1312997687
764, 1966985, 444120, 401372, 370980, 413693, 168410, 168410, 3027335350
761, 1964196, 404479, 439494, 408095, 374354, 168887, 168887, 2024406389
763, 1965430, 411235, 430222, 399045, 380558, 172185, 172185, 34666757
759, 1966715, 441336, 404047, 374186, 410504, 168321, 168321, 1982622918
767, 1966489, 423622, 421655, 391049, 393005, 168579, 168579, 3376086370
766, 1966807, 409778, 433815, 404030, 379354, 169915, 169915, 1295080602
765, 1969339, 419584, 424280, 393801, 389272, 171201, 171201, 2289335889
768, 1967078, 422612, 417666, 386987, 391949, 173932, 173932, 1664342701
769, 1970292, 394797, 453549, 422902, 364470, 167287, 167287, 4041306020
770, 1960837, 410947, 427934, 397516, 379386, 172527, 172527, 1420074795
771, 1968726, 437179, 410406, 380122, 406055, 167482, 167482, 1712349610
773, 1965293, 437090, 411888, 381688, 405637, 164495, 164495, 2086581955
772, 1967358, 426577, 408164, 378399, 395594, 179312, 179312, 3941371272
776, 1962832, 429358, 412904, 382110, 397862, 170299, 170299, 604955069
775, 1965673, 434752, 400587, 370521, 403479, 178167, 178167, 1083245186
774, 1969160, 407357, 444470, 413260, 377453, 163310, 163310, 1614671361
777, 1962483, 430667, 413319, 382470, 399409, 168309, 168309, 798491224
779, 1966745, 406546, 434456, 403174, 376953, 172808, 172808, 2805700164
778, 1964676, 429427, 417806, 386888, 398601, 165977, 165977, 818095698
783, 1966099, 407862, 434352, 402864, 377239, 171891, 171891, 1935729484
781, 1964603, 406779, 434116, 403082, 377170, 171728, 171728, 2393601644
780, 1959595, 423155, 413585, 383371, 391792, 173846, 173846, 4249201740
782, 1964669, 427664, 414215, 384513, 396557, 170860, 170860, 2053738134
785, 1968450, 409844, 435611, 404653, 379794, 169274, 169274, 3145668131
786, 1970928, 396182, 447399, 416252, 366041, 172527, 172527, 1257042880
787, 1964492, 422408, 422571, 391784, 391543, 168093, 168093, 328912053
784, 1966080, 382020, 453689, 422512, 352275, 177792, 177792, 1307856183
788, 1964565, 410648, 434270, 403241, 380504, 167951, 167951, 2898192659
789, 1965078, 397297, 442846, 411227, 367182, 173263, 173263, 1283834323
790, 1966470, 441275, 402596, 372590, 410227, 169891, 169891, 696923969
794, 1964581, 394965, 441613, 410375, 364924, 176352, 176352, 1501957425
793, 1963870, 418853, 418740, 388033, 387564, 175340, 175340, 1958860587
795, 1971670, 419892, 428286, 397380, 389640, 168236, 168236, 2437734011
792, 1965834, 428862, 419088, 388922, 397820, 165571, 165571, 1582779745
791, 1969146, 418200, 422575, 391451, 388480, 174220, 174220, 1343047848
797, 1967230, 409485, 438259, 407519, 379013, 166477, 166477, 1133781434
796, 1965349, 437396, 406552, 376521, 406622, 169129, 169129, 2503010961
798, 1966259, 402946, 442100, 411103, 372340, 168885, 168885, 3618553525
799, 1964888, 417494, 418675, 388259, 386866, 176797, 176797, 3789988730
803, 1965901, 420083, 426179, 395597, 388884, 167579, 167579, 1764158781
801, 1967729, 438584, 406606, 376327, 407608, 169302, 169302, 2218266726
800, 1965216, 411827, 433817, 403063, 381327, 167591, 167591, 286850330
802, 1965196, 435559, 412473, 382420, 404342, 165201, 165201, 2046316847
804, 1964943, 413261, 421715, 390985, 382876, 178053, 178053, 528316000
805, 1966487, 414103, 421246, 390368, 383548, 178611, 178611, 1078996818
807, 1964533, 393232, 448956, 418625, 363022, 170349, 170349, 1466951860
806, 1970617, 436694, 411426, 381685, 405994, 167409, 167409, 1595893882
808, 1969167, 408962, 433924, 403342, 379283, 171828, 171828, 2252245666
809, 1967596, 426540, 417113, 386658, 395123, 171081, 171081, 314803312
811, 1971162, 453412, 391945, 361848, 422825, 170566, 170566, 3276716881
810, 1965204, 454108, 388026, 357868, 422774, 171214, 171214, 905834238
812, 1966201, 423415, 418079, 388026, 392241, 172220, 172220, 3189065056
813, 1968178, 444434, 395975, 366417, 412968, 174192, 174192, 3463980710
814, 1964264, 425101, 422243, 390967, 394539, 165707, 165707, 2735096457
816, 1963353, 429768, 415725, 385138, 398510, 167106, 167106, 1426787505
815, 1966495, 421358, 420869, 391014, 391122, 171066, 171066, 1662432584
818, 1963463, 456836, 383140, 353213, 424970, 172652, 172652, 1539935126
817, 1968308, 407974, 435358, 404893, 377825, 171129, 171129, 61036160
819, 1963461, 430424, 412133, 381823, 399061, 170010, 170010, 3355451515
820, 1967750, 413535, 432443, 401855, 382705, 168606, 168606, 426579409
821, 1963510, 406628, 433190, 402667, 375969, 172528, 172528, 3142838327
822, 1965410, 403350, 441768, 410264, 372574, 168727, 168727, 86095012
824, 1969879, 442530, 399268, 369442, 411539, 173550, 173550, 2289982735
823, 1967926, 420646, 423085, 392687, 390554, 170477, 170477, 3152606551
826, 1963830, 429948, 418062, 386530, 399130, 165080, 165080, 944089748
825, 1961709, 410610, 421137, 389875, 379923, 180082, 180082, 1754803148
828, 1962623, 441080, 397080, 366967, 409754, 173871, 173871, 3048333119
827, 1964682, 448539, 386624, 356480, 416901, 178069, 178069, 3818421062
829, 1965732, 437283, 405014, 374740, 406133, 171281, 171281, 2617471717
832, 1969592, 394591, 450099, 418984, 365312, 170303, 170303, 3207271212
833, 1970796, 392606, 453206, 422300, 362126, 170279, 170279, 3284890946
830, 1967766, 420461, 422037, 391603, 389591, 172037, 172037, 1686699536
831, 1967682, 419194, 426123, 396115, 388814, 168718, 168718, 2371037035
834, 1970001, 413442, 434266, 403301, 383212, 167890, 167890, 3214606758
835, 1968003, 432678, 409736, 379404, 401625, 172280, 172280, 832646010
836, 1973112, 417885, 421668, 390825, 387846, 177444, 177444, 4128362416
837, 1965462, 418905, 419108, 389018, 388039, 175196, 175196, 392668461
838, 1964937, 426932, 419998, 388986, 395915, 166553, 166553, 2572801695
840, 1966138, 430692, 420060, 389699, 399225, 163231, 163231, 2243572037
839, 1966854, 404048, 448078, 416989, 372905, 162417, 162417, 3555554259
842, 1972360, 417744, 437605, 406919, 387526, 161283, 161283, 3099099835
841, 1966646, 421471, 416902, 386158, 390375, 175870, 175870, 1547487690
845, 1966848, 415736, 430959, 399830, 384695, 167814, 167814, 3774605565
844, 1970299, 417301, 432343, 402181, 386338, 166068, 166068, 2727997463
843, 1964516, 415048, 424255, 393163, 384438, 173806, 173806, 2600807389
846, 1963270, 442546, 397323, 367013, 411456, 172466, 172466, 2252665700
849, 1970368, 421504, 426736, 396464, 391632, 167016, 167016, 997543391
851, 1968988, 426568, 411167, 381448, 395205, 177300, 177300, 204812670
852, 1964448, 393063, 445532, 413663, 363426, 174382, 174382, 105379020
848, 1965114, 422987, 412123, 381162, 392788, 178027, 178027, 905465681
850, 1967460, 404875, 442631, 411855, 374487, 166806, 166806, 3114505828
847, 1970089, 404731, 440561, 409554, 374937, 170153, 170153, 330101060
853, 1971688, 424079, 422679, 392763, 393393, 169387, 169387, 1186644837
854, 1966401, 392602, 449331, 417810, 363304, 171677, 171677, 2658077341
855, 1970675, 406567, 438278, 407506, 376684, 170820, 170820, 1674558831
856, 1965062, 432387, 417714, 387085, 400976, 163450, 163450, 3360929302
858, 1969482, 452613, 394881, 365107, 421463, 167709, 167709, 4140587009
857, 1966993, 444150, 396371, 366039, 413057, 173688, 173688, 2775276049
859, 1963232, 425158, 414325, 383381, 394304, 173032, 173032, 3193581594
861, 1971112, 409971, 433259, 402664, 379936, 172641, 172641, 348542246
862, 1965728, 433096, 417789, 387404, 402317, 162561, 162561, 1974102376
860, 1963916, 391121, 455573, 424106, 360928, 166094, 166094, 1539921201
864, 1965834, 457322, 390082, 359458, 425354, 166809, 166809, 3559735474
867, 1967391, 425534, 423073, 392444, 395002, 165669, 165669, 576799053
865, 1965820, 439771, 403258, 372508, 409407, 170438, 170438, 3628811010
866, 1973336, 428576, 419751, 389770, 398139, 168550, 168550, 3425938927
863, 1969233, 413471, 435746, 404315, 383195, 166253, 166253, 3938416631
868, 1964587, 426082, 422362, 391387, 395404, 164676, 164676, 2413041730
869, 1964134, 389311, 455165, 423707, 358849, 168551, 168551, 3824574027
870, 1965853, 427115, 414994, 383841, 396761, 171571, 171571, 4133056984
871, 1967430, 395921, 447869, 417041, 366439, 170080, 170080, 1857711245
872, 1967142, 401463, 436390, 405699, 370900, 176345, 176345, 3457522196
874, 1966767, 427228, 415016, 384881, 396796, 171423, 171423, 1942655352
873, 1967354, 425235, 423900, 394005, 394794, 164710, 164710, 1072403066
875, 1973199, 409114, 440876, 409859, 379446, 166952, 166952, 1973340822
876, 1966912, 420949, 418828, 387924, 390207, 174502, 174502, 1368279776
877, 1963985, 428253, 419902, 389250, 397540, 164520, 164520, 3283246408
878, 1965306, 387793, 444666, 413648, 357845, 180677, 180677, 3950952360
879, 1966057, 403831, 438581, 407376, 373877, 171196, 171196, 1286849439
880, 1969971, 403568, 431472, 401233, 373956, 179871, 179871, 49081895
881, 1969168, 415303, 424852, 394833, 384766, 174707, 174707, 2473225823
883, 1962853, 429389, 402738, 372226, 397688, 180406, 180406, 1398205995
884, 1965584, 405428, 439442, 408599, 374725, 168695, 168695, 85828533
882, 1967376, 417892, 427726, 396618, 387218, 168961, 168961, 1548201528
886, 1965867, 420350, 420758, 390058, 388963, 172869, 172869, 1379546473
885, 1968091, 428814, 415604, 385529, 397952, 170096, 170096, 3546038108
888, 1964875, 434019, 414923, 384179, 402460, 164647, 164647, 3686383170
887, 1972617, 438586, 411125, 381079, 407651, 167088, 167088, 2808651535
889, 1963588, 412784, 433233, 402158, 382323, 166545, 166545, 3179747425
890, 1961718, 390136, 454540, 423212, 359750, 167040, 167040, 3038704321
891, 1961742, 375319, 463434, 431268, 345039, 173341, 173341, 676235787
893, 1966064, 433780, 412664, 382127, 402941, 167276, 167276, 2357003932
892, 1964172, 428565, 419017, 388304, 397632, 165327, 165327, 3418208481
895, 1966430, 438255, 409641, 379380, 407530, 165812, 165812, 1163777438
894, 1965843, 420542, 425938, 395422, 389547, 167197, 167197, 3428558834
896, 1971645, 416678, 433766, 403261, 386414, 165763, 165763, 2037971392
898, 1971322, 398429, 454925, 424231, 367915, 162911, 162911, 1576436095
897, 1971211, 418450, 420334, 389969, 387782, 177338, 177338, 2084077092
899, 1965513, 431274, 409253, 379105, 400381, 172750, 172750, 3326287347
900, 1962343, 414483, 424660, 393045, 383507, 173324, 173324, 1044631224
901, 1962147, 400187, 443197, 411396, 370651, 168358, 168358, 1210371391
902, 1972030, 383743, 462709, 431431, 354865, 169641, 169641, 2845392690
904, 1965081, 414403, 424668, 393562, 383034, 174707, 174707, 728515965
903, 1959912, 438206, 400259, 369718, 406339, 172695, 172695, 2685193708
906, 1968725, 409258, 438371, 408068, 378986, 167021, 167021, 1836272117
905, 1965083, 390629, 445085, 413824, 360887, 177329, 177329, 1275536297
907, 1970600, 428878, 417225, 386881, 398312, 169652, 169652, 1826998559
909, 1967184, 424571, 417769, 387142, 394320, 171691, 171691, 3828084962
910, 1970814, 414612, 430706, 399687, 384455, 170677, 170677, 736873844
908, 1965938, 441018, 399782, 369472, 409880, 172893, 172893, 3564435849
911, 1968364, 415619, 429079, 398900, 384820, 169973, 169973, 1703099132
913, 1966974, 414825, 433412, 402424, 384303, 166005, 166005, 568885042
912, 1962050, 390925, 447712, 416789, 360468, 173078, 173078, 2254962331
914, 1963379, 421341, 421673, 390644, 390179, 169771, 169771, 2025343437
915, 1968715, 425181, 421826, 391399, 394469, 167920, 167920, 1036969510
916, 1967440, 424773, 415251, 384266, 394258, 174446, 174446, 3112131613
918, 1963052, 436369, 402305, 372312, 405324, 173371, 173371, 2178730653
917, 1970781, 432330, 419637, 389812, 401798, 163602, 163602, 114820362
920, 1970551, 433602, 414283, 384378, 402866, 167711, 167711, 2635104760
919, 1966427, 391564, 450770, 419491, 361094, 171754, 171754, 2330518453
921, 1965908, 395468, 451387, 420019, 365378, 166828, 166828, 3998899983
922, 1967709, 385870, 451936, 420980, 356523, 176200, 176200, 2454177582
923, 1969936, 419600, 424840, 394295, 388899, 171151, 171151, 1153120548
924, 1967396, 410012, 435738, 404547, 379533, 168783, 168783, 2370582938
926, 1961162, 377312, 464727, 432767, 347784, 169286, 169286, 2432875445
927, 1966166, 444964, 401703, 372090, 414453, 166478, 166478, 1331774385
925, 1967330, 402825, 439693, 408829, 372611, 171686, 171686, 796711122
928, 1965633, 414178, 424254, 394254, 383577, 174685, 174685, 2653470541
931, 1965355, 407339, 436412, 405951, 376313, 169670, 169670, 2152108392
930, 1970950, 396126, 451086, 420733, 366759, 168123, 168123, 2809755022
934, 1967085, 440567, 404762, 374645, 408969, 169071, 169071, 4282620537
929, 1961801, 415791, 430611, 399285, 384898, 165608, 165608, 1104605563
933, 1967169, 420200, 419606, 389530, 389645, 174094, 174094, 3572343685
932, 1966402, 404341, 435261, 403833, 373971, 174498, 174498, 732904535
935, 1961575, 406705, 435696, 404389, 375113, 169836, 169836, 2749376695
936, 1966794, 423682, 417667, 387482, 393507, 172228, 172228, 4049837773
937, 1963576, 437480, 406771, 375868, 406841, 168308, 168308, 1240254055
938, 1962359, 396759, 443149, 411102, 366625, 172362, 172362, 2463757275
939, 1962606, 449375, 385155, 354881, 418009, 177593, 177593, 297015632
940, 1965407, 433354, 402922, 372508, 402871, 176876, 176876, 3222231177
941, 1966338, 408726, 430707, 399792, 378167, 174473, 174473, 1085557272
942, 1968142, 440091, 398959, 368530, 409432, 175565, 175565, 1186995091
943, 1965912, 435676, 409631, 379015, 404200, 168695, 168695, 281774716
944, 1967072, 439251, 406966, 376413, 408124, 168159, 168159, 2187682052
947, 1965028, 413923, 427795, 397585, 382995, 171365, 171365, 2339884506
948, 1967405, 411096, 431672, 400564, 380877, 171598, 171598, 1573100599
946, 1969386, 421507, 428066, 397624, 390955, 165617, 165617, 870381302
945, 1966938, 435001, 411661, 381611, 404639, 167013, 167013, 633127913
950, 1968021, 432873, 409011, 379315, 401622, 172600, 172600, 3100490045
949, 1968670, 441326, 401809, 371944, 410639, 171476, 171476, 4169427416
952, 1964952, 413039, 428097, 397227, 383013, 171788, 171788, 2301270162
951, 1963226, 388870, 455609, 424218, 358557, 167986, 167986, 1238614818
953, 1966453, 411904, 436887, 405575, 381325, 165381, 165381, 75707722
954, 1968164, 418355, 422279, 391531, 387685, 174157, 174157, 2843910895
955, 1968193, 422041, 421086, 390581, 391265, 171610, 171610, 3246740491
956, 1963844, 396510, 442820, 411383, 365607, 173762, 173762, 2275708261
957, 1971865, 433788, 412334, 382276, 402569, 170449, 170449, 3042566379
959, 1962025, 412190, 433475, 402753, 381283, 166162, 166162, 3613676244
958, 1969049, 408143, 436611, 406524, 378059, 169856, 169856, 185716948
960, 1962674, 433029, 407213, 376824, 401536, 172036, 172036, 3344738196
961, 1967117, 431858, 408169, 378243, 401031, 173908, 173908, 3138868417
965, 1965953, 420550, 424121, 393767, 390087, 168714, 168714, 1624703356
964, 1963270, 422034, 417812, 387726, 390840, 172429, 172429, 2005114951
963, 1966748, 414802, 429413, 398577, 384460, 169748, 169748, 1078508610
962, 1964381, 405501, 431372, 400552, 374816, 176070, 176070, 3323825620
966, 1972115, 418547, 431182, 400004, 388988, 166697, 166697, 4115093629
967, 1963698, 414364, 425729, 393424, 384037, 173072, 173072, 3922035218
968, 1968526, 427708, 417958, 387906, 397002, 168976, 168976, 3561194694
969, 1969685, 411619, 436058, 405291, 381579, 167569, 167569, 1838980666
970, 1961301, 414307, 425562, 394160, 384258, 171507, 171507, 2065151673
971, 1972069, 385695, 460390, 428941, 356975, 170034, 170034, 145182190
972, 1966613, 380610, 465389, 434191, 350941, 167741, 167741, 469609012
974, 1965884, 422790, 412773, 382031, 392352, 177969, 177969, 2164865950
973, 1969962, 462001, 387013, 356997, 430775, 166588, 166588, 2609557376
976, 1965331, 441519, 400130, 369555, 410655, 171736, 171736, 3454875683
975, 1969051, 424543, 422885, 392096, 394379, 167574, 167574, 2975032645
977, 1966619, 432774, 413812, 383001, 402098, 167467, 167467, 1072568864
980, 1961714, 427505, 412338, 382369, 396382, 171560, 171560, 2395985861
978, 1966836, 383172, 468171, 437169, 353060, 162632, 162632, 3694316263
981, 1962062, 435743, 409749, 379009, 403967, 166797, 166797, 3022656787
982, 1967028, 403263, 440974, 409502, 374011, 169639, 169639, 3034148907
979, 1967778, 417321, 428560, 397687, 386260, 168975, 168975, 1269004807
983, 1966550, 430688, 411123, 380838, 400405, 171748, 171748, 1208488474
984, 1972279, 372188, 471076, 439764, 342897, 173177, 173177, 3818860281
985, 1963125, 410784, 433040, 402139, 379734, 168714, 168714, 690620835
987, 1964031, 420663, 421238, 391231, 390289, 170305, 170305, 2273245068
986, 1971076, 445008, 403216, 373236, 414092, 167762, 167762, 1750036134
988, 1966756, 395188, 439504, 409103, 364795, 179083, 179083, 2308358935
989, 1971333, 416396, 434499, 403414, 385654, 165685, 165685, 2180757715
992, 1967922, 438194, 404877, 374996, 407183, 171336, 171336, 3756334153
990, 1968462, 424105, 419452, 389230, 393675, 171000, 171000, 3593700718
991, 1971216, 450394, 394862, 365290, 419936, 170367, 170367, 3203837321
994, 1967663, 359219, 488199, 456018, 329463, 167382, 167382, 1126018403
997, 1964483, 405592, 438714, 407994, 375369, 168407, 168407, 2475625697
993, 1963410, 434201, 405579, 374917, 402813, 172950, 172950, 69308690
996, 1969923, 433393, 406520, 376879, 403429, 174851, 174851, 1053668924
998, 1965587, 438474, 404342, 373818, 407827, 170563, 170563, 2485745434
999, 1963500, 428850, 415562, 384351, 397855, 168441, 168441, 4217267304
995, 1966524, 439918, 400320, 370045, 408955, 173643, 173643, 813905741
