sample_id, N_LCC, N_A_1_LCC, N_B_1_LCC, N_A_0_LCC, N_B_0_LCC, N_A_*_LCC, N_B_*_LCC, seed
13, 1003737, 36440, 433803, 430973, 34919, 33801, 33801, 901610492
2, 1010184, 14525, 462953, 460505, 13117, 29542, 29542, 4101908626
11, 1004855, 15451, 458923, 456751, 13962, 29884, 29884, 2610723478
3, 1006966, 28674, 444769, 442671, 27044, 31904, 31904, 2554595076
14, 1005871, 55698, 415418, 412965, 54026, 33882, 33882, 2636871599
4, 1007855, 29023, 445504, 443118, 27526, 31342, 31342, 2601006140
5, 1003507, 35596, 427979, 425595, 33947, 40195, 40195, 1589051691
7, 1006503, 23042, 447427, 445514, 21364, 34578, 34578, 3334212062
6, 1005120, 96539, 370147, 368419, 94721, 37647, 37647, 532331375
15, 1007745, 22617, 452208, 450200, 21072, 30824, 30824, 2856765792
1, 1003638, 439281, 30574, 29007, 436870, 33953, 33953, 1080445872
12, 1005756, 86322, 382583, 381032, 84591, 35614, 35614, 3395270178
10, 1007994, 458330, 16682, 15087, 456717, 30589, 30589, 2779399065
9, 1005530, 354768, 105543, 104063, 353106, 44025, 44025, 1239533902
0, 1006743, 321746, 135975, 134212, 320092, 47359, 47359, 3367189789
8, 1004368, 426906, 42599, 40942, 424955, 34483, 34483, 4272944009
18, 1005099, 16081, 456750, 454860, 14630, 31389, 31389, 335161477
17, 1007155, 12938, 462465, 460769, 11509, 29737, 29737, 1234787972
21, 1007633, 20696, 454323, 452293, 19191, 30565, 30565, 3978504916
16, 1009041, 57687, 412083, 410447, 56050, 36387, 36387, 2853772318
19, 1002222, 441467, 28873, 27144, 439382, 32678, 32678, 3520713526
20, 1004963, 15377, 451073, 449276, 13963, 37637, 37637, 3543930954
25, 1005401, 20341, 454682, 452624, 18890, 29432, 29432, 2469630926
22, 1005506, 444776, 28187, 26657, 443122, 31382, 31382, 1204763180
23, 1005416, 457714, 13888, 12402, 455732, 32840, 32840, 936930085
26, 1005426, 458480, 15642, 14263, 456473, 30284, 30284, 92962294
24, 1008503, 433320, 36947, 35348, 431068, 35910, 35910, 1741466050
33, 1009320, 14374, 462881, 460892, 12773, 29200, 29200, 2377549354
30, 1005067, 29914, 443055, 440983, 28457, 31329, 31329, 3212572996
28, 1011377, 465990, 14211, 12695, 464501, 26990, 26990, 4112201136
27, 1005341, 442740, 14474, 12984, 441011, 47066, 47066, 439485929
32, 1002585, 455899, 17061, 15454, 453731, 30220, 30220, 454539659
31, 1004717, 444962, 26449, 24853, 443013, 32720, 32720, 3909525991
29, 1007276, 451059, 22935, 21440, 449376, 31233, 31233, 732762840
34, 1006266, 456275, 17524, 16060, 453997, 31205, 31205, 2804340344
37, 1007285, 16989, 458810, 457073, 15331, 29541, 29541, 3487232733
39, 1005975, 15244, 460532, 458611, 13824, 28882, 28882, 1239903975
40, 1009885, 13502, 465432, 463735, 11942, 27637, 27637, 3830315268
38, 1005192, 454827, 16988, 15361, 453214, 32401, 32401, 2209722142
35, 1005691, 451468, 18080, 16556, 449883, 34852, 34852, 1593513272
45, 1004712, 16311, 457467, 454799, 14815, 30660, 30660, 1555450507
43, 1006908, 459041, 16817, 15380, 456850, 29410, 29410, 3447238645
41, 1008815, 445693, 27677, 26179, 443520, 32873, 32873, 1729335807
36, 1005065, 420720, 49601, 47923, 419083, 33869, 33869, 42828243
48, 1006952, 20358, 443461, 441043, 18834, 41628, 41628, 2828264570
44, 1006029, 451678, 22139, 20701, 449019, 31246, 31246, 3374376005
46, 1006875, 20797, 454568, 452999, 19243, 29634, 29634, 1661628586
42, 1007491, 452442, 22195, 20658, 450694, 30751, 30751, 3025878922
51, 1006120, 22110, 448172, 446538, 20520, 34390, 34390, 2369755031
49, 1005733, 28081, 444778, 443219, 26529, 31563, 31563, 2974490262
56, 1006798, 14400, 463421, 461458, 12915, 27302, 27302, 277398997
52, 1010089, 11757, 465828, 464063, 10303, 29069, 29069, 735243827
47, 1008857, 448360, 22745, 21300, 446522, 34965, 34965, 414503826
55, 1009776, 39703, 432492, 430352, 37999, 34615, 34615, 3589529193
50, 1010721, 457840, 19039, 17552, 456204, 30043, 30043, 2869420514
54, 1006943, 17125, 457726, 455938, 15590, 30282, 30282, 1647083695
60, 1004775, 46105, 423880, 422123, 44507, 34080, 34080, 2757183747
53, 1011193, 400207, 72590, 71060, 398062, 34637, 34637, 3501479940
64, 1005498, 17023, 456481, 454500, 15638, 30928, 30928, 1910856640
62, 1008002, 21293, 453547, 451821, 19731, 30805, 30805, 2305907042
59, 1002166, 442863, 26589, 24811, 440819, 33542, 33542, 3259808544
63, 1006144, 49204, 422834, 421064, 47564, 32739, 32739, 1375004545
66, 1007583, 13769, 460763, 458847, 12348, 30928, 30928, 3823531121
61, 1008283, 455473, 18477, 16977, 453426, 31965, 31965, 3784490349
57, 1008183, 64155, 403845, 402200, 62507, 37738, 37738, 1810566812
58, 1006378, 108438, 359211, 357645, 106604, 37240, 37240, 3778472076
72, 1007115, 13212, 464873, 462489, 11747, 27397, 27397, 2373029297
70, 1006722, 455839, 19687, 18162, 453370, 29832, 29832, 253506740
65, 1009555, 465206, 11330, 9922, 463639, 29729, 29729, 1442493981
67, 1007760, 456567, 19382, 17820, 455027, 29482, 29482, 3235891323
69, 1005850, 458813, 13676, 12299, 456246, 32408, 32408, 553674304
68, 1008201, 34489, 438265, 436701, 32942, 32902, 32902, 1036451997
76, 1007685, 16966, 460765, 458699, 15441, 27907, 27907, 3213533566
75, 1004988, 467443, 10150, 8797, 464944, 26827, 26827, 2790392896
77, 1008376, 21642, 452659, 451032, 20149, 31447, 31447, 203042673
79, 1008137, 15384, 459191, 457524, 13878, 31080, 31080, 2809132792
83, 1012036, 16222, 462198, 460290, 14652, 29337, 29337, 54373522
73, 1002868, 434861, 35546, 33923, 433052, 32743, 32743, 3871423809
78, 1009139, 446056, 26981, 25483, 444209, 33205, 33205, 2941770550
80, 1005860, 134068, 331858, 329822, 132514, 38799, 38799, 2027481800
71, 1002373, 432977, 35579, 34023, 431226, 34284, 34284, 237432871
87, 1007631, 12847, 465123, 462822, 11451, 27694, 27694, 2131618632
82, 1001999, 63505, 403625, 401672, 62041, 35578, 35578, 3496308057
74, 1003079, 24603, 447111, 445468, 22881, 31508, 31508, 1066099252
85, 1006893, 457007, 18538, 17016, 455282, 29525, 29525, 2469594611
81, 1004547, 34181, 436453, 434780, 32463, 33335, 33335, 2324059796
84, 1008360, 409413, 61555, 60006, 407298, 35044, 35044, 1200671075
90, 1006555, 19472, 457699, 455215, 18009, 28080, 28080, 2283083733
89, 1010918, 462535, 15790, 14212, 460249, 29066, 29066, 1963572565
86, 1007867, 37789, 432857, 431388, 36259, 34787, 34787, 348085428
93, 1012791, 15672, 461635, 459965, 14227, 30646, 30646, 4052983204
92, 1003274, 454336, 17499, 15833, 452266, 31670, 31670, 835256156
94, 1008306, 26418, 447084, 445130, 24728, 32473, 32473, 3261972130
88, 1009144, 411450, 58739, 57095, 409564, 36148, 36148, 343159684
95, 1009315, 17883, 460151, 458464, 16387, 28215, 28215, 643828418
99, 1005095, 39675, 431397, 429551, 38022, 33225, 33225, 310550178
97, 1008577, 461019, 16381, 14871, 459150, 28578, 28578, 3116030313
96, 1006621, 439812, 32556, 31025, 437736, 32746, 32746, 4266998863
98, 1011037, 11415, 463149, 461561, 10002, 32455, 32455, 3174074680
102, 1005801, 24775, 445579, 443544, 23131, 34386, 34386, 3926989684
91, 1003507, 440606, 30019, 28361, 438699, 32911, 32911, 970990942
101, 1008624, 24955, 450662, 448825, 23482, 30350, 30350, 4166561927
100, 1010535, 443788, 29856, 28389, 441956, 33273, 33273, 744129263
104, 1006295, 28145, 444186, 442352, 26520, 32546, 32546, 2357783107
110, 1004874, 12706, 461124, 458339, 11343, 30681, 30681, 137364124
107, 1006150, 41477, 428970, 426808, 39825, 34535, 34535, 2347145673
103, 1005182, 17980, 454600, 452873, 16457, 31636, 31636, 1432890280
108, 1005721, 17490, 456141, 454053, 16053, 30992, 30992, 3215013274
106, 1010097, 16818, 458913, 457075, 15295, 30998, 30998, 1650996252
109, 1005228, 456941, 17217, 15579, 454361, 30565, 30565, 4082407248
115, 1007556, 14810, 462537, 460284, 13299, 28313, 28313, 1050206036
112, 1008031, 31197, 437471, 435940, 29655, 36884, 36884, 121982566
105, 999476, 444946, 20510, 18904, 443196, 35960, 35960, 2129574944
114, 1006229, 444907, 26143, 24479, 443170, 33765, 33765, 2503817303
113, 1010106, 464778, 13632, 12039, 463121, 28268, 28268, 1600391066
111, 1004314, 440048, 32661, 30994, 437851, 31380, 31380, 297405613
117, 1008163, 444678, 29513, 27882, 442810, 31640, 31640, 4233755501
116, 1001266, 406080, 58512, 56832, 404120, 37861, 37861, 862702396
121, 1002068, 451574, 20179, 18518, 449505, 31146, 31146, 1878102427
124, 1005143, 19691, 444683, 442270, 18195, 40152, 40152, 3164240492
122, 1004638, 437635, 34790, 33157, 435790, 31633, 31633, 3970944200
120, 1009122, 453535, 21533, 19964, 451950, 31070, 31070, 4131976278
118, 1004893, 413184, 55541, 53942, 411066, 35580, 35580, 1562245928
123, 1007961, 26753, 446340, 444869, 25093, 32453, 32453, 603490707
119, 1001273, 423962, 43133, 41344, 422254, 35290, 35290, 3336866509
126, 1008860, 451114, 22693, 21063, 448938, 32526, 32526, 2741669158
130, 1002301, 46136, 421883, 419929, 44411, 34971, 34971, 1042666948
129, 1005896, 22363, 451631, 449936, 20698, 30634, 30634, 1219650757
128, 1008702, 435810, 38497, 36820, 434117, 31729, 31729, 1031876451
125, 1010610, 462194, 17292, 15767, 460587, 27385, 27385, 3218693215
133, 1007488, 18335, 457870, 455888, 16867, 29264, 29264, 2681172944
127, 1008314, 434603, 38926, 37520, 432755, 32255, 32255, 2325246853
135, 1007332, 16345, 459042, 456979, 14816, 30075, 30075, 2688670837
131, 1006338, 437625, 38221, 36679, 435793, 29010, 29010, 962315087
136, 1002441, 452678, 18081, 16413, 450627, 32321, 32321, 2913093300
138, 1006110, 12501, 460901, 459021, 10975, 31356, 31356, 202676494
137, 1006551, 24744, 446993, 445443, 23289, 33041, 33041, 2621806679
134, 1008580, 18163, 457895, 456215, 16741, 29783, 29783, 4238226013
140, 1005692, 19885, 452870, 450954, 18223, 31880, 31880, 1557747803
132, 1006980, 448831, 23791, 22293, 447075, 32495, 32495, 3684768098
141, 1000299, 458171, 14224, 12583, 456147, 29587, 29587, 3576186265
142, 1007807, 15095, 460891, 458941, 13596, 29642, 29642, 524575738
145, 1009652, 462073, 16266, 14789, 459534, 28495, 28495, 1621824259
139, 1004759, 450412, 22559, 21001, 448641, 31073, 31073, 1081589521
143, 1001783, 426290, 41574, 39898, 424631, 34695, 34695, 241741007
147, 1009511, 37484, 436698, 434751, 35916, 32331, 32331, 1752155502
150, 1009369, 17040, 459973, 457922, 15566, 29434, 29434, 2215533839
146, 1005609, 452006, 21995, 20442, 449554, 30806, 30806, 21840955
148, 1008144, 459968, 14344, 12940, 457486, 31703, 31703, 156318357
144, 1004591, 456794, 16945, 15405, 455203, 30122, 30122, 934861304
149, 1005098, 54777, 414348, 412463, 53218, 35146, 35146, 3134426649
151, 1006339, 37793, 432553, 430872, 36245, 34438, 34438, 352502444
153, 1007507, 458645, 18395, 17014, 456243, 28605, 28605, 2834407365
156, 1003203, 447669, 23878, 22326, 445328, 32001, 32001, 1889395073
154, 1007037, 28931, 444044, 442276, 27318, 32234, 32234, 1086334412
152, 1007609, 421138, 50645, 48966, 419498, 33681, 33681, 266119505
160, 1008949, 14396, 463755, 461674, 12824, 28150, 28150, 2369124485
157, 1009046, 458478, 19789, 18256, 456125, 28199, 28199, 1977919596
158, 1004891, 26283, 446590, 444628, 24710, 31340, 31340, 1383643818
155, 1007453, 22970, 438469, 436743, 21539, 43866, 43866, 710017525
161, 1012586, 454872, 23365, 21989, 452868, 29746, 29746, 1484003412
159, 1006007, 434532, 29435, 27702, 432968, 40685, 40685, 3393594089
165, 1005805, 453792, 13768, 12307, 451800, 37069, 37069, 3907624158
166, 1007092, 450554, 23286, 21801, 448767, 31342, 31342, 584919251
163, 1006628, 419642, 50896, 49322, 417960, 34404, 34404, 2193633119
162, 1010113, 16618, 460906, 459270, 15187, 29066, 29066, 886452841
169, 1005571, 458850, 16374, 14864, 456553, 29465, 29465, 888176724
164, 1002234, 429225, 33004, 31297, 427338, 40685, 40685, 3223320174
168, 1003303, 448236, 23436, 21776, 446067, 31894, 31894, 2389567534
177, 1007782, 17072, 458382, 455874, 15650, 30402, 30402, 605114175
174, 1007675, 452555, 22771, 21364, 449927, 30529, 30529, 3375747085
172, 1004773, 21327, 450200, 448420, 19712, 32557, 32557, 311521546
167, 1000849, 110772, 346596, 344700, 109093, 44844, 44844, 2419476187
171, 1011451, 459257, 16257, 14827, 456816, 32147, 32147, 1996101466
170, 1004911, 392432, 74934, 73342, 390419, 36892, 36892, 962519251
173, 1008039, 459411, 16340, 14829, 457741, 29859, 29859, 2018236598
181, 1009106, 12185, 466722, 464700, 10775, 27362, 27362, 2722198106
176, 1004255, 442763, 26354, 24827, 440971, 34670, 34670, 1178670882
179, 1006582, 44719, 425934, 424083, 43114, 34366, 34366, 3576100673
175, 1003623, 392843, 71650, 69904, 391072, 39077, 39077, 3654064616
183, 1008148, 14741, 461293, 459368, 13196, 29775, 29775, 2222020487
182, 1012673, 470304, 10961, 9518, 467892, 26999, 26999, 2800989888
185, 1007762, 463126, 13313, 11829, 461232, 29131, 29131, 3757209778
180, 1002660, 433306, 35406, 33718, 431584, 34323, 34323, 2054463422
178, 1008705, 16358, 448406, 446737, 14826, 41189, 41189, 899941857
188, 1002308, 15108, 456374, 454576, 13496, 31377, 31377, 3501232514
186, 1006229, 460296, 16328, 14923, 457340, 28671, 28671, 3386898601
184, 1003841, 28127, 443827, 441917, 26544, 31713, 31713, 954142583
189, 1006664, 27521, 447498, 445054, 25851, 30370, 30370, 384501605
187, 1008841, 15120, 462857, 461205, 13689, 27985, 27985, 936579871
192, 1002439, 18141, 452750, 450283, 16617, 32324, 32324, 2107682944
190, 1005988, 38453, 432737, 430848, 36706, 33622, 33622, 5636089
191, 999822, 459851, 13503, 11833, 458061, 28287, 28287, 1880186639
194, 1007733, 461498, 15029, 13539, 459207, 29230, 29230, 2854770233
202, 1003613, 14390, 459837, 456945, 12729, 29856, 29856, 99607358
193, 1003808, 446028, 25220, 23545, 444257, 32379, 32379, 1690866928
195, 1003613, 41203, 410805, 408503, 39594, 51754, 51754, 2415758016
197, 1007442, 456744, 17793, 16324, 455025, 30778, 30778, 3776653338
199, 1007445, 21243, 448882, 447290, 19710, 35160, 35160, 2688244194
196, 1012037, 453712, 19683, 18271, 452033, 34169, 34169, 4220539580
200, 1003540, 450441, 22789, 21176, 448440, 30347, 30347, 1375200712
205, 1003434, 21040, 449269, 447211, 19362, 33276, 33276, 1076362081
198, 1007358, 461732, 15131, 13634, 460161, 28350, 28350, 1883024993
204, 1010006, 443599, 28794, 27233, 441728, 34326, 34326, 61553066
203, 1006132, 451320, 20119, 18569, 449206, 33459, 33459, 655422680
201, 1005792, 15028, 460550, 458794, 13682, 28869, 28869, 3958706344
210, 1008846, 13960, 464663, 462395, 12588, 27620, 27620, 1575482124
208, 1003503, 455498, 17784, 16196, 453351, 30337, 30337, 2094023059
211, 1006598, 19855, 454582, 452554, 18325, 30641, 30641, 2501519129
215, 1006174, 13862, 460538, 458306, 12350, 30559, 30559, 2800579667
209, 1008286, 449171, 26148, 24641, 447126, 30600, 30600, 3850584526
206, 1005799, 459830, 16308, 14811, 457390, 28730, 28730, 3419289867
207, 1006681, 458537, 16093, 14515, 456754, 30391, 30391, 2486434117
213, 1008315, 458511, 15533, 14075, 456500, 31848, 31848, 425417273
212, 1005194, 446994, 27571, 25989, 444918, 29861, 29861, 1959008073
218, 1009942, 457265, 19995, 18489, 455077, 29558, 29558, 4203882080
217, 1006141, 15170, 455968, 454261, 13572, 33585, 33585, 1086995470
214, 1009601, 263800, 198455, 196779, 261879, 44344, 44344, 208318984
219, 1008775, 16672, 459883, 458100, 15126, 29497, 29497, 3780733314
225, 1005713, 19491, 453275, 450639, 18008, 32150, 32150, 3297177488
222, 1005078, 452771, 21495, 19844, 450364, 30302, 30302, 1691522857
224, 1007006, 25340, 447772, 445658, 23852, 32192, 32192, 684996345
220, 1007074, 18693, 455569, 453877, 17153, 30891, 30891, 514031765
216, 1007675, 89972, 381624, 380162, 88383, 33767, 33767, 2960065044
221, 1006365, 458202, 15644, 14163, 456182, 31087, 31087, 2245468086
227, 1002704, 44281, 420415, 418279, 42619, 38555, 38555, 1560352052
223, 1007961, 461996, 15613, 14186, 460172, 27997, 27997, 2371240131
226, 1005260, 22109, 451151, 449579, 20611, 30905, 30905, 189910344
230, 1004908, 40926, 431781, 429720, 39277, 31602, 31602, 4113494047
232, 1009923, 24459, 450081, 448383, 22860, 32070, 32070, 902315319
234, 1006697, 26739, 446199, 444049, 25132, 32289, 32289, 1217601348
229, 1007002, 437388, 33949, 32353, 435684, 33814, 33814, 1512303974
231, 1007569, 39807, 431842, 430284, 38204, 33716, 33716, 58255562
240, 1003125, 27237, 444326, 442053, 25627, 31941, 31941, 4222955952
233, 1006711, 459269, 15836, 14352, 457396, 29929, 29929, 2802316372
235, 1007962, 17586, 455750, 453987, 16091, 32274, 32274, 2084505724
238, 1006709, 454647, 21053, 19485, 452234, 29645, 29645, 911794760
237, 1008037, 454136, 19484, 17827, 452102, 32244, 32244, 4248815921
228, 1007039, 28575, 443782, 442218, 26906, 32779, 32779, 3790527982
239, 1006160, 442559, 32466, 30845, 440430, 29930, 29930, 70709919
236, 1004184, 409396, 58848, 57020, 407280, 35820, 35820, 1055793801
246, 1006844, 16052, 461064, 458209, 14653, 28433, 28433, 4093593886
245, 1004491, 20959, 450106, 447788, 19472, 33083, 33083, 4052213566
247, 1011225, 10888, 468364, 466089, 9436, 28224, 28224, 4081273256
243, 1008498, 19270, 456360, 454410, 17592, 30433, 30433, 2322757580
241, 1011953, 38196, 437517, 435941, 36725, 31787, 31787, 2617721269
248, 1007915, 18564, 458795, 457275, 16985, 28148, 28148, 1297589200
250, 1006941, 16828, 458785, 456724, 15278, 29663, 29663, 175895215
249, 1007711, 460498, 16336, 14854, 458247, 28888, 28888, 1254764259
244, 1006317, 463590, 12509, 11052, 461936, 28615, 28615, 3611684948
253, 1013135, 14273, 461650, 459541, 12895, 32388, 32388, 2829488045
242, 1002839, 172480, 40569, 38886, 170760, 290072, 290072, 1071209668
255, 1008199, 441889, 29032, 27408, 440134, 34868, 34868, 4118328147
257, 1007924, 23018, 451683, 449859, 21364, 31000, 31000, 3859210718
254, 1004304, 448731, 25091, 23432, 446838, 30106, 30106, 3901906718
259, 1008581, 22237, 455121, 453175, 20738, 28655, 28655, 1036591472
252, 1007893, 464010, 11436, 9976, 461855, 30308, 30308, 456756305
260, 1003818, 18982, 452063, 450141, 17268, 32682, 32682, 797579171
256, 1007005, 446222, 28600, 27017, 444226, 30470, 30470, 3631642188
251, 1004485, 439475, 31481, 29822, 437585, 33061, 33061, 1816722668
258, 1004298, 457545, 16755, 15229, 455747, 29511, 29511, 1096735265
262, 1003648, 50469, 418957, 416817, 48729, 34338, 34338, 4074716791
264, 1008389, 464152, 12999, 11417, 462621, 28600, 28600, 125753715
263, 1006441, 456677, 18196, 16624, 454626, 30159, 30159, 4174583298
261, 1005223, 451140, 17932, 16210, 448969, 35486, 35486, 3024620081
267, 1003981, 457931, 16911, 15386, 455233, 29260, 29260, 2353281042
266, 1007746, 463125, 12777, 11339, 461353, 29576, 29576, 3031727267
268, 1005426, 26170, 447704, 445161, 24587, 30902, 30902, 4271442008
265, 1009877, 39498, 431908, 430395, 37914, 35081, 35081, 3735579368
270, 1009598, 16631, 458325, 456435, 15057, 31575, 31575, 1451263281
273, 1001704, 37735, 430874, 428590, 36165, 34170, 34170, 1417836264
269, 1011716, 467856, 11729, 10397, 466008, 27863, 27863, 347563112
272, 1006725, 16821, 454600, 452652, 15336, 33658, 33658, 4152408468
274, 1012322, 26912, 448047, 446200, 25461, 32851, 32851, 3892684862
271, 1006602, 452467, 22812, 21465, 450778, 29540, 29540, 3324089291
275, 1010142, 458912, 17701, 16176, 456895, 30229, 30229, 2706264506
279, 1009115, 13812, 463139, 461429, 12369, 29183, 29183, 1876121507
282, 1005308, 26760, 445392, 443530, 25274, 32176, 32176, 1210082206
277, 1007533, 458186, 17547, 16072, 455850, 29939, 29939, 1979621415
287, 1004031, 14820, 458531, 456413, 13317, 30475, 30475, 2636481879
276, 1003215, 444976, 26265, 24606, 442900, 32234, 32234, 3440208903
283, 1001733, 455600, 16003, 14459, 453505, 31083, 31083, 2153648997
281, 1006702, 22257, 449455, 447761, 20695, 33267, 33267, 3295241221
280, 1004307, 449038, 23012, 21433, 447196, 31814, 31814, 1269378164
286, 1009164, 463790, 12378, 10908, 461688, 30200, 30200, 526495995
278, 1008835, 443443, 29026, 27379, 441551, 33718, 33718, 1033817916
285, 1006737, 454913, 21291, 19717, 452850, 28983, 28983, 495421899
284, 1006353, 449638, 24882, 23337, 447540, 30478, 30478, 975104492
290, 1009016, 466132, 12260, 10798, 464384, 27721, 27721, 1601355846
288, 1004607, 458298, 15069, 13517, 456555, 30584, 30584, 1953864270
292, 1006270, 26280, 448408, 446562, 24606, 30207, 30207, 3738447299
291, 1005350, 394443, 75001, 73272, 392264, 35185, 35185, 3940862571
296, 1005524, 16272, 458631, 456753, 14722, 29573, 29573, 4283610967
289, 1005155, 146400, 321066, 319433, 144756, 36750, 36750, 2541842711
300, 1008709, 16531, 457540, 455346, 15122, 32085, 32085, 1837377323
293, 1004942, 26944, 444344, 442565, 25325, 32882, 32882, 2911461327
301, 1009152, 11963, 464751, 462265, 10597, 29788, 29788, 789963786
295, 1001207, 452914, 16625, 15015, 450799, 32927, 32927, 2008101093
294, 1005883, 449175, 15639, 14025, 447214, 39915, 39915, 3909118563
298, 1008033, 448798, 25967, 24375, 447071, 30911, 30911, 3015506701
304, 1008793, 464268, 13730, 12285, 461812, 28349, 28349, 790427140
302, 1005530, 449373, 20585, 19114, 447060, 34699, 34699, 2340026622
299, 1005809, 374928, 90771, 89283, 373243, 38792, 38792, 1442262867
297, 1007590, 69935, 398962, 397417, 68478, 36399, 36399, 2037107914
307, 1006968, 21367, 453337, 450966, 19908, 30695, 30695, 4189218611
310, 1005838, 15338, 459653, 457438, 13825, 29792, 29792, 2943836917
305, 1003666, 459947, 13823, 12270, 457394, 30116, 30116, 3903428044
306, 1008658, 463653, 14406, 12991, 461842, 27883, 27883, 3931132648
303, 1007096, 457564, 17477, 15933, 455172, 30475, 30475, 2094199296
311, 1006379, 456305, 17246, 15603, 454223, 31501, 31501, 1908578333
308, 1004365, 34096, 436824, 435284, 32479, 32841, 32841, 2206229702
313, 1009234, 453572, 21908, 20351, 451255, 31074, 31074, 750875784
316, 1009477, 21440, 455121, 453074, 19926, 29958, 29958, 1231039933
309, 1007994, 448341, 23611, 22122, 446550, 33685, 33685, 653178971
312, 1002769, 422674, 46497, 44887, 420459, 34126, 34126, 3958605130
314, 1008581, 22640, 450399, 448846, 21104, 32796, 32796, 1302105120
319, 1004215, 39330, 431244, 429128, 37667, 33423, 33423, 2545725238
315, 1007865, 424598, 46378, 44862, 423007, 34510, 34510, 1543840407
318, 1004507, 444215, 26370, 24884, 442290, 33374, 33374, 1836799798
317, 1006258, 172890, 285898, 283942, 171154, 46187, 46187, 3930678838
320, 1008794, 435856, 39432, 37826, 433926, 30877, 30877, 1378836969
323, 1004092, 15875, 454935, 452903, 14363, 33008, 33008, 826948525
321, 1000463, 447647, 25049, 23346, 445235, 29593, 29593, 745316399
328, 1002573, 20278, 451808, 449550, 18749, 31094, 31094, 4233710016
326, 1006141, 20237, 453379, 451451, 18694, 31190, 31190, 1134710355
329, 1007326, 31244, 439222, 437027, 29533, 35150, 35150, 1578231351
327, 1008227, 33074, 440577, 438951, 31467, 32079, 32079, 2828336097
324, 1009422, 449522, 26181, 24646, 447575, 30749, 30749, 3840581434
322, 1003400, 423126, 41580, 40044, 421154, 38748, 38748, 31204810
332, 1009733, 450136, 26111, 24656, 448510, 30160, 30160, 692315813
331, 1009998, 459269, 17094, 15637, 457488, 30255, 30255, 1118435912
335, 1011252, 18447, 456303, 453607, 17037, 32929, 32929, 2953162818
325, 1006077, 34356, 436590, 434993, 32822, 33658, 33658, 2012766839
333, 1002990, 52983, 416613, 414623, 51249, 33761, 33761, 2097797714
334, 1003373, 32974, 433979, 432104, 31298, 36509, 36509, 197321906
337, 1006558, 18477, 453244, 451536, 16903, 33199, 33199, 1142901215
338, 1004669, 437419, 33091, 31610, 435049, 33750, 33750, 3365094414
339, 1003657, 27616, 442800, 441168, 26005, 33034, 33034, 3032385415
340, 1007179, 24230, 451298, 449768, 22693, 29595, 29595, 3703460381
330, 1007201, 414725, 54977, 53442, 412953, 35552, 35552, 4163882444
341, 1007532, 32729, 441080, 439328, 31171, 31612, 31612, 4085001601
345, 1005431, 51924, 418759, 416581, 50349, 33909, 33909, 3162868169
343, 1001222, 434221, 34645, 32888, 432604, 33432, 33432, 499384223
347, 1005283, 84225, 384586, 382629, 82565, 35639, 35639, 182947944
344, 1007197, 455366, 19503, 18005, 453751, 30286, 30286, 484207936
336, 1001919, 428357, 36135, 34475, 426574, 38189, 38189, 507420127
346, 1007328, 433639, 38036, 36374, 431827, 33726, 33726, 4245476248
348, 1008295, 453777, 22169, 20575, 451760, 30007, 30007, 2840236914
349, 1005735, 451229, 22033, 20492, 449481, 31250, 31250, 1147351164
352, 1008741, 13913, 462635, 460849, 12536, 29404, 29404, 3306563826
350, 1006133, 42306, 428898, 426863, 40702, 33682, 33682, 1778006515
342, 1006666, 85274, 383452, 381817, 83625, 36249, 36249, 3967258446
353, 1003496, 30089, 441458, 439467, 28276, 32103, 32103, 4109579121
351, 1007580, 401730, 70568, 68902, 399946, 33217, 33217, 1994698573
356, 1002936, 26147, 445987, 443692, 24582, 31264, 31264, 1230041052
363, 1005928, 17801, 456254, 453957, 16242, 30837, 30837, 2875737870
359, 1011219, 21503, 453225, 451561, 20030, 32450, 32450, 3928447106
360, 1008005, 14555, 460523, 458893, 13018, 30508, 30508, 535027592
362, 1005537, 16686, 458057, 456403, 15193, 29599, 29599, 1642690638
357, 1007493, 456700, 17144, 15583, 454890, 31588, 31588, 1955768018
355, 1008418, 398534, 73335, 71707, 396722, 34060, 34060, 1783066496
368, 1002592, 24319, 447409, 445053, 22723, 31544, 31544, 1656932311
354, 1010271, 440120, 35006, 33497, 438294, 31677, 31677, 165042169
370, 1007329, 16227, 458862, 456573, 14757, 30455, 30455, 1744148519
366, 1006684, 452995, 20511, 19009, 450845, 31662, 31662, 1585348677
365, 1001065, 30768, 439816, 437833, 29124, 31762, 31762, 1275179414
358, 1005075, 63451, 406189, 404318, 61907, 34605, 34605, 4080234936
361, 1005050, 407071, 57517, 55875, 405391, 39598, 39598, 9348105
367, 1007134, 452070, 21783, 20278, 450291, 31356, 31356, 2277726669
369, 1007299, 17819, 457516, 455927, 16333, 29852, 29852, 1149086428
364, 1007194, 463769, 12866, 11480, 461961, 28559, 28559, 238052958
371, 1008824, 461952, 14008, 12551, 459967, 30173, 30173, 1679358460
380, 1007110, 17340, 458969, 456155, 15804, 29421, 29421, 2543996914
372, 1003473, 437267, 34366, 32838, 435344, 31829, 31829, 4090716795
375, 1010911, 466382, 12712, 11297, 464276, 28122, 28122, 2912230898
382, 1004738, 30456, 440334, 437821, 28915, 33606, 33606, 2577364403
374, 1009942, 29673, 445374, 443742, 28251, 31451, 31451, 3476905094
378, 1005006, 444380, 29188, 27590, 442222, 30813, 30813, 1229906124
376, 1007171, 460529, 13602, 12119, 458867, 31027, 31027, 2847970094
377, 1008508, 15392, 460394, 458709, 13909, 30052, 30052, 2189835768
381, 1003884, 84602, 381316, 379143, 82879, 37972, 37972, 4165625734
384, 1007555, 22603, 451662, 449953, 21061, 31138, 31138, 2116166604
379, 1009730, 458624, 17913, 16322, 456381, 30245, 30245, 3105568744
373, 1007378, 361050, 105719, 104122, 359395, 38546, 38546, 600929855
385, 1002840, 447445, 23909, 22314, 445592, 31790, 31790, 680831725
390, 1010110, 20751, 455926, 453498, 19375, 30280, 30280, 2625376809
388, 1006264, 461958, 14299, 12787, 459036, 29092, 29092, 1150089453
383, 1007375, 381376, 89437, 87834, 379648, 34540, 34540, 411136744
387, 1005618, 443847, 28333, 26768, 442042, 32314, 32314, 2999893151
386, 1005326, 455043, 19339, 17785, 453107, 30026, 30026, 401213101
394, 1009159, 463910, 13232, 11870, 462013, 29067, 29067, 716354938
392, 1007179, 26768, 446872, 445147, 25150, 31621, 31621, 812919510
400, 1005282, 12550, 460105, 458040, 11193, 31697, 31697, 1902477010
391, 1004554, 18606, 454781, 453290, 17089, 30394, 30394, 1606165943
389, 1006367, 415884, 53994, 52454, 414099, 34968, 34968, 2266004120
396, 1005262, 452287, 16777, 15253, 449757, 35594, 35594, 2689421948
395, 1005601, 454776, 18341, 16847, 452355, 31641, 31641, 2356868913
401, 1008118, 14276, 461450, 459275, 12729, 30194, 30194, 2523221985
397, 1010208, 421361, 49881, 48295, 419713, 35479, 35479, 1282867420
404, 1006227, 26920, 447037, 445066, 25404, 30900, 30900, 1032132515
399, 1007023, 463071, 12478, 10973, 461347, 29577, 29577, 1087665552
398, 1008013, 13309, 463607, 461964, 11749, 28692, 28692, 1045667042
403, 1004476, 466169, 11385, 9915, 463693, 26657, 26657, 3646262242
393, 1008702, 463003, 14972, 13552, 461409, 27883, 27883, 3804187220
405, 1008280, 456131, 20279, 18839, 453881, 29575, 29575, 68211881
402, 1007284, 413603, 54944, 53425, 411674, 36819, 36819, 3975863314
408, 1009155, 26765, 445945, 444236, 25359, 33425, 33425, 3869924883
409, 1007353, 21473, 453994, 452037, 19981, 29934, 29934, 1210682018
413, 1008428, 20154, 455696, 453650, 18554, 30187, 30187, 2855821116
406, 1004186, 29923, 440746, 438902, 28399, 33108, 33108, 1117502968
410, 1007145, 18369, 455486, 453789, 16757, 31372, 31372, 2134843247
414, 1004131, 15485, 457080, 455237, 13873, 31228, 31228, 2411025761
407, 1006730, 37556, 433046, 431185, 35961, 34491, 34491, 550089350
411, 1007797, 33043, 437336, 435570, 31512, 35168, 35168, 1423938576
418, 1006752, 25102, 448236, 446116, 23474, 31912, 31912, 1121570704
419, 1007471, 14256, 458794, 456524, 12735, 32581, 32581, 3838217682
417, 1004501, 24057, 448229, 446137, 22556, 31761, 31761, 2813894617
412, 1005997, 450826, 21069, 19361, 449003, 32869, 32869, 1992697936
422, 1005864, 17017, 458371, 456159, 15353, 29482, 29482, 1921160122
416, 1009517, 457264, 18882, 17428, 455603, 30170, 30170, 1108379158
423, 1011633, 18544, 457309, 454873, 17053, 31927, 31927, 1838037162
424, 1007806, 31389, 440489, 438454, 29864, 33805, 33805, 1741856303
421, 1006530, 20548, 455185, 453487, 18952, 29179, 29179, 2040708475
415, 1005799, 426209, 44188, 42563, 424569, 34135, 34135, 3547280021
425, 1001852, 23496, 446321, 444387, 21884, 32882, 32882, 1714856003
420, 1002078, 423783, 43046, 41369, 421828, 36026, 36026, 2727565414
428, 1007019, 457801, 17317, 15752, 455891, 30129, 30129, 555817061
427, 1008801, 446349, 26708, 25025, 444529, 33095, 33095, 620868475
431, 1004461, 453366, 19256, 17740, 451401, 31349, 31349, 2912365964
433, 1006396, 451457, 19046, 17460, 449081, 34676, 34676, 930588056
430, 1008071, 456042, 19673, 18172, 454258, 29963, 29963, 3812532852
437, 1006246, 13460, 463694, 461821, 11999, 27636, 27636, 2445066910
438, 1006932, 15376, 460984, 458155, 13847, 29285, 29285, 1093188170
426, 1007675, 399194, 40370, 38855, 397674, 65791, 65791, 3253244099
436, 1009508, 454604, 21661, 20196, 452655, 30196, 30196, 1646566085
432, 1005630, 437479, 34632, 33023, 435888, 32304, 32304, 504335341
429, 1006505, 425664, 43765, 42054, 423882, 35570, 35570, 3827084934
440, 1010375, 29866, 442759, 440712, 28332, 34353, 34353, 2267698646
435, 1005969, 424168, 49478, 47844, 422247, 31116, 31116, 1750979710
434, 1009143, 435151, 38890, 37278, 433556, 32134, 32134, 1190931923
439, 1004709, 18864, 454188, 452277, 17278, 31051, 31051, 1786823349
445, 1002097, 32736, 437892, 435344, 31199, 32463, 32463, 1138915574
443, 1010004, 464738, 13497, 11956, 462677, 28568, 28568, 2910748949
451, 1009562, 13362, 464121, 461807, 11818, 29227, 29227, 2721848887
442, 1007820, 453641, 20982, 19378, 451603, 31108, 31108, 1809802853
448, 1008841, 12882, 463691, 462116, 11546, 29303, 29303, 4168872190
449, 1010846, 465049, 14010, 12589, 462694, 28252, 28252, 114378966
447, 1005179, 23738, 442593, 440860, 22200, 37894, 37894, 4241626986
444, 1006655, 455859, 19294, 17714, 453566, 30111, 30111, 2407104826
450, 1007509, 462637, 13002, 11607, 460653, 29805, 29805, 438146645
454, 1004426, 37751, 430479, 427834, 35960, 36201, 36201, 336758247
441, 1011930, 414574, 60069, 58469, 412950, 32934, 32934, 1504415293
453, 1006550, 460077, 16803, 15193, 458285, 28096, 28096, 489480829
459, 1007809, 15664, 462625, 460192, 14146, 27591, 27591, 216560636
452, 1007426, 413147, 57422, 55941, 411238, 34839, 34839, 271331339
460, 1004267, 13497, 459213, 456523, 12076, 31479, 31479, 2719927135
446, 1005212, 203952, 257595, 255892, 202391, 42691, 42691, 166849836
461, 1005302, 15261, 460157, 458000, 13770, 29057, 29057, 1744463531
456, 1005936, 15956, 458999, 457497, 14470, 29507, 29507, 112698301
455, 1008955, 318909, 147174, 145545, 317307, 40010, 40010, 3417347728
457, 1002948, 449338, 23464, 21941, 447529, 30338, 30338, 4246674770
463, 1006228, 16021, 460141, 458030, 14552, 28742, 28742, 516820791
458, 1008327, 368641, 98226, 96428, 366260, 39386, 39386, 3941759865
466, 1006854, 13798, 462762, 461020, 12312, 28481, 28481, 1957093189
467, 1007120, 18976, 457289, 455157, 17432, 29133, 29133, 1926011977
464, 1004995, 446219, 26681, 25162, 444195, 31369, 31369, 3331086873
462, 1003617, 443814, 22020, 20550, 441373, 37930, 37930, 879845907
470, 1003306, 29461, 441302, 438614, 27919, 33005, 33005, 1959168692
465, 1002349, 80406, 386324, 384582, 78731, 36153, 36153, 1785209524
468, 1004395, 48201, 421276, 419630, 46538, 34375, 34375, 625251641
475, 1008412, 15726, 460189, 457523, 14254, 30360, 30360, 1947109968
472, 1007993, 464985, 12646, 11204, 462582, 28288, 28288, 3955500074
473, 1003277, 21110, 449020, 447224, 19559, 33182, 33182, 4157009380
476, 1002539, 15848, 457400, 455223, 14214, 29927, 29927, 4290080500
471, 1007462, 462800, 12681, 11140, 460943, 29949, 29949, 520413479
469, 1002019, 382003, 85435, 83823, 380296, 35231, 35231, 1733914399
482, 1005398, 447850, 26762, 25254, 445450, 30041, 30041, 2705829161
477, 1004865, 448416, 23185, 21544, 446732, 32494, 32494, 4053720778
479, 1006778, 418243, 52086, 50448, 416349, 34826, 34826, 1233881636
478, 1009283, 443375, 30440, 28889, 441703, 32438, 32438, 1784338561
484, 1006651, 463149, 14183, 12733, 460872, 27857, 27857, 972954754
480, 1008276, 455407, 20239, 18737, 453257, 30318, 30318, 602111637
481, 1008286, 68779, 402902, 401360, 67155, 34045, 34045, 1801168611
474, 1002421, 436879, 33496, 31858, 435284, 32452, 32452, 456480183
486, 1010161, 20254, 455744, 453851, 18758, 30777, 30777, 3074511836
485, 1007129, 455284, 18852, 17388, 453403, 31101, 31101, 3897523776
489, 1007113, 23246, 451273, 449165, 21721, 30854, 30854, 2680195940
483, 1007841, 30286, 441762, 440221, 28636, 33468, 33468, 3135482526
488, 1005443, 43943, 406364, 404364, 42164, 54304, 54304, 3862858317
487, 1002967, 35829, 435435, 433546, 34053, 32052, 32052, 1097487443
495, 1003856, 19354, 455025, 452794, 17813, 29435, 29435, 3952811068
490, 1006562, 450796, 23878, 22313, 448567, 30504, 30504, 1067819000
492, 1003385, 43602, 426353, 424433, 41863, 33567, 33567, 201325768
494, 1004443, 447870, 22893, 21202, 446048, 33215, 33215, 101951710
496, 1004757, 449965, 22840, 21213, 447729, 31505, 31505, 1556758276
501, 1007389, 13911, 460453, 458019, 12366, 31320, 31320, 889432580
491, 1007057, 52735, 415608, 413862, 51272, 36790, 36790, 3856258341
493, 1005691, 455402, 18895, 17539, 453027, 30414, 30414, 1665982443
498, 1009054, 435561, 38863, 37444, 434032, 31577, 31577, 62056450
500, 1008153, 459510, 16220, 14628, 457817, 29989, 29989, 3799549617
507, 1007365, 18658, 454674, 452433, 17160, 32220, 32220, 1672931691
502, 1006613, 438946, 29413, 27755, 436811, 36844, 36844, 1027078648
504, 1002990, 456370, 17792, 16240, 454206, 29191, 29191, 916525493
506, 1005933, 31749, 439237, 437003, 30328, 33808, 33808, 3148729417
497, 1007852, 48461, 414203, 412554, 46998, 42818, 42818, 2451055481
509, 1006781, 20489, 453509, 451673, 18996, 31057, 31057, 4159398648
505, 1002928, 450458, 21139, 19636, 448013, 31841, 31841, 4137905197
508, 1002134, 15245, 457004, 454964, 13779, 30571, 30571, 1346439780
510, 1005030, 458637, 16649, 15137, 455913, 29347, 29347, 281828576
511, 1004078, 452916, 19044, 17323, 450389, 32203, 32203, 573863395
499, 1001474, 367129, 97361, 95664, 365518, 37901, 37901, 349315713
503, 1008625, 447765, 26163, 24761, 445998, 31969, 31969, 1630139969
514, 1007552, 16021, 460763, 458348, 14404, 29008, 29008, 451231330
512, 1005857, 459597, 11328, 9827, 457349, 33878, 33878, 3133864915
517, 1011939, 10563, 468592, 466412, 9188, 28592, 28592, 3082705973
515, 1009451, 11122, 465750, 463926, 9755, 29449, 29449, 3457410766
520, 1007246, 15546, 461550, 459010, 14094, 28523, 28523, 3368034437
513, 1008149, 456000, 19299, 17842, 454388, 30310, 30310, 2940811061
521, 1006130, 21376, 451816, 450068, 19732, 31569, 31569, 1122957710
518, 1009110, 24035, 449970, 448265, 22450, 32195, 32195, 2425694614
523, 1004217, 25861, 443345, 441436, 24241, 34667, 34667, 3248175713
516, 1005250, 447514, 22593, 21126, 445903, 34057, 34057, 507670064
528, 1007824, 12548, 464614, 462886, 11012, 28382, 28382, 2957743300
519, 1002294, 438298, 26741, 25131, 436330, 37897, 37897, 3726519465
525, 1004711, 13201, 462088, 460532, 11682, 28604, 28604, 3230314975
522, 1006737, 456326, 18267, 16726, 454756, 30331, 30331, 3703443267
526, 1006721, 421677, 45898, 44404, 419948, 37397, 37397, 607780968
524, 1005783, 443437, 27849, 26279, 441830, 33194, 33194, 1658699887
527, 1004496, 432668, 37183, 35577, 430990, 34039, 34039, 3851774405
534, 1006608, 17209, 459205, 457373, 15569, 28626, 28626, 3082859424
535, 1005861, 35722, 436385, 434274, 34266, 32607, 32607, 2206413074
533, 1006335, 441418, 30453, 28755, 439493, 33108, 33108, 3574424758
531, 1007519, 440467, 34585, 32975, 438588, 30452, 30452, 1672330242
530, 1005593, 451641, 22880, 21284, 449856, 29966, 29966, 3301931753
532, 1005760, 44656, 426581, 424891, 43068, 33282, 33282, 1606477980
537, 1007984, 448775, 25767, 24198, 446336, 31454, 31454, 1544743952
539, 1009117, 459891, 14526, 13009, 457711, 31990, 31990, 841721887
529, 1001842, 449667, 17941, 16391, 447945, 34949, 34949, 4079401472
538, 1002540, 450814, 22267, 20769, 448584, 30053, 30053, 4166258473
536, 1007118, 451402, 23649, 22113, 449436, 30259, 30259, 3595144918
543, 1006767, 12815, 463700, 461641, 11377, 28617, 28617, 278869348
542, 1008239, 44836, 427204, 425283, 43226, 33845, 33845, 3304335015
547, 1006044, 26846, 446492, 444519, 25233, 31477, 31477, 930610434
540, 1006634, 446418, 25445, 23907, 444774, 33045, 33045, 2196914617
544, 1002794, 461000, 13060, 11494, 459242, 28999, 28999, 796660347
541, 1005289, 24970, 442301, 440707, 23243, 37034, 37034, 87702425
553, 1009035, 11644, 464420, 462168, 10167, 30318, 30318, 4127101183
548, 1009319, 459616, 17152, 15817, 457578, 29578, 29578, 3408367958
546, 1005804, 29840, 440040, 438243, 28155, 34763, 34763, 3722746533
550, 1005896, 16447, 455549, 453207, 14839, 32927, 32927, 2195114443
549, 1007286, 459564, 16190, 14693, 457467, 29686, 29686, 3225638496
551, 1007877, 462028, 15004, 13422, 460161, 28631, 28631, 3213634940
545, 1004051, 385565, 79472, 77741, 383681, 38796, 38796, 1090856494
554, 1005213, 36769, 436925, 434985, 35100, 30717, 30717, 4245650625
555, 1010535, 15403, 462393, 460440, 14029, 29135, 29135, 4271359482
552, 1007383, 87439, 375124, 373317, 85667, 42918, 42918, 2511983947
559, 1008636, 23058, 453617, 451419, 21622, 29460, 29460, 3935374973
557, 1004819, 456833, 16784, 15327, 454333, 30771, 30771, 1860173808
560, 1004700, 458214, 16179, 14660, 455703, 29972, 29972, 2283258000
556, 1006162, 209637, 249089, 247279, 207893, 46132, 46132, 2101523768
558, 1002624, 451478, 17838, 16297, 449511, 33750, 33750, 975587347
561, 1004159, 460555, 13733, 12284, 458919, 29334, 29334, 560231800
564, 1009122, 460431, 17278, 15733, 458460, 28610, 28610, 1464185408
567, 1008766, 15380, 459402, 457586, 13988, 31205, 31205, 3685618868
562, 1006512, 22618, 448339, 446746, 21131, 33839, 33839, 983497049
563, 1005757, 449167, 24357, 22830, 447009, 31197, 31197, 3073836210
565, 1004131, 436313, 33399, 31719, 434044, 34328, 34328, 2973491473
572, 1008903, 21126, 454472, 452627, 19580, 30549, 30549, 1856587124
571, 1008961, 31405, 440098, 438207, 29797, 34727, 34727, 805887765
566, 1010777, 465323, 14826, 13364, 463824, 26720, 26720, 3012965861
570, 1010786, 39667, 433602, 431835, 38148, 33767, 33767, 3928064014
569, 1002531, 218835, 239123, 237384, 217257, 44966, 44966, 1236548115
568, 1002263, 442668, 27627, 26043, 441013, 32456, 32456, 33823773
577, 1009887, 17220, 459952, 457949, 15836, 29465, 29465, 783724167
579, 1012000, 18073, 460742, 458773, 16668, 28872, 28872, 2492775562
575, 1010154, 11785, 466032, 464258, 10341, 28869, 28869, 3222663400
576, 1010934, 15219, 464122, 462379, 13734, 27740, 27740, 2763454840
573, 1010394, 446924, 23757, 22204, 445211, 36149, 36149, 817411387
582, 1006441, 21343, 453421, 451434, 19759, 30242, 30242, 1720993426
574, 1007446, 450312, 23532, 21994, 448214, 31697, 31697, 398661653
578, 1008646, 442673, 29790, 28346, 440469, 33684, 33684, 3478438994
586, 1007630, 25816, 448965, 446965, 24302, 30791, 30791, 2899812713
589, 1004955, 15563, 460251, 458075, 14014, 28526, 28526, 4013743819
588, 1011106, 15010, 463164, 461361, 13645, 28963, 28963, 2041408677
580, 1009770, 27827, 446928, 445338, 26351, 31663, 31663, 1061451607
583, 1006885, 455897, 19630, 18273, 453807, 29639, 29639, 142227324
581, 1011096, 462509, 15523, 13992, 460910, 29081, 29081, 1318333093
585, 1006441, 440697, 32573, 31013, 438628, 31765, 31765, 3976071754
591, 1008551, 462519, 12689, 11243, 460402, 30849, 30849, 2444828045
590, 1007669, 461382, 15025, 13602, 458994, 29333, 29333, 1387867955
587, 1006806, 461230, 13844, 12358, 459550, 29912, 29912, 205367979
584, 1004844, 433457, 38539, 37022, 431686, 32070, 32070, 3207063375
592, 1005947, 460844, 12584, 11096, 458771, 31326, 31326, 257809824
595, 1007529, 426167, 47968, 46394, 423888, 31556, 31556, 2378772763
597, 1007888, 454824, 20443, 18851, 452904, 30433, 30433, 4225948998
601, 1006368, 463199, 13231, 11722, 461522, 28347, 28347, 1924175514
593, 1003674, 276657, 187610, 185940, 274727, 39370, 39370, 3426226697
599, 1007646, 21397, 453397, 451809, 19863, 30590, 30590, 3492335069
604, 1006619, 9925, 467080, 465019, 8561, 28017, 28017, 3001570467
600, 1005774, 457350, 17778, 16300, 455298, 29524, 29524, 1965819583
598, 1005473, 435434, 34047, 32398, 433454, 35070, 35070, 3473634512
596, 1004157, 387440, 79976, 78292, 385763, 36343, 36343, 2534462221
594, 1008921, 443821, 28249, 26614, 442159, 34039, 34039, 1248493741
602, 1006864, 445426, 28907, 27525, 443734, 30636, 30636, 349107607
607, 1006274, 18651, 456391, 454269, 17175, 29894, 29894, 3935884997
608, 1003906, 453736, 19427, 17798, 451749, 30598, 30598, 784353574
605, 1009126, 440399, 33647, 32121, 438801, 32079, 32079, 648505260
603, 1007846, 450804, 22137, 20525, 448914, 32733, 32733, 2607684148
616, 1011240, 12498, 467273, 465450, 11105, 27457, 27457, 3302739828
610, 1004170, 15045, 459091, 457418, 13496, 29560, 29560, 4161110131
613, 1005347, 17592, 456890, 455163, 16064, 29819, 29819, 2776277195
606, 1006961, 287238, 173296, 171681, 285594, 44576, 44576, 3301890859
617, 1005311, 459004, 15598, 14058, 456837, 29907, 29907, 4211611709
611, 1004064, 453391, 19443, 17788, 451244, 31099, 31099, 3842529850
622, 1003770, 25793, 446238, 443590, 23961, 32094, 32094, 2319256326
612, 1008748, 18096, 458827, 457110, 16631, 29042, 29042, 3065636083
621, 1008603, 15712, 461579, 459645, 14175, 28746, 28746, 4132267387
618, 1006115, 447281, 26292, 24668, 444980, 31447, 31447, 2084956733
609, 1006810, 24509, 449382, 447836, 22815, 31134, 31134, 833151918
619, 1008051, 20901, 455328, 453370, 19352, 29550, 29550, 2491339527
615, 1004569, 441009, 31732, 30176, 439138, 31257, 31257, 2181356888
614, 1008818, 427392, 41042, 39531, 425815, 37519, 37519, 3736165354
620, 1005624, 22241, 446653, 444999, 20599, 35566, 35566, 3559946048
628, 1009753, 20813, 455803, 453898, 19367, 29936, 29936, 3314834832
629, 1004090, 18350, 454648, 451925, 16821, 31173, 31173, 2806795254
627, 1006719, 16389, 457771, 455803, 14964, 30896, 30896, 1865268223
626, 1004955, 460053, 14339, 12715, 457790, 30029, 30029, 609764364
624, 1003396, 457059, 16205, 14649, 455355, 30064, 30064, 240105170
633, 1005951, 459514, 16859, 15329, 457217, 28516, 28516, 138215214
623, 1006279, 369043, 95800, 94188, 366896, 40176, 40176, 2458209954
625, 1004520, 35111, 436258, 434473, 33530, 32574, 32574, 271310569
632, 1005404, 14624, 460753, 459084, 13001, 28971, 28971, 800020418
636, 1006549, 19042, 455502, 453256, 17415, 30667, 30667, 362910698
630, 1005603, 453382, 16388, 14697, 451672, 34732, 34732, 3133495453
637, 1005993, 13817, 461423, 459482, 12303, 29484, 29484, 3223853034
638, 1006346, 21901, 452611, 450491, 20259, 30542, 30542, 546182985
631, 1007187, 133551, 331778, 330093, 131947, 39909, 39909, 932436322
634, 1003897, 61124, 403645, 401930, 59358, 38920, 38920, 411407790
641, 1005567, 27298, 447858, 445492, 25833, 29543, 29543, 4284674425
639, 1004287, 450151, 22835, 21317, 448216, 30884, 30884, 659825708
640, 1008388, 461876, 14567, 13014, 459733, 29599, 29599, 1827041877
643, 1008120, 18121, 457053, 454738, 16518, 30845, 30845, 493901014
645, 1006681, 18323, 456600, 454002, 16670, 30543, 30543, 3158840657
642, 1007924, 457478, 17676, 16107, 455881, 30391, 30391, 3937827737
635, 1007874, 456954, 15871, 14316, 455059, 32837, 32837, 2567853536
644, 1005429, 457131, 17309, 15770, 455177, 30021, 30021, 1764440462
646, 1006819, 459792, 15495, 13992, 457930, 29805, 29805, 220353113
651, 1007462, 14545, 462415, 460367, 13097, 28519, 28519, 1716527066
650, 1005686, 455216, 18637, 17124, 452913, 30898, 30898, 878249093
648, 1006804, 32086, 437794, 436066, 30414, 35222, 35222, 3558384084
649, 1007871, 32702, 442044, 440154, 30971, 31000, 31000, 921293854
647, 1006444, 436054, 34311, 32669, 434414, 34498, 34498, 245032327
656, 1005566, 18588, 455543, 453467, 17074, 30447, 30447, 3780818688
652, 1006265, 459656, 14588, 13168, 457267, 30793, 30793, 325495456
661, 1004087, 14560, 458895, 456233, 13101, 30649, 30649, 192055975
658, 1003723, 457622, 15376, 13869, 454938, 30959, 30959, 1661340311
659, 1007773, 30393, 442368, 440172, 28646, 33097, 33097, 208000873
655, 1002332, 434827, 33356, 31597, 433158, 34697, 34697, 9877745
663, 1004980, 13599, 460616, 458569, 12078, 30059, 30059, 4293376232
654, 1008515, 454166, 22270, 20753, 452240, 29543, 29543, 2669288559
657, 1009592, 442710, 31706, 30068, 440682, 32213, 32213, 3495016418
660, 1007388, 15884, 456438, 454386, 14330, 33175, 33175, 2460928848
653, 1009036, 449341, 24773, 23260, 447610, 32026, 32026, 968544824
662, 1012374, 466527, 12814, 11423, 464378, 28616, 28616, 3004578997
664, 1006098, 448927, 23790, 22296, 446523, 32281, 32281, 1449674889
669, 1005495, 19678, 452367, 450491, 17985, 32487, 32487, 3798617378
667, 1010405, 459833, 17377, 15901, 457920, 29687, 29687, 3220532970
678, 1009794, 11706, 466099, 463674, 10321, 28997, 28997, 2919668450
666, 1006487, 459366, 16714, 15150, 457439, 28909, 28909, 4220155956
665, 1008374, 448398, 26995, 25476, 446179, 30663, 30663, 1695996007
677, 1009289, 16553, 460161, 458320, 15017, 29619, 29619, 2823571931
679, 1008287, 463206, 13738, 12257, 460212, 29437, 29437, 197089464
671, 1006984, 45093, 414047, 412504, 43410, 45965, 45965, 703713412
668, 1005339, 454122, 19362, 17843, 452170, 30921, 30921, 2781480931
676, 1009352, 462687, 14342, 12822, 460833, 29334, 29334, 1894367938
675, 1007522, 36182, 436884, 435212, 34734, 32255, 32255, 3165095848
674, 1005962, 452668, 21720, 20116, 450896, 30281, 30281, 772416231
670, 1006088, 455068, 18679, 17184, 453251, 30953, 30953, 2124723628
682, 1010078, 12452, 467701, 466232, 11053, 26320, 26320, 3501022168
680, 1005822, 460130, 15123, 13651, 458112, 29403, 29403, 4149966945
673, 1004415, 51754, 414965, 413273, 50035, 37194, 37194, 1839984233
672, 1002803, 211869, 248415, 246817, 210134, 42784, 42784, 1193394885
685, 1004855, 13878, 461188, 459369, 12328, 29046, 29046, 3718249498
684, 1008577, 457870, 18216, 16668, 455613, 30105, 30105, 1856334
690, 1005372, 18657, 454537, 452562, 17124, 31246, 31246, 469891754
681, 1005549, 420125, 49881, 48226, 418553, 34382, 34382, 2192601792
691, 1005342, 18563, 456044, 454132, 16909, 29847, 29847, 83155218
688, 1004984, 24076, 447999, 445750, 22473, 32343, 32343, 1668136878
683, 1005208, 421456, 51533, 49881, 419236, 31551, 31551, 2591112286
687, 1009615, 24029, 452187, 450510, 22381, 30254, 30254, 3265611931
686, 1008414, 19078, 455025, 453497, 17620, 31597, 31597, 1270806588
694, 1004200, 16093, 457731, 455395, 14589, 30196, 30196, 3906707732
689, 1008937, 464319, 13092, 11656, 462628, 28621, 28621, 3163302263
692, 1006323, 14897, 460979, 459333, 13418, 28848, 28848, 521664315
693, 1003751, 384309, 82295, 80616, 382531, 37000, 37000, 1414464449
695, 1003236, 437938, 32537, 31052, 436039, 32835, 32835, 2719352433
698, 1006974, 454367, 21136, 19516, 452459, 29748, 29748, 916593967
707, 1008153, 18106, 456422, 454419, 16606, 31300, 31300, 2739127211
704, 1006992, 18176, 456143, 454087, 16726, 30930, 30930, 466382654
699, 1007981, 23752, 451376, 449528, 22291, 30517, 30517, 1063814396
697, 1006235, 24303, 447794, 446074, 22732, 32666, 32666, 2945531602
701, 1006442, 410312, 54586, 52880, 408314, 40175, 40175, 505579206
696, 1005007, 77267, 390848, 389160, 75694, 36019, 36019, 557695472
702, 1008847, 463089, 13431, 12054, 461385, 29444, 29444, 2898860218
706, 1005435, 20785, 450323, 448767, 19346, 33107, 33107, 1820093166
700, 1010270, 21308, 455629, 454137, 19730, 29733, 29733, 974021204
705, 1010296, 465781, 10728, 9344, 463955, 30244, 30244, 1671957242
710, 1009968, 452733, 22430, 20878, 450549, 31689, 31689, 4244615879
708, 1008984, 341073, 124481, 122762, 339540, 40564, 40564, 4227546034
703, 1007659, 446041, 24697, 23084, 444499, 34669, 34669, 3739400235
713, 1008224, 457351, 18479, 17026, 455012, 30178, 30178, 1993401127
709, 1008088, 456899, 18988, 17481, 455262, 29729, 29729, 4048882415
711, 1005796, 39224, 432954, 430989, 37691, 32469, 32469, 1792534884
716, 1007426, 27390, 447708, 445753, 25875, 30350, 30350, 1899801530
714, 1010741, 17179, 460522, 458890, 15750, 29200, 29200, 1801251109
718, 1007237, 460029, 15121, 13652, 458101, 30167, 30167, 1388243612
712, 1005802, 452430, 22455, 20897, 450754, 29633, 29633, 2261636951
715, 1001202, 432985, 36210, 34544, 431239, 33112, 33112, 3676372955
719, 1008117, 15267, 460003, 458101, 13860, 30443, 30443, 1224822114
717, 1004742, 417601, 31548, 29913, 415690, 54995, 54995, 37718809
723, 1006855, 23029, 450317, 448401, 21512, 31798, 31798, 756286267
721, 1004670, 421526, 42045, 40417, 419634, 40524, 40524, 4244324371
725, 1006576, 15918, 457916, 455794, 14334, 31307, 31307, 2738934920
727, 1005683, 33937, 436227, 434634, 32219, 34333, 34333, 2623747309
726, 1007922, 451740, 22863, 21318, 450041, 30980, 30980, 1498827891
724, 1008364, 460279, 16188, 14623, 458302, 29486, 29486, 3074250644
722, 1007049, 457285, 17830, 16132, 455718, 30042, 30042, 1963339502
729, 1005977, 446165, 26395, 24769, 444206, 32221, 32221, 2332888531
720, 1006904, 331611, 136263, 134664, 329950, 37208, 37208, 1556738714
730, 1005904, 453911, 20241, 18722, 451224, 30903, 30903, 3218472922
733, 1004755, 20149, 452970, 450753, 18575, 31154, 31154, 686094188
732, 1006737, 457998, 17217, 15721, 456263, 29769, 29769, 2908707906
734, 1002402, 21195, 447579, 445763, 19631, 34117, 34117, 876620907
736, 1005782, 31041, 440840, 438744, 29367, 32895, 32895, 2030364359
728, 1004536, 138966, 323436, 321911, 137229, 41497, 41497, 2705373834
731, 1008591, 463185, 13545, 12072, 461499, 29145, 29145, 926925770
739, 1007284, 19835, 453625, 451133, 18333, 32179, 32179, 303417683
735, 1008287, 460712, 12585, 11083, 459045, 32431, 32431, 3352637119
737, 1004822, 443893, 20970, 19384, 442219, 39178, 39178, 3017182827
744, 1008068, 17318, 457324, 455328, 15746, 31176, 31176, 3276219955
740, 1008440, 452486, 20637, 19174, 450495, 32824, 32824, 2775798324
738, 1003628, 23885, 450546, 448911, 22324, 28981, 28981, 1934090679
743, 1003633, 29511, 442965, 441189, 27748, 31110, 31110, 309770701
742, 1003078, 30855, 440052, 438123, 29168, 32440, 32440, 298340501
751, 1008739, 10808, 467564, 465380, 9415, 27786, 27786, 4217830737
747, 1005970, 23862, 449045, 447098, 22197, 31884, 31884, 3296822270
749, 1008209, 16379, 457629, 455479, 14912, 31905, 31905, 2617086807
741, 1011839, 442652, 30887, 29357, 440781, 34081, 34081, 2483383418
746, 1007193, 26480, 438551, 436888, 24952, 40161, 40161, 793821882
750, 1006311, 30905, 442051, 440270, 29245, 31920, 31920, 3152921266
752, 1010185, 17927, 455490, 453686, 16360, 33361, 33361, 545338768
753, 1004543, 455100, 18215, 16690, 452758, 30890, 30890, 3072211753
748, 1010259, 456728, 19020, 17512, 454675, 31162, 31162, 1262700428
754, 1006560, 20172, 453206, 451053, 18613, 31758, 31758, 1156529607
755, 1006205, 452330, 21027, 19532, 450484, 31416, 31416, 1964101752
761, 1004841, 11994, 463950, 461745, 10660, 28246, 28246, 4098653911
758, 1005695, 25283, 448951, 446405, 23770, 30643, 30643, 3212895483
757, 1005300, 32000, 441258, 439510, 30296, 31118, 31118, 2767206888
745, 1010153, 33827, 437744, 436185, 32185, 35106, 35106, 769697875
766, 1006104, 20593, 453304, 451251, 19118, 30919, 30919, 1330210104
765, 1006833, 26646, 438905, 436553, 25097, 39816, 39816, 3149653343
760, 1007387, 24869, 448963, 447254, 23355, 31473, 31473, 3178286645
763, 1008925, 462615, 14431, 12969, 460344, 29283, 29283, 524122575
767, 1004653, 22406, 452505, 450558, 20786, 29199, 29199, 1437358811
756, 1005325, 84026, 385444, 383785, 82400, 34835, 34835, 3883263574
762, 1010171, 452682, 23681, 22176, 451082, 30275, 30275, 1125941268
759, 1011181, 456480, 20510, 19016, 454811, 30182, 30182, 888835840
764, 1005513, 24025, 450468, 448818, 22430, 29886, 29886, 1939186559
769, 1005761, 39627, 431967, 430141, 38136, 32945, 32945, 3820111850
771, 1003767, 23667, 446750, 445155, 22089, 33053, 33053, 2667237975
773, 1003893, 17503, 455909, 453983, 15974, 30262, 30262, 3366923992
772, 1004146, 50513, 420316, 417842, 48915, 33280, 33280, 3823433317
768, 1004722, 262550, 198448, 196690, 260922, 43056, 43056, 1234457605
776, 1008445, 15728, 461559, 459803, 14299, 28528, 28528, 2895889815
774, 1004644, 452552, 19124, 17519, 450699, 32375, 32375, 2434918259
777, 1008340, 467159, 11204, 9729, 465618, 27315, 27315, 276891178
775, 1010079, 462711, 16118, 14673, 460909, 27834, 27834, 1194261871
780, 1007522, 15052, 456933, 455206, 13661, 33335, 33335, 1137185881
770, 1010252, 432024, 42164, 40543, 430501, 32510, 32510, 181093125
784, 1010230, 15642, 462124, 460153, 14233, 29039, 29039, 1885327829
779, 1010164, 22344, 450595, 448702, 20835, 33844, 33844, 350535110
781, 1002651, 20301, 446532, 444647, 18619, 36276, 36276, 2537302010
782, 1010978, 462008, 15285, 13806, 460125, 29877, 29877, 1688245062
778, 1006351, 248865, 213667, 211957, 247156, 42353, 42353, 4132155530
785, 1008318, 14979, 457498, 455794, 13481, 33283, 33283, 158218925
792, 1005751, 13124, 461487, 458661, 11685, 30397, 30397, 2043584441
787, 1003114, 44675, 425014, 422805, 42980, 33820, 33820, 3480543246
791, 1007144, 14104, 462439, 460405, 12460, 28868, 28868, 4179993561
783, 1005834, 455365, 18772, 17230, 453475, 30496, 30496, 2122796362
788, 1008022, 441153, 33511, 32079, 439141, 31069, 31069, 1109320926
795, 1012047, 29672, 447738, 446069, 28164, 30202, 30202, 3411518722
796, 1007837, 454042, 21885, 20432, 451398, 30040, 30040, 269224493
794, 1006659, 458823, 17941, 16381, 456108, 28703, 28703, 864380812
790, 1008852, 18607, 457301, 455281, 17111, 30276, 30276, 3430959888
797, 1001471, 454754, 16741, 15179, 453103, 30847, 30847, 3962917887
798, 1007580, 463010, 12669, 11211, 460896, 29897, 29897, 3688906054
786, 1010732, 24174, 449706, 448139, 22701, 33006, 33006, 282865262
793, 1009838, 17219, 459807, 458354, 15648, 29405, 29405, 2610238490
789, 1005163, 34876, 433145, 431579, 33339, 36112, 36112, 2723892683
803, 1007159, 18313, 454686, 453058, 16702, 32200, 32200, 4188892203
805, 1009621, 13079, 464965, 462670, 11633, 28637, 28637, 3728107067
806, 1006947, 56358, 415489, 413068, 54678, 33677, 33677, 3700818929
799, 1006400, 443165, 29509, 27946, 441306, 32237, 32237, 1038835589
800, 1007077, 449548, 25637, 24035, 447997, 29930, 29930, 1763095636
801, 1003741, 437857, 30473, 28940, 435975, 35248, 35248, 2456752526
802, 1004513, 466145, 10252, 8795, 464377, 27472, 27472, 145649376
807, 1005622, 454196, 19978, 18354, 452000, 30547, 30547, 1606561862
812, 1010275, 24753, 451111, 449282, 23265, 30932, 30932, 1171627190
809, 1005477, 461781, 13240, 11705, 459581, 29585, 29585, 2662917774
815, 1006753, 12150, 465706, 463009, 10690, 27599, 27599, 3735344596
810, 1006605, 460631, 15492, 14008, 457748, 29363, 29363, 1808247610
808, 1001523, 440786, 24943, 23331, 438199, 37132, 37132, 2881371307
817, 1008897, 23401, 452608, 450561, 21681, 30323, 30323, 3227260581
804, 1007920, 457298, 17100, 15553, 455735, 31117, 31117, 3362986686
811, 1007759, 433942, 34430, 32898, 431781, 37354, 37354, 1787644732
816, 1005945, 461695, 12917, 11478, 459851, 30002, 30002, 2291296758
813, 1006295, 462771, 11652, 10141, 460139, 30796, 30796, 3590009119
819, 1006375, 21993, 450782, 449106, 20526, 31984, 31984, 300297093
821, 1004317, 16647, 457385, 455193, 15220, 29936, 29936, 4287547728
818, 1006972, 39987, 428118, 426403, 38396, 37034, 37034, 602393811
825, 1010198, 466032, 13377, 12021, 463300, 27734, 27734, 875630100
814, 1011867, 91553, 380448, 378942, 89974, 35475, 35475, 3190989212
829, 1005262, 12971, 462833, 460553, 11491, 28707, 28707, 1508416542
824, 1008994, 37663, 437584, 435757, 36180, 30905, 30905, 1604238573
823, 1005998, 447474, 27047, 25388, 445733, 30178, 30178, 311597468
820, 1006934, 450263, 24068, 22608, 448509, 30743, 30743, 2069914918
828, 1007792, 456276, 19562, 18013, 454521, 29710, 29710, 144761170
831, 1009571, 460095, 16405, 15020, 458179, 29936, 29936, 2307306000
826, 1003792, 428101, 40550, 38924, 426279, 34969, 34969, 1444066762
832, 1006278, 453998, 19968, 18381, 452173, 30879, 30879, 3896400389
836, 1004867, 14977, 459723, 457541, 13556, 29535, 29535, 3731757337
833, 1009168, 16655, 458483, 456514, 15258, 31129, 31129, 132910323
827, 1010384, 37150, 438962, 437289, 35593, 30695, 30695, 2428195185
837, 1010331, 17543, 462289, 459238, 16101, 27580, 27580, 4105967592
822, 1007193, 422689, 49530, 47892, 421110, 32986, 32986, 3993022781
830, 1009315, 15523, 459418, 457757, 13979, 31319, 31319, 350291445
834, 1007850, 461758, 14244, 12744, 459778, 29663, 29663, 2117363065
835, 1009637, 22578, 452710, 451046, 21023, 31140, 31140, 1160678465
838, 1005907, 454046, 20422, 18899, 451152, 30694, 30694, 3324886400
846, 1005491, 17608, 454091, 451559, 15955, 33139, 33139, 323339618
843, 1007901, 29132, 442963, 441321, 27585, 33450, 33450, 2224739392
840, 1009561, 444025, 30295, 28675, 442550, 32008, 32008, 594652064
839, 1008413, 461985, 14069, 12545, 460062, 29876, 29876, 276154021
850, 1002927, 20001, 451760, 449831, 18323, 31506, 31506, 830364962
845, 1008298, 23000, 451594, 449936, 21460, 31154, 31154, 2777102809
849, 1007547, 451696, 22113, 20588, 449610, 31770, 31770, 2809803109
841, 1009767, 450441, 25309, 23865, 448344, 30904, 30904, 2909077385
844, 1004551, 27692, 444267, 442333, 26137, 32061, 32061, 3037290173
853, 1008462, 27434, 446030, 444208, 25954, 32418, 32418, 164824033
847, 1006676, 23301, 438611, 436867, 21761, 43068, 43068, 546685313
842, 1008953, 12625, 462703, 461115, 11196, 30657, 30657, 1012413072
852, 1003740, 22267, 448874, 446959, 20726, 32457, 32457, 3954564928
851, 1007494, 456010, 19669, 18078, 454273, 29732, 29732, 4040934592
855, 1007724, 15608, 461045, 459203, 14080, 28894, 28894, 909100299
848, 1011613, 447056, 29026, 27536, 445505, 31245, 31245, 771191560
860, 1003630, 27287, 445008, 442556, 25677, 31551, 31551, 1157982406
856, 1003322, 15427, 456177, 454362, 13914, 31721, 31721, 2794667307
861, 1004446, 12836, 461621, 459478, 11321, 29595, 29595, 3904351265
857, 1008482, 456392, 18818, 17276, 454106, 30945, 30945, 726924886
854, 1006266, 448866, 24106, 22549, 447069, 31838, 31838, 3250277824
863, 1008326, 15076, 462219, 460094, 13651, 28643, 28643, 1834925813
859, 1005643, 424411, 44135, 42583, 422424, 36045, 36045, 2300112978
862, 1006746, 59449, 408421, 406789, 57731, 37178, 37178, 813572014
858, 1008934, 461844, 14540, 13130, 460242, 29589, 29589, 2165093446
867, 1004409, 17744, 456245, 454112, 16214, 30047, 30047, 3154685083
865, 1007171, 24023, 445288, 443405, 22545, 35955, 35955, 1138279650
864, 1001729, 449682, 21324, 19682, 447973, 31534, 31534, 1813804033
869, 1001608, 62203, 400899, 398889, 60463, 39577, 39577, 984062637
868, 1003815, 457416, 17012, 15584, 455525, 29139, 29139, 2385057689
866, 1007894, 454480, 18114, 16620, 452756, 32962, 32962, 4257294043
870, 1005046, 431913, 37322, 35674, 430355, 34891, 34891, 3356526756
875, 1009307, 451929, 24578, 22986, 449080, 30367, 30367, 4224920934
871, 1004679, 458811, 14682, 13177, 456907, 30551, 30551, 426102679
874, 1005910, 450636, 21661, 19980, 448601, 32516, 32516, 2580847355
877, 1006801, 50468, 420837, 418703, 48695, 34049, 34049, 1778440620
873, 1007562, 446845, 23322, 21817, 445232, 35173, 35173, 2792221316
879, 1006489, 20481, 454716, 452910, 18926, 29728, 29728, 1315656216
881, 1008205, 458705, 16729, 15216, 457015, 30270, 30270, 2163770954
878, 1010204, 461037, 17121, 15555, 459007, 28742, 28742, 755503711
876, 1006703, 40708, 422562, 421011, 38942, 41740, 41740, 3123313056
880, 1005952, 458654, 15828, 14305, 456795, 30185, 30185, 2639143894
872, 1007285, 23857, 448244, 446611, 22171, 33201, 33201, 444958390
882, 1006019, 443312, 29825, 28200, 441472, 31605, 31605, 2528386530
885, 1004363, 444332, 29160, 27656, 442115, 30550, 30550, 2390644781
890, 1008921, 16218, 460960, 459031, 14694, 29009, 29009, 3500056527
883, 1003665, 19008, 453496, 451681, 17438, 31021, 31021, 509744491
884, 1008187, 457684, 18785, 17330, 456004, 29192, 29192, 215111971
887, 1008125, 17793, 456042, 454003, 16343, 31972, 31972, 1005584711
886, 1005875, 14863, 456355, 454704, 13325, 33314, 33314, 2738215814
891, 1010848, 16620, 458158, 456235, 14945, 32445, 32445, 3466301454
889, 1006474, 16000, 459743, 458132, 14581, 29009, 29009, 1962888511
898, 1007276, 460976, 14646, 13182, 458628, 29922, 29922, 1585070087
902, 1006315, 16276, 460357, 457357, 14773, 28776, 28776, 2682690905
899, 1004589, 51133, 417460, 415577, 49467, 35476, 35476, 954663848
892, 1005459, 66086, 397889, 396061, 64411, 40506, 40506, 1923107285
903, 1006969, 12285, 464225, 461368, 10889, 29101, 29101, 709608315
897, 1007970, 10974, 466935, 465186, 9433, 27721, 27721, 3545281461
888, 1004871, 406457, 65199, 63666, 404493, 32528, 32528, 2041269881
896, 1009041, 32761, 442025, 440587, 31160, 31254, 31254, 766551198
894, 1006457, 30800, 443045, 441473, 29287, 30926, 30926, 2846415829
900, 1006918, 453296, 20446, 18920, 451634, 31311, 31311, 1930771331
893, 1005958, 412083, 43479, 41887, 410491, 49009, 49009, 1672377701
904, 1008222, 24564, 450437, 448087, 23052, 31041, 31041, 2525109258
895, 1006586, 451615, 20530, 19015, 449578, 32924, 32924, 3899845367
901, 1004433, 447656, 23279, 21773, 445859, 32933, 32933, 3308634539
905, 1008361, 440441, 31520, 29905, 438483, 34006, 34006, 2904063471
907, 1005837, 462403, 13903, 12344, 460475, 28356, 28356, 3909555714
908, 1010628, 18071, 459616, 457881, 16638, 29211, 29211, 1251040422
906, 1003334, 454995, 18122, 16657, 452566, 30497, 30497, 3392965088
915, 1008947, 20852, 454559, 452072, 19498, 30983, 30983, 3322089760
911, 1003313, 55693, 411737, 410042, 53981, 35930, 35930, 1319804483
910, 1003027, 44257, 424694, 422619, 42671, 34393, 34393, 3462690346
914, 1004718, 21647, 444249, 441730, 20212, 38440, 38440, 2724741157
909, 1006772, 462385, 13604, 12133, 460692, 28979, 28979, 395107813
912, 1004331, 75951, 390334, 388326, 74422, 37649, 37649, 1677363644
921, 1008158, 13548, 461896, 459700, 12030, 30492, 30492, 1082594199
920, 1011191, 47492, 428686, 426718, 45995, 31150, 31150, 2942434087
917, 1004243, 15160, 457370, 455470, 13655, 31294, 31294, 2297489360
916, 1002586, 23152, 445555, 443807, 21372, 34350, 34350, 3927784065
913, 1005950, 442588, 26367, 24823, 441110, 35531, 35531, 1851751949
919, 1003312, 454002, 20255, 18699, 451446, 29455, 29455, 3082485462
924, 1007825, 15054, 461022, 458922, 13627, 29600, 29600, 3960567901
918, 1008792, 436752, 33654, 32121, 434795, 35735, 35735, 2270914693
923, 1006156, 456169, 18384, 16800, 454231, 30286, 30286, 727184123
928, 1003424, 454392, 18486, 16973, 451985, 30794, 30794, 2264940114
934, 1006603, 16270, 459188, 456811, 14812, 29761, 29761, 1182145312
925, 1007851, 451791, 23127, 21585, 450016, 30666, 30666, 3462050400
927, 1002864, 31343, 434122, 432266, 29751, 37691, 37691, 2691086162
926, 1004969, 31796, 441209, 438981, 30217, 31383, 31383, 114423339
922, 1008055, 27920, 445881, 444124, 26390, 31870, 31870, 98257152
930, 1005649, 438613, 32406, 30781, 436345, 33752, 33752, 2628166600
929, 1007547, 14909, 460314, 458693, 13371, 30130, 30130, 3417688308
931, 1009491, 60527, 411225, 409315, 58882, 34771, 34771, 3130365905
938, 1005175, 19203, 454900, 452715, 17623, 30367, 30367, 1918185402
936, 1005405, 17563, 456967, 454939, 15942, 29997, 29997, 930721687
935, 1005239, 37120, 435662, 433760, 35437, 31630, 31630, 4255979624
932, 1004555, 438499, 33032, 31399, 437049, 32288, 32288, 3009746669
933, 1007142, 454325, 16932, 15433, 452278, 34087, 34087, 2205142349
939, 1006743, 17961, 450584, 448472, 16442, 36642, 36642, 3573644259
940, 1007004, 39460, 433308, 431567, 37887, 32391, 32391, 799361804
942, 1008575, 14633, 461407, 459294, 13221, 30010, 30010, 1634549725
941, 1004094, 45366, 424957, 423216, 43551, 33502, 33502, 648294691
937, 1007573, 13098, 462254, 460633, 11588, 30000, 30000, 1478113541
944, 1005424, 18803, 454839, 452817, 17143, 30911, 30911, 2355838141
946, 1010376, 31898, 443511, 441730, 30275, 31481, 31481, 2478977586
947, 1008113, 447579, 25717, 24206, 445547, 32532, 32532, 713988011
953, 1005698, 24278, 448988, 446797, 22689, 31473, 31473, 3121873039
943, 1007477, 113949, 354560, 352630, 112276, 37031, 37031, 3798287063
949, 1006229, 31437, 441740, 439923, 29815, 31657, 31657, 1322427163
945, 1008284, 455639, 18142, 16645, 453928, 31965, 31965, 3907839280
951, 1008817, 456491, 19269, 17657, 454964, 30218, 30218, 2446469747
948, 1003874, 457870, 16172, 14655, 455491, 29843, 29843, 4049670112
954, 1004410, 456733, 17382, 15812, 454001, 30241, 30241, 546744592
952, 1004913, 456926, 17409, 15919, 455269, 29695, 29695, 3181448204
955, 1002369, 458256, 14977, 13408, 455612, 30058, 30058, 2423728321
957, 1002967, 461973, 12769, 11320, 459671, 28617, 28617, 1538990735
950, 1006148, 456219, 19437, 17924, 454238, 29165, 29165, 3578446324
958, 1002637, 76123, 390371, 388609, 74566, 36484, 36484, 3128287384
961, 1003072, 429697, 37450, 35838, 427663, 36212, 36212, 3507075539
965, 1006735, 53939, 417581, 415607, 52312, 33648, 33648, 3077001470
964, 1008363, 70998, 400629, 398599, 69485, 34326, 34326, 675754458
960, 1003681, 447084, 23739, 22229, 445015, 32807, 32807, 2230634619
956, 1003257, 435302, 34051, 32540, 433560, 33902, 33902, 3342850747
972, 1004861, 14662, 458841, 456215, 13133, 31005, 31005, 1960366569
967, 1004861, 13347, 461082, 459249, 11723, 29730, 29730, 2459283637
962, 1005364, 457258, 17094, 15564, 454974, 30237, 30237, 2026538511
959, 1009926, 429835, 44358, 42711, 427984, 32519, 32519, 133300253
968, 1007517, 448666, 25440, 23824, 446699, 31444, 31444, 501451154
963, 1005277, 408677, 59802, 58044, 406978, 35888, 35888, 877143577
969, 1007491, 451200, 23377, 21866, 449402, 30823, 30823, 2053723460
971, 1009067, 459686, 18037, 16460, 457532, 28676, 28676, 3760097167
966, 1007147, 447985, 21577, 19978, 446261, 35673, 35673, 686851864
970, 1005717, 446303, 25353, 23774, 444505, 32891, 32891, 762705085
978, 1005855, 17406, 457295, 455153, 15859, 30071, 30071, 3008684115
974, 1005791, 458345, 16655, 15193, 456148, 29725, 29725, 2235327587
976, 1008242, 14265, 461031, 459262, 12782, 30451, 30451, 3670607063
977, 1003704, 17306, 456271, 454418, 15687, 30011, 30011, 2486532156
982, 1010031, 464419, 14922, 13407, 461829, 27727, 27727, 185633865
973, 1006316, 445903, 21912, 20283, 444024, 37097, 37097, 1738496845
980, 1006669, 35022, 437860, 436037, 33550, 32100, 32100, 958404230
979, 1007610, 29140, 440822, 439156, 27434, 35529, 35529, 3515775628
975, 1004438, 40845, 430975, 429325, 39129, 32082, 32082, 1561783820
986, 1013325, 460132, 18062, 16518, 457659, 30477, 30477, 40137801
981, 1005477, 443529, 27987, 26570, 441713, 32839, 32839, 2451347563
983, 1008813, 17590, 459074, 457364, 16087, 29349, 29349, 3134548266
985, 1004246, 44612, 425480, 423464, 43014, 33838, 33838, 1008715625
984, 1007007, 451079, 23385, 21880, 449451, 30606, 30606, 3710667230
992, 1006440, 34844, 434943, 432585, 33208, 35430, 35430, 832883305
996, 1006753, 25424, 447964, 445941, 23888, 31768, 31768, 3383547124
987, 1006434, 149567, 315353, 313634, 147856, 40012, 40012, 2264866455
997, 1006772, 30918, 443969, 442029, 29448, 30204, 30204, 296606945
989, 1004984, 387447, 77973, 76443, 385657, 38732, 38732, 2495803917
994, 1006093, 14942, 459696, 457839, 13422, 30097, 30097, 2468492574
988, 1006313, 302290, 161777, 160125, 300571, 40775, 40775, 3091878712
993, 1005675, 437177, 31915, 30347, 435190, 35523, 35523, 3310789710
991, 1007739, 26708, 447981, 446228, 25054, 30884, 30884, 3212869374
998, 1005580, 427379, 35779, 34153, 425711, 41279, 41279, 1811029041
990, 1006791, 240104, 215493, 213630, 238562, 49501, 49501, 676337883
995, 1003869, 392883, 69979, 68259, 391308, 40720, 40720, 1158161772
999, 1006361, 447422, 15363, 13866, 445914, 41898, 41898, 3704478117
