sample_id, N_active, N_A_1, N_B_1, N_A_0, N_B_0, N_A_*, N_B_*, seed
7, 816926, 178870, 171524, 157689, 164939, 71952, 71952, 152068085
11, 818177, 181128, 170546, 156840, 167093, 71285, 71285, 643181013
8, 815857, 169412, 181321, 166830, 155882, 71206, 71206, 3475355139
0, 819753, 163687, 186206, 172612, 150568, 73340, 73340, 3828135192
5, 813524, 185140, 164396, 150716, 170762, 71255, 71255, 4039923657
4, 817584, 176908, 170732, 157355, 162969, 74810, 74810, 1991689623
6, 817937, 171296, 181328, 167327, 157902, 70042, 70042, 893514607
1, 814751, 192325, 159200, 145920, 178140, 69583, 69583, 3233416275
12, 817922, 177643, 173029, 159437, 163735, 72039, 72039, 789408315
15, 813875, 164760, 178733, 164693, 151143, 77273, 77273, 680859229
2, 818401, 188173, 158529, 145338, 174331, 76015, 76015, 156394834
10, 817257, 167818, 183740, 169450, 154455, 70897, 70897, 1831162083
3, 817964, 171046, 176659, 163122, 157977, 74580, 74580, 2328792368
9, 820500, 177421, 172879, 159580, 164038, 73291, 73291, 3368552091
14, 819303, 173080, 174068, 160782, 159507, 75933, 75933, 409092026
13, 819748, 180444, 169954, 156275, 167165, 72955, 72955, 4228760505
16, 821350, 192361, 162760, 149531, 178616, 69041, 69041, 2909296304
18, 818826, 171247, 182670, 168899, 157858, 69076, 69076, 3620129024
19, 816863, 169423, 181915, 167735, 155898, 70946, 70946, 3669746974
17, 819655, 174510, 171677, 157851, 161569, 77024, 77024, 2088361341
20, 817894, 187086, 159021, 145990, 173197, 76300, 76300, 2708077993
22, 816716, 166274, 180519, 166490, 152639, 75397, 75397, 1837932170
27, 814734, 152049, 193647, 179450, 138644, 75472, 75472, 3103563519
21, 817450, 176255, 177653, 163729, 162591, 68611, 68611, 169394337
26, 814999, 168997, 182956, 169296, 155046, 69352, 69352, 1284861203
25, 818834, 182462, 167237, 154290, 168587, 73129, 73129, 766506451
31, 817288, 171904, 178922, 164950, 158342, 71585, 71585, 479195981
29, 818705, 176147, 174864, 161595, 162697, 71701, 71701, 1467265704
24, 820163, 163081, 190005, 176237, 149900, 70470, 70470, 975856951
28, 815272, 184891, 164678, 151260, 170955, 71744, 71744, 3330072044
23, 818022, 158208, 187382, 173532, 144696, 77102, 77102, 1791577411
30, 820874, 179413, 168786, 155304, 165921, 75725, 75725, 3242176239
34, 818113, 184402, 165614, 152194, 170383, 72760, 72760, 51964338
32, 815946, 174581, 172914, 159107, 160978, 74183, 74183, 1932245253
33, 815087, 156301, 193235, 178704, 142665, 72091, 72091, 2575885814
37, 816122, 180145, 170971, 156784, 165984, 71119, 71119, 2120533940
35, 815528, 187560, 164480, 151000, 173360, 69564, 69564, 3877917119
38, 818550, 169569, 178079, 164488, 156428, 74993, 74993, 2952638229
36, 814227, 176632, 172960, 158729, 162748, 71579, 71579, 2801258031
44, 817603, 183469, 168472, 154904, 169740, 70509, 70509, 277501520
40, 821512, 185801, 166068, 152827, 171800, 72508, 72508, 3719078085
43, 816108, 170173, 175754, 162118, 156643, 75710, 75710, 2261122579
41, 821238, 163616, 184980, 171128, 150566, 75474, 75474, 260624890
39, 817322, 176555, 173539, 159912, 163162, 72077, 72077, 3411697306
42, 820808, 182846, 166752, 153496, 169560, 74077, 74077, 750501889
45, 822412, 184709, 165046, 151792, 170705, 75080, 75080, 1207046281
46, 814379, 173007, 173237, 159540, 159377, 74609, 74609, 1929951419
47, 817405, 166926, 179660, 165591, 153046, 76091, 76091, 3397794069
48, 819035, 172669, 176788, 163426, 159148, 73502, 73502, 3482332994
50, 816901, 159225, 195485, 181303, 145828, 67530, 67530, 3078834255
49, 816270, 168843, 176195, 162372, 154988, 76936, 76936, 3554379313
54, 815918, 181753, 173244, 159049, 167790, 67041, 67041, 116980728
51, 818797, 179251, 172706, 159256, 165774, 70905, 70905, 2365034424
53, 819022, 179472, 172743, 159304, 165567, 70968, 70968, 416945389
57, 813839, 179606, 171139, 157707, 165277, 70055, 70055, 2914557189
58, 818181, 186722, 163690, 150222, 172791, 72378, 72378, 1904070286
56, 819220, 167359, 178623, 165307, 153569, 77181, 77181, 2862238784
55, 816228, 177292, 172825, 159306, 163349, 71728, 71728, 4245112236
52, 825025, 170676, 182053, 168848, 157556, 72946, 72946, 2073787268
59, 823121, 169386, 181439, 168153, 155885, 74129, 74129, 2708178667
63, 818693, 175009, 174074, 160612, 161208, 73895, 73895, 2503486686
61, 818845, 171026, 180674, 166795, 157726, 71312, 71312, 1031282975
60, 818995, 169999, 176458, 163023, 156319, 76598, 76598, 1708179642
62, 818267, 191044, 163041, 149820, 176854, 68754, 68754, 911274506
64, 820659, 182057, 170204, 157079, 168159, 71580, 71580, 4233126980
66, 819851, 174336, 179067, 164794, 160984, 70335, 70335, 1820546428
65, 818634, 181206, 167661, 154514, 167519, 73867, 73867, 3440323563
67, 816429, 171855, 175115, 161531, 157850, 75039, 75039, 3093570070
68, 820157, 161231, 188902, 174730, 148046, 73624, 73624, 1815208314
69, 818675, 176791, 172707, 159579, 163380, 73109, 73109, 3147033478
72, 816390, 174347, 175387, 161683, 160485, 72244, 72244, 2464089267
76, 819165, 151256, 196421, 182594, 138466, 75214, 75214, 2655380234
73, 816537, 195316, 154029, 140294, 181064, 72917, 72917, 2784193500
70, 816630, 180029, 171622, 158276, 165815, 70444, 70444, 2021030948
77, 820338, 160456, 189593, 175824, 147273, 73596, 73596, 3841969473
71, 817752, 170946, 180643, 166831, 157600, 70866, 70866, 1288488838
75, 817551, 171378, 181144, 167244, 157685, 70050, 70050, 2061630491
74, 817174, 165955, 184635, 170401, 152405, 71889, 71889, 3109513747
79, 817984, 186584, 163207, 150035, 172666, 72746, 72746, 2498363444
78, 813297, 162365, 183870, 169866, 148350, 74423, 74423, 1145382331
81, 814799, 177613, 174796, 161157, 163581, 68826, 68826, 1323134966
82, 817967, 178016, 174719, 161404, 163706, 70061, 70061, 3473339990
80, 817809, 169266, 178388, 164773, 155710, 74836, 74836, 640687719
83, 816330, 164851, 183548, 169335, 151736, 73430, 73430, 1659215706
85, 816584, 164068, 184988, 171161, 150255, 73056, 73056, 321602255
84, 817871, 159430, 192497, 178458, 146134, 70676, 70676, 1130453271
86, 811779, 175395, 173052, 159044, 161548, 71370, 71370, 1525140370
87, 816615, 180142, 163989, 150291, 166739, 77727, 77727, 3625655758
88, 820216, 178688, 175155, 162220, 165033, 69560, 69560, 2712317506
91, 819285, 167303, 182129, 168338, 153611, 73952, 73952, 381501362
89, 819202, 166964, 184412, 170631, 153609, 71793, 71793, 2066837806
90, 816592, 173896, 169962, 156556, 160300, 77939, 77939, 3541167403
94, 817504, 179767, 171968, 158775, 166256, 70369, 70369, 2898249138
92, 817939, 170832, 180959, 167117, 156857, 71087, 71087, 1019925601
93, 815907, 171508, 177355, 163256, 157522, 73133, 73133, 886155036
96, 817113, 175990, 167399, 154032, 162054, 78819, 78819, 3586140410
98, 814436, 182075, 164432, 151266, 167575, 74544, 74544, 2772483735
97, 819446, 165936, 184334, 170606, 152548, 73011, 73011, 834669807
95, 821219, 178727, 170338, 156898, 165256, 75000, 75000, 2075839891
99, 816529, 162141, 183013, 168822, 148703, 76925, 76925, 2558656806
100, 820017, 193047, 161085, 147901, 179100, 69442, 69442, 3665671431
101, 816260, 165669, 182403, 168521, 152359, 73654, 73654, 2337291482
102, 816177, 205452, 143150, 130249, 190688, 73319, 73319, 76475754
103, 813586, 172327, 173929, 159951, 158495, 74442, 74442, 304214924
104, 820442, 175814, 174080, 160901, 162057, 73795, 73795, 954358332
105, 817613, 176395, 170527, 156966, 162375, 75675, 75675, 3957452283
106, 820197, 174487, 177569, 163538, 161175, 71714, 71714, 1459649850
108, 817199, 180367, 173448, 159205, 166613, 68783, 68783, 897801903
109, 813891, 172233, 179494, 165399, 158113, 69326, 69326, 2757367719
110, 818618, 164638, 184361, 170427, 151436, 73878, 73878, 577570898
107, 814594, 178303, 172973, 159213, 164303, 69901, 69901, 751429499
111, 816758, 187883, 166864, 153421, 174086, 67252, 67252, 1214932133
112, 819881, 158855, 191441, 177770, 145859, 72978, 72978, 3219936980
113, 817925, 165633, 186610, 172695, 152015, 70486, 70486, 1781500438
115, 816322, 184841, 162792, 149278, 170575, 74418, 74418, 2907572566
114, 813183, 175970, 172594, 158520, 161817, 72141, 72141, 491640496
116, 817386, 184344, 167679, 154288, 170559, 70258, 70258, 1130775549
118, 818771, 186510, 167132, 153934, 172463, 69366, 69366, 2455474165
119, 820896, 179171, 173187, 159469, 165507, 71781, 71781, 2518069311
120, 818206, 161699, 185450, 171225, 148470, 75681, 75681, 3906785546
121, 813961, 169206, 180575, 166195, 155775, 71105, 71105, 3860313693
124, 815240, 166729, 179544, 165940, 153073, 74977, 74977, 1001541616
122, 815146, 169297, 176448, 163021, 155740, 75320, 75320, 1423775364
125, 817385, 177965, 174923, 160816, 164423, 69629, 69629, 346317793
123, 817344, 174680, 181261, 167376, 160971, 66528, 66528, 2786120873
126, 823340, 189020, 162325, 149855, 174944, 73598, 73598, 1123597361
117, 820589, 165693, 182384, 168920, 152204, 75694, 75694, 159312082
127, 817720, 163588, 187403, 173382, 150479, 71434, 71434, 3308292460
128, 820768, 170626, 178755, 165082, 157155, 74575, 74575, 3139976848
131, 816247, 182948, 170432, 156699, 168876, 68646, 68646, 688155030
129, 818487, 185957, 164998, 151619, 171971, 71971, 71971, 2365640725
130, 816523, 177383, 173122, 159600, 163708, 71355, 71355, 1756649653
132, 817808, 182391, 168615, 154713, 168895, 71597, 71597, 1837802145
134, 818290, 179033, 171113, 157148, 165444, 72776, 72776, 3126452495
133, 817883, 173735, 179289, 164935, 160562, 69681, 69681, 3861377558
135, 819756, 180234, 175014, 161685, 166525, 68149, 68149, 1886791939
136, 817787, 166232, 185077, 171128, 152702, 71324, 71324, 1309905302
139, 817624, 169585, 180368, 166396, 156073, 72601, 72601, 4282771807
137, 818574, 176699, 171548, 158159, 162664, 74752, 74752, 138376674
140, 815843, 182234, 169928, 156231, 168346, 69552, 69552, 3231595700
138, 818452, 170441, 179891, 165958, 157072, 72545, 72545, 3180181336
141, 819735, 185956, 164430, 151004, 171879, 73233, 73233, 2761339012
142, 815025, 182548, 165420, 152305, 167912, 73420, 73420, 829457133
143, 819443, 172092, 179391, 165597, 158699, 71832, 71832, 1355870183
144, 818397, 182137, 167879, 154537, 168530, 72657, 72657, 304988588
147, 817357, 178950, 171928, 158195, 165192, 71546, 71546, 2974558983
146, 820067, 173642, 179242, 165732, 160093, 70679, 70679, 189460265
145, 818843, 188075, 164787, 151275, 174184, 70261, 70261, 2329021051
150, 813607, 168671, 179706, 165863, 154491, 72438, 72438, 2201561161
148, 817162, 178098, 169507, 155846, 164527, 74592, 74592, 3059811786
151, 817145, 172244, 176998, 163178, 158419, 73153, 73153, 337009381
149, 813917, 169674, 178806, 164421, 156138, 72439, 72439, 1379770758
152, 821260, 168320, 186491, 172770, 155291, 69194, 69194, 2411626488
153, 818754, 175089, 179531, 165704, 161406, 68512, 68512, 1715830939
155, 820442, 174365, 175655, 161877, 160941, 73802, 73802, 4110624493
154, 819743, 197848, 149569, 136959, 183741, 75813, 75813, 1037682207
157, 815764, 182615, 166363, 152688, 168780, 72659, 72659, 1497010633
156, 820757, 169736, 183383, 169793, 156753, 70546, 70546, 3271828393
158, 813724, 173135, 168127, 154093, 159271, 79549, 79549, 4141548200
159, 822733, 176022, 180604, 166699, 162578, 68415, 68415, 920712240
160, 819196, 178205, 173395, 160038, 164882, 71338, 71338, 3838117725
161, 816407, 185585, 160474, 147447, 171745, 75578, 75578, 887405758
162, 821185, 180132, 173416, 159831, 166380, 70713, 70713, 1299927174
163, 815400, 188047, 162021, 148617, 174067, 71324, 71324, 3145677213
166, 818459, 185697, 165514, 152220, 171734, 71647, 71647, 3255352297
164, 817284, 186061, 166851, 153612, 172016, 69372, 69372, 140951242
167, 818471, 156475, 194647, 180511, 142906, 71966, 71966, 3683047594
165, 814601, 174439, 171454, 157251, 160501, 75478, 75478, 1063807836
169, 820884, 164197, 190699, 176909, 150669, 69205, 69205, 2954392767
168, 819883, 180252, 171651, 158186, 166374, 71710, 71710, 2257243010
170, 813803, 169940, 180506, 166279, 156012, 70533, 70533, 4098441366
172, 818627, 186881, 164064, 150503, 172773, 72203, 72203, 4012603804
173, 817712, 160967, 188048, 174144, 147899, 73327, 73327, 2231010020
171, 819829, 167590, 177696, 164228, 153837, 78239, 78239, 4285060820
175, 817340, 165758, 183898, 169954, 152212, 72759, 72759, 328317417
174, 817850, 177505, 171805, 158151, 163851, 73269, 73269, 2380377848
176, 818327, 172118, 180947, 167310, 158994, 69479, 69479, 1990230305
177, 819311, 178068, 172736, 159392, 163835, 72640, 72640, 1172034040
178, 817599, 172474, 177942, 164166, 158537, 72240, 72240, 2399238069
179, 820733, 180938, 174048, 160132, 167637, 68989, 68989, 2132775910
182, 817150, 173352, 178488, 164376, 159622, 70656, 70656, 1639043050
180, 822142, 161450, 190095, 176176, 148381, 73020, 73020, 2068559349
181, 817353, 171727, 177067, 163534, 158367, 73329, 73329, 1187098246
183, 818319, 176354, 171240, 158193, 162506, 75013, 75013, 1584763855
184, 821331, 183381, 169258, 156224, 169616, 71426, 71426, 1851201381
186, 820027, 165070, 182694, 169001, 152110, 75576, 75576, 713530844
185, 815758, 162237, 188417, 174342, 148974, 70894, 70894, 1527969168
189, 819489, 185960, 166250, 152940, 172243, 71048, 71048, 3716087150
187, 817041, 179812, 163331, 150329, 165787, 78891, 78891, 3865368440
188, 812294, 179864, 167940, 154061, 165403, 72513, 72513, 3436043530
191, 821001, 172582, 178536, 165271, 158650, 72981, 72981, 3958947865
190, 815515, 160722, 187744, 173731, 147258, 73030, 73030, 4266129889
192, 814394, 161254, 186799, 172362, 147973, 73003, 73003, 654820152
194, 817595, 190335, 159997, 146737, 176494, 72016, 72016, 671018070
193, 816499, 163017, 187301, 173179, 149670, 71666, 71666, 3901126604
195, 819199, 174575, 179198, 165880, 160662, 69442, 69442, 3398383748
197, 817179, 177104, 174427, 161008, 163522, 70559, 70559, 3525860252
196, 815480, 178198, 166209, 152567, 164328, 77089, 77089, 1456057420
198, 817543, 174568, 177524, 163628, 161005, 70409, 70409, 152271499
199, 818641, 185775, 159683, 146803, 172326, 77027, 77027, 4009535233
200, 821042, 174027, 181507, 167833, 161013, 68331, 68331, 979525286
201, 818245, 164707, 185376, 171749, 151667, 72373, 72373, 3718864821
202, 812939, 165254, 182570, 168318, 151719, 72539, 72539, 3022554515
203, 817054, 179511, 170553, 157156, 165702, 72066, 72066, 523216089
205, 815591, 172084, 176030, 162079, 158276, 73561, 73561, 126026589
204, 818473, 187522, 158732, 145469, 173718, 76516, 76516, 1172824572
207, 816129, 161172, 186343, 172217, 147591, 74403, 74403, 1682306785
206, 818794, 168180, 184348, 170979, 154701, 70293, 70293, 3641884704
208, 819890, 166937, 183199, 169670, 153378, 73353, 73353, 1078399666
209, 815869, 169067, 178036, 164396, 155274, 74548, 74548, 3596292204
210, 817419, 184851, 166520, 153261, 171135, 70826, 70826, 176783401
211, 818566, 182523, 167395, 154002, 168546, 73050, 73050, 4017760330
212, 818634, 178319, 172149, 159141, 164345, 72340, 72340, 986420859
213, 818127, 174851, 178557, 164254, 161313, 69576, 69576, 3022919837
215, 815297, 170284, 180764, 166794, 156265, 70595, 70595, 30401187
217, 821579, 157479, 193311, 179447, 144902, 73220, 73220, 3612714354
214, 814025, 167444, 181670, 167345, 153486, 72040, 72040, 1874034085
216, 815988, 176864, 174106, 160585, 163113, 70660, 70660, 2003913963
218, 821232, 179339, 169482, 156118, 165511, 75391, 75391, 2313706713
219, 821518, 185208, 169463, 156081, 171130, 69818, 69818, 2239257646
222, 814941, 165702, 181233, 167407, 152255, 74172, 74172, 1916737406
220, 817216, 171437, 178603, 164907, 157845, 72212, 72212, 365745572
221, 817397, 177370, 169752, 155815, 163422, 75519, 75519, 2473795292
224, 816097, 184544, 167069, 153502, 170252, 70365, 70365, 191854389
223, 821282, 154607, 196425, 182707, 141705, 72919, 72919, 3513430973
225, 817833, 187135, 163407, 150341, 172940, 72005, 72005, 307970571
226, 818655, 163634, 187763, 173644, 150202, 71706, 71706, 3993078841
228, 815575, 174972, 170907, 157267, 161539, 75445, 75445, 1246575228
227, 814863, 186085, 165799, 152238, 172105, 69318, 69318, 1395874710
230, 815794, 172344, 179572, 165105, 158397, 70188, 70188, 3243578957
229, 816550, 183952, 163076, 149484, 169912, 75063, 75063, 2002998624
232, 816001, 168819, 181788, 167715, 155221, 71229, 71229, 3765807778
231, 816666, 172295, 180175, 166204, 158634, 69679, 69679, 3143796048
234, 812761, 178015, 171692, 157774, 163834, 70723, 70723, 2045292125
235, 820132, 168159, 185357, 171541, 155115, 69980, 69980, 2212816156
233, 819392, 168365, 181873, 168103, 154835, 73108, 73108, 3200315489
236, 815275, 172968, 179823, 166166, 158950, 68684, 68684, 809861076
238, 817591, 167656, 183014, 169444, 154113, 71682, 71682, 651299432
239, 821259, 192646, 156829, 143895, 179087, 74401, 74401, 781092612
237, 817312, 162847, 184798, 170680, 149633, 74677, 74677, 4193411567
240, 820424, 183703, 169774, 156634, 169751, 70281, 70281, 2663556480
241, 817978, 181553, 172344, 158671, 168018, 68696, 68696, 2262641929
242, 818220, 167960, 179802, 166015, 154643, 74900, 74900, 4147922765
244, 818073, 177406, 173431, 159330, 163516, 72195, 72195, 2423850343
243, 820954, 179933, 170062, 156499, 166482, 73989, 73989, 1373952329
245, 816913, 173800, 172184, 158564, 159935, 76215, 76215, 4252818138
247, 814058, 179851, 168053, 154884, 165426, 72922, 72922, 2225352207
246, 819332, 164776, 185585, 171533, 151352, 73043, 73043, 2912187593
250, 820898, 179049, 169102, 155514, 165303, 75965, 75965, 3507509635
248, 817624, 194916, 158662, 145044, 180766, 69118, 69118, 3372516867
249, 819503, 172546, 175127, 161579, 159319, 75466, 75466, 3075811723
252, 817844, 177173, 173994, 160104, 163413, 71580, 71580, 2131640747
253, 820679, 174138, 175857, 162488, 160116, 74040, 74040, 48118339
251, 819955, 175384, 176074, 162957, 161890, 71825, 71825, 1923805049
254, 817978, 176956, 173889, 160196, 163379, 71779, 71779, 2428390421
255, 821475, 185812, 168174, 154960, 171859, 70335, 70335, 3281044320
256, 814190, 161386, 186655, 172071, 147698, 73190, 73190, 3281816342
257, 818603, 183079, 169774, 156579, 169401, 69885, 69885, 4147744401
258, 820836, 163470, 189528, 175709, 149887, 71121, 71121, 3125555309
259, 823817, 166176, 186231, 172811, 153101, 72749, 72749, 2336230692
260, 814372, 186822, 160535, 147303, 172824, 73444, 73444, 3759293755
261, 818393, 164348, 181271, 167829, 150897, 77024, 77024, 2428091849
266, 818540, 174977, 172315, 159038, 161214, 75498, 75498, 2980676737
262, 818309, 166984, 184625, 170821, 153463, 71208, 71208, 3596483111
263, 816835, 177899, 172794, 158673, 163903, 71783, 71783, 288680467
265, 819800, 168301, 182431, 168786, 154846, 72718, 72718, 574164385
269, 818873, 175412, 176057, 162516, 161596, 71646, 71646, 1881723876
264, 817433, 170052, 178443, 164674, 156894, 73685, 73685, 376409358
267, 818021, 179156, 168494, 154808, 165563, 75000, 75000, 1034848588
268, 814797, 179040, 169551, 155823, 165223, 72580, 72580, 3869019810
271, 819253, 191631, 158158, 144920, 177718, 73413, 73413, 3340448496
270, 818194, 181608, 169804, 156003, 167761, 71509, 71509, 2533332855
272, 818263, 158463, 186223, 172319, 145374, 77942, 77942, 2677179043
273, 816344, 171280, 178676, 165040, 157154, 72097, 72097, 1077398965
274, 818457, 171159, 182378, 168773, 157173, 69487, 69487, 4278214947
275, 819310, 167925, 182827, 169357, 154721, 72240, 72240, 909976067
276, 818276, 157991, 194175, 180202, 144638, 70635, 70635, 118802286
277, 817655, 184605, 162814, 149673, 170527, 75018, 75018, 721189349
279, 816330, 176133, 177583, 163783, 162285, 68273, 68273, 3578594599
280, 818636, 173857, 180376, 166647, 160602, 68577, 68577, 90380726
278, 819886, 170494, 177254, 163599, 157231, 75654, 75654, 603356839
282, 818665, 174691, 173814, 160683, 161253, 74112, 74112, 1054237855
283, 815755, 163867, 184476, 170665, 150029, 73359, 73359, 3192543859
285, 822639, 161727, 189655, 175460, 149099, 73349, 73349, 2997647083
284, 816456, 160101, 189370, 174746, 146621, 72809, 72809, 2544514951
281, 817318, 168242, 180187, 166163, 154370, 74178, 74178, 2654974827
288, 817391, 184354, 169027, 155651, 170795, 68782, 68782, 1710736804
286, 816277, 175866, 171239, 157717, 161721, 74867, 74867, 2899551028
289, 813728, 193384, 159341, 145869, 178810, 68162, 68162, 3008368334
287, 817592, 178995, 170694, 157423, 165248, 72616, 72616, 3168348388
290, 818516, 189132, 163284, 149933, 175277, 70445, 70445, 3715565816
291, 821035, 172917, 177252, 163670, 159602, 73797, 73797, 2947263711
292, 819740, 179622, 172088, 158559, 165877, 71797, 71797, 3435086879
293, 816991, 172889, 175231, 161743, 159168, 73980, 73980, 2879183415
294, 815921, 165127, 184735, 170389, 151666, 72002, 72002, 476721063
296, 819085, 175374, 178338, 164748, 161871, 69377, 69377, 874761309
295, 816247, 178585, 172189, 158136, 164699, 71319, 71319, 638195738
297, 815573, 181071, 168521, 154887, 166800, 72147, 72147, 3153209316
300, 814965, 170541, 175885, 162462, 156631, 74723, 74723, 2593354440
299, 814938, 161519, 188968, 174888, 148011, 70776, 70776, 996403532
301, 816939, 170565, 178770, 164853, 157221, 72765, 72765, 2367561190
298, 821554, 171747, 178234, 164686, 158777, 74055, 74055, 3632472593
302, 814695, 150784, 199483, 184870, 137384, 71087, 71087, 3292447444
305, 817893, 159375, 188893, 174811, 146216, 74299, 74299, 1107898173
304, 814600, 168964, 180627, 167508, 155027, 71237, 71237, 3533989271
306, 820393, 177539, 177501, 163865, 163646, 68921, 68921, 94747320
303, 815241, 168453, 180377, 166381, 154556, 72737, 72737, 1826017245
307, 816812, 158108, 187026, 173139, 144921, 76809, 76809, 168728440
308, 818607, 182470, 165509, 152284, 169004, 74670, 74670, 927739016
309, 819522, 165507, 181386, 168357, 151950, 76161, 76161, 321322699
312, 817513, 176571, 175905, 162230, 163269, 69769, 69769, 1340465939
310, 819346, 172507, 178745, 164954, 159026, 72057, 72057, 4287003812
313, 818288, 180270, 175531, 162157, 166372, 66979, 66979, 3630093877
314, 817137, 169817, 180185, 166497, 155588, 72525, 72525, 2026106902
315, 818618, 182350, 172240, 158878, 168870, 68140, 68140, 1194394991
311, 814550, 162421, 184191, 170040, 149114, 74392, 74392, 3077750115
316, 819184, 172257, 178642, 165431, 158138, 72358, 72358, 1377874373
318, 817904, 190468, 159888, 146919, 176523, 72053, 72053, 2920965880
317, 820481, 164885, 187026, 173276, 151532, 71881, 71881, 3102104952
320, 813905, 178761, 172113, 158283, 164548, 70100, 70100, 2481989494
322, 816190, 169534, 177569, 163138, 156009, 74970, 74970, 1999234132
319, 817913, 174829, 174884, 161069, 161095, 73018, 73018, 3416034163
321, 817622, 169117, 183000, 169014, 155549, 70471, 70471, 288601662
323, 817864, 183998, 167990, 154380, 170100, 70698, 70698, 2051390537
324, 817765, 152099, 200365, 186028, 138909, 70182, 70182, 2982926458
325, 817389, 183223, 166356, 152762, 169680, 72684, 72684, 58600631
327, 817138, 178006, 172344, 158919, 163727, 72071, 72071, 2309659614
326, 820169, 167118, 185623, 171795, 153663, 70985, 70985, 1214523232
329, 814603, 172421, 173733, 160604, 158497, 74674, 74674, 2783860063
331, 814232, 180439, 170370, 156587, 166136, 70350, 70350, 3099480778
328, 819917, 169285, 181869, 168198, 155875, 72345, 72345, 345633502
332, 816155, 167592, 174155, 160195, 154615, 79799, 79799, 1401502563
335, 818389, 173986, 176606, 162889, 160562, 72173, 72173, 1056427520
336, 817907, 182567, 166408, 152740, 168282, 73955, 73955, 1433672429
330, 819774, 178829, 171992, 158235, 165446, 72636, 72636, 2129399447
334, 816999, 176913, 171975, 158534, 162877, 73350, 73350, 2199664426
333, 818809, 165277, 185831, 171720, 151965, 72008, 72008, 3458744703
338, 816775, 176690, 166212, 152754, 162807, 79156, 79156, 1186604626
337, 819334, 183362, 168195, 154925, 169672, 71590, 71590, 3170258462
339, 815290, 169731, 179954, 166073, 156034, 71749, 71749, 3477925751
340, 819082, 157516, 192160, 178249, 143999, 73579, 73579, 2320641707
341, 820584, 168030, 186357, 172779, 154754, 69332, 69332, 2585951852
343, 819127, 177726, 173254, 159708, 164129, 72155, 72155, 415683436
342, 811390, 176803, 171510, 157755, 162496, 71413, 71413, 11133386
346, 815709, 172749, 176100, 162753, 159101, 72503, 72503, 98289072
345, 818053, 170735, 179340, 165512, 157532, 72467, 72467, 1845686063
344, 816934, 174416, 172333, 158886, 160957, 75171, 75171, 2410253687
347, 816614, 173254, 179271, 165729, 159550, 69405, 69405, 302833817
348, 819925, 178502, 174678, 160917, 165120, 70354, 70354, 1835372687
349, 814707, 180862, 168657, 154846, 166798, 71772, 71772, 3604510761
351, 815403, 173571, 176074, 161849, 159783, 72063, 72063, 3232511506
352, 818959, 162750, 184064, 170005, 149008, 76566, 76566, 659550739
357, 817039, 167949, 187191, 172589, 154948, 67181, 67181, 1090438436
350, 818424, 166013, 181250, 167461, 152488, 75606, 75606, 3221182857
354, 820892, 189869, 160522, 147443, 176070, 73494, 73494, 160734226
353, 820950, 192675, 161427, 148402, 178596, 69925, 69925, 813617175
355, 811892, 177339, 166228, 152406, 163171, 76374, 76374, 1375529177
356, 817622, 178527, 172448, 159009, 165396, 71121, 71121, 154649614
358, 815618, 170113, 176036, 161926, 156323, 75610, 75610, 3702824781
359, 815438, 169670, 181065, 167001, 156176, 70763, 70763, 2179864936
360, 818772, 172870, 172998, 159085, 159461, 77179, 77179, 4030895857
362, 814219, 171587, 181162, 167393, 157903, 68087, 68087, 3859594409
361, 817932, 174585, 177253, 163621, 161191, 70641, 70641, 901090076
364, 818704, 191225, 161802, 148410, 177349, 69959, 69959, 254447148
363, 814977, 193353, 159166, 145238, 179100, 69060, 69060, 3436332234
365, 821796, 192271, 159625, 146976, 178256, 72334, 72334, 2996767021
366, 819913, 170635, 184603, 170996, 157251, 68214, 68214, 1119071971
367, 817602, 167083, 180882, 166945, 153554, 74569, 74569, 4283935881
369, 818178, 180543, 165582, 151873, 166588, 76796, 76796, 642992800
368, 815545, 175392, 173865, 159905, 161803, 72290, 72290, 1812975327
370, 819717, 183392, 168735, 155119, 169439, 71516, 71516, 3623595682
371, 814188, 173605, 173695, 159439, 160175, 73637, 73637, 816958919
372, 817032, 169028, 184157, 170091, 155306, 69225, 69225, 1047471294
373, 817435, 177196, 170145, 156558, 163806, 74865, 74865, 2719815835
375, 818370, 174865, 179115, 165793, 161369, 68614, 68614, 4226611305
374, 817453, 175444, 174881, 161266, 161698, 72082, 72082, 1230759852
376, 815266, 174103, 177448, 163149, 160018, 70274, 70274, 834186911
377, 816510, 168264, 178742, 165362, 154958, 74592, 74592, 1290271192
378, 818123, 170768, 179100, 165642, 157003, 72805, 72805, 2364146675
381, 818714, 169489, 185026, 171216, 155935, 68524, 68524, 256498210
379, 818753, 185633, 166464, 153066, 172442, 70574, 70574, 1642740663
380, 816179, 178380, 173360, 160076, 164173, 70095, 70095, 3147727445
382, 820074, 171640, 173369, 159799, 158414, 78426, 78426, 1256057949
383, 819914, 183515, 170317, 157217, 169663, 69601, 69601, 2890252000
386, 817639, 172764, 180887, 166843, 159609, 68768, 68768, 449464232
385, 819626, 171547, 181204, 167604, 158351, 70460, 70460, 523141595
384, 817826, 176833, 176338, 162571, 162622, 69731, 69731, 1692725731
389, 816402, 172589, 177044, 162838, 158777, 72577, 72577, 1463996500
391, 818183, 180456, 167136, 153790, 166731, 75035, 75035, 1470934723
388, 816644, 174185, 176929, 163275, 160457, 70899, 70899, 3608611706
387, 815348, 166669, 180073, 166103, 153157, 74673, 74673, 2212711445
390, 817757, 198505, 152985, 139919, 184038, 71155, 71155, 2785955501
392, 818027, 171301, 181312, 167311, 157839, 70132, 70132, 32155151
393, 816796, 200719, 148617, 135469, 186035, 72978, 72978, 1509992945
394, 818441, 184788, 162156, 148668, 170845, 75992, 75992, 3735562898
395, 816804, 183210, 167453, 153922, 169761, 71229, 71229, 200283175
396, 814749, 177896, 168463, 154815, 163891, 74842, 74842, 3350256954
397, 817243, 181934, 170170, 156673, 168234, 70116, 70116, 3651043002
398, 815227, 170033, 178290, 164365, 156417, 73061, 73061, 2162034284
399, 821808, 191507, 163300, 149922, 177749, 69665, 69665, 1526358508
400, 817153, 161175, 188419, 173880, 147869, 72905, 72905, 212407862
401, 816498, 160814, 187891, 173874, 147619, 73150, 73150, 542549885
402, 817279, 191789, 158830, 145715, 177843, 71551, 71551, 2131592819
406, 818473, 178499, 174132, 160314, 164724, 70402, 70402, 268304776
403, 820849, 173449, 177278, 164029, 160045, 73024, 73024, 2949284412
405, 820325, 193110, 161175, 148290, 178826, 69462, 69462, 1296687650
408, 815984, 161161, 186981, 173233, 147677, 73466, 73466, 1649447022
407, 819465, 166661, 182102, 167984, 153688, 74515, 74515, 3195594520
404, 817201, 174978, 170517, 157077, 161591, 76519, 76519, 3754897859
409, 818835, 175587, 176390, 162917, 161931, 71005, 71005, 3390344587
410, 822497, 173213, 183509, 169768, 159681, 68163, 68163, 1399654371
413, 818634, 161963, 190306, 176471, 148774, 70560, 70560, 3319245526
412, 817380, 183855, 168947, 155159, 170265, 69577, 69577, 1384017933
411, 820297, 166403, 182126, 167985, 153463, 75160, 75160, 1300255294
414, 814607, 161021, 188218, 174020, 147660, 71844, 71844, 3496052438
415, 818913, 164561, 185765, 171959, 151118, 72755, 72755, 2338984079
417, 816382, 190235, 157879, 144307, 176283, 73839, 73839, 2267378094
416, 820448, 182204, 171283, 157555, 168572, 70417, 70417, 1268654040
420, 815015, 183422, 164415, 150550, 169030, 73799, 73799, 888779897
419, 817021, 168050, 183119, 169481, 154445, 70963, 70963, 3830762148
418, 819125, 165281, 182756, 168626, 152272, 75095, 75095, 186307351
421, 820717, 179768, 174571, 160670, 165994, 69857, 69857, 4077174970
422, 816994, 169329, 182520, 168848, 155609, 70344, 70344, 3850374056
424, 820805, 172363, 180080, 166420, 158962, 71490, 71490, 2561790196
425, 818642, 180046, 170967, 157167, 166632, 71915, 71915, 1221289265
423, 814846, 164695, 181453, 167363, 151095, 75120, 75120, 3055723472
426, 819276, 183481, 169345, 155849, 169767, 70417, 70417, 2921924388
427, 818788, 149530, 202806, 188044, 136538, 70935, 70935, 606373793
429, 816806, 184297, 160909, 147505, 169651, 77222, 77222, 1769643286
431, 816550, 169793, 183444, 168839, 156096, 69189, 69189, 3474975441
428, 817321, 173301, 173076, 159656, 159642, 75823, 75823, 1453962106
430, 818584, 177455, 169168, 155877, 164022, 76031, 76031, 312741495
432, 812889, 176907, 169176, 155570, 163152, 74042, 74042, 1325289155
433, 821936, 180741, 171748, 158566, 166945, 71968, 71968, 2788555373
435, 816690, 168656, 177328, 163448, 155294, 75982, 75982, 787897170
434, 817066, 174670, 172806, 159106, 161302, 74591, 74591, 2930581507
436, 812958, 185480, 161889, 147959, 171388, 73121, 73121, 3418084376
439, 820138, 161183, 187215, 173213, 147865, 75331, 75331, 440615503
437, 818207, 187671, 162378, 148979, 173309, 72935, 72935, 921490048
441, 820104, 185787, 163952, 150905, 171920, 73770, 73770, 1834991715
438, 814650, 156981, 189276, 175306, 143793, 74647, 74647, 3973462763
440, 813603, 194012, 152955, 139309, 179753, 73787, 73787, 1407638795
443, 817958, 160143, 187074, 172638, 146975, 75564, 75564, 295342549
442, 816930, 183695, 165488, 151988, 169871, 72944, 72944, 556403414
444, 817839, 176832, 172746, 159316, 163095, 72925, 72925, 3773592740
445, 814799, 173505, 171850, 157892, 159822, 75865, 75865, 2297940529
446, 818632, 174018, 178252, 164969, 160605, 70394, 70394, 1740944876
447, 820804, 185611, 164634, 151744, 171531, 73642, 73642, 1008861819
449, 818512, 177138, 174709, 161331, 163314, 71010, 71010, 4078470815
450, 815923, 168296, 181286, 167215, 154824, 72151, 72151, 33701082
448, 818185, 184791, 164923, 151298, 171105, 73034, 73034, 1241706431
451, 817105, 165773, 186163, 172282, 152369, 70259, 70259, 2409396835
454, 815797, 187681, 165057, 151725, 173272, 69031, 69031, 555646917
452, 814860, 153538, 193141, 178772, 140069, 74670, 74670, 1850603799
453, 818958, 189887, 155649, 142538, 175900, 77492, 77492, 3090106566
456, 815731, 161713, 186113, 172094, 148041, 73885, 73885, 1091193062
455, 819877, 179151, 176793, 163212, 165465, 67628, 67628, 629237395
457, 822525, 165972, 184358, 171007, 152582, 74303, 74303, 403852294
459, 817738, 183578, 164289, 151446, 169309, 74558, 74558, 3990053229
461, 815410, 177898, 171571, 157920, 163915, 72053, 72053, 2529155474
458, 819775, 191619, 162811, 149753, 177706, 68943, 68943, 1711031460
460, 816139, 173672, 176184, 162011, 159728, 72272, 72272, 1907851859
462, 819399, 176577, 174510, 160871, 163169, 72136, 72136, 3279914532
463, 816115, 173626, 174239, 160961, 159955, 73667, 73667, 590062436
465, 814929, 170280, 180934, 166588, 156509, 70309, 70309, 3228377756
464, 817273, 166901, 180452, 166495, 153371, 75027, 75027, 585735265
467, 818456, 174054, 178982, 165124, 160606, 69845, 69845, 3567524484
466, 818388, 171109, 179330, 165582, 157717, 72325, 72325, 4088885242
468, 816021, 172277, 179164, 165434, 158742, 70202, 70202, 3680488883
469, 819304, 163547, 183196, 169893, 150390, 76139, 76139, 3892549206
472, 816535, 181382, 165547, 151726, 167806, 75037, 75037, 1792280745
470, 817363, 182970, 168623, 154868, 169016, 70943, 70943, 771747341
471, 823638, 163907, 188422, 174640, 151075, 72797, 72797, 1222804165
473, 816956, 172725, 176110, 162396, 158963, 73381, 73381, 431228547
475, 819222, 171807, 177790, 164330, 158369, 73463, 73463, 8897737
474, 815489, 176294, 173314, 159565, 162014, 72151, 72151, 4249643001
476, 817738, 174273, 172881, 159423, 160533, 75314, 75314, 1528166614
477, 817491, 197167, 156043, 142909, 182990, 69191, 69191, 1468847798
478, 816832, 160992, 188979, 175159, 147346, 72178, 72178, 987873183
479, 815496, 164723, 184431, 170050, 151038, 72627, 72627, 4028674958
481, 815021, 167523, 182635, 168572, 153921, 71185, 71185, 682352354
480, 818744, 170291, 183673, 169831, 156565, 69192, 69192, 1164866403
483, 817324, 160344, 191944, 177991, 146999, 70023, 70023, 4278448498
484, 814330, 164235, 184880, 170627, 150910, 71839, 71839, 1122990901
482, 818791, 168009, 182514, 168691, 154715, 72431, 72431, 3311407008
485, 816612, 167049, 180807, 167140, 153192, 74212, 74212, 2095393073
486, 818819, 171811, 180220, 166796, 158160, 70916, 70916, 81216482
487, 817466, 172287, 177467, 163852, 158780, 72540, 72540, 3239308478
489, 814126, 173139, 173459, 159741, 159617, 74085, 74085, 868644873
488, 817107, 177069, 170863, 157404, 162885, 74443, 74443, 1739967451
490, 813111, 170911, 172990, 159042, 157242, 76463, 76463, 2238854936
491, 820382, 186654, 168116, 154898, 173580, 68567, 68567, 4023729673
492, 818240, 180326, 170829, 157086, 166875, 71562, 71562, 4186976489
494, 817897, 163564, 186086, 172405, 150078, 72882, 72882, 2584179223
495, 822109, 169409, 181674, 168477, 156153, 73198, 73198, 1920774612
493, 816314, 182724, 167523, 154041, 168616, 71705, 71705, 131283784
496, 815105, 173671, 178246, 164150, 159874, 69582, 69582, 1556639738
497, 817344, 184445, 163637, 150617, 170381, 74132, 74132, 862818951
499, 820144, 174609, 170906, 157875, 161036, 77859, 77859, 3291844792
498, 817423, 171915, 177027, 162825, 158370, 73643, 73643, 2990365833
502, 816904, 162261, 186633, 172709, 148547, 73377, 73377, 35264607
501, 818406, 175815, 173631, 159898, 162212, 73425, 73425, 2507671690
500, 815155, 170637, 180842, 166910, 156754, 70006, 70006, 2951104557
503, 819068, 177680, 167837, 154533, 164034, 77492, 77492, 341819757
505, 818677, 193687, 154556, 141764, 179334, 74668, 74668, 1093422929
506, 818231, 186662, 165628, 152048, 172791, 70551, 70551, 1225028884
504, 818384, 186820, 162704, 149650, 172626, 73292, 73292, 4024773282
507, 815160, 175437, 173715, 159755, 161327, 72463, 72463, 1964199111
509, 816562, 170835, 178314, 164325, 157358, 72865, 72865, 1468608169
508, 818235, 175380, 173894, 160749, 161656, 73278, 73278, 1396153654
510, 819905, 165986, 181171, 167673, 152657, 76209, 76209, 1349726863
511, 820253, 173794, 177012, 163973, 160230, 72622, 72622, 189826352
512, 817099, 185698, 162953, 149579, 171755, 73557, 73557, 3201823606
513, 816948, 181586, 164714, 151440, 167664, 75772, 75772, 2031934890
514, 816449, 174181, 172809, 158997, 160290, 75086, 75086, 1656391495
518, 818129, 180663, 169485, 155983, 166952, 72523, 72523, 1941366273
516, 821302, 164221, 188986, 175067, 151172, 70928, 70928, 4078317359
517, 817301, 170525, 174460, 160482, 157260, 77287, 77287, 2401064579
515, 817918, 175243, 174883, 161135, 161859, 72399, 72399, 1687389899
522, 815569, 175134, 173390, 159457, 161820, 72884, 72884, 1301392954
521, 817326, 181268, 167437, 153944, 167569, 73554, 73554, 2569504136
520, 815987, 171440, 173691, 159928, 157898, 76515, 76515, 1569093288
519, 816316, 175744, 175761, 161689, 162154, 70484, 70484, 4045071546
523, 814848, 175725, 170569, 156941, 161869, 74872, 74872, 2650761138
524, 814538, 173857, 176266, 162605, 160096, 70857, 70857, 2875593940
526, 818367, 174446, 178579, 165075, 161023, 69622, 69622, 1815463442
527, 818474, 175607, 176133, 162348, 162082, 71152, 71152, 434780743
525, 819152, 187434, 160655, 147226, 174039, 74899, 74899, 3175541773
529, 815909, 180535, 173266, 159599, 166631, 67939, 67939, 1626572162
528, 821417, 170891, 181320, 167853, 157517, 71918, 71918, 690287770
530, 817740, 202971, 149229, 136288, 188726, 70263, 70263, 3071154233
531, 815918, 174758, 174710, 160773, 160819, 72429, 72429, 3953048042
532, 817759, 161246, 188720, 174566, 147707, 72760, 72760, 1095325484
534, 819220, 161709, 190134, 176191, 148708, 71239, 71239, 961968069
533, 816762, 175953, 175395, 161688, 162030, 70848, 70848, 813985981
535, 817630, 201143, 149093, 135933, 187155, 72153, 72153, 794359170
536, 816397, 173836, 173806, 160432, 160187, 74068, 74068, 20068807
538, 814573, 158658, 189525, 175165, 145193, 73016, 73016, 2126061303
537, 814823, 168966, 182571, 168643, 155429, 69607, 69607, 1929379640
539, 816477, 167328, 177730, 163838, 153531, 77025, 77025, 941518367
542, 816411, 181254, 170479, 156598, 167388, 70346, 70346, 1033127178
540, 816840, 179737, 166932, 153552, 165871, 75374, 75374, 426414098
544, 819694, 184972, 166855, 153497, 171146, 71612, 71612, 1023336284
541, 821490, 181718, 172714, 159556, 168240, 69631, 69631, 926918709
543, 817073, 171232, 179196, 165051, 157678, 71958, 71958, 3110641689
545, 819732, 184958, 168458, 154936, 171342, 70019, 70019, 2364892980
546, 815013, 153459, 191427, 177028, 140415, 76342, 76342, 152077649
547, 818758, 169111, 178351, 164465, 155699, 75566, 75566, 2868021179
548, 816278, 187176, 163668, 150395, 173005, 71017, 71017, 4160471045
550, 817268, 170487, 184071, 169917, 157107, 67843, 67843, 4291327620
549, 815879, 190478, 155361, 141881, 176421, 75869, 75869, 2734601509
551, 820042, 168115, 182953, 169073, 154937, 72482, 72482, 3426733784
553, 816314, 172376, 177476, 163831, 158343, 72144, 72144, 264349783
554, 815774, 176942, 165775, 152574, 162989, 78747, 78747, 1583224380
552, 817822, 169462, 180656, 166702, 155694, 72654, 72654, 1206200818
555, 820420, 171505, 179402, 166345, 158036, 72566, 72566, 324480786
558, 819543, 172030, 179030, 165141, 158610, 72366, 72366, 3066970677
560, 817630, 179004, 173972, 160367, 165253, 69517, 69517, 3493136446
561, 818312, 165651, 180393, 166467, 152235, 76783, 76783, 3380551360
559, 817354, 165202, 184664, 170813, 151563, 72556, 72556, 3881869564
556, 822410, 179525, 174396, 161048, 166301, 70570, 70570, 838134012
557, 817680, 180340, 170283, 156694, 166237, 72063, 72063, 2764022333
562, 817378, 171845, 173618, 160117, 158276, 76761, 76761, 2330902088
563, 815371, 182402, 166192, 152642, 168559, 72788, 72788, 3979689470
564, 816523, 183924, 167134, 153933, 169860, 70836, 70836, 2682291899
565, 818220, 160415, 190752, 176735, 147016, 71651, 71651, 626956378
566, 817929, 171100, 180697, 167100, 157584, 70724, 70724, 3835183001
569, 819177, 176257, 176784, 163178, 162900, 70029, 70029, 1571334375
568, 818136, 162590, 187678, 173647, 149497, 72362, 72362, 4158838821
567, 819020, 181814, 170624, 157482, 167848, 70626, 70626, 2747780708
570, 818414, 183254, 168197, 154920, 169029, 71507, 71507, 280892866
573, 816290, 185109, 162514, 148765, 171414, 74244, 74244, 1788978176
574, 817095, 172135, 174550, 160958, 158824, 75314, 75314, 1307521416
572, 813771, 182157, 166083, 152941, 168236, 72177, 72177, 3954766267
571, 821249, 170713, 177259, 163805, 157242, 76115, 76115, 1356914955
576, 815197, 171934, 174359, 160540, 157926, 75219, 75219, 1241346229
578, 818422, 186681, 165466, 152230, 173069, 70488, 70488, 2534113667
575, 819700, 179026, 172956, 159394, 165624, 71350, 71350, 140844367
577, 815123, 165450, 181858, 167986, 151961, 73934, 73934, 1741751819
579, 817130, 179568, 167930, 154830, 165376, 74713, 74713, 4058672624
581, 814872, 173292, 180232, 166575, 158981, 67896, 67896, 1720971884
580, 820057, 171096, 180756, 167404, 157101, 71850, 71850, 3502841017
582, 816179, 176735, 172531, 158745, 162802, 72683, 72683, 2604434177
584, 816242, 155288, 192287, 178273, 142118, 74138, 74138, 3969868759
586, 818349, 173132, 179705, 166004, 159130, 70189, 70189, 2578803915
585, 816472, 165480, 182809, 169234, 152003, 73473, 73473, 2939588436
583, 819403, 180213, 167810, 154297, 166621, 75231, 75231, 1974474523
587, 819621, 190289, 157994, 144716, 176702, 74960, 74960, 4081314083
589, 815755, 174383, 171370, 157678, 160494, 75915, 75915, 2398724139
590, 817524, 179974, 163642, 149853, 165791, 79132, 79132, 470751096
591, 816757, 173956, 174859, 160974, 160566, 73201, 73201, 1511292383
594, 816575, 169480, 179367, 165283, 156113, 73166, 73166, 2633536034
588, 817098, 185662, 167117, 154024, 171655, 69320, 69320, 58398293
593, 817519, 166412, 186453, 172594, 152774, 69643, 69643, 388979182
595, 819414, 179748, 171097, 157309, 166066, 72597, 72597, 375259996
592, 819200, 175028, 178271, 164680, 161551, 69835, 69835, 2031714347
598, 817634, 175444, 175776, 161975, 161849, 71295, 71295, 307629073
597, 813672, 165998, 182931, 169101, 151950, 71846, 71846, 399877977
596, 817096, 183065, 167195, 153931, 168991, 71957, 71957, 2224776568
599, 816843, 178247, 171004, 156822, 165020, 72875, 72875, 448283813
600, 816339, 170651, 181001, 167347, 156584, 70378, 70378, 4054995267
601, 817235, 181666, 166884, 153528, 167859, 73649, 73649, 3608411655
602, 816963, 185400, 165600, 151880, 171255, 71414, 71414, 1435147824
604, 815257, 175488, 174000, 160586, 161385, 71899, 71899, 3073730945
603, 818926, 173842, 176357, 162597, 160324, 72903, 72903, 4104002515
606, 814384, 162743, 186235, 172094, 149682, 71815, 71815, 499787203
605, 816707, 173120, 173483, 159755, 159629, 75360, 75360, 1798186110
610, 817715, 192930, 158519, 145017, 178747, 71251, 71251, 3621096705
611, 817559, 179930, 167135, 153485, 166377, 75316, 75316, 1473657847
609, 814549, 168264, 177370, 163623, 154644, 75324, 75324, 2690627466
607, 817816, 185835, 164196, 150939, 172170, 72338, 72338, 2692327981
608, 815091, 180221, 169928, 156035, 166245, 71331, 71331, 3154122187
612, 814527, 171041, 176324, 162532, 157034, 73798, 73798, 2492803169
614, 817110, 167986, 182594, 168637, 154301, 71796, 71796, 1649547255
613, 818522, 177592, 173270, 160073, 164123, 71732, 71732, 3002762899
615, 819927, 191271, 156576, 143593, 177661, 75413, 75413, 3109702135
616, 815090, 180424, 166124, 152521, 166659, 74681, 74681, 3427576504
617, 820139, 173140, 174193, 160336, 159458, 76506, 76506, 2424784101
618, 819851, 163713, 185550, 171678, 150782, 74064, 74064, 4255707705
621, 817579, 173456, 175433, 161843, 159867, 73490, 73490, 383061908
619, 820613, 185547, 163961, 150229, 171946, 74465, 74465, 4288171087
620, 819650, 176199, 174771, 160702, 162644, 72667, 72667, 2591504530
623, 817225, 192208, 155106, 141929, 178122, 74930, 74930, 3340460409
622, 814859, 189343, 159454, 145665, 174885, 72756, 72756, 3900440426
624, 816705, 180194, 172796, 158616, 166563, 69268, 69268, 1100243222
627, 816422, 185729, 163458, 150138, 171801, 72648, 72648, 909567486
628, 815542, 170389, 176796, 162907, 156796, 74327, 74327, 1228500451
629, 817015, 175484, 175008, 161693, 161248, 71791, 71791, 1624193739
626, 817438, 181727, 167903, 154326, 168066, 72708, 72708, 2112105324
630, 818039, 180644, 169613, 156083, 166289, 72705, 72705, 3154525973
625, 815399, 183444, 159747, 146383, 169611, 78107, 78107, 917774079
631, 821752, 186429, 165857, 152629, 172815, 72011, 72011, 2022912113
632, 820711, 181578, 170084, 156787, 168230, 72016, 72016, 3374536972
633, 820290, 172071, 180607, 166814, 158496, 71151, 71151, 918882527
634, 817577, 164132, 180755, 166779, 150601, 77655, 77655, 293269852
636, 818161, 173436, 175909, 161973, 159489, 73677, 73677, 1299014538
635, 817406, 193383, 155599, 142598, 178872, 73477, 73477, 379508458
639, 816457, 176520, 175633, 161677, 162885, 69871, 69871, 3602649009
637, 818564, 185692, 161204, 148083, 171735, 75925, 75925, 479322311
640, 820768, 151445, 201907, 187753, 138167, 70748, 70748, 1371765455
641, 815884, 163174, 184292, 170300, 149862, 74128, 74128, 96191407
638, 813973, 187045, 157563, 143746, 172597, 76511, 76511, 2431419421
644, 822093, 183142, 167575, 154470, 169624, 73641, 73641, 3257986617
642, 814842, 172047, 177974, 163936, 158333, 71276, 71276, 1080851105
645, 819438, 161297, 192186, 177837, 148242, 69938, 69938, 1988515351
646, 818986, 176751, 174418, 160820, 163325, 71836, 71836, 1669754792
643, 821466, 182288, 169965, 156522, 168393, 72149, 72149, 2824307927
647, 814885, 186422, 162268, 149049, 172218, 72464, 72464, 2230328421
649, 819127, 162986, 192368, 178803, 149874, 67548, 67548, 3994237994
648, 816458, 170095, 180037, 166501, 156371, 71727, 71727, 507031555
651, 812799, 170350, 179487, 165002, 156372, 70794, 70794, 2413057548
650, 814668, 165045, 180612, 166670, 151431, 75455, 75455, 2889979663
652, 819067, 178460, 168657, 155592, 164372, 75993, 75993, 3317821785
655, 820168, 174608, 173500, 160221, 161369, 75235, 75235, 1496799074
656, 814262, 164998, 182497, 168373, 151420, 73487, 73487, 3842385744
654, 820536, 180987, 171336, 157988, 167343, 71441, 71441, 362984068
653, 817956, 161531, 190000, 175936, 148069, 71210, 71210, 3891287931
659, 815127, 183558, 169293, 155551, 169755, 68485, 68485, 578154501
657, 814337, 166204, 184720, 171082, 152161, 70085, 70085, 3484237462
658, 816462, 165313, 179732, 165568, 151913, 76968, 76968, 1086020219
660, 815677, 179576, 175512, 161268, 165753, 66784, 66784, 3236501895
662, 819414, 178906, 171337, 157930, 165125, 73058, 73058, 3827477122
661, 815654, 176381, 171157, 157618, 162336, 74081, 74081, 2272831421
663, 817084, 171555, 178894, 165244, 157287, 72052, 72052, 2018262585
665, 817675, 191946, 158006, 144371, 177694, 72829, 72829, 1866868601
664, 814870, 155892, 188753, 174501, 142160, 76782, 76782, 1778042078
666, 817226, 173286, 169776, 156211, 160213, 78870, 78870, 1109460244
667, 816176, 161815, 186206, 172408, 148591, 73578, 73578, 773457509
668, 818944, 180222, 171121, 157854, 166695, 71526, 71526, 4117474183
670, 815792, 160682, 189083, 174653, 146966, 72204, 72204, 683313385
671, 819942, 158684, 191183, 177318, 145697, 73530, 73530, 1852970980
672, 818697, 170911, 181587, 167667, 157254, 70639, 70639, 2312428970
669, 815348, 192459, 155847, 142463, 178553, 73013, 73013, 2568203789
673, 818668, 168187, 179787, 165906, 154552, 75118, 75118, 752122830
674, 815219, 156631, 190781, 176486, 143165, 74078, 74078, 3152654270
675, 818872, 165059, 187455, 173336, 151938, 70542, 70542, 1934017760
677, 814466, 161667, 184451, 170135, 148407, 74903, 74903, 4212287019
676, 817252, 175807, 172824, 159557, 162146, 73459, 73459, 1426108318
678, 817276, 173612, 174573, 161134, 159769, 74094, 74094, 690698429
680, 818880, 171424, 176332, 162461, 157941, 75361, 75361, 14054033
679, 813536, 159105, 187695, 173425, 145347, 73982, 73982, 1956684885
681, 819754, 183709, 166182, 152967, 169986, 73455, 73455, 4208779239
682, 816847, 181740, 166197, 152742, 167924, 74122, 74122, 2848760718
683, 817583, 182780, 165377, 151911, 168167, 74674, 74674, 1638825950
684, 817671, 166835, 182002, 168368, 153194, 73636, 73636, 2100071440
687, 817173, 154392, 197104, 182958, 140803, 70958, 70958, 2073131294
685, 815353, 172098, 178574, 164643, 158348, 70845, 70845, 1122103085
688, 822572, 186558, 169895, 156731, 172948, 68220, 68220, 2554137297
686, 816744, 179008, 171060, 157356, 165288, 72016, 72016, 1530198377
690, 820252, 169034, 183712, 169580, 155774, 71076, 71076, 710451873
689, 816445, 167645, 181789, 167667, 154128, 72608, 72608, 1739986473
691, 817260, 177647, 174310, 160773, 163880, 70325, 70325, 2152822116
695, 818042, 179277, 173640, 159863, 165186, 70038, 70038, 90129407
693, 820590, 168679, 181518, 167739, 155398, 73628, 73628, 3996960966
694, 819686, 179432, 173662, 160127, 165659, 70403, 70403, 1166035184
692, 815643, 171807, 177846, 163815, 158219, 71978, 71978, 920455756
696, 816485, 181535, 165545, 152105, 167840, 74730, 74730, 1153536384
697, 819624, 179938, 170808, 157504, 166180, 72597, 72597, 1438907017
698, 818198, 159617, 190610, 176744, 146211, 72508, 72508, 733817629
699, 816665, 180285, 166434, 152753, 166945, 75124, 75124, 1403550209
700, 817906, 168552, 184100, 170376, 154882, 69998, 69998, 4047573012
701, 818217, 170792, 177310, 163687, 156946, 74741, 74741, 2177670060
702, 814623, 175366, 173919, 160138, 161296, 71952, 71952, 3012816700
703, 821131, 188362, 164226, 150910, 174827, 71403, 71403, 2976959908
706, 815837, 181535, 168894, 154895, 167845, 71334, 71334, 1257962917
704, 817909, 171485, 176393, 162787, 157340, 74952, 74952, 1292969916
705, 818591, 181988, 170750, 157343, 168112, 70199, 70199, 2911390525
709, 817943, 154827, 196393, 182437, 141866, 71210, 71210, 1921897226
710, 817428, 166394, 186252, 172069, 152933, 69890, 69890, 1250198705
708, 814431, 165685, 179539, 165537, 152134, 75768, 75768, 1374050488
707, 822607, 184210, 171308, 158238, 170377, 69237, 69237, 1030748342
712, 817820, 187915, 166859, 153498, 174228, 67660, 67660, 875553115
711, 816124, 161780, 191038, 177193, 148315, 68899, 68899, 3351075637
714, 821166, 172128, 181147, 167441, 158976, 70737, 70737, 2002461188
713, 820970, 184706, 168747, 155656, 170777, 70542, 70542, 896078495
715, 817318, 169954, 182215, 168760, 156117, 70136, 70136, 2144781479
716, 817394, 175054, 176235, 162981, 161476, 70824, 70824, 1977800112
717, 816765, 170199, 178930, 164832, 156696, 73054, 73054, 520873538
718, 821193, 168135, 184803, 170995, 155236, 71012, 71012, 2827287498
721, 815110, 169108, 177830, 163789, 155437, 74473, 74473, 1028428496
719, 814995, 191246, 160060, 146479, 176534, 70338, 70338, 4153941924
720, 820072, 189545, 164743, 151396, 176134, 69127, 69127, 773995111
722, 817765, 184803, 168940, 155164, 170714, 69072, 69072, 858389726
725, 817187, 173851, 176791, 162677, 160152, 71858, 71858, 611367953
726, 813536, 177031, 170746, 156792, 162809, 73079, 73079, 689286357
723, 815789, 187902, 157810, 143939, 173974, 76082, 76082, 3763995034
724, 818558, 187364, 163365, 150252, 173341, 72118, 72118, 581880161
730, 816041, 173321, 177511, 163427, 159982, 70900, 70900, 550352392
728, 819312, 168237, 177563, 164177, 154985, 77175, 77175, 229004245
727, 817809, 166971, 185396, 171574, 153452, 70208, 70208, 3229932112
731, 816113, 169175, 180634, 166498, 155814, 71996, 71996, 1880833187
729, 818976, 186948, 164942, 151033, 173121, 71466, 71466, 715617326
732, 818605, 169207, 180715, 167406, 155809, 72734, 72734, 2698224132
733, 817591, 180366, 169834, 156052, 166803, 72268, 72268, 748341558
734, 821673, 180150, 173213, 159846, 166602, 70931, 70931, 557123257
735, 815747, 171712, 173609, 160323, 157797, 76153, 76153, 403724207
736, 820318, 169781, 179724, 166160, 156105, 74274, 74274, 1420417955
737, 818437, 180292, 169576, 155842, 166961, 72883, 72883, 284470271
738, 817058, 175149, 170366, 156858, 161453, 76616, 76616, 1790299006
740, 818365, 156686, 196076, 182153, 143278, 70086, 70086, 3185214932
739, 816886, 173645, 173817, 159925, 160047, 74726, 74726, 2911568390
744, 815854, 176665, 177450, 163584, 162715, 67720, 67720, 3809368736
746, 818974, 173699, 181800, 168133, 160202, 67570, 67570, 3250534486
741, 818184, 167942, 181104, 167202, 154638, 73649, 73649, 344859503
743, 816755, 177090, 169071, 155154, 163432, 76004, 76004, 3862874024
742, 814149, 175613, 172152, 158702, 161936, 72873, 72873, 3954684624
747, 815170, 181219, 169645, 155925, 167221, 70580, 70580, 2101875878
748, 819114, 185539, 167222, 153630, 171945, 70389, 70389, 2817034232
745, 816869, 186514, 165304, 151693, 172340, 70509, 70509, 440268552
749, 817442, 165733, 183542, 169845, 152556, 72883, 72883, 2058598603
750, 817362, 174725, 178823, 165092, 160792, 68965, 68965, 1582286497
751, 813529, 161967, 189804, 175352, 148346, 69030, 69030, 1632558815
752, 816804, 176771, 172212, 158559, 162932, 73165, 73165, 1664228747
753, 817030, 168749, 177606, 163469, 155016, 76095, 76095, 2251779859
754, 816860, 158161, 190337, 176512, 144326, 73762, 73762, 54066035
755, 819067, 185000, 167005, 153881, 170915, 71133, 71133, 604914332
756, 819425, 181435, 171583, 158025, 167400, 70491, 70491, 48327300
757, 821546, 175481, 178027, 164827, 162147, 70532, 70532, 2548342584
759, 816077, 160374, 188370, 174286, 146265, 73391, 73391, 3045304959
761, 814902, 174269, 174593, 160548, 160334, 72579, 72579, 1799966328
764, 816864, 176788, 176021, 162736, 162689, 69315, 69315, 1402932607
762, 817667, 188878, 154659, 141574, 174970, 78793, 78793, 1505306082
760, 816639, 178298, 171766, 158349, 164810, 71708, 71708, 477345571
758, 817013, 178958, 170900, 157120, 165385, 72325, 72325, 2813066036
763, 818988, 171480, 177130, 163332, 158024, 74511, 74511, 2204996935
765, 818889, 179690, 173684, 159796, 166109, 69805, 69805, 3102744224
766, 816002, 177566, 171219, 157499, 164110, 72804, 72804, 2591644196
767, 813990, 191425, 155553, 142138, 177562, 73656, 73656, 2999721578
769, 819062, 187702, 161872, 148544, 173914, 73515, 73515, 1287576199
768, 818108, 176771, 173894, 160232, 163247, 71982, 71982, 829416304
770, 816415, 181440, 170129, 156536, 167448, 70431, 70431, 3469348613
772, 816177, 167662, 179632, 165876, 154337, 74335, 74335, 2550720777
771, 820200, 171559, 178949, 165290, 157956, 73223, 73223, 2253663656
773, 818597, 175110, 172036, 158962, 160823, 75833, 75833, 1522803055
775, 818730, 170613, 182373, 168504, 157294, 69973, 69973, 835208460
774, 819175, 170980, 175451, 161425, 157563, 76878, 76878, 882211741
778, 819749, 162677, 186511, 173102, 149417, 74021, 74021, 1306254859
776, 813883, 172228, 177563, 163622, 158228, 71121, 71121, 1631106071
777, 818812, 166936, 175870, 162253, 153201, 80276, 80276, 697741436
779, 818080, 175028, 176823, 163012, 161635, 70791, 70791, 1516934589
781, 815579, 161030, 187695, 173646, 147642, 72783, 72783, 908231073
780, 817408, 176591, 176804, 162742, 162945, 69163, 69163, 2511325052
782, 816467, 178152, 171682, 157892, 163903, 72419, 72419, 3400867644
784, 818097, 157194, 187742, 173774, 143791, 77798, 77798, 4113581031
783, 817040, 180649, 166813, 152984, 166712, 74941, 74941, 4152561019
785, 816130, 180170, 167504, 154306, 165808, 74171, 74171, 1567379582
786, 812888, 164517, 184131, 170261, 151081, 71449, 71449, 2395354773
787, 820021, 170376, 178644, 165136, 156967, 74449, 74449, 3687916405
788, 819136, 188711, 159231, 145829, 174677, 75344, 75344, 3659267344
789, 819295, 171609, 177326, 163523, 157849, 74494, 74494, 891087683
790, 816175, 149892, 197690, 182863, 136958, 74386, 74386, 1320754101
791, 818803, 177402, 175130, 161903, 163406, 70481, 70481, 3104744339
792, 816034, 179937, 169836, 155800, 165933, 72264, 72264, 244078655
793, 819108, 176288, 175163, 161233, 162386, 72019, 72019, 3274245118
795, 818042, 164005, 187483, 173258, 150932, 71182, 71182, 3751949259
796, 818424, 160181, 183511, 169326, 146992, 79207, 79207, 2048741477
794, 819446, 172140, 174249, 160762, 158749, 76773, 76773, 607832359
798, 816202, 181581, 167143, 153681, 168183, 72807, 72807, 1332650458
797, 820439, 172499, 177437, 163778, 159077, 73824, 73824, 3582702083
799, 817046, 163846, 186066, 171582, 150454, 72549, 72549, 2408725483
800, 816275, 171202, 180541, 166668, 157650, 70107, 70107, 4244505724
801, 817080, 181212, 168200, 154386, 167472, 72905, 72905, 1852031982
802, 820238, 166750, 181507, 167556, 153473, 75476, 75476, 3999558943
803, 820646, 172210, 183247, 169703, 158898, 68294, 68294, 4121602921
804, 818884, 177255, 174554, 161133, 163260, 71341, 71341, 785389423
806, 819855, 177846, 178152, 164728, 163903, 67613, 67613, 807126262
807, 819322, 163082, 188085, 173502, 149589, 72532, 72532, 3924390291
808, 818859, 158345, 193313, 179050, 145049, 71551, 71551, 1322654821
805, 820891, 173911, 172953, 159216, 160437, 77187, 77187, 1114184739
809, 819569, 175878, 175732, 162087, 162040, 71916, 71916, 3285228760
810, 819296, 178490, 175929, 162011, 165036, 68915, 68915, 2770517338
812, 813887, 171437, 177930, 164250, 157718, 71276, 71276, 3494800301
811, 816277, 188296, 160396, 146644, 174373, 73284, 73284, 152130758
815, 816378, 164856, 183579, 169695, 151320, 73464, 73464, 1926807461
813, 820472, 182287, 165968, 152663, 168728, 75413, 75413, 4062460617
817, 817800, 180950, 169235, 155715, 167034, 72433, 72433, 2674285034
816, 819277, 184504, 164231, 150767, 171131, 74322, 74322, 4289866955
814, 819757, 183841, 166240, 152503, 170127, 73523, 73523, 1873672714
818, 818480, 160690, 190461, 176631, 147482, 71608, 71608, 2065790418
819, 815603, 184197, 168083, 154532, 169973, 69409, 69409, 3299279678
820, 816351, 178311, 170840, 157407, 163991, 72901, 72901, 2263137104
823, 819031, 181732, 169125, 155333, 168009, 72416, 72416, 3971685470
821, 819160, 177497, 169713, 155946, 163926, 76039, 76039, 4193353689
822, 818910, 192853, 158800, 146065, 178828, 71182, 71182, 4257312332
824, 816195, 181804, 170449, 157134, 167654, 69577, 69577, 3156027902
825, 814902, 161041, 185648, 171479, 147634, 74550, 74550, 4130836325
826, 818222, 162408, 188747, 175029, 149320, 71359, 71359, 3923912183
828, 818316, 185031, 165669, 152328, 170916, 72186, 72186, 2702752394
827, 814377, 173680, 174755, 160879, 159579, 72742, 72742, 383696900
829, 815916, 170127, 182711, 168594, 156048, 69218, 69218, 1040199092
832, 816246, 176784, 172878, 158909, 162855, 72410, 72410, 2629037819
831, 819501, 179680, 169814, 156491, 166192, 73662, 73662, 4166862588
830, 819719, 187582, 165812, 152657, 173566, 70051, 70051, 1343775938
833, 814856, 174636, 175333, 161369, 161044, 71237, 71237, 4172188654
834, 816365, 175462, 174805, 160913, 161615, 71785, 71785, 2016246200
836, 817152, 184006, 165933, 152179, 170168, 72433, 72433, 605896836
835, 817956, 169566, 176564, 162777, 155757, 76646, 76646, 258185606
837, 818177, 162881, 188179, 174565, 149148, 71702, 71702, 3680005504
838, 818867, 172827, 179136, 165230, 158988, 71343, 71343, 1212019252
839, 818568, 184185, 163693, 150755, 170075, 74930, 74930, 4137353195
841, 813475, 164778, 183877, 169802, 151382, 71818, 71818, 3797644797
840, 817108, 175347, 175060, 161747, 161440, 71757, 71757, 906850486
844, 815735, 172603, 176838, 162644, 158802, 72424, 72424, 1400545572
845, 815217, 156242, 191231, 177300, 142762, 73841, 73841, 2245879999
842, 817537, 167794, 184261, 170177, 154595, 70355, 70355, 3330858127
846, 820223, 166383, 187711, 173805, 153140, 69592, 69592, 16442876
843, 817843, 180219, 168316, 154650, 166486, 74086, 74086, 1244561233
848, 815857, 174744, 175432, 161564, 160685, 71716, 71716, 1161088597
849, 817595, 184530, 166526, 152696, 170683, 71580, 71580, 3776652310
850, 819292, 188548, 161858, 148874, 174576, 72718, 72718, 344726547
847, 819586, 165675, 184421, 170543, 152285, 73331, 73331, 4107492050
852, 817424, 179039, 169599, 156240, 165186, 73680, 73680, 1756224601
851, 818643, 172197, 180388, 166611, 158857, 70295, 70295, 2478447669
853, 816606, 188798, 161173, 147930, 174847, 71929, 71929, 1619027180
854, 818953, 173293, 178701, 164840, 159781, 71169, 71169, 2331611385
855, 817865, 175034, 173000, 159769, 161402, 74330, 74330, 583988345
856, 821545, 163975, 187876, 174131, 150633, 72465, 72465, 567352388
858, 815875, 158860, 189856, 175427, 145626, 73053, 73053, 3158834796
860, 817703, 174177, 178082, 164080, 160556, 70404, 70404, 1528969671
857, 815197, 178125, 165067, 151371, 164332, 78151, 78151, 1086061202
861, 814284, 168874, 180842, 166915, 154799, 71427, 71427, 1283389306
862, 818524, 198458, 154890, 141290, 184224, 69831, 69831, 3935759412
859, 817646, 172203, 176625, 162505, 158765, 73774, 73774, 502049883
865, 820711, 166695, 187113, 173069, 153490, 70172, 70172, 1987834488
864, 819179, 182052, 163956, 150601, 168314, 77128, 77128, 1939201235
863, 816299, 174178, 173900, 160298, 160411, 73756, 73756, 1644816559
866, 816587, 160299, 187327, 173693, 147108, 74080, 74080, 2170791640
867, 817677, 164256, 184404, 170791, 150538, 73844, 73844, 3701344959
868, 819153, 177076, 172461, 159436, 163496, 73342, 73342, 373304151
869, 819427, 173266, 177508, 163701, 159426, 72763, 72763, 1604462690
870, 817300, 178609, 172026, 158524, 164837, 71652, 71652, 4186301140
871, 819039, 178398, 166426, 153100, 164759, 78178, 78178, 1356100360
872, 817822, 158803, 191398, 177032, 145257, 72666, 72666, 2860420326
873, 817502, 168731, 178407, 165028, 155298, 75019, 75019, 2287640374
876, 819812, 175458, 177195, 163890, 162025, 70622, 70622, 3676689059
874, 819775, 167531, 182983, 169218, 154271, 72886, 72886, 1503168503
875, 818240, 170918, 174677, 161453, 157494, 76849, 76849, 1420251324
878, 819577, 173563, 177724, 163981, 160247, 72031, 72031, 86514977
877, 820136, 181988, 170950, 157210, 167900, 71044, 71044, 483949514
880, 815923, 175590, 176557, 162932, 161756, 69544, 69544, 103253955
882, 817823, 168414, 179530, 166059, 154536, 74642, 74642, 263981948
883, 817570, 182387, 168812, 155260, 168719, 71196, 71196, 2516437234
881, 819789, 183760, 166981, 153903, 170057, 72544, 72544, 3131483066
879, 816226, 170053, 174935, 160881, 156467, 76945, 76945, 2547422256
884, 818350, 171981, 181897, 167530, 158498, 69222, 69222, 865835471
885, 819446, 182037, 167435, 153762, 168090, 74061, 74061, 1195639278
886, 819014, 163871, 189548, 175663, 150776, 69578, 69578, 3046466405
887, 821225, 173886, 178634, 165668, 160343, 71347, 71347, 73226413
888, 820492, 169498, 183892, 169878, 156004, 70610, 70610, 3494264231
892, 818014, 172234, 181364, 167315, 159141, 68980, 68980, 743470575
889, 819539, 165591, 184985, 171510, 152077, 72688, 72688, 1595271175
891, 818932, 188023, 164342, 151309, 173972, 70643, 70643, 3373754742
890, 821734, 185777, 167334, 154238, 171855, 71265, 71265, 4084079088
896, 816998, 179961, 165091, 151753, 166161, 77016, 77016, 2086241550
893, 819396, 171431, 173340, 159895, 157816, 78457, 78457, 2772891206
895, 818145, 171035, 182063, 168319, 157134, 69797, 69797, 2056941782
894, 814921, 194719, 152614, 139555, 180289, 73872, 73872, 1483889105
898, 814723, 174149, 176806, 162740, 160288, 70370, 70370, 2468985508
897, 816830, 195819, 149407, 136514, 181328, 76881, 76881, 1505837563
899, 817354, 165437, 185046, 171347, 151600, 71962, 71962, 833629885
901, 820508, 169518, 182248, 168507, 156483, 71876, 71876, 1836660439
902, 816151, 182794, 168569, 155036, 168878, 70437, 70437, 2969327824
900, 820158, 195468, 154655, 141577, 181832, 73313, 73313, 2955495871
903, 816669, 191678, 156944, 143903, 177268, 73438, 73438, 1780585743
904, 821378, 167085, 188635, 174688, 153554, 68708, 68708, 48690730
906, 813327, 180280, 163169, 149630, 166408, 76920, 76920, 3100300121
905, 816403, 163259, 183124, 169454, 149976, 75295, 75295, 754181318
907, 815319, 171045, 176664, 162601, 157241, 73884, 73884, 2348873479
911, 815269, 169254, 181271, 167101, 155725, 70959, 70959, 2223616394
910, 815890, 149599, 199973, 185387, 136425, 72253, 72253, 1969594570
912, 819041, 164326, 187169, 173192, 151088, 71633, 71633, 3625937945
908, 815856, 156449, 192914, 179213, 143078, 72101, 72101, 2738636745
913, 816680, 176849, 171106, 157375, 162964, 74193, 74193, 1047967803
916, 820329, 179713, 168413, 155022, 166019, 75581, 75581, 1117281288
915, 817373, 172428, 174150, 160005, 159060, 75865, 75865, 2608705334
914, 817770, 170353, 178491, 164862, 157342, 73361, 73361, 3094999762
909, 821063, 171140, 179968, 166222, 156975, 73379, 73379, 3158544526
918, 816929, 163869, 184820, 170846, 150468, 73463, 73463, 3820473682
917, 816407, 171716, 172931, 159529, 158235, 76998, 76998, 2917304875
919, 816396, 178757, 167591, 153938, 164840, 75635, 75635, 402561669
920, 816250, 146133, 197893, 183645, 133213, 77683, 77683, 132715248
921, 817073, 162704, 184828, 170919, 149012, 74805, 74805, 3598415914
922, 816190, 172578, 180414, 166645, 159133, 68710, 68710, 222499611
923, 814617, 191687, 157558, 144033, 177555, 71892, 71892, 1920266450
924, 818385, 176116, 175413, 161629, 162399, 71414, 71414, 4069764338
926, 815463, 160442, 187860, 174047, 147000, 73057, 73057, 750489899
928, 818176, 164122, 187016, 173218, 150836, 71492, 71492, 4275128707
925, 815393, 169006, 178913, 165411, 155217, 73423, 73423, 510113385
927, 813267, 169584, 180042, 165986, 155699, 70978, 70978, 2498214762
929, 815605, 153340, 197304, 183216, 140439, 70653, 70653, 3839922777
931, 817784, 179483, 166496, 152835, 165606, 76682, 76682, 273710683
933, 819882, 174528, 178459, 165073, 161072, 70375, 70375, 1395183430
932, 814667, 172043, 173564, 159598, 158194, 75634, 75634, 3165245068
930, 816724, 167349, 178698, 164693, 153728, 76128, 76128, 2721646333
935, 816534, 173538, 177402, 163787, 159715, 71046, 71046, 435309112
934, 816193, 183202, 169302, 155991, 169034, 69332, 69332, 3770595496
937, 820164, 185327, 170339, 156899, 171493, 68053, 68053, 3311652548
936, 822479, 167333, 186617, 172987, 154204, 70669, 70669, 3868897222
938, 816119, 167216, 183429, 169005, 153893, 71288, 71288, 613582570
939, 816403, 158751, 185624, 171617, 145343, 77534, 77534, 1453412912
940, 819642, 171484, 180101, 166484, 158227, 71673, 71673, 2315770572
941, 816389, 170502, 174919, 160979, 157167, 76411, 76411, 3922821231
944, 816108, 176837, 172595, 158751, 163303, 72311, 72311, 4070105514
942, 820618, 180626, 172537, 159124, 166585, 70873, 70873, 1771128834
943, 817537, 178653, 172113, 158551, 164538, 71841, 71841, 3102682479
945, 822268, 167587, 183649, 170296, 154916, 72910, 72910, 3062187878
947, 819663, 173039, 177555, 163836, 159785, 72724, 72724, 141973973
946, 815527, 177293, 174748, 160905, 163259, 69661, 69661, 3979648730
949, 814343, 145305, 201195, 186697, 131380, 74883, 74883, 2582405413
951, 816529, 178706, 172130, 158207, 164592, 71447, 71447, 1188430697
948, 817366, 171113, 178440, 165225, 157712, 72438, 72438, 1878683178
950, 817853, 153994, 197939, 183275, 140677, 70984, 70984, 3924535330
952, 819851, 187098, 165827, 152528, 173360, 70519, 70519, 1444933937
953, 818390, 168042, 177889, 164154, 154615, 76845, 76845, 2991104402
954, 824230, 166763, 182172, 169125, 153778, 76196, 76196, 2916032506
956, 815855, 169694, 180813, 166922, 155950, 71238, 71238, 1625517857
955, 818551, 172917, 180503, 166875, 159028, 69614, 69614, 698833495
959, 817833, 167141, 186676, 172453, 153617, 68973, 68973, 3226823128
958, 817334, 180108, 168269, 154495, 166282, 74090, 74090, 1703953783
957, 818163, 183400, 165793, 152301, 169751, 73459, 73459, 430587986
964, 818944, 168303, 180287, 166634, 154598, 74561, 74561, 491168877
961, 813805, 178308, 168507, 154640, 164166, 74092, 74092, 1238931154
962, 816681, 153864, 195253, 180826, 140580, 73079, 73079, 1191087572
960, 817824, 158660, 186831, 173178, 144813, 77171, 77171, 510476157
963, 817397, 172455, 176750, 163014, 159204, 72987, 72987, 1847098222
966, 815385, 186484, 165819, 152246, 172220, 69308, 69308, 1883937390
967, 816626, 160299, 187029, 172845, 146689, 74882, 74882, 3068318997
968, 815558, 178468, 173460, 159619, 164297, 69857, 69857, 594806983
965, 816454, 175160, 169604, 155406, 161940, 77172, 77172, 2709424978
969, 818687, 201218, 148671, 136021, 187201, 72788, 72788, 2248600407
970, 817273, 174041, 173666, 160004, 160284, 74639, 74639, 2279306624
971, 815702, 174613, 174664, 160926, 160949, 72275, 72275, 1840849027
972, 818835, 173443, 173086, 159992, 160122, 76096, 76096, 2989072729
974, 818599, 170840, 178402, 164669, 157544, 73572, 73572, 3660427226
975, 818543, 184732, 166077, 152761, 170821, 72076, 72076, 3403586973
973, 819981, 189031, 161822, 148482, 175374, 72636, 72636, 3621401697
976, 814020, 153191, 189772, 175023, 140044, 77995, 77995, 2089390112
977, 818520, 166162, 187837, 173742, 152813, 68983, 68983, 271766378
978, 818352, 169499, 182806, 169059, 156650, 70169, 70169, 3402130136
984, 814004, 171695, 176669, 162490, 157966, 72592, 72592, 2437091277
983, 817456, 167318, 179397, 165497, 154182, 75531, 75531, 2149423988
979, 818798, 174347, 168410, 155246, 160753, 80021, 80021, 2938323528
980, 817180, 172542, 174729, 160799, 159094, 75008, 75008, 2585520189
982, 819015, 182169, 167879, 154309, 168570, 73044, 73044, 1642885875
981, 819600, 182495, 167800, 154694, 168885, 72863, 72863, 1840765966
985, 818440, 177292, 170615, 157035, 163664, 74917, 74917, 1192778873
986, 815800, 172320, 178321, 164601, 158224, 71167, 71167, 2869616157
987, 819475, 175648, 169443, 155619, 162601, 78082, 78082, 2836251566
988, 818185, 171815, 177677, 163560, 158763, 73185, 73185, 409425615
989, 815388, 167435, 183997, 170212, 154046, 69849, 69849, 1946154653
992, 816480, 163278, 183768, 169759, 150245, 74715, 74715, 1733005379
991, 819503, 184032, 166297, 153468, 169802, 72952, 72952, 3067946902
990, 817665, 184747, 165931, 152696, 170857, 71717, 71717, 454357439
993, 817803, 175782, 173683, 160082, 162002, 73127, 73127, 3660937666
994, 817634, 186440, 165341, 151703, 172640, 70755, 70755, 3690107415
997, 819120, 177078, 169346, 155887, 163139, 76835, 76835, 3358495500
999, 819909, 161220, 188284, 174665, 148088, 73826, 73826, 1893865747
996, 815790, 155199, 194015, 179820, 141854, 72451, 72451, 3933826769
998, 817338, 176551, 170737, 157042, 163178, 74915, 74915, 2129169590
995, 815063, 184772, 164542, 151006, 170451, 72146, 72146, 2434615786
