sample_id, N_LCC, N_A_1_LCC, N_B_1_LCC, N_A_0_LCC, N_B_0_LCC, N_A_*_LCC, N_B_*_LCC, seed
13, 2014652, 435151, 422580, 405052, 418033, 166918, 166918, 1807494716
5, 2015740, 420619, 432469, 415646, 403570, 171718, 171718, 3717942730
6, 2016073, 423775, 437595, 420459, 407320, 163462, 163462, 3731082759
14, 2016669, 417973, 447456, 430154, 401380, 159853, 159853, 3045298183
15, 2018803, 462371, 403490, 387017, 444919, 160503, 160503, 3682828642
8, 2012467, 409956, 455074, 438279, 393358, 157900, 157900, 274347560
0, 2014667, 468156, 392689, 377005, 450491, 163163, 163163, 819043856
2, 2014991, 418406, 443257, 426798, 401400, 162565, 162565, 3745695111
4, 2022859, 423205, 447038, 430502, 406530, 157792, 157792, 540382673
9, 2014984, 391239, 473682, 456586, 374951, 159263, 159263, 778305576
10, 2013072, 384134, 471899, 454037, 368016, 167493, 167493, 2246783127
12, 2017609, 431989, 431296, 414272, 415834, 162109, 162109, 46982886
7, 2016901, 483375, 382360, 366626, 465212, 159664, 159664, 112841064
11, 2015361, 484855, 375930, 359868, 468418, 163145, 163145, 796163783
1, 2014476, 468247, 388928, 371771, 451148, 167191, 167191, 2576463084
3, 2016950, 429440, 430405, 413341, 413066, 165349, 165349, 3488114597
16, 2018177, 455449, 406435, 390458, 438353, 163741, 163741, 2357422724
19, 2014946, 382433, 480121, 462379, 366043, 161985, 161985, 4152125568
18, 2018611, 421528, 445569, 428423, 405179, 158956, 158956, 894951837
17, 2017004, 445166, 418865, 402445, 428392, 161068, 161068, 229543373
22, 2018591, 454837, 406814, 390513, 438593, 163917, 163917, 3551777035
24, 2018782, 450217, 413427, 397185, 433661, 162146, 162146, 3578022026
21, 2017268, 435554, 425744, 409047, 419427, 163748, 163748, 1631261439
25, 2011072, 413222, 446774, 429330, 396148, 162799, 162799, 4156929049
26, 2019155, 439880, 423407, 406417, 423133, 163159, 163159, 1762541968
27, 2020246, 393614, 469947, 452366, 377895, 163212, 163212, 148598137
28, 2014487, 420383, 430861, 413988, 403767, 172744, 172744, 3757633733
20, 2017220, 445494, 410956, 394430, 428830, 168755, 168755, 2460213549
23, 2023405, 421033, 449373, 432289, 404712, 157999, 157999, 2168189380
29, 2015946, 429570, 430669, 413213, 413176, 164659, 164659, 3794637249
31, 2020237, 442773, 428455, 411919, 425712, 155689, 155689, 3383307345
30, 2020502, 436077, 424124, 407987, 419328, 166493, 166493, 2142833045
32, 2019240, 388327, 474530, 457889, 372592, 162951, 162951, 3972194569
33, 2017520, 408998, 448754, 431220, 392432, 168058, 168058, 2129022057
34, 2016512, 475236, 376216, 360339, 458519, 173101, 173101, 895854656
35, 2015637, 446409, 421651, 404602, 429595, 156690, 156690, 2288161314
37, 2015717, 430859, 435300, 418431, 413829, 158649, 158649, 979625727
39, 2008123, 419799, 440675, 423574, 402699, 160688, 160688, 1261211774
36, 2012912, 422239, 434430, 416845, 405524, 166937, 166937, 2503042887
38, 2017674, 419645, 435005, 417854, 403732, 170719, 170719, 321604618
41, 2012541, 432120, 431744, 414707, 415158, 159406, 159406, 1189835966
40, 2013093, 448258, 420010, 403085, 431204, 155268, 155268, 2451323367
42, 2010828, 448468, 416451, 399830, 431413, 157333, 157333, 1636353390
43, 2016115, 431739, 438707, 421596, 415559, 154257, 154257, 508889506
47, 2017819, 438572, 418829, 402269, 422107, 168021, 168021, 2434293176
45, 2009339, 445896, 408761, 391714, 428058, 167455, 167455, 848613022
44, 2018072, 417589, 445195, 428521, 401271, 162748, 162748, 488426670
46, 2009610, 386889, 457961, 440441, 370195, 177062, 177062, 1998207729
48, 2013612, 410861, 446311, 429621, 394909, 165955, 165955, 2669867546
49, 2010864, 409136, 443790, 426221, 392545, 169586, 169586, 2519446686
50, 2017665, 416739, 449553, 432687, 400578, 159054, 159054, 3445404022
52, 2015628, 447528, 415642, 399111, 429891, 161728, 161728, 1765105236
51, 2018924, 471524, 398413, 382443, 454382, 156081, 156081, 2179591520
57, 2013342, 414253, 446555, 429281, 397927, 162663, 162663, 386814723
56, 2018880, 424877, 436552, 419817, 408306, 164664, 164664, 3409514689
53, 2014471, 441673, 414374, 397780, 424322, 168161, 168161, 1032459843
59, 2009893, 403743, 455647, 438427, 386974, 162551, 162551, 3578732201
55, 2013471, 428957, 430175, 413427, 412536, 164188, 164188, 2357914981
54, 2015518, 429933, 420354, 403719, 413116, 174198, 174198, 317288203
58, 2016440, 424185, 434680, 417502, 407269, 166402, 166402, 2454481807
61, 2015374, 407038, 450058, 432360, 390088, 167915, 167915, 3022655064
60, 2016711, 429168, 432340, 416113, 412196, 163447, 163447, 951286692
62, 2012799, 456643, 400349, 383734, 439377, 166348, 166348, 470250607
63, 2017814, 423385, 433962, 417108, 407309, 168025, 168025, 239273785
64, 2017755, 408939, 460648, 443348, 392110, 156355, 156355, 1629385497
65, 2011882, 430636, 423981, 407534, 413145, 168293, 168293, 579005679
66, 2018069, 393264, 476159, 458944, 376942, 156380, 156380, 1191443353
67, 2011109, 448749, 417875, 401413, 430794, 156139, 156139, 4292818156
68, 2019597, 472242, 390009, 374210, 455254, 163941, 163941, 4293499048
70, 2008325, 424641, 426710, 409357, 407663, 169977, 169977, 1728166311
69, 2014495, 427078, 438063, 420952, 409828, 159287, 159287, 757274750
74, 2009914, 403677, 452309, 434798, 386618, 166256, 166256, 2098572291
71, 2019678, 475461, 391046, 374859, 458524, 159894, 159894, 2545015668
73, 2016748, 416286, 452230, 435760, 398800, 156836, 156836, 541745262
75, 2018347, 403662, 459841, 442876, 387134, 162417, 162417, 620767830
77, 2016405, 427895, 436173, 419198, 411023, 161058, 161058, 2846957506
76, 2022780, 405715, 458792, 442141, 390100, 163016, 163016, 2555108419
72, 2017102, 425723, 437303, 420031, 409607, 162219, 162219, 1058850314
78, 2015695, 416641, 450371, 433369, 399730, 157792, 157792, 3375257463
79, 2016034, 411190, 447905, 431362, 394955, 165311, 165311, 2076099744
80, 2014360, 430959, 432929, 416112, 414442, 159959, 159959, 872230898
81, 2014684, 467335, 394534, 378300, 450395, 162060, 162060, 171748835
82, 2022927, 446852, 428274, 412041, 429392, 153184, 153184, 141829264
83, 2016898, 424211, 440150, 423616, 407207, 160857, 160857, 1132186736
84, 2016535, 406806, 457767, 440638, 390474, 160425, 160425, 2746943618
85, 2015073, 395460, 463086, 445985, 379178, 165682, 165682, 1481238637
89, 2021134, 414443, 445463, 428511, 397645, 167536, 167536, 2561802910
86, 2008374, 492035, 363410, 347846, 474277, 165403, 165403, 762188287
88, 2007450, 429683, 426444, 409118, 412917, 164644, 164644, 1688569693
87, 2014157, 438685, 423458, 407284, 421332, 161699, 161699, 2030337156
91, 2014781, 382711, 479050, 461260, 366638, 162561, 162561, 3398359916
92, 2014629, 416067, 441487, 424383, 399322, 166685, 166685, 704911361
90, 2019555, 443621, 418299, 401941, 427294, 164200, 164200, 2809760185
93, 2011938, 435165, 430634, 412858, 418605, 157338, 157338, 191311398
96, 2016302, 421579, 422586, 405631, 405164, 180671, 180671, 2830295112
94, 2016616, 467372, 388872, 372923, 450283, 168583, 168583, 1287263401
95, 2011070, 414761, 443516, 426266, 398069, 164229, 164229, 441893307
97, 2013763, 426335, 427746, 410603, 409555, 169762, 169762, 3093091042
98, 2018024, 431748, 427803, 411059, 415368, 166023, 166023, 432423774
99, 2013509, 451118, 411135, 394234, 434118, 161452, 161452, 363740454
101, 2009934, 392215, 455940, 438423, 375490, 173933, 173933, 3439749901
100, 2017196, 424099, 436867, 420339, 407591, 164150, 164150, 464206165
102, 2011399, 450430, 402281, 385872, 433432, 169692, 169692, 232597576
103, 2012349, 432441, 435012, 417411, 415461, 156012, 156012, 1906051584
104, 2016837, 433674, 425887, 409246, 416858, 165586, 165586, 1891237653
107, 2012651, 435073, 430583, 413558, 418071, 157683, 157683, 2302498705
105, 2010773, 426065, 431993, 415384, 409479, 163926, 163926, 2668813486
106, 2011930, 400336, 452711, 435050, 383727, 170053, 170053, 3133714320
108, 2020352, 426185, 435118, 418384, 409893, 165386, 165386, 1602952634
109, 2014216, 413048, 439850, 422754, 396482, 171041, 171041, 2759381363
112, 2017216, 452493, 395307, 379058, 435896, 177231, 177231, 3046821266
111, 2017591, 469140, 404776, 388052, 451619, 152002, 152002, 707370076
113, 2014583, 402331, 458820, 442304, 385748, 162690, 162690, 2466321864
110, 2015537, 415350, 441701, 424581, 398913, 167496, 167496, 108512733
114, 2014576, 416573, 438181, 420735, 400091, 169498, 169498, 1181330743
115, 2015560, 426034, 432920, 415846, 409172, 165794, 165794, 3423495880
116, 2010919, 418959, 438392, 421569, 402359, 164820, 164820, 3658201962
117, 2017770, 419453, 443614, 426403, 402800, 162750, 162750, 220964569
119, 2015434, 395445, 464566, 447346, 379355, 164361, 164361, 2696891592
118, 2015662, 428456, 422354, 405753, 411337, 173881, 173881, 303595952
121, 2018947, 431281, 427759, 411035, 414542, 167165, 167165, 2729557977
124, 2010659, 408918, 441894, 424552, 392023, 171636, 171636, 822920462
120, 2023788, 460612, 405088, 389366, 443738, 162492, 162492, 1148163143
122, 2021972, 428609, 428922, 412710, 411997, 169867, 169867, 1474816880
123, 2013594, 419031, 447356, 430757, 402326, 157062, 157062, 3037322520
125, 2018186, 439451, 422341, 405564, 422924, 163953, 163953, 3224532163
128, 2019595, 421611, 439325, 422688, 405089, 165441, 165441, 2277664321
127, 2014710, 428256, 438330, 421473, 411255, 157698, 157698, 1800780553
129, 2019403, 427959, 437902, 421068, 411486, 160494, 160494, 3380689122
126, 2018306, 471411, 383955, 368169, 454745, 170013, 170013, 4082075837
130, 2013871, 451492, 413689, 396835, 434755, 158550, 158550, 1272014448
131, 2013750, 406866, 440773, 424342, 390305, 175732, 175732, 2578121396
132, 2014773, 437107, 425986, 409425, 419959, 161148, 161148, 1512458597
134, 2018215, 437763, 431500, 414509, 421707, 156368, 156368, 1341551115
133, 2014388, 473165, 388214, 371491, 456046, 162736, 162736, 2197496622
135, 2014641, 412038, 458305, 441576, 395250, 153736, 153736, 671479321
138, 2018629, 414897, 453215, 436510, 398295, 157856, 157856, 926198398
136, 2016170, 448628, 417527, 401008, 431279, 158864, 158864, 4208697487
137, 2013178, 427251, 433614, 416338, 410357, 162809, 162809, 481012298
141, 2008610, 430771, 429920, 412853, 412994, 161036, 161036, 507802165
144, 2014028, 421837, 446293, 429230, 405192, 155738, 155738, 3359718052
142, 2017156, 414433, 444031, 427248, 397462, 166991, 166991, 4130263872
139, 2019575, 409866, 458777, 441967, 393221, 157872, 157872, 1015585649
143, 2016223, 430233, 434822, 418453, 412821, 159947, 159947, 1215028073
145, 2014094, 421387, 437870, 420836, 404399, 164801, 164801, 3136964213
146, 2015350, 414150, 442114, 425651, 397867, 167784, 167784, 879474782
140, 2009963, 408180, 451876, 434365, 391222, 162160, 162160, 1394937622
147, 2018287, 435158, 419048, 403208, 418073, 171400, 171400, 1094765371
148, 2009992, 437116, 426462, 409580, 419912, 158461, 158461, 960929516
149, 2016156, 457183, 411103, 395350, 439780, 156370, 156370, 2879194467
150, 2018057, 383757, 479689, 463007, 367966, 161819, 161819, 661967229
151, 2018916, 479965, 392612, 376951, 462118, 153635, 153635, 558417723
152, 2018946, 420950, 451097, 434131, 404158, 154305, 154305, 1665276011
153, 2012598, 437741, 419301, 402621, 421503, 165716, 165716, 4091122198
154, 2017301, 427023, 437420, 421288, 409514, 161028, 161028, 3803452392
158, 2019727, 418764, 445926, 428871, 401970, 162098, 162098, 4123971999
156, 2015237, 430928, 429050, 411876, 414029, 164677, 164677, 1686297902
155, 2014965, 394688, 461526, 444764, 378107, 167940, 167940, 2966796346
159, 2008854, 445421, 415695, 399525, 428181, 160016, 160016, 350446708
161, 2011178, 432172, 426184, 409198, 415380, 164122, 164122, 182018078
157, 2013338, 436632, 426328, 409541, 419893, 160472, 160472, 2852183095
160, 2018736, 465337, 399578, 383345, 447592, 161442, 161442, 1372004392
162, 2012020, 429040, 428755, 412359, 412246, 164810, 164810, 3573668197
163, 2021412, 432284, 438769, 422316, 415773, 156135, 156135, 507541622
165, 2015389, 434960, 422468, 405692, 418411, 166929, 166929, 1531308526
164, 2018861, 429690, 440715, 423838, 412900, 155859, 155859, 1228909269
166, 2019432, 470829, 398019, 381536, 453250, 157899, 157899, 2600549370
167, 2010309, 422063, 437178, 419650, 405386, 163016, 163016, 3577667813
168, 2015763, 439775, 429148, 412404, 422462, 155987, 155987, 1107713457
169, 2019486, 408992, 457558, 440531, 392957, 159724, 159724, 2884599900
171, 2014160, 413796, 449349, 432478, 397383, 160577, 160577, 3500571306
170, 2016076, 471598, 396040, 380658, 453670, 157055, 157055, 186895681
173, 2018763, 441265, 425499, 408862, 424357, 159390, 159390, 2549171244
175, 2017294, 424767, 431852, 415184, 408219, 168636, 168636, 1573733711
176, 2011562, 408810, 447042, 429569, 392773, 166684, 166684, 696780274
172, 2016756, 446145, 417807, 401374, 428602, 161414, 161414, 1353208268
174, 2014755, 438935, 423199, 406550, 422407, 161832, 161832, 876746131
177, 2014264, 428074, 439951, 422569, 411922, 155874, 155874, 3730649443
178, 2009789, 404993, 449632, 432167, 388487, 167255, 167255, 4181622494
179, 2014365, 450383, 402509, 385984, 433387, 171051, 171051, 1526273480
181, 2018937, 421953, 429396, 413221, 405147, 174610, 174610, 706940806
180, 2016178, 401457, 467520, 450392, 385523, 155643, 155643, 1056703347
182, 2014418, 428727, 431776, 414855, 411918, 163571, 163571, 1861254930
183, 2018845, 457447, 406871, 390657, 440600, 161635, 161635, 1040282837
184, 2018403, 364333, 497439, 479870, 348393, 164184, 164184, 366868232
185, 2023341, 456244, 409963, 394140, 439696, 161649, 161649, 2904519368
186, 2009399, 438287, 421608, 404735, 421243, 161763, 161763, 4097539978
188, 2020218, 422992, 438028, 421284, 406146, 165884, 165884, 1701662322
191, 2013246, 446812, 415721, 399454, 429717, 160771, 160771, 3296626819
190, 2012806, 488521, 372733, 356508, 470718, 162163, 162163, 3279378748
189, 2012396, 471581, 390421, 373980, 453876, 161269, 161269, 1163263546
195, 2017957, 397268, 463867, 446362, 380844, 164808, 164808, 3271161946
192, 2016465, 396268, 463134, 446406, 379637, 165510, 165510, 349194930
194, 2016459, 427914, 438524, 421425, 410912, 158842, 158842, 353562933
197, 2015032, 444733, 411561, 395692, 427334, 167856, 167856, 46285605
187, 2020411, 425455, 431726, 415108, 408904, 169609, 169609, 4030636285
196, 2011696, 409727, 450861, 433472, 392598, 162519, 162519, 2794412505
193, 2018249, 453033, 411635, 395206, 435587, 161394, 161394, 2698611459
198, 2014267, 432405, 425817, 408955, 415152, 165969, 165969, 4280960458
199, 2013260, 421675, 443562, 426951, 404398, 158337, 158337, 2608934007
200, 2013099, 388521, 468078, 451109, 371759, 166816, 166816, 321826118
201, 2009978, 421075, 430998, 414405, 404534, 169483, 169483, 1364873501
202, 2015526, 421798, 447998, 430348, 405550, 154916, 154916, 2244301693
204, 2009288, 395257, 464294, 446822, 378849, 162033, 162033, 3529880938
207, 2012671, 410672, 446760, 430409, 393842, 165494, 165494, 4147653542
205, 2010343, 423878, 435898, 419298, 406449, 162410, 162410, 3555201615
209, 2012973, 442375, 420007, 402465, 425060, 161533, 161533, 745255598
203, 2012721, 443358, 415193, 398115, 426621, 164717, 164717, 4163924592
211, 2019013, 396394, 468083, 450069, 380495, 161986, 161986, 420418964
208, 2013673, 432352, 418302, 401945, 415232, 172921, 172921, 1178765915
210, 2015528, 436149, 422639, 406330, 418938, 165736, 165736, 3515458219
206, 2015844, 430504, 437842, 421451, 413991, 156028, 156028, 2940120312
214, 2008823, 408747, 451551, 434126, 391615, 161392, 161392, 967309440
212, 2016878, 428177, 430833, 413544, 411144, 166590, 166590, 2368619736
213, 2008078, 445019, 406588, 388919, 427380, 170086, 170086, 79926708
215, 2020385, 420617, 446175, 429226, 404301, 160033, 160033, 2826091324
216, 2017278, 400643, 465933, 448929, 384661, 158556, 158556, 577662103
217, 2020209, 398164, 462984, 445754, 382573, 165367, 165367, 4255242503
218, 2019101, 404738, 453528, 436168, 388771, 167948, 167948, 1225997521
219, 2015823, 435036, 429435, 412463, 418637, 160126, 160126, 299333605
223, 2017262, 397315, 459283, 442679, 380409, 168788, 168788, 1892709861
220, 2010022, 433627, 429542, 412685, 416500, 158834, 158834, 547766373
226, 2015339, 427759, 437731, 420174, 411099, 159288, 159288, 1607954273
221, 2011208, 418376, 437364, 420210, 401636, 166811, 166811, 436014630
228, 2013744, 424614, 442060, 425229, 407319, 157261, 157261, 4293175145
222, 2010051, 383296, 470028, 452501, 366794, 168716, 168716, 1783971060
227, 2012817, 418050, 444985, 427658, 400970, 160577, 160577, 3196520705
224, 2016262, 424486, 439060, 422288, 407704, 161362, 161362, 3266863664
225, 2017730, 418974, 445465, 428467, 402526, 161149, 161149, 3261633769
231, 2017225, 427568, 442216, 424690, 411043, 155854, 155854, 3248938149
230, 2011101, 439288, 416568, 400149, 421844, 166626, 166626, 3347266223
229, 2017704, 394045, 465597, 448392, 377602, 166034, 166034, 879886123
233, 2015600, 430485, 434020, 417325, 414308, 159731, 159731, 2523822637
234, 2016655, 412751, 451784, 434512, 396244, 160682, 160682, 1603702020
232, 2011790, 399533, 454146, 436835, 382298, 169489, 169489, 1182487487
235, 2014307, 422882, 441638, 425238, 406011, 159269, 159269, 1253939294
236, 2019335, 432875, 425102, 408265, 416123, 168485, 168485, 2544093502
237, 2014513, 416005, 448153, 430623, 399666, 160033, 160033, 3022227470
240, 2006892, 461551, 400808, 384271, 443924, 158169, 158169, 890470218
239, 2015705, 446456, 418206, 401675, 429446, 159961, 159961, 2038361379
241, 2014220, 412270, 443850, 426670, 395776, 167827, 167827, 3591834373
244, 2014206, 438261, 431690, 414697, 421208, 154175, 154175, 3528489127
242, 2013690, 479357, 377051, 361124, 462088, 167035, 167035, 664575273
243, 2011737, 430124, 424174, 407460, 413137, 168421, 168421, 3366956330
238, 2018804, 441802, 423139, 406857, 424504, 161251, 161251, 94726538
245, 2017274, 387863, 477490, 459672, 371561, 160344, 160344, 417724094
246, 2009257, 425894, 442578, 424696, 408961, 153564, 153564, 2393307760
247, 2014722, 477292, 384275, 368184, 459537, 162717, 162717, 1606084456
248, 2017028, 430330, 427300, 410843, 413779, 167388, 167388, 2005441008
249, 2018678, 452658, 400311, 384828, 435083, 172899, 172899, 3736379172
250, 2010558, 442326, 417840, 400787, 425545, 162030, 162030, 1161830903
251, 2020064, 410318, 446654, 430249, 393923, 169460, 169460, 1035371299
252, 2012608, 421054, 437835, 420748, 404009, 164481, 164481, 1346680419
254, 2013659, 458023, 404502, 387751, 440971, 161206, 161206, 1219392940
255, 2017783, 421914, 440668, 423162, 405323, 163358, 163358, 3438416330
253, 2011805, 429566, 425603, 408390, 412906, 167670, 167670, 2962575308
257, 2020267, 420483, 450748, 433971, 403631, 155717, 155717, 1500385082
256, 2014532, 430801, 434746, 417677, 413710, 158799, 158799, 581218770
258, 2015986, 425331, 432989, 416426, 408200, 166520, 166520, 3365304182
259, 2017897, 400032, 467518, 450534, 383959, 157927, 157927, 3722070115
263, 2014869, 411802, 451939, 435031, 395669, 160214, 160214, 1594420413
262, 2014944, 458782, 405675, 389006, 441265, 160108, 160108, 68557623
260, 2012741, 439468, 420431, 404216, 422636, 162995, 162995, 605897238
265, 2010756, 425964, 421194, 404568, 409280, 174875, 174875, 2711921631
261, 2017624, 426429, 440016, 422680, 409353, 159573, 159573, 167883734
266, 2016512, 429514, 437598, 420930, 412908, 157781, 157781, 1689890144
264, 2015602, 394522, 469566, 452551, 377585, 160689, 160689, 4162095331
267, 2019371, 420548, 432071, 415535, 404637, 173290, 173290, 2179021252
268, 2008926, 421385, 433329, 415746, 404192, 167137, 167137, 1354905098
269, 2011815, 483482, 380166, 363824, 466029, 159157, 159157, 2009144027
270, 2012823, 448190, 412627, 395695, 430943, 162684, 162684, 505433954
272, 2011426, 407823, 448004, 431081, 391184, 166667, 166667, 3707534101
271, 2017318, 440752, 425995, 409957, 423736, 158439, 158439, 2201304826
276, 2019360, 438345, 425690, 408902, 421935, 162244, 162244, 622465142
275, 2015141, 418356, 438912, 422248, 401629, 166998, 166998, 2637971810
273, 2020842, 482363, 386467, 370793, 465333, 157943, 157943, 759013506
277, 2010525, 417486, 434686, 417288, 401023, 170021, 170021, 4176640745
274, 2014283, 467157, 394146, 378086, 449668, 162613, 162613, 3339533836
282, 2008235, 430564, 429782, 412287, 413466, 161068, 161068, 1431105174
280, 2010251, 444186, 417131, 399943, 427685, 160653, 160653, 3457429730
281, 2013422, 412287, 451930, 434475, 395784, 159473, 159473, 1935400786
278, 2018187, 428504, 428667, 411747, 412021, 168624, 168624, 2972372412
279, 2015061, 412002, 451706, 434953, 396170, 160115, 160115, 2464530376
283, 2012561, 455108, 406712, 390855, 438196, 160845, 160845, 3482943121
284, 2010816, 453575, 409970, 393513, 435722, 159018, 159018, 1280726771
285, 2013817, 433429, 427873, 411265, 416300, 162475, 162475, 3611482253
286, 2015458, 448621, 411507, 394687, 431055, 164794, 164794, 3603505263
287, 2011039, 410520, 447226, 429891, 393506, 164948, 164948, 21719683
288, 2017722, 400252, 455499, 437863, 383730, 170189, 170189, 1558111281
290, 2015151, 407538, 455160, 437805, 391064, 161792, 161792, 3803657298
289, 2013964, 411527, 444027, 427391, 395497, 167761, 167761, 3122677297
293, 2010069, 431011, 428747, 412178, 413875, 162129, 162129, 1675283529
291, 2014962, 425412, 438643, 421174, 408887, 160423, 160423, 2800349785
296, 2013476, 449698, 406720, 390145, 432535, 167189, 167189, 2440006202
294, 2018715, 448858, 412265, 395707, 431875, 165005, 165005, 3414044206
292, 2020351, 416055, 438411, 421322, 400239, 172162, 172162, 3130083614
295, 2022828, 436952, 430107, 413860, 420693, 160608, 160608, 1405543734
298, 2011517, 469403, 391466, 374824, 451792, 162016, 162016, 599769806
299, 2012542, 431518, 432701, 416152, 414897, 158637, 158637, 578283988
297, 2020265, 440235, 431617, 415184, 423591, 154819, 154819, 619276715
300, 2015967, 395009, 472794, 455612, 378488, 157032, 157032, 801977077
302, 2014147, 450183, 414680, 398225, 433311, 158874, 158874, 2511783817
301, 2016306, 455097, 406205, 390182, 438028, 163397, 163397, 3581689652
303, 2019643, 384843, 476679, 459502, 368797, 164911, 164911, 587477960
304, 2015155, 415487, 442598, 424959, 399617, 166247, 166247, 1791057096
306, 2018519, 412480, 454237, 437585, 396417, 158900, 158900, 1140644548
308, 2016593, 420898, 440512, 424003, 404082, 163549, 163549, 1355257707
305, 2018857, 445931, 419062, 402519, 429449, 160948, 160948, 37896209
309, 2018845, 409395, 457690, 440242, 392190, 159664, 159664, 2816702332
307, 2014792, 425989, 435792, 419065, 408686, 162630, 162630, 3137085692
311, 2012168, 441078, 415809, 399112, 423969, 166100, 166100, 405607235
315, 2012631, 429338, 432007, 415065, 412189, 162016, 162016, 87496856
312, 2015254, 430896, 422016, 404929, 414471, 171471, 171471, 2597022242
310, 2020522, 452546, 410196, 394185, 435835, 163880, 163880, 1245215521
313, 2018031, 455996, 406692, 390444, 439017, 162941, 162941, 4063175998
314, 2017347, 434833, 421155, 404502, 418169, 169344, 169344, 4194165932
316, 2013047, 439499, 417064, 400155, 422567, 166881, 166881, 1625991279
318, 2016916, 408695, 443489, 426721, 392071, 172970, 172970, 429779238
317, 2020106, 460032, 401167, 385187, 442660, 165530, 165530, 1540595888
319, 2021476, 421810, 446324, 429460, 405528, 159177, 159177, 3704655444
320, 2012521, 465531, 401487, 385266, 447723, 156257, 156257, 2188085678
321, 2018590, 485415, 377961, 361856, 467708, 162825, 162825, 406394936
322, 2015994, 413720, 451018, 433463, 396921, 160436, 160436, 3477536106
323, 2013417, 425594, 429818, 412891, 408840, 168137, 168137, 724006106
324, 2012827, 412081, 452520, 435203, 395681, 158671, 158671, 3061015462
325, 2015752, 419455, 443951, 426959, 402727, 161330, 161330, 4073658371
327, 2013325, 411944, 452330, 434798, 396121, 159066, 159066, 573939067
326, 2011042, 453565, 402917, 385864, 436772, 165962, 165962, 2622783315
328, 2012926, 416887, 443903, 426536, 400656, 162472, 162472, 349334635
331, 2015521, 469538, 399058, 382377, 451918, 156315, 156315, 2003888185
329, 2014943, 408597, 451262, 434460, 391952, 164336, 164336, 1152683072
330, 2018770, 410736, 448389, 431408, 394397, 166920, 166920, 3994969544
332, 2014836, 459317, 393354, 377046, 442045, 171537, 171537, 1140172789
333, 2020833, 462166, 401992, 385872, 445085, 162859, 162859, 253962777
335, 2015531, 401235, 451072, 433577, 384865, 172391, 172391, 3247641566
334, 2009283, 436600, 416768, 400624, 419493, 167899, 167899, 350342913
336, 2019140, 415004, 445729, 428524, 398327, 165778, 165778, 1469667648
338, 2013869, 430380, 426420, 409732, 413851, 166743, 166743, 3344879227
337, 2016278, 429548, 419302, 402743, 413347, 175669, 175669, 2144968625
339, 2015613, 438557, 428080, 411297, 421799, 157940, 157940, 107679931
341, 2015580, 416071, 443430, 425831, 399430, 165409, 165409, 2556890567
340, 2015966, 437341, 425677, 408708, 420568, 161836, 161836, 2633177141
342, 2010215, 397192, 467149, 449497, 380611, 157883, 157883, 704808623
344, 2013540, 424685, 435332, 418598, 408013, 163456, 163456, 1024388680
347, 2013107, 448650, 410496, 393815, 432062, 164042, 164042, 2447024569
345, 2014623, 434048, 423891, 407822, 417502, 165680, 165680, 4288750073
346, 2014065, 424992, 434856, 417940, 408675, 163801, 163801, 4182233218
343, 2019367, 448126, 421343, 404404, 432270, 156612, 156612, 2893191346
348, 2019369, 396085, 468547, 451016, 380313, 161704, 161704, 12508179
350, 2012860, 476044, 379188, 363163, 458873, 167796, 167796, 121922788
351, 2012572, 414614, 454239, 437347, 398126, 154123, 154123, 2529134345
349, 2019522, 435171, 430018, 414053, 418600, 160840, 160840, 3986729516
352, 2008380, 414269, 442479, 424901, 397445, 164643, 164643, 2400692110
354, 2014389, 422965, 442739, 425658, 406069, 158479, 158479, 3928434415
353, 2005041, 427573, 416984, 400173, 410383, 174964, 174964, 3365994755
355, 2012603, 427426, 427755, 410833, 410591, 167999, 167999, 3568143003
356, 2015512, 448480, 413484, 397235, 431361, 162476, 162476, 2357774
358, 2013852, 470069, 393017, 376836, 452934, 160498, 160498, 1845725172
359, 2015055, 455805, 409928, 393371, 438395, 158778, 158778, 68652272
357, 2013222, 438769, 419623, 403314, 421866, 164825, 164825, 4266944323
360, 2017491, 418248, 448399, 431864, 401560, 158710, 158710, 857557092
362, 2014202, 412186, 452604, 435246, 395970, 159098, 159098, 2731714512
363, 2016137, 386419, 471003, 453747, 370116, 167426, 167426, 626265429
361, 2012042, 453967, 407743, 391317, 436317, 161349, 161349, 2244071542
365, 2018070, 440179, 421833, 405112, 423904, 163521, 163521, 593583335
366, 2013583, 441410, 426559, 409954, 424250, 155705, 155705, 502883061
364, 2010185, 436496, 417260, 400061, 419786, 168291, 168291, 2389772868
368, 2012596, 454879, 410923, 394409, 438169, 157108, 157108, 1382029927
367, 2010991, 416086, 443385, 426564, 399680, 162638, 162638, 1420251585
369, 2014699, 434156, 424765, 408028, 417174, 165288, 165288, 129002454
371, 2007040, 432507, 423067, 405431, 415877, 165079, 165079, 3469346251
370, 2014097, 447745, 409717, 393045, 431416, 166087, 166087, 3645136155
372, 2013176, 469032, 392023, 376437, 452280, 161702, 161702, 2258165766
373, 2010584, 424461, 439403, 422174, 407842, 158352, 158352, 704611040
376, 2013596, 438094, 412235, 396380, 421097, 172895, 172895, 437443827
375, 2013262, 445575, 405993, 388879, 428397, 172209, 172209, 1822389238
377, 2013350, 439631, 426033, 410053, 422593, 157520, 157520, 896070237
379, 2017048, 412732, 437375, 420282, 395907, 175376, 175376, 851260681
374, 2014624, 418963, 432396, 415631, 402476, 172579, 172579, 3547950562
378, 2016531, 441262, 423591, 406897, 424783, 159999, 159999, 2520645149
382, 2011233, 463282, 397460, 380926, 445313, 162126, 162126, 94999248
380, 2013690, 427979, 428175, 411584, 411198, 167377, 167377, 1382961650
384, 2014792, 452795, 415666, 399503, 435830, 155499, 155499, 1330672322
381, 2012661, 408004, 438823, 422284, 391112, 176219, 176219, 1832509491
383, 2018213, 455965, 403416, 387393, 438333, 166553, 166553, 3149911315
385, 2015556, 438470, 423582, 406752, 421786, 162483, 162483, 4187131031
386, 2016610, 418807, 444663, 428237, 401717, 161593, 161593, 1470444137
387, 2015101, 431645, 433627, 417126, 414663, 159020, 159020, 3053007712
389, 2017944, 457063, 405248, 389339, 439948, 163173, 163173, 1864285942
388, 2012941, 424381, 433697, 416732, 407517, 165307, 165307, 2670117457
390, 2010755, 440522, 415455, 399036, 423342, 166200, 166200, 4138648266
392, 2019494, 414374, 450176, 433382, 397432, 162065, 162065, 400991377
393, 2012574, 421187, 438517, 421449, 404941, 163240, 163240, 4047879862
391, 2013750, 407564, 454938, 437872, 391628, 160874, 160874, 3832324474
394, 2012476, 424793, 427600, 411489, 407482, 170556, 170556, 225028313
399, 2015334, 433709, 437129, 420132, 416630, 153867, 153867, 989085410
398, 2012588, 418794, 440125, 422595, 402064, 164505, 164505, 3161894895
395, 2017407, 422094, 435905, 419792, 405276, 167170, 167170, 3304629340
397, 2018577, 433122, 437472, 420174, 416525, 155642, 155642, 3947017287
396, 2005089, 422208, 425350, 408432, 405011, 172044, 172044, 3453263342
400, 2019298, 433181, 432116, 415049, 416548, 161202, 161202, 356832951
402, 2014664, 445192, 412687, 396878, 428425, 165741, 165741, 4211824677
401, 2010843, 450681, 403050, 386585, 433417, 168555, 168555, 2855887125
403, 2010380, 397866, 462120, 444566, 380766, 162531, 162531, 3263119218
404, 2016313, 455200, 409494, 393636, 437975, 160004, 160004, 3075548093
406, 2011641, 443489, 419944, 403136, 426822, 159125, 159125, 120677005
405, 2022265, 435509, 425419, 408903, 418964, 166735, 166735, 3045363496
408, 2017246, 419787, 445285, 428432, 402970, 160386, 160386, 3931498408
407, 2019390, 461435, 400112, 384224, 444025, 164797, 164797, 2649380249
411, 2014987, 400603, 463304, 445383, 384303, 160697, 160697, 977748125
409, 2013810, 425186, 439399, 422356, 408241, 159314, 159314, 3763823080
412, 2013874, 447296, 415199, 397942, 430443, 161497, 161497, 4225806698
410, 2020274, 445831, 419212, 402887, 428708, 161818, 161818, 3321513896
414, 2017101, 405052, 451262, 434639, 388994, 168577, 168577, 3740129917
416, 2014717, 420509, 439748, 423028, 403278, 164077, 164077, 3815003324
415, 2016370, 389068, 469835, 452084, 373033, 166175, 166175, 3907393376
413, 2008093, 409871, 445472, 428523, 393195, 165516, 165516, 1466136356
417, 2010473, 432259, 428177, 411296, 414649, 162046, 162046, 3772674350
419, 2015095, 455675, 413905, 396862, 438343, 155155, 155155, 1751267866
418, 2013867, 447589, 413883, 397604, 429693, 162549, 162549, 348460486
420, 2009818, 444820, 407485, 390692, 427783, 169519, 169519, 3356813058
421, 2010585, 428142, 428225, 411250, 411424, 165772, 165772, 598130088
424, 2013757, 417948, 439106, 421469, 401166, 167034, 167034, 3918735398
422, 2017651, 442882, 415869, 399993, 425717, 166595, 166595, 505306998
423, 2014059, 432732, 432008, 415197, 415142, 159490, 159490, 3406723697
425, 2014916, 422531, 442719, 425951, 405283, 159216, 159216, 3956504621
426, 2012829, 427209, 421262, 404286, 410350, 174861, 174861, 2638668344
427, 2017539, 432284, 435027, 418229, 414561, 158719, 158719, 3252287755
430, 2016130, 416210, 451476, 434352, 399214, 157439, 157439, 723595228
428, 2015624, 431915, 428387, 411676, 415446, 164100, 164100, 1911883756
429, 2012968, 431002, 409687, 392932, 413849, 182749, 182749, 2252693348
431, 2021325, 391872, 468478, 451580, 376177, 166609, 166609, 1335994635
432, 2014663, 396540, 461569, 444213, 379803, 166269, 166269, 2588232849
433, 2022323, 411999, 459145, 442067, 395722, 156695, 156695, 4167136935
434, 2012455, 431781, 422947, 405590, 415023, 168557, 168557, 197807678
435, 2017476, 431950, 423641, 406560, 415553, 169886, 169886, 1386095994
436, 2019485, 444861, 423874, 407103, 428191, 157728, 157728, 2865827509
437, 2013935, 413880, 446077, 429125, 396969, 163942, 163942, 3670847719
438, 2010635, 421699, 440226, 423611, 405037, 160031, 160031, 4164590321
439, 2015681, 414115, 446378, 429447, 397601, 164070, 164070, 2743557059
440, 2018395, 407854, 456310, 439130, 391645, 161728, 161728, 3055510627
441, 2021233, 398176, 463000, 445797, 382280, 165990, 165990, 2832193154
442, 2019230, 406965, 456387, 439164, 390374, 163170, 163170, 2527829586
444, 2014711, 429555, 428322, 411437, 412659, 166369, 166369, 1454408000
445, 2018246, 424613, 440376, 423493, 407506, 161129, 161129, 3106251703
446, 2013586, 433074, 423132, 406129, 416401, 167425, 167425, 263995269
449, 2012014, 449636, 406334, 389580, 432690, 166887, 166887, 1600077514
443, 2010754, 461499, 396445, 379694, 444204, 164456, 164456, 302772919
448, 2017017, 423644, 424439, 407060, 407156, 177359, 177359, 3744460612
450, 2016156, 381032, 477741, 460531, 365144, 165854, 165854, 579500416
447, 2015058, 421563, 435924, 418977, 405600, 166497, 166497, 1431463003
451, 2016467, 442609, 425403, 409001, 425740, 156857, 156857, 1797970741
452, 2014658, 384315, 475718, 458393, 367968, 164132, 164132, 3305899964
453, 2015628, 416300, 440305, 422882, 399737, 168202, 168202, 3492092577
454, 2010633, 405270, 450991, 433613, 389323, 165718, 165718, 3629846266
456, 2014501, 436676, 423011, 406524, 419602, 164344, 164344, 3945485120
455, 2011861, 442741, 424414, 407848, 425622, 155618, 155618, 1004204574
458, 2012361, 455196, 406651, 389196, 437794, 161762, 161762, 2889769273
460, 2016006, 472510, 393376, 377522, 454904, 158847, 158847, 2854100203
457, 2017286, 416052, 440820, 423460, 399614, 168670, 168670, 1612859116
459, 2017605, 425754, 433774, 417191, 409542, 165672, 165672, 2264495396
461, 2016412, 439300, 427029, 410654, 422279, 158575, 158575, 3467875905
462, 2017013, 442366, 409648, 393573, 425240, 173093, 173093, 732944494
464, 2011632, 433171, 421845, 404875, 416827, 167457, 167457, 342050359
463, 2010685, 449319, 401202, 384844, 432048, 171636, 171636, 3383386111
466, 2020908, 422304, 438619, 421884, 405845, 166128, 166128, 2292560797
467, 2011532, 426407, 443862, 426390, 408961, 152956, 152956, 1620843911
465, 2012909, 452101, 408466, 391660, 434468, 163107, 163107, 2943471699
468, 2011995, 395443, 465523, 448094, 379285, 161825, 161825, 1677791189
469, 2014377, 448619, 409434, 392833, 431657, 165917, 165917, 1207569796
471, 2016128, 419813, 447104, 430203, 403124, 157942, 157942, 1906174678
470, 2017529, 417223, 437465, 421300, 400571, 170485, 170485, 4283118515
473, 2019646, 412976, 454601, 437151, 396770, 159074, 159074, 354689021
472, 2013676, 430176, 427180, 410319, 413781, 166110, 166110, 4089252313
474, 2018004, 403634, 450241, 432778, 387579, 171886, 171886, 2293581838
475, 2018738, 399191, 469690, 452692, 382673, 157246, 157246, 1977925574
477, 2013255, 442517, 418041, 401696, 425139, 162931, 162931, 1735609452
476, 2014166, 443311, 420539, 403952, 425756, 160304, 160304, 4240982626
479, 2019417, 389238, 475942, 458697, 373278, 161131, 161131, 4150767145
478, 2018462, 457988, 405902, 389371, 440615, 162293, 162293, 1886360957
480, 2010156, 414342, 444262, 426918, 397606, 163514, 163514, 1762067814
482, 2015360, 414472, 447650, 430439, 398117, 162341, 162341, 2121591746
481, 2019202, 410605, 453396, 436096, 394733, 162186, 162186, 1290189385
484, 2004226, 428459, 425155, 407566, 410912, 166067, 166067, 523115512
483, 2015238, 429080, 432650, 415699, 412617, 162596, 162596, 3876075937
485, 2008924, 447784, 408140, 391848, 430318, 165417, 165417, 3263634895
486, 2014138, 426803, 436392, 419573, 409842, 160764, 160764, 1276819884
489, 2016505, 420913, 442546, 425593, 404229, 161612, 161612, 3791092291
488, 2018668, 471203, 390168, 374451, 453740, 164553, 164553, 3171600736
487, 2014122, 420072, 442027, 424822, 403503, 161849, 161849, 68053520
490, 2010046, 432772, 429361, 412610, 416041, 159631, 159631, 3673469827
492, 2020774, 395145, 474006, 456604, 379133, 157943, 157943, 1998520129
491, 2015820, 372709, 492109, 474538, 357248, 159608, 159608, 2144220509
493, 2017465, 461143, 406752, 390308, 443934, 157664, 157664, 1754137200
497, 2015839, 405444, 455219, 438495, 388841, 163920, 163920, 3292958846
496, 2016039, 431557, 439415, 422091, 414988, 153994, 153994, 4268358529
494, 2014644, 441738, 422017, 405052, 425021, 160408, 160408, 552885097
498, 2014038, 381583, 483635, 465877, 365471, 158736, 158736, 3382933621
499, 2014213, 451716, 403331, 387281, 434649, 168618, 168618, 2809802875
495, 2016213, 434423, 428226, 411607, 417989, 161984, 161984, 680878250
500, 2014166, 471932, 388358, 372108, 454596, 163586, 163586, 1665026059
501, 2018341, 462140, 396117, 380429, 444843, 167406, 167406, 1262565200
502, 2018349, 447713, 420185, 403409, 430634, 158204, 158204, 1457043797
504, 2021633, 437155, 433480, 417327, 420557, 156557, 156557, 3967054066
505, 2016295, 417313, 439978, 423779, 400599, 167313, 167313, 673712190
503, 2018071, 414535, 437677, 421069, 398096, 173347, 173347, 141213968
506, 2013465, 422549, 433856, 416776, 405770, 167257, 167257, 336552190
507, 2014194, 438641, 425353, 408354, 421772, 160037, 160037, 1276058625
508, 2009091, 433851, 422378, 405274, 416396, 165596, 165596, 3920782525
509, 2016975, 442609, 420504, 403797, 425897, 162084, 162084, 2245415288
511, 2007375, 416056, 433833, 416846, 398760, 170940, 170940, 305149870
510, 2011393, 458010, 403893, 387875, 440523, 160546, 160546, 1765377330
516, 2020648, 430314, 437636, 420620, 413568, 159255, 159255, 912531721
512, 2015144, 453340, 408595, 392576, 436567, 162033, 162033, 3521073446
513, 2014487, 416277, 442026, 425152, 399778, 165627, 165627, 1688345513
515, 2013382, 413519, 446033, 428837, 396717, 164138, 164138, 2993721733
517, 2012315, 425885, 437594, 421081, 409089, 159333, 159333, 3295232395
514, 2022121, 457887, 403158, 386480, 441080, 166758, 166758, 2182396920
519, 2019424, 438604, 418158, 401792, 422046, 169412, 169412, 2910450573
518, 2021789, 440650, 422474, 405987, 424082, 164298, 164298, 1025189837
521, 2010081, 418120, 432290, 415534, 400813, 171662, 171662, 2641901240
520, 2012144, 465696, 395514, 379390, 448066, 161739, 161739, 355683400
524, 2018504, 410639, 458239, 441495, 393983, 157074, 157074, 1555889605
523, 2015477, 422332, 441196, 424379, 405738, 160916, 160916, 1086412336
522, 2017680, 430732, 426332, 409887, 413999, 168365, 168365, 1492759807
528, 2013564, 434349, 432697, 415265, 417819, 156717, 156717, 3190020742
525, 2015755, 448054, 412761, 396380, 431216, 163672, 163672, 3568942232
526, 2014414, 411830, 452712, 434946, 395744, 159591, 159591, 3885980584
527, 2014205, 418377, 435403, 418326, 401921, 170089, 170089, 232673376
529, 2015026, 429036, 431827, 415320, 412505, 163169, 163169, 1102185546
531, 2010677, 401334, 453013, 435478, 384564, 168144, 168144, 610767952
532, 2019008, 433602, 438373, 421812, 416239, 154491, 154491, 552566883
533, 2015611, 449242, 402774, 386012, 431589, 172997, 172997, 290554511
530, 2020853, 418953, 429539, 412962, 402287, 178556, 178556, 2253091167
534, 2013980, 413555, 449433, 432235, 396647, 161055, 161055, 39724681
535, 2014666, 423854, 432964, 415623, 407055, 167585, 167585, 3152199703
536, 2009353, 451027, 406575, 389916, 433737, 164049, 164049, 1318935834
537, 2014447, 407898, 458007, 440999, 391127, 158208, 158208, 2943926447
539, 2016960, 435491, 424927, 408037, 419447, 164529, 164529, 1172365427
538, 2012741, 421230, 433416, 416259, 404598, 168619, 168619, 2494181567
540, 2016129, 417011, 447025, 429923, 400544, 160813, 160813, 2336213699
542, 2020658, 415213, 445194, 428572, 399095, 166292, 166292, 1866324973
544, 2015578, 411897, 444329, 427794, 395458, 168050, 168050, 1425200574
545, 2013115, 385211, 477382, 459043, 368827, 161326, 161326, 2597941262
543, 2014615, 434221, 425501, 408801, 417578, 164257, 164257, 3056204247
546, 2014164, 454306, 406225, 389469, 437394, 163385, 163385, 1999763206
541, 2014965, 424597, 443561, 426769, 407846, 156096, 156096, 1777747398
547, 2016765, 456652, 410499, 394462, 439560, 157796, 157796, 520070171
548, 2015693, 456531, 398066, 381677, 439117, 170151, 170151, 1730797479
549, 2011345, 416912, 449528, 432062, 399999, 156422, 156422, 2108674308
550, 2007359, 444737, 410333, 393566, 427537, 165593, 165593, 703902144
551, 2025760, 442917, 431553, 415057, 426283, 154975, 154975, 2684506578
552, 2016330, 404650, 456436, 439207, 389131, 163453, 163453, 3016416559
555, 2019363, 403924, 457973, 441368, 387772, 164163, 164163, 3701370159
553, 2014929, 482945, 377831, 361413, 466116, 163312, 163312, 1962358033
554, 2012235, 450012, 412309, 395767, 432155, 160996, 160996, 868151181
556, 2011619, 398180, 460452, 443390, 381719, 163939, 163939, 1711365468
557, 2016071, 392542, 462349, 445074, 376412, 169847, 169847, 2040520783
558, 2013879, 440564, 421210, 404648, 424257, 161600, 161600, 277429329
560, 2015033, 447715, 419523, 403142, 430261, 157196, 157196, 617325505
561, 2015526, 424898, 439206, 422507, 408259, 160328, 160328, 229917251
562, 2013852, 449574, 416774, 400536, 431742, 157613, 157613, 2463534044
564, 2018369, 425516, 431626, 415239, 408828, 168580, 168580, 113929994
563, 2012905, 412613, 436424, 419489, 395765, 174307, 174307, 3395637820
559, 2007038, 440500, 419602, 402265, 423355, 160658, 160658, 1801532804
565, 2018841, 443861, 420763, 404024, 427545, 161324, 161324, 654402981
566, 2020096, 407323, 456673, 439905, 390745, 162725, 162725, 3381144163
568, 2016618, 430786, 425692, 409436, 414294, 168205, 168205, 3016503003
569, 2010255, 386136, 466155, 448280, 370272, 169706, 169706, 813323596
567, 2016145, 456267, 403400, 386887, 439463, 165064, 165064, 1485379096
571, 2019873, 470323, 399629, 383339, 453156, 156713, 156713, 134020365
570, 2008423, 470710, 396592, 380156, 452971, 153997, 153997, 1115927364
572, 2011582, 456037, 400717, 383704, 438770, 166177, 166177, 1764731397
573, 2013924, 431767, 431642, 414483, 415384, 160324, 160324, 795276244
574, 2014553, 423119, 437973, 420801, 406382, 163139, 163139, 3448983752
577, 2008288, 431217, 419925, 403444, 414188, 169757, 169757, 3555315965
576, 2013058, 492606, 368073, 351956, 475735, 162344, 162344, 3972831518
579, 2014652, 437437, 418091, 401084, 420276, 168882, 168882, 92411227
575, 2018692, 439904, 424646, 407984, 422654, 161752, 161752, 3972812837
578, 2022079, 412084, 455314, 438262, 395217, 160601, 160601, 3660104645
580, 2010163, 435375, 424357, 407435, 418558, 162219, 162219, 3755647704
581, 2015058, 424613, 435405, 418302, 407740, 164499, 164499, 232720795
582, 2015479, 446276, 423617, 406567, 429363, 154828, 154828, 2230479467
583, 2016040, 426858, 430144, 412755, 410281, 168001, 168001, 2521638032
585, 2016479, 430067, 437644, 420663, 413017, 157544, 157544, 3425539318
586, 2013378, 430680, 431230, 413899, 414079, 161745, 161745, 2396391856
588, 2013657, 433668, 425648, 408764, 416689, 164444, 164444, 3024549096
584, 2018202, 418010, 440210, 423523, 402197, 167131, 167131, 1368012908
589, 2016188, 394321, 468465, 450145, 378583, 162337, 162337, 3825456046
587, 2017707, 448615, 415478, 398763, 431523, 161664, 161664, 2393160417
590, 2020579, 454953, 414797, 398344, 438133, 157176, 157176, 974753624
591, 2017199, 423736, 428654, 412530, 406843, 172718, 172718, 1792846073
595, 2015066, 417452, 439680, 422784, 400506, 167322, 167322, 3097481458
593, 2009654, 459527, 402681, 386310, 441748, 159694, 159694, 142200358
594, 2015051, 392411, 463466, 446735, 375737, 168351, 168351, 3745580686
592, 2013809, 437382, 426614, 410546, 420361, 159453, 159453, 2566903872
597, 2017623, 437253, 427565, 411306, 420713, 160393, 160393, 446839572
596, 2019835, 442676, 421671, 405315, 425587, 162293, 162293, 3633148781
598, 2021394, 408602, 450703, 434356, 391773, 167980, 167980, 1338756586
599, 2010165, 389348, 476300, 457778, 373499, 156620, 156620, 2002120790
601, 2010839, 436786, 423093, 406670, 419766, 162262, 162262, 3492193678
600, 2018583, 426096, 427838, 411670, 409391, 171794, 171794, 440925348
602, 2017685, 412874, 450855, 434329, 396385, 161621, 161621, 1906353239
605, 2011861, 410691, 454024, 436545, 393629, 158486, 158486, 1613055759
603, 2020302, 438634, 427994, 411142, 422212, 160160, 160160, 2303950336
604, 2016588, 469711, 389860, 373802, 452653, 165281, 165281, 3957402623
606, 2019790, 418331, 440732, 423969, 401458, 167650, 167650, 609408820
607, 2011823, 424780, 434767, 418333, 407795, 163074, 163074, 1687771281
608, 2012041, 415012, 448933, 431669, 398125, 159151, 159151, 3997025022
610, 2021386, 435162, 427679, 411324, 418191, 164515, 164515, 223246193
609, 2011639, 395204, 469054, 451090, 379087, 158602, 158602, 3677335013
611, 2012223, 430723, 418418, 401464, 413828, 173895, 173895, 3605278792
612, 2014428, 466270, 400880, 384546, 448804, 156964, 156964, 3319942362
613, 2021791, 421840, 438722, 422390, 405511, 166664, 166664, 1696153768
614, 2012785, 434686, 428820, 411585, 417812, 159941, 159941, 501187879
615, 2011848, 451094, 407142, 391204, 433958, 164225, 164225, 2159756607
616, 2014129, 433124, 434523, 418144, 416926, 155706, 155706, 2161793461
617, 2010266, 427158, 434771, 418043, 410158, 160068, 160068, 3652209904
618, 2014061, 415635, 451062, 434153, 398919, 157146, 157146, 461318020
619, 2018327, 442398, 423381, 406864, 425308, 160188, 160188, 968544684
620, 2016431, 395932, 464630, 447890, 379923, 164028, 164028, 2524520038
621, 2017521, 444551, 415737, 399557, 428060, 164808, 164808, 985574898
622, 2010946, 450813, 410971, 395103, 433075, 160492, 160492, 3627368677
623, 2017785, 436806, 426855, 410052, 420110, 161981, 161981, 1174201169
624, 2014916, 381018, 476397, 459391, 364482, 166814, 166814, 1897633208
625, 2010651, 435991, 420247, 403506, 419011, 165948, 165948, 798193385
626, 2015015, 392201, 468098, 451012, 376162, 163771, 163771, 54711170
628, 2021301, 478284, 393572, 377661, 461538, 155123, 155123, 1271661383
627, 2017279, 403772, 454658, 438111, 387406, 166666, 166666, 3835824448
629, 2016118, 448477, 402403, 386658, 430994, 173793, 173793, 795408425
630, 2012051, 420320, 443366, 426005, 403220, 159570, 159570, 3419864125
631, 2007235, 401257, 454110, 436456, 384850, 165281, 165281, 2935211055
633, 2016499, 416758, 446236, 428560, 399611, 162667, 162667, 4123991820
635, 2015830, 426528, 438664, 421933, 409395, 159655, 159655, 79486676
632, 2015866, 462820, 401290, 384429, 445511, 160908, 160908, 627519780
636, 2015116, 416567, 443601, 426232, 400044, 164336, 164336, 4254754181
637, 2017475, 467370, 398045, 382038, 450134, 159944, 159944, 3446318037
634, 2012183, 413050, 442191, 424924, 396896, 167561, 167561, 1713302342
638, 2012827, 405098, 461459, 444282, 388558, 156715, 156715, 826775001
639, 2015211, 418160, 439506, 422437, 401712, 166698, 166698, 3846935599
640, 2017807, 427844, 438084, 420813, 411306, 159880, 159880, 3219891089
642, 2009230, 411269, 439113, 421669, 394707, 171236, 171236, 3427884854
641, 2015275, 481144, 381510, 365521, 463872, 161614, 161614, 3278373752
644, 2015718, 402054, 461200, 444152, 385784, 161264, 161264, 3332701221
643, 2013549, 463623, 397352, 381159, 446103, 162656, 162656, 16962574
646, 2017815, 417249, 444481, 427710, 401059, 163658, 163658, 3669017152
645, 2019872, 410008, 455982, 439244, 393376, 160631, 160631, 2424076313
648, 2013680, 416790, 446320, 429222, 400362, 160493, 160493, 68461425
647, 2016071, 459879, 404225, 387628, 442897, 160721, 160721, 3652678888
650, 2016456, 414141, 447050, 430088, 397415, 163881, 163881, 3969629101
651, 2012513, 401447, 463189, 445732, 384839, 158653, 158653, 2778855996
652, 2015042, 430880, 438253, 420989, 414104, 155408, 155408, 3594775949
654, 2013737, 436362, 420420, 403964, 419609, 166691, 166691, 4110457407
653, 2010106, 450507, 405586, 388862, 433135, 166008, 166008, 2493052338
649, 2014380, 432124, 422669, 405904, 415697, 168993, 168993, 2336439209
655, 2017025, 431143, 437485, 420594, 414847, 156478, 156478, 3677963320
657, 2024929, 406317, 465261, 448378, 390995, 156989, 156989, 1982234442
656, 2010189, 397163, 448304, 430812, 380562, 176674, 176674, 1632470405
658, 2019566, 476514, 381469, 365365, 459262, 168478, 168478, 3818491407
659, 2013225, 460375, 403633, 387122, 443535, 159280, 159280, 1473091429
662, 2012311, 368405, 493689, 475933, 352952, 160666, 160666, 706371579
660, 2016287, 460490, 406030, 390097, 443232, 158219, 158219, 1661132287
661, 2015971, 440150, 414891, 398715, 421921, 170147, 170147, 4042578205
664, 2011928, 426129, 431673, 415057, 408801, 165134, 165134, 662484253
663, 2017997, 448311, 408549, 392529, 431338, 168635, 168635, 3913642239
665, 2017603, 439845, 423790, 406912, 423462, 161797, 161797, 151856598
669, 2010306, 448676, 403378, 386594, 431452, 170103, 170103, 528531587
666, 2013966, 440272, 421297, 404325, 423326, 162373, 162373, 4201333352
668, 2010872, 425949, 437916, 420719, 408480, 158904, 158904, 2994321694
670, 2015650, 459359, 404634, 388547, 442504, 160303, 160303, 3054964124
667, 2013906, 446948, 416716, 399313, 430129, 160400, 160400, 3222369948
671, 2010557, 448258, 415320, 398962, 430889, 158564, 158564, 4210882645
673, 2016090, 395774, 467512, 450350, 379802, 161326, 161326, 1596293602
672, 2009347, 403768, 458968, 441230, 387215, 159083, 159083, 952201889
674, 2018245, 415074, 443274, 426357, 398470, 167535, 167535, 756211159
675, 2013898, 424011, 429630, 412638, 407105, 170257, 170257, 1181214425
677, 2020275, 409757, 454695, 437346, 393293, 162592, 162592, 78507255
679, 2015134, 415498, 446365, 429334, 399027, 162455, 162455, 220708790
678, 2016834, 415874, 443504, 426992, 398906, 165779, 165779, 1256791351
680, 2016431, 432318, 425666, 408715, 415672, 167030, 167030, 413569831
676, 2013576, 414898, 436113, 418969, 398540, 172528, 172528, 2733762164
681, 2012771, 445925, 414837, 397925, 428658, 162713, 162713, 3367398659
686, 2012393, 389914, 468859, 451564, 373626, 164215, 164215, 2902526964
685, 2014823, 439745, 423043, 405881, 423266, 161444, 161444, 207636005
684, 2009333, 429629, 431862, 414415, 413237, 160095, 160095, 894403108
682, 2017388, 433260, 425738, 409947, 417637, 165403, 165403, 872666263
683, 2015308, 415595, 438798, 422278, 399205, 169716, 169716, 1540081132
687, 2014067, 395759, 449464, 432300, 379518, 178513, 178513, 2756716957
688, 2019715, 410907, 459586, 442683, 394745, 155897, 155897, 1694578621
689, 2016738, 379002, 479730, 462172, 363442, 166196, 166196, 3050527932
690, 2016499, 423483, 435546, 419185, 406683, 165801, 165801, 599069079
693, 2017747, 421611, 441096, 424280, 404886, 162937, 162937, 1605006890
692, 2014987, 431851, 423026, 406612, 414902, 169298, 169298, 3604889647
691, 2011544, 425665, 434166, 417116, 408653, 162972, 162972, 3734357583
694, 2014995, 439658, 429944, 413188, 422013, 155096, 155096, 2083506355
696, 2017442, 415332, 443847, 426761, 399066, 166218, 166218, 3128145953
695, 2010695, 418056, 439632, 422663, 400800, 164772, 164772, 761899363
697, 2013145, 408266, 452472, 435116, 391841, 162725, 162725, 3736707203
699, 2012983, 421470, 434244, 417725, 404240, 167652, 167652, 1979556746
698, 2022005, 446438, 421210, 405056, 429015, 160143, 160143, 2611536412
702, 2019646, 433354, 434398, 417994, 416220, 158840, 158840, 3000517573
700, 2013056, 443675, 416377, 399804, 426006, 163597, 163597, 3040188701
701, 2014210, 410857, 449244, 432155, 393688, 164133, 164133, 471940034
703, 2017160, 446732, 418746, 402087, 430295, 159650, 159650, 4110368390
704, 2013561, 390948, 455484, 437777, 374700, 177326, 177326, 2553585033
707, 2014151, 442172, 415632, 398808, 426071, 165734, 165734, 1467154029
705, 2009453, 419690, 439203, 421855, 402379, 163163, 163163, 3568748760
709, 2010774, 444794, 413259, 395546, 427029, 165073, 165073, 1535580988
706, 2009869, 389079, 467930, 450284, 372752, 164912, 164912, 4023067662
708, 2017043, 481977, 383493, 367439, 464910, 159612, 159612, 1869298067
710, 2014437, 389985, 452608, 435130, 374014, 181350, 181350, 785089925
712, 2013041, 395318, 464209, 446912, 379330, 163636, 163636, 2655414308
711, 2018191, 412836, 450543, 433470, 396476, 162433, 162433, 3175914588
715, 2010394, 418684, 436772, 420029, 401215, 166847, 166847, 2665695589
714, 2022146, 401912, 463176, 445675, 385309, 163037, 163037, 1155457783
713, 2016596, 394111, 464329, 446883, 378487, 166393, 166393, 3217521452
716, 2020793, 503159, 361515, 346132, 485583, 162202, 162202, 4076166796
717, 2016828, 469915, 389501, 373609, 452399, 165702, 165702, 631679851
718, 2012456, 423546, 433922, 416272, 407226, 165745, 165745, 2704169610
719, 2017456, 446230, 415093, 398991, 429086, 164028, 164028, 2647167534
720, 2014423, 416284, 441822, 425517, 399544, 165628, 165628, 2224935905
723, 2010175, 438680, 425043, 408485, 421381, 158293, 158293, 4718120
722, 2019438, 416406, 446843, 429986, 399987, 163108, 163108, 4123412664
725, 2011247, 428871, 430668, 413629, 411915, 163082, 163082, 155477216
727, 2009736, 424416, 440423, 423691, 406862, 157172, 157172, 869475078
721, 2019099, 446749, 421313, 405582, 429429, 158013, 158013, 3614307275
726, 2013044, 394468, 468113, 450936, 378281, 160623, 160623, 1659583042
724, 2014253, 463874, 399843, 383367, 447071, 160049, 160049, 1522389242
728, 2020395, 422881, 431034, 414821, 406761, 172449, 172449, 3783636685
732, 2013313, 455147, 405037, 388494, 437683, 163476, 163476, 1031980981
730, 2018252, 468414, 396998, 381016, 450538, 160643, 160643, 3228462499
731, 2015978, 487285, 375188, 359276, 470055, 162087, 162087, 1099947856
729, 2015738, 463085, 403812, 387373, 445562, 157953, 157953, 1090229718
734, 2016849, 421597, 440328, 423282, 405014, 163314, 163314, 3041460808
733, 2010583, 407830, 438243, 421292, 391300, 175959, 175959, 3803942287
735, 2017565, 417961, 446965, 430024, 401513, 160551, 160551, 642984866
736, 2014838, 451119, 407800, 391035, 434382, 165251, 165251, 4272584025
738, 2016731, 440734, 417472, 401495, 423790, 166620, 166620, 964972797
737, 2011631, 464056, 397989, 382036, 445944, 160803, 160803, 610917617
739, 2010259, 440400, 425606, 408131, 423200, 156461, 156461, 3498894722
740, 2012754, 427151, 434649, 417968, 409904, 161541, 161541, 1380491621
742, 2010671, 419762, 436686, 419216, 402829, 166089, 166089, 3306934277
741, 2016899, 459724, 403801, 387357, 441919, 162049, 162049, 3882085593
744, 2012626, 439410, 425002, 408352, 422550, 158656, 158656, 33040847
743, 2009502, 439800, 422800, 405807, 423071, 159012, 159012, 3054172484
746, 2014286, 382871, 478569, 460693, 366687, 162733, 162733, 1505331656
747, 2016241, 418811, 453249, 436313, 402318, 152775, 152775, 2704050396
749, 2015702, 369293, 486985, 469558, 352734, 168566, 168566, 1511385575
750, 2006622, 379414, 483710, 465545, 362883, 157535, 157535, 700758271
745, 2009301, 405154, 455276, 437917, 388642, 161156, 161156, 1896216903
748, 2010614, 413526, 436079, 418800, 396375, 172917, 172917, 1266081279
751, 2012835, 426103, 423398, 406861, 408907, 173783, 173783, 3452891504
752, 2019029, 432080, 434212, 417448, 415475, 159907, 159907, 4101394508
754, 2016114, 432906, 434699, 418051, 415984, 157237, 157237, 511744716
755, 2015475, 410976, 455147, 438199, 394683, 158235, 158235, 3232472439
753, 2013453, 458559, 402729, 386001, 441458, 162353, 162353, 4072460216
756, 2021163, 427628, 429341, 412817, 411347, 170015, 170015, 2688775132
760, 2016765, 394202, 469194, 452151, 377874, 161672, 161672, 2871564654
757, 2017683, 432571, 423061, 406850, 415883, 169659, 169659, 1790880657
758, 2014073, 423333, 433679, 417013, 406316, 166866, 166866, 1370456983
761, 2008383, 467373, 391843, 375152, 450429, 161793, 161793, 3841550681
759, 2012560, 389501, 472161, 454544, 372596, 161879, 161879, 2855332826
764, 2011021, 409937, 446687, 428466, 392895, 166518, 166518, 4227279581
765, 2016749, 436026, 423876, 407137, 419180, 165265, 165265, 507754407
763, 2015186, 404680, 459113, 441667, 388242, 160742, 160742, 1384731802
766, 2018555, 457988, 410393, 393947, 440767, 157730, 157730, 455031480
762, 2011630, 456871, 394400, 377302, 439491, 171783, 171783, 1682547653
767, 2006009, 463313, 393513, 376825, 445190, 163584, 163584, 934153631
768, 2016189, 465879, 398250, 381585, 448641, 160917, 160917, 567545609
770, 2020128, 422025, 445790, 428610, 405499, 159102, 159102, 3419007643
769, 2013886, 421373, 432625, 415234, 404920, 169867, 169867, 3702891177
772, 2014664, 409246, 456992, 439612, 392990, 157912, 157912, 1701549769
771, 2016061, 424279, 442074, 425804, 407518, 158193, 158193, 648525602
774, 2013956, 461516, 398179, 382000, 444265, 163998, 163998, 722679528
775, 2013560, 399294, 466543, 449398, 383015, 157655, 157655, 3041217464
778, 2014731, 401731, 464310, 446548, 385120, 158511, 158511, 416615309
779, 2015100, 426194, 435774, 419162, 409496, 162237, 162237, 562636335
773, 2016968, 412396, 446380, 429947, 396253, 165996, 165996, 2140990301
780, 2013467, 436406, 421245, 404141, 419827, 165924, 165924, 4163923206
776, 2015499, 444526, 417021, 400442, 428164, 162673, 162673, 2899760694
777, 2017939, 446578, 418031, 401769, 429493, 161034, 161034, 1752416378
781, 2018852, 419908, 436338, 419783, 403499, 169662, 169662, 2950257516
782, 2009614, 445503, 411099, 394492, 427994, 165263, 165263, 2240997037
783, 2014525, 414146, 443397, 426166, 397232, 166792, 166792, 3930758987
784, 2014807, 441845, 422302, 404764, 425220, 160338, 160338, 3123230756
785, 2007770, 439272, 413187, 396330, 421751, 168615, 168615, 1779605545
786, 2012509, 414364, 444946, 428121, 397468, 163805, 163805, 3560428787
787, 2016208, 418482, 439668, 422517, 402403, 166569, 166569, 3637015583
788, 2015643, 413463, 444774, 428150, 396580, 166338, 166338, 4001928487
790, 2011110, 455811, 407404, 390720, 438181, 159497, 159497, 3718447757
789, 2017804, 413537, 451538, 434001, 397252, 160738, 160738, 550399949
792, 2010595, 440529, 420058, 403452, 422476, 162040, 162040, 21362730
791, 2013969, 428059, 430791, 414097, 410794, 165114, 165114, 786336897
795, 2009811, 419797, 441313, 423785, 402928, 160994, 160994, 1203448336
794, 2016536, 437706, 427777, 410889, 420982, 159591, 159591, 4086475619
793, 2019046, 428680, 435664, 419206, 412052, 161722, 161722, 2101013436
797, 2017830, 455701, 408632, 392453, 438570, 161237, 161237, 3543170163
796, 2012111, 423765, 443971, 426844, 407617, 154957, 154957, 2095240593
798, 2012877, 412415, 455420, 437673, 395821, 155774, 155774, 2644035153
799, 2019564, 431502, 432634, 416107, 415035, 162143, 162143, 3482162342
800, 2013314, 428080, 430898, 414472, 411550, 164157, 164157, 1829685984
802, 2016388, 391365, 469639, 452188, 374954, 164121, 164121, 2385311494
801, 2011183, 417795, 441487, 424432, 401395, 163037, 163037, 1980762781
804, 2011372, 430990, 425736, 409011, 413777, 165929, 165929, 156252133
803, 2014479, 417917, 447560, 430970, 401302, 158365, 158365, 716451853
806, 2014250, 441045, 424355, 407004, 424062, 158892, 158892, 1524657941
805, 2012998, 431506, 431594, 414315, 414363, 160610, 160610, 3232765926
807, 2016107, 459564, 396381, 380138, 442054, 168985, 168985, 2028017007
808, 2011366, 411733, 439970, 422771, 394836, 171028, 171028, 1968805651
811, 2020754, 420366, 443879, 426981, 403706, 162911, 162911, 2902637480
809, 2014515, 405392, 459425, 442291, 388157, 159625, 159625, 551584775
810, 2015951, 425372, 432358, 416025, 408760, 166718, 166718, 388054688
812, 2017079, 430255, 431830, 414809, 413519, 163333, 163333, 524857751
813, 2010450, 415410, 445757, 428751, 399146, 160693, 160693, 520310817
814, 2015628, 422614, 440162, 422492, 405792, 162284, 162284, 750355798
815, 2021616, 454311, 412561, 396191, 437593, 160480, 160480, 4201233128
816, 2019752, 471445, 396104, 379511, 453734, 159479, 159479, 3138429615
819, 2016468, 421403, 446397, 429326, 404004, 157669, 157669, 1346059745
818, 2012347, 428855, 428694, 412007, 411975, 165408, 165408, 3404761157
817, 2014852, 472983, 384964, 368792, 455361, 166376, 166376, 3085628687
820, 2012175, 431128, 425505, 408847, 413941, 166377, 166377, 1028229045
822, 2018321, 447004, 413911, 397506, 430084, 164908, 164908, 2896967497
821, 2006920, 447338, 415263, 398441, 430336, 157771, 157771, 548757950
823, 2007529, 445543, 405538, 388636, 428128, 169842, 169842, 3538367470
824, 2020181, 391549, 467499, 450236, 375767, 167565, 167565, 1190283337
827, 2016284, 455935, 405868, 389500, 438659, 163161, 163161, 2790117976
830, 2012154, 415743, 444189, 426893, 399019, 163155, 163155, 3788979043
825, 2012095, 478451, 381282, 365258, 460912, 163096, 163096, 404954891
829, 2014013, 455645, 404138, 387699, 438569, 163981, 163981, 1799412288
826, 2017919, 481798, 389318, 373787, 464038, 154489, 154489, 1543021627
828, 2017314, 470046, 393632, 377307, 453021, 161654, 161654, 3152241809
831, 2012379, 462789, 398038, 381515, 444991, 162523, 162523, 3487728504
832, 2016402, 344600, 510834, 492934, 329410, 169312, 169312, 2529934489
833, 2011376, 422522, 430459, 414113, 405406, 169438, 169438, 3053655555
834, 2012302, 430441, 430496, 413522, 412741, 162551, 162551, 2207987829
835, 2012527, 454146, 408554, 392629, 437112, 160043, 160043, 3223975539
836, 2019656, 423510, 425761, 409784, 407073, 176764, 176764, 312880574
837, 2018038, 447455, 408899, 392669, 429989, 169513, 169513, 1102325427
838, 2020098, 433712, 433082, 416485, 417423, 159698, 159698, 3566960275
839, 2014639, 423866, 441194, 424428, 407155, 158998, 158998, 3655100471
842, 2018444, 435974, 422924, 406285, 418965, 167148, 167148, 3369777320
840, 2020495, 416787, 455298, 438594, 400330, 154743, 154743, 2013001856
846, 2017466, 420917, 442940, 425456, 404873, 161640, 161640, 2010031600
841, 2015264, 439097, 419930, 404103, 421718, 165208, 165208, 54612175
843, 2012093, 433328, 434969, 418476, 416182, 154569, 154569, 912063606
844, 2017014, 460783, 403575, 387416, 444250, 160495, 160495, 4255656816
845, 2014608, 440480, 414066, 397355, 423675, 169516, 169516, 1255235361
847, 2011823, 435445, 426655, 409735, 418636, 160676, 160676, 2336199679
848, 2014652, 402196, 457826, 440010, 386090, 164265, 164265, 2993175126
849, 2012040, 445608, 416158, 399382, 428708, 161092, 161092, 2047704401
850, 2019039, 408858, 457366, 440874, 392661, 159640, 159640, 2617729834
852, 2015932, 400974, 464667, 447075, 384806, 159205, 159205, 3828082652
853, 2013812, 431488, 426317, 409669, 414206, 166066, 166066, 757306813
851, 2014141, 417996, 445931, 428843, 401139, 160116, 160116, 3931978934
854, 2014186, 428969, 428861, 411225, 411731, 166700, 166700, 1765803270
855, 2007848, 463269, 396495, 379986, 445622, 161238, 161238, 2734492990
856, 2012460, 394875, 465622, 448114, 378547, 162651, 162651, 3415527501
857, 2013466, 433908, 424023, 406648, 417335, 165776, 165776, 3731767547
859, 2009960, 426551, 439042, 421684, 409911, 156386, 156386, 2353022944
862, 2017265, 461917, 398029, 381605, 444886, 165414, 165414, 4197923136
858, 2011410, 447140, 408809, 391794, 430047, 166810, 166810, 1671200210
861, 2016229, 418968, 440813, 424037, 401799, 165306, 165306, 1314644061
860, 2020746, 438367, 427431, 410780, 421624, 161272, 161272, 2187838072
863, 2012906, 415641, 448814, 431451, 398410, 159295, 159295, 4058542695
865, 2019131, 430623, 432469, 415529, 413740, 163385, 163385, 216752070
864, 2014688, 443047, 411472, 394430, 426535, 169602, 169602, 3436968985
866, 2015866, 423389, 438157, 420834, 406600, 163443, 163443, 1720474220
867, 2014344, 429901, 433479, 416606, 413004, 160677, 160677, 967394391
870, 2018751, 495137, 370158, 354822, 477344, 160645, 160645, 4259826656
869, 2018849, 420728, 446802, 430087, 404720, 158256, 158256, 1083084255
868, 2015819, 436946, 413454, 397097, 420088, 174117, 174117, 3371227484
871, 2011548, 446135, 414366, 397830, 428697, 162260, 162260, 1246561469
872, 2019329, 419299, 447845, 431118, 402543, 159262, 159262, 3077730767
873, 2012302, 437572, 426274, 409268, 420750, 159219, 159219, 803763082
874, 2018174, 409886, 451606, 434970, 393274, 164219, 164219, 788440873
875, 2018639, 439394, 407875, 390961, 422579, 178915, 178915, 238409580
879, 2018084, 427062, 439315, 422354, 409761, 159796, 159796, 3681254390
878, 2017040, 456333, 409821, 393582, 439416, 158944, 158944, 2155139466
876, 2014233, 424222, 439275, 422424, 406958, 160677, 160677, 2183507647
877, 2018684, 450578, 408581, 392290, 432943, 167146, 167146, 4049025892
880, 2017214, 424005, 440769, 424447, 407197, 160398, 160398, 3228764288
881, 2012568, 471143, 384370, 368269, 454338, 167224, 167224, 2402237202
882, 2011190, 446245, 413463, 397105, 429393, 162492, 162492, 590904161
883, 2014898, 474531, 391043, 375074, 456454, 158898, 158898, 1280938234
885, 2018176, 361706, 494673, 477243, 346778, 168888, 168888, 3871452652
886, 2010030, 449431, 417449, 399979, 432253, 155459, 155459, 1250671375
884, 2015290, 440045, 418584, 401920, 423037, 165852, 165852, 2598877605
888, 2011974, 405751, 454841, 438098, 389212, 162036, 162036, 222455889
887, 2015342, 445746, 420407, 403894, 428695, 158300, 158300, 3896421934
889, 2023101, 403195, 467890, 450999, 386493, 157262, 157262, 522563139
890, 2013084, 487775, 377134, 361001, 470320, 158427, 158427, 337487478
891, 2015437, 442136, 422846, 405770, 425213, 159736, 159736, 2010841783
892, 2013355, 429608, 433719, 416110, 412852, 160533, 160533, 2338726183
893, 2021524, 429654, 434409, 418068, 412889, 163252, 163252, 4281105350
895, 2018300, 382254, 485311, 467717, 366560, 158229, 158229, 4054970459
896, 2015410, 401280, 454689, 437800, 385251, 168195, 168195, 1846582303
894, 2014304, 431172, 427459, 410219, 414374, 165540, 165540, 946943421
898, 2012724, 400327, 459720, 441793, 384098, 163393, 163393, 889721518
899, 2021352, 409380, 450596, 433935, 392867, 167287, 167287, 483616078
897, 2021424, 419794, 443387, 426786, 402711, 164373, 164373, 1534951655
900, 2016124, 447950, 409745, 393601, 430924, 166952, 166952, 2364036365
901, 2009464, 426415, 435791, 418422, 409108, 159864, 159864, 539377688
902, 2012233, 375189, 483721, 465908, 359059, 164178, 164178, 1299491723
904, 2016067, 429358, 427430, 410807, 411816, 168328, 168328, 2728694522
903, 2009100, 443792, 412292, 395534, 426066, 165708, 165708, 647385553
906, 2015178, 427295, 436787, 419915, 411159, 160011, 160011, 3508556636
905, 2011721, 447870, 408461, 391618, 430902, 166435, 166435, 2534000633
908, 2013810, 428303, 435051, 417844, 411480, 160566, 160566, 2720940150
907, 2010109, 427064, 429196, 411793, 410098, 165979, 165979, 1277167547
912, 2016449, 430343, 427719, 410961, 413748, 166839, 166839, 3003524056
909, 2018768, 468870, 401882, 385378, 451866, 155386, 155386, 3321730306
913, 2020272, 472641, 401534, 384871, 455306, 152960, 152960, 1606388267
911, 2010174, 404446, 453877, 436614, 388305, 163466, 163466, 825856903
910, 2018414, 447193, 408802, 392211, 429560, 170324, 170324, 2717915356
915, 2010506, 434236, 430668, 412881, 417697, 157512, 157512, 255033163
914, 2013468, 420183, 440701, 423795, 403409, 162690, 162690, 4010859054
916, 2015236, 445057, 409245, 393054, 427470, 170205, 170205, 94112475
917, 2013817, 416294, 446463, 429592, 399896, 160786, 160786, 3604312693
918, 2010365, 437970, 419039, 402056, 420826, 165237, 165237, 2644721475
919, 2019146, 423541, 437651, 420673, 407073, 165104, 165104, 1458667978
921, 2017251, 428681, 426213, 409710, 412779, 169934, 169934, 2053482393
920, 2014191, 430926, 419426, 402925, 414156, 173379, 173379, 2491093528
923, 2011424, 438688, 424164, 407219, 421403, 159975, 159975, 1860563818
922, 2018217, 452282, 404872, 388846, 435085, 168566, 168566, 2175474140
924, 2011714, 444785, 417850, 400924, 427735, 160210, 160210, 620267123
925, 2011513, 428848, 428537, 411448, 411392, 165644, 165644, 2844648409
926, 2014434, 411677, 445461, 427475, 394439, 167691, 167691, 2470160064
927, 2014581, 413474, 441498, 425063, 396510, 169018, 169018, 1802681786
930, 2014909, 448270, 409419, 393435, 431327, 166229, 166229, 1944671346
928, 2017620, 405412, 457992, 440836, 388648, 162366, 162366, 1153526774
929, 2014576, 429268, 436138, 419895, 412865, 158205, 158205, 3840442337
931, 2017991, 443440, 421035, 405009, 426151, 161178, 161178, 3660598941
932, 2008338, 390115, 463033, 446056, 373196, 167969, 167969, 1834357135
934, 2008953, 406668, 450572, 433644, 389677, 164196, 164196, 4199314770
933, 2019477, 377047, 482136, 464423, 360849, 167511, 167511, 163606771
935, 2016362, 445655, 419615, 403016, 428412, 159832, 159832, 204514991
936, 2011778, 434940, 424577, 407206, 418177, 163439, 163439, 1146852523
937, 2016429, 431688, 429763, 413808, 414862, 163154, 163154, 3912952404
938, 2008658, 473816, 387307, 370328, 456285, 160461, 160461, 2939824391
939, 2023319, 411698, 457118, 440118, 396049, 159168, 159168, 635503646
940, 2014121, 389480, 467614, 450662, 372859, 166753, 166753, 2996930931
941, 2017874, 411086, 450054, 433226, 394702, 164403, 164403, 3928769366
942, 2017735, 416511, 444308, 427337, 399641, 164969, 164969, 3451955033
943, 2015053, 408589, 457359, 440003, 392238, 158432, 158432, 4269237968
946, 2011371, 377319, 482167, 464305, 361168, 163206, 163206, 2254104331
947, 2009600, 424261, 430864, 414476, 407247, 166376, 166376, 4218006713
944, 2016483, 427734, 434287, 417383, 411333, 162873, 162873, 3614893910
945, 2017351, 442526, 418868, 402455, 425788, 163857, 163857, 3125402972
948, 2022252, 438607, 423460, 406808, 422037, 165670, 165670, 1925538489
949, 2016827, 438144, 425848, 408896, 421485, 161227, 161227, 2604985546
950, 2014142, 441872, 412366, 395581, 424877, 169723, 169723, 2428296900
951, 2014397, 444999, 403255, 387024, 427957, 175581, 175581, 1628611675
952, 2018456, 399046, 471829, 454618, 382549, 155207, 155207, 2472314127
954, 2017845, 407373, 447066, 429884, 391194, 171164, 171164, 234069193
955, 2009235, 389881, 465737, 448068, 373583, 165983, 165983, 1769695635
956, 2012215, 473700, 392040, 375058, 456833, 157292, 157292, 3516440098
957, 2014921, 415859, 443184, 426028, 399052, 165399, 165399, 3966450765
953, 2021286, 454346, 414718, 398652, 437686, 157942, 157942, 1040243530
958, 2015836, 480009, 389166, 372792, 462475, 155697, 155697, 465464395
960, 2010171, 396617, 460293, 442878, 380797, 164793, 164793, 213306603
959, 2019111, 457480, 408887, 392183, 440491, 160035, 160035, 1828338140
962, 2015798, 429313, 434034, 417135, 412238, 161539, 161539, 1891006521
961, 2012231, 415770, 444775, 427943, 399031, 162356, 162356, 1392398643
964, 2014685, 418152, 442298, 425037, 401574, 163812, 163812, 4229476762
963, 2017565, 460611, 402531, 385971, 444146, 162153, 162153, 4104851341
965, 2012442, 457183, 407216, 390425, 439648, 158985, 158985, 2820612837
966, 2013833, 459351, 405680, 389525, 441915, 158681, 158681, 1318524158
967, 2015224, 409862, 445507, 428711, 393720, 168712, 168712, 39054679
968, 2019113, 465961, 397734, 381014, 449026, 162689, 162689, 3741856480
969, 2012813, 463328, 396618, 380486, 446171, 163105, 163105, 2659697675
970, 2020096, 418666, 446215, 429702, 402627, 161443, 161443, 1386568139
971, 2012827, 421386, 433976, 416899, 404286, 168140, 168140, 3806350826
972, 2016280, 425717, 431546, 414507, 409710, 167400, 167400, 68054874
973, 2009945, 454819, 404958, 388666, 437168, 162167, 162167, 3104931308
976, 2023014, 427389, 443215, 426303, 411155, 157476, 157476, 2218185707
975, 2013178, 428287, 434916, 418019, 411158, 160399, 160399, 4093868222
977, 2012505, 428423, 437251, 420155, 411030, 157823, 157823, 789340085
974, 2019579, 418263, 442353, 425740, 401527, 165848, 165848, 2837597596
978, 2015472, 415642, 445248, 428274, 399552, 163378, 163378, 3541805405
980, 2014217, 419510, 444371, 427473, 402579, 160142, 160142, 433773532
979, 2015258, 448649, 408942, 392167, 431304, 167098, 167098, 3052380741
981, 2016932, 453989, 421047, 404620, 436294, 150491, 150491, 2398721162
982, 2015600, 445744, 420305, 403950, 429093, 158254, 158254, 114584368
983, 2017750, 391734, 475302, 458013, 375761, 158470, 158470, 577395143
984, 2008909, 449057, 413919, 397315, 431508, 158555, 158555, 989638847
985, 2011235, 416524, 442216, 425139, 399790, 163783, 163783, 645021654
986, 2018112, 425865, 442402, 425443, 409146, 157628, 157628, 2040763240
987, 2012824, 446155, 420077, 402748, 429088, 157378, 157378, 3976427316
988, 2012474, 444075, 406676, 390077, 427052, 172297, 172297, 1388508163
990, 2005722, 453518, 403405, 386351, 435750, 163349, 163349, 2376056840
989, 2013360, 431112, 428278, 411410, 414342, 164109, 164109, 1597694360
992, 2016838, 473204, 391308, 374978, 455824, 160762, 160762, 928101601
993, 2009487, 390823, 475171, 457732, 373813, 155974, 155974, 4054081692
995, 2017067, 460414, 411260, 394637, 443952, 153402, 153402, 2337102975
996, 2012971, 472513, 384868, 368972, 454608, 166005, 166005, 2304917203
991, 2018443, 412907, 449099, 432088, 395871, 164239, 164239, 3803329428
994, 2017878, 435366, 426099, 408778, 418647, 164494, 164494, 262463608
997, 2015828, 436846, 419972, 403228, 420032, 167875, 167875, 603991453
999, 2018305, 403372, 466414, 449212, 387307, 156000, 156000, 272732138
998, 2018558, 435081, 422776, 406567, 418106, 168014, 168014, 2781650566
