sample_id, N_LCC, N_A_1_LCC, N_B_1_LCC, N_A_0_LCC, N_B_0_LCC, N_A_*_LCC, N_B_*_LCC, seed
5, 2245859, 7068, 1100034, 1099333, 6774, 16325, 16325, 3233917802
9, 2248736, 78555, 1025964, 1025363, 78214, 20320, 20320, 3820737166
10, 2247662, 80764, 1026203, 1025720, 80515, 17230, 17230, 4110716744
11, 2247789, 1103140, 6538, 6249, 1102556, 14653, 14653, 4075193406
3, 2245739, 651403, 442595, 442232, 650985, 29262, 29262, 1240403864
8, 2242968, 136041, 926328, 925883, 135724, 59496, 59496, 536394090
1, 2247845, 190148, 913787, 913398, 189806, 20353, 20353, 1797820246
0, 2245115, 3570, 1104891, 1104454, 3306, 14447, 14447, 1232760640
7, 2245863, 980603, 71180, 70873, 980063, 71572, 71572, 2330834568
6, 2247593, 830945, 263100, 262764, 830440, 30172, 30172, 946162166
4, 2247936, 35766, 1070766, 1070348, 35472, 17792, 17792, 2456023015
2, 2244498, 1032896, 72147, 71814, 1032439, 17601, 17601, 1538142538
17, 2248974, 1957, 1109621, 1108920, 1648, 13414, 13414, 1334618918
16, 2246918, 70117, 1034032, 1033569, 69778, 19711, 19711, 1682939094
13, 2249246, 1104983, 3985, 3689, 1104181, 16204, 16204, 1433766143
21, 2244042, 3807, 1103973, 1103368, 3528, 14683, 14683, 3001147572
12, 2246543, 948496, 153100, 152822, 948003, 22061, 22061, 1498427051
15, 2245327, 448216, 639782, 639325, 447750, 35127, 35127, 2033332417
18, 2247461, 1104410, 4887, 4627, 1103557, 14990, 14990, 3298264759
14, 2247460, 1017096, 86670, 86295, 1016791, 20304, 20304, 670881796
23, 2247135, 1081322, 4098, 3785, 1080846, 38542, 38542, 1381352366
20, 2247626, 1092618, 14647, 14363, 1091982, 17008, 17008, 592476146
19, 2245941, 707653, 337579, 337156, 707149, 78202, 78202, 484155709
22, 2249373, 1109397, 2518, 2230, 1108818, 13205, 13205, 1092040781
24, 2243869, 236236, 859096, 858568, 235875, 27047, 27047, 1506691996
25, 2247564, 162505, 941402, 940736, 162173, 20374, 20374, 1086833688
26, 2248139, 1105722, 3120, 2855, 1105242, 15600, 15600, 473955589
27, 2248700, 241542, 855744, 855292, 241258, 27432, 27432, 1241142601
28, 2247410, 193118, 905831, 905481, 192796, 25092, 25092, 279746047
30, 2246615, 879276, 222748, 222404, 878793, 21697, 21697, 528599384
34, 2249110, 65409, 1040593, 1040096, 65108, 18952, 18952, 3463253970
29, 2247606, 1104566, 4905, 4629, 1104176, 14665, 14665, 1868769896
31, 2246563, 1071307, 34856, 34591, 1071039, 17385, 17385, 3175770838
33, 2248448, 520819, 577110, 576707, 520460, 26676, 26676, 1034926936
32, 2247930, 848668, 245297, 245006, 848219, 30370, 30370, 2783471623
36, 2245953, 240022, 841036, 840452, 239561, 42441, 42441, 1964606334
38, 2249217, 1107522, 2381, 2135, 1107047, 15066, 15066, 3259049342
35, 2249125, 625194, 469688, 469384, 624649, 30105, 30105, 1977855851
37, 2245784, 780479, 318870, 318546, 779957, 23966, 23966, 1885472042
39, 2248248, 443156, 652589, 652164, 442797, 28771, 28771, 2130432003
40, 2246648, 1104271, 4220, 3940, 1103805, 15206, 15206, 919678456
41, 2246388, 584287, 511626, 511258, 583813, 27702, 27702, 2160482136
42, 2248322, 97521, 979926, 979536, 97239, 47050, 47050, 1612715887
44, 2245490, 319386, 742218, 741792, 318996, 61549, 61549, 2796029206
48, 2247876, 75343, 1029323, 1028796, 75058, 19678, 19678, 1936749459
46, 2249164, 5204, 1105112, 1104726, 4928, 14597, 14597, 1488371432
43, 2246215, 914037, 179682, 179356, 913552, 29794, 29794, 670600617
45, 2247810, 854649, 244422, 244130, 854265, 25172, 25172, 3354501056
49, 2251174, 1472, 1110762, 1110393, 1205, 13671, 13671, 1207952600
51, 2247595, 11978, 1094368, 1093712, 11667, 17935, 17935, 4081295817
47, 2246832, 371143, 718080, 717689, 370792, 34564, 34564, 2261318610
54, 2245270, 22276, 1082050, 1081402, 21988, 18777, 18777, 3683660072
50, 2246976, 266449, 824823, 824378, 266074, 32626, 32626, 2206001797
52, 2246500, 955323, 145082, 144735, 954870, 23245, 23245, 3124692254
53, 2248575, 1043950, 41470, 41196, 1043561, 39199, 39199, 1987290963
56, 2249203, 627994, 470127, 469824, 627580, 26839, 26839, 4264858175
58, 2245549, 1104172, 1861, 1599, 1103667, 17125, 17125, 2350545039
55, 2248298, 224679, 870607, 870279, 224309, 29212, 29212, 346662991
59, 2250310, 840949, 250651, 250252, 840392, 34033, 34033, 3291292837
57, 2249531, 595737, 495849, 495462, 595389, 33547, 33547, 4174536745
60, 2247616, 214068, 844007, 843551, 213728, 66131, 66131, 350562256
63, 2250644, 133309, 973135, 972708, 133014, 19239, 19239, 1145126779
62, 2246392, 1104444, 3589, 3287, 1104036, 15518, 15518, 1748369304
61, 2245481, 274206, 814439, 813989, 273867, 34490, 34490, 1960361969
64, 2247605, 461139, 621623, 621172, 460771, 41450, 41450, 435628532
65, 2245802, 931335, 134992, 134648, 930975, 56926, 56926, 251029607
67, 2244929, 36439, 1069513, 1068904, 36149, 16962, 16962, 4037837509
69, 2248631, 57954, 1040387, 1039902, 57656, 26366, 26366, 3876051717
71, 2246902, 2661, 1106506, 1106061, 2404, 14635, 14635, 2380638864
70, 2246980, 2394, 1107227, 1106829, 2088, 14221, 14221, 220671073
68, 2246431, 1077718, 29534, 29236, 1077331, 16306, 16306, 500716994
73, 2247754, 1106148, 3124, 2842, 1105634, 15003, 15003, 2526373836
66, 2246690, 1031352, 36461, 36130, 1031073, 55837, 55837, 1443249821
76, 2247815, 5026, 1097431, 1096784, 4718, 21928, 21928, 1698439443
75, 2247970, 389122, 707772, 707355, 388801, 27460, 27460, 2377610577
74, 2248556, 717918, 381032, 380676, 717630, 25650, 25650, 903145977
72, 2248937, 1106638, 3003, 2724, 1106306, 15133, 15133, 2979136803
78, 2248010, 90361, 1016773, 1016241, 90069, 17283, 17283, 1415045480
77, 2247596, 98687, 1005847, 1005468, 98362, 19616, 19616, 1018615610
79, 2246539, 34691, 1071837, 1071299, 34408, 17152, 17152, 570224645
81, 2245505, 67723, 1016112, 1015553, 67419, 39349, 39349, 3008784954
84, 2249604, 5281, 1102601, 1102052, 5046, 17312, 17312, 1998792026
80, 2246166, 27183, 1079329, 1078924, 26848, 16941, 16941, 2388691542
83, 2247167, 1105077, 2079, 1779, 1104458, 16887, 16887, 641886589
82, 2248059, 766863, 330858, 330483, 766551, 26652, 26652, 9382862
86, 2246441, 1104124, 2610, 2341, 1103756, 16805, 16805, 2377584285
89, 2248697, 1104616, 4342, 4054, 1104093, 15796, 15796, 1581544872
88, 2247385, 665037, 431062, 430579, 664603, 28052, 28052, 3869001439
87, 2247416, 2595, 1106761, 1106414, 2294, 14676, 14676, 3832159591
85, 2247691, 1093954, 14634, 14298, 1093441, 15682, 15682, 1472754259
91, 2247625, 98684, 1003857, 1003437, 98377, 21635, 21635, 910664698
90, 2245564, 1069355, 34088, 33773, 1068864, 19742, 19742, 3709623624
92, 2246605, 786046, 309151, 308756, 785486, 28583, 28583, 2342069800
94, 2247032, 169846, 932673, 932296, 169509, 21354, 21354, 2470799265
93, 2246831, 76230, 1021687, 1021350, 75918, 25823, 25823, 4241706013
95, 2248360, 558296, 538615, 538284, 557825, 27670, 27670, 2434815983
99, 2250582, 110074, 992084, 991339, 109787, 23649, 23649, 1040913450
98, 2247502, 1107112, 2692, 2397, 1106233, 14534, 14534, 967863626
101, 2249547, 107427, 996342, 995875, 107013, 21445, 21445, 2750885982
96, 2246304, 917936, 186112, 185790, 917478, 19494, 19494, 4261033733
103, 2245190, 4517, 1101281, 1100821, 4215, 17178, 17178, 3554698111
97, 2250050, 522283, 582728, 582436, 521967, 20318, 20318, 3243090199
102, 2245916, 862074, 239296, 238931, 861643, 21986, 21986, 1073755720
106, 2250644, 153916, 952406, 952058, 153614, 19325, 19325, 2252338194
100, 2250231, 1108171, 2026, 1772, 1107852, 15205, 15205, 3828826429
105, 2248046, 728836, 369963, 369642, 728369, 25618, 25618, 3740196568
104, 2247629, 968785, 42764, 42507, 968419, 112577, 112577, 835940354
112, 2247235, 272122, 832039, 831562, 271782, 19865, 19865, 784202433
108, 2247610, 1063671, 39576, 39297, 1063140, 20963, 20963, 2437460901
109, 2248085, 63542, 927473, 927164, 63264, 133321, 133321, 2135148028
107, 2250203, 714508, 372012, 371748, 714063, 38936, 38936, 1253668835
111, 2246406, 988322, 67603, 67303, 987904, 67637, 67637, 894206388
110, 2247972, 149817, 952739, 952331, 149451, 21817, 21817, 3482698673
114, 2249415, 1095282, 13320, 13024, 1094565, 16612, 16612, 4046931479
113, 2247382, 676344, 411726, 411214, 675926, 36086, 36086, 198727307
116, 2248449, 4349, 1105187, 1104641, 4120, 15076, 15076, 3043108430
115, 2243219, 1104578, 1937, 1703, 1104007, 15497, 15497, 901734374
125, 2248472, 14398, 1095567, 1094678, 14105, 14862, 14862, 3957475589
120, 2248089, 508807, 372535, 372065, 508404, 243139, 243139, 3065478514
117, 2248673, 589624, 489076, 488649, 589258, 46033, 46033, 1697992789
118, 2246095, 800680, 297928, 297587, 800168, 24866, 24866, 835802337
126, 2245837, 2363, 1105197, 1104563, 2084, 15815, 15815, 3628938679
121, 2247300, 1105926, 2689, 2400, 1105545, 15370, 15370, 393035908
122, 2245517, 1079418, 25423, 25112, 1079026, 18269, 18269, 164471518
123, 2246125, 676135, 410877, 410504, 675677, 36466, 36466, 942129274
119, 2247130, 907211, 171857, 171569, 906897, 44798, 44798, 3664683649
124, 2247707, 1101289, 7242, 6971, 1100619, 15793, 15793, 1854622645
128, 2249318, 82240, 1025908, 1025440, 81974, 16878, 16878, 2869373563
127, 2248290, 1040005, 66382, 66082, 1039465, 18178, 18178, 43928373
130, 2249676, 2192, 1108183, 1107564, 1923, 14907, 14907, 1454126495
135, 2243526, 16066, 1089740, 1088947, 15797, 16488, 16488, 3785502541
132, 2245749, 100346, 1002861, 1002362, 100028, 20076, 20076, 468940328
133, 2245332, 72341, 1027302, 1026839, 72080, 23385, 23385, 1977046359
129, 2247704, 269048, 829152, 828797, 268735, 25986, 25986, 1810772218
131, 2247310, 971246, 116204, 115905, 970621, 36667, 36667, 562612574
138, 2248526, 59113, 1047000, 1046535, 58850, 18514, 18514, 820448934
134, 2249465, 673391, 413346, 412925, 672909, 38447, 38447, 1873194558
136, 2247486, 179547, 915806, 915445, 179238, 28725, 28725, 2682582855
141, 2245840, 1105324, 2572, 2282, 1104796, 15433, 15433, 3044298328
139, 2247572, 834521, 269530, 269141, 834166, 20107, 20107, 2006032360
143, 2248134, 335355, 758712, 758138, 334901, 30514, 30514, 875886063
144, 2249561, 1831, 1110002, 1109383, 1565, 13390, 13390, 3240254028
142, 2244077, 6070, 1099601, 1099226, 5752, 16714, 16714, 2161028653
140, 2248069, 1101596, 7083, 6804, 1101220, 15683, 15683, 807046569
137, 2247971, 985152, 106680, 106367, 984772, 32500, 32500, 249144388
146, 2244453, 189736, 911120, 910536, 189387, 21837, 21837, 3624388944
148, 2246034, 31535, 1073118, 1072636, 31239, 18753, 18753, 87469565
145, 2247230, 1105952, 3614, 3320, 1105370, 14487, 14487, 1496917855
147, 2248972, 1105210, 5483, 5205, 1104672, 14201, 14201, 2143146634
149, 2243999, 315533, 761266, 760832, 315040, 45664, 45664, 2427153301
151, 2247113, 2233, 1103927, 1102838, 1959, 18078, 18078, 865590276
152, 2248964, 3921, 1102295, 1101755, 3637, 18678, 18678, 3779808647
155, 2248442, 129467, 974478, 973837, 129052, 20804, 20804, 2293155155
150, 2247615, 1022485, 74462, 74181, 1021917, 27285, 27285, 1347117204
154, 2245701, 1021401, 15640, 15325, 1020941, 86197, 86197, 526268471
156, 2245996, 62075, 1041187, 1040772, 61772, 20095, 20095, 3969092961
153, 2246459, 691641, 374039, 373648, 691117, 58007, 58007, 2670718036
157, 2246732, 315581, 782508, 781969, 315096, 25789, 25789, 2667296820
160, 2247668, 615245, 480155, 479749, 614867, 28826, 28826, 3477270106
158, 2248326, 1018557, 85484, 85158, 1018109, 20509, 20509, 3815705889
161, 2248509, 1024481, 83790, 83491, 1023991, 16378, 16378, 2543943533
159, 2246820, 800609, 298587, 298259, 800305, 24530, 24530, 1263119854
162, 2247166, 83972, 1021309, 1020796, 83675, 18707, 18707, 3309652737
163, 2246875, 512376, 573730, 573353, 511766, 37825, 37825, 1900655538
164, 2248381, 291804, 811047, 810659, 291511, 21680, 21680, 1392727965
172, 2247714, 2374, 1106726, 1105931, 2083, 15300, 15300, 795590473
165, 2248529, 1072334, 36572, 36241, 1071970, 15706, 15706, 2690988907
166, 2244740, 431674, 656679, 656290, 431377, 34360, 34360, 1663096468
171, 2246013, 4080, 1102836, 1102403, 3770, 16462, 16462, 92134611
168, 2249116, 381036, 716454, 716146, 380652, 27414, 27414, 1359926469
167, 2247460, 532878, 564989, 564537, 532324, 26366, 26366, 1928827642
174, 2246826, 111112, 983290, 982847, 110781, 29398, 29398, 3172775609
169, 2244963, 1101945, 6216, 5911, 1101131, 14880, 14880, 110230281
170, 2247831, 1101066, 6999, 6705, 1100679, 16191, 16191, 518810805
173, 2248884, 950270, 148447, 148128, 949803, 26118, 26118, 1371470679
176, 2245232, 833543, 263271, 262832, 832978, 26304, 26304, 4128172736
179, 2247098, 161800, 939634, 939244, 161500, 22460, 22460, 2552184014
175, 2247051, 1090069, 13069, 12793, 1089622, 20749, 20749, 1199050135
180, 2244209, 1106542, 1762, 1507, 1106044, 14177, 14177, 35710129
181, 2244834, 193404, 906977, 906540, 193077, 22418, 22418, 2108170073
177, 2248143, 781293, 319297, 318942, 780979, 23816, 23816, 2586831763
178, 2247604, 1107398, 2460, 2169, 1107009, 14284, 14284, 1137878083
183, 2247944, 209473, 892566, 892164, 209105, 22318, 22318, 1894291672
182, 2249097, 657022, 441784, 441410, 656543, 26169, 26169, 2306681878
186, 2245552, 1103818, 2027, 1745, 1103200, 17381, 17381, 439971318
185, 2246351, 861242, 238222, 237874, 860787, 24113, 24113, 4074066841
184, 2247699, 1106187, 2808, 2506, 1105714, 15242, 15242, 3260329187
187, 2246356, 1104887, 2915, 2664, 1104408, 15741, 15741, 1824642612
189, 2246913, 1106631, 2124, 1854, 1106012, 15146, 15146, 3369415167
188, 2247534, 631323, 469381, 469052, 630908, 23435, 23435, 2759010159
193, 2247926, 2046, 1107232, 1106656, 1768, 15112, 15112, 3471055007
192, 2247753, 1106482, 2080, 1816, 1105839, 15768, 15768, 1328740768
191, 2248043, 406235, 688371, 687976, 405951, 29755, 29755, 2377110303
190, 2250236, 394923, 704123, 703702, 394630, 26429, 26429, 2299456548
194, 2248250, 169066, 932327, 931927, 168744, 23093, 23093, 2292807371
198, 2247352, 85669, 1021276, 1020662, 85325, 17210, 17210, 779108306
197, 2245184, 1049608, 50875, 50538, 1049183, 22490, 22490, 1256641981
195, 2248475, 746631, 353392, 353031, 746163, 24629, 24629, 498177035
196, 2247106, 1091039, 14321, 14007, 1090741, 18499, 18499, 4087034495
200, 2246817, 1006615, 98042, 97732, 1006102, 19163, 19163, 1814292767
205, 2244065, 241981, 850370, 849609, 241641, 30232, 30232, 763872875
206, 2249256, 49471, 1055156, 1054787, 49166, 20338, 20338, 2797127466
201, 2249216, 711384, 385031, 384604, 711073, 28562, 28562, 2805497032
203, 2247236, 1102093, 2962, 2697, 1101570, 18957, 18957, 3772024734
199, 2247488, 1102821, 4659, 4359, 1102143, 16753, 16753, 2205802269
204, 2244437, 520228, 572463, 572036, 519822, 29944, 29944, 1545027850
202, 2244450, 1087480, 18017, 17700, 1086987, 17133, 17133, 1375100420
207, 2244427, 22172, 1084267, 1083591, 21861, 16268, 16268, 2358852922
208, 2243753, 51773, 1051985, 1051497, 51474, 18512, 18512, 756642032
210, 2244943, 41660, 1063396, 1062868, 41379, 17820, 17820, 440159562
211, 2249075, 1109364, 1684, 1443, 1108618, 13983, 13983, 329686578
213, 2249578, 15801, 1093383, 1092850, 15514, 16015, 16015, 1075350365
215, 2248540, 185879, 920237, 919740, 185570, 18557, 18557, 378602150
212, 2247650, 1106634, 2532, 2244, 1106182, 15029, 15029, 1658111427
209, 2245514, 1094637, 12318, 12063, 1094004, 16246, 16246, 2946660057
216, 2247231, 6652, 1096514, 1096091, 6374, 20800, 20800, 3006784477
214, 2248328, 9245, 1100308, 1100030, 8981, 14882, 14882, 389390316
218, 2249936, 1109671, 1891, 1611, 1109197, 13783, 13783, 1462138773
217, 2245957, 895195, 186388, 186099, 894697, 41789, 41789, 1248303402
219, 2247815, 103538, 985748, 985395, 103222, 34956, 34956, 2881363220
224, 2247806, 2042, 1107782, 1107161, 1785, 14518, 14518, 503119643
220, 2245253, 1057437, 47644, 47361, 1057015, 17898, 17898, 289178626
223, 2247032, 51910, 1054470, 1054023, 51599, 17515, 17515, 2068283307
222, 2244478, 470321, 619579, 619267, 469907, 32702, 32702, 643510435
221, 2247183, 1107998, 1638, 1380, 1107083, 14542, 14542, 1850760313
227, 2245603, 172034, 924839, 924388, 171738, 26302, 26302, 3008447227
225, 2245427, 457136, 642354, 641920, 456783, 23617, 23617, 3642113801
226, 2248311, 1102627, 5484, 5218, 1102120, 16431, 16431, 3765049223
231, 2247378, 5232, 1103534, 1102937, 4969, 15353, 15353, 2984535800
228, 2248972, 923137, 176711, 176348, 922694, 25041, 25041, 2570239006
232, 2247765, 2556, 1107144, 1106566, 2257, 14621, 14621, 963241125
229, 2246566, 731687, 360405, 360076, 731338, 31530, 31530, 2977095955
230, 2246885, 1051083, 54392, 54110, 1050672, 18314, 18314, 2422453712
233, 2248362, 1107761, 2730, 2414, 1106789, 14334, 14334, 43919241
237, 2248246, 4381, 1103944, 1103303, 4048, 16285, 16285, 1914932421
234, 2245654, 339371, 750860, 750138, 338981, 33152, 33152, 8454437
235, 2244875, 1104084, 2728, 2459, 1103422, 16091, 16091, 791677588
236, 2248398, 22128, 1086879, 1086466, 21887, 15519, 15519, 794022605
240, 2246984, 297496, 798049, 797568, 297125, 28373, 28373, 1500009103
238, 2247830, 710372, 387942, 387551, 709733, 26116, 26116, 3984577560
239, 2247796, 1051270, 55493, 55200, 1050563, 17635, 17635, 4154496551
244, 2247231, 299536, 800921, 800536, 299142, 23548, 23548, 840691141
247, 2247800, 463297, 637739, 637134, 462962, 23334, 23334, 2260186939
241, 2246842, 1099593, 8760, 8451, 1098756, 15641, 15641, 2221254890
246, 2245559, 1013191, 91142, 90845, 1012563, 18909, 18909, 3523672354
248, 2248000, 177498, 923347, 922631, 177214, 23655, 23655, 1934790631
245, 2246034, 976638, 115692, 115390, 976194, 31060, 31060, 600254204
243, 2246681, 1036591, 46166, 45874, 1036144, 40953, 40953, 3024732856
242, 2245462, 936743, 14204, 13951, 936384, 172090, 172090, 3899992559
249, 2248898, 103673, 989300, 988928, 103331, 31833, 31833, 737884475
256, 2248082, 15226, 1072519, 1071941, 14942, 36727, 36727, 437006285
250, 2245305, 969502, 121829, 121522, 969034, 31709, 31709, 1961130727
251, 2245769, 782941, 309224, 308813, 782371, 31210, 31210, 4127934701
252, 2245854, 91353, 1013960, 1013618, 91043, 17940, 17940, 353853863
253, 2245015, 271826, 821730, 821400, 271495, 29282, 29282, 1304236918
259, 2247538, 365927, 731651, 731285, 365579, 26548, 26548, 1128598449
255, 2244566, 764833, 317570, 317141, 764426, 40298, 40298, 3415435859
254, 2246201, 1013294, 91614, 91304, 1012929, 18530, 18530, 2143525992
258, 2246824, 1076310, 21615, 21308, 1075639, 25976, 25976, 3162348505
257, 2246794, 732460, 358910, 358587, 732141, 32348, 32348, 3874522068
260, 2246823, 1090665, 15746, 15471, 1090251, 17345, 17345, 704974776
261, 2248037, 1045350, 59005, 58711, 1044805, 20083, 20083, 903404486
264, 2246624, 309047, 785423, 784770, 308612, 29386, 29386, 59178212
269, 2247274, 12836, 1092195, 1091438, 12561, 19122, 19122, 2708653385
263, 2246819, 1105666, 3560, 3261, 1105260, 14536, 14536, 23860798
265, 2246623, 105371, 994757, 994193, 105070, 23616, 23616, 2608467672
262, 2248050, 996207, 87408, 87120, 995463, 40926, 40926, 2802422061
270, 2243879, 5438, 1100815, 1100195, 5159, 16136, 16136, 3951161399
267, 2248183, 651486, 441255, 440830, 651080, 31766, 31766, 902331327
271, 2246926, 71779, 1030313, 1029694, 71468, 21836, 21836, 1670645335
266, 2244549, 1101087, 2831, 2531, 1100604, 18748, 18748, 446028258
272, 2248356, 104459, 993756, 993178, 104159, 26402, 26402, 2309440500
268, 2246170, 297439, 804226, 803856, 297145, 21752, 21752, 2602444630
273, 2248810, 213033, 890942, 890481, 212586, 20884, 20884, 1769795041
274, 2246643, 1078708, 28979, 28720, 1078040, 16098, 16098, 532107876
278, 2247457, 74720, 1031107, 1030666, 74410, 18277, 18277, 256529538
277, 2244680, 83030, 1016709, 1016352, 82733, 22928, 22928, 1732194042
275, 2248276, 1106789, 3000, 2716, 1106289, 14741, 14741, 2258965209
276, 2252573, 715014, 384797, 384419, 714723, 26810, 26810, 896307089
279, 2249437, 2555, 1106907, 1106579, 2314, 15541, 15541, 462868999
281, 2243214, 174639, 894238, 893831, 174316, 53095, 53095, 585759979
280, 2247358, 1102826, 5016, 4714, 1102116, 16343, 16343, 3183594688
282, 2246310, 1106562, 1718, 1439, 1106031, 15280, 15280, 195798192
285, 2247124, 34884, 1068808, 1068205, 34577, 20325, 20325, 1780121381
283, 2247148, 805930, 291534, 291200, 805536, 26474, 26474, 2141329022
284, 2248155, 1104661, 4961, 4671, 1104212, 14825, 14825, 2345937603
286, 2251186, 531242, 569500, 569188, 530832, 25212, 25212, 3100100170
287, 2245947, 30419, 1074266, 1073944, 30120, 18599, 18599, 1163410507
289, 2242229, 1085573, 17977, 17648, 1084957, 18037, 18037, 1028662615
291, 2247766, 1107616, 2140, 1860, 1107036, 14557, 14557, 4163883181
288, 2247329, 42260, 1052462, 1052001, 41964, 29321, 29321, 2994329597
295, 2249953, 1106954, 3883, 3616, 1106144, 14678, 14678, 10019011
290, 2247057, 681491, 409393, 409012, 681055, 33053, 33053, 3779974139
297, 2247263, 4524, 1100007, 1099184, 4228, 19660, 19660, 1837972254
296, 2249353, 1101517, 7538, 7263, 1101013, 16011, 16011, 862855368
293, 2245561, 614686, 484734, 484209, 614258, 23837, 23837, 2023824131
292, 2248403, 727121, 366674, 366323, 726831, 30727, 30727, 1052628737
294, 2248981, 909579, 191652, 191351, 909159, 23620, 23620, 1093224807
298, 2244987, 7893, 1099260, 1098760, 7610, 15732, 15732, 1091076909
299, 2246062, 141630, 959377, 958952, 141343, 22380, 22380, 2081067987
303, 2249445, 185215, 920149, 919713, 184876, 19746, 19746, 1984000534
300, 2249402, 729562, 370659, 370348, 729127, 24853, 24853, 3008438765
305, 2248454, 167513, 918493, 917996, 167282, 38585, 38585, 1238553174
304, 2245390, 686195, 394460, 394070, 685681, 42492, 42492, 3916111167
301, 2247579, 672621, 429359, 429033, 671920, 22323, 22323, 2671037578
306, 2252050, 1707, 1109772, 1109471, 1448, 14826, 14826, 3473625885
307, 2243471, 628169, 465928, 465506, 627654, 28107, 28107, 1402806395
309, 2247534, 462304, 635706, 635321, 462011, 26096, 26096, 1756277692
302, 2246760, 728410, 369095, 368825, 728000, 26215, 26215, 245012483
311, 2247522, 44069, 1052755, 1052263, 43755, 27340, 27340, 3553313465
308, 2249165, 1010212, 93912, 93531, 1009896, 20807, 20807, 924627155
310, 2249407, 897413, 207328, 207000, 897080, 20293, 20293, 2494574848
317, 2245784, 2228, 1105715, 1105150, 1955, 15368, 15368, 3793241415
313, 2248957, 1105331, 4132, 3850, 1104678, 15483, 15483, 1040720617
320, 2248735, 26615, 1081611, 1081077, 26334, 16549, 16549, 1546923458
312, 2247494, 744805, 354912, 354559, 744398, 24410, 24410, 3768259171
318, 2249376, 68254, 1032116, 1031608, 67986, 24706, 24706, 2949217311
314, 2245702, 1024143, 62556, 62242, 1023671, 36545, 36545, 312552191
315, 2247919, 1107947, 1801, 1539, 1107568, 14532, 14532, 251330235
319, 2246361, 1018373, 78014, 77708, 1017594, 27336, 27336, 1063105094
316, 2246304, 994112, 105307, 105009, 993758, 24059, 24059, 3318884227
323, 2248002, 166765, 936369, 935731, 166435, 21351, 21351, 3382879799
321, 2244723, 810148, 238996, 238556, 809699, 73662, 73662, 2906742465
324, 2248334, 25549, 1075972, 1075628, 25249, 22968, 22968, 881790421
326, 2247551, 2899, 1106410, 1105798, 2620, 14912, 14912, 1980781661
322, 2249213, 179440, 924356, 923895, 179116, 21203, 21203, 2731421461
327, 2244886, 82064, 1020315, 1019683, 81700, 20562, 20562, 3728015886
325, 2246956, 2427, 1103101, 1102473, 2163, 18396, 18396, 1552834498
330, 2247717, 4387, 1104205, 1103561, 4104, 15730, 15730, 3076254037
329, 2247699, 897908, 193762, 193369, 897400, 32630, 32630, 2606959726
328, 2247400, 1107198, 2286, 2005, 1106849, 14531, 14531, 439180802
333, 2246575, 3296, 1104896, 1104431, 3004, 15474, 15474, 3938683098
331, 2247482, 54599, 1042632, 1042251, 54280, 26860, 26860, 3636296525
332, 2244411, 1104114, 3616, 3299, 1103270, 15056, 15056, 725881433
335, 2247198, 412682, 682794, 682475, 412229, 28509, 28509, 2209999240
334, 2246567, 1032426, 43425, 43129, 1031883, 47852, 47852, 3683272939
340, 2245387, 456740, 640776, 640233, 456266, 25686, 25686, 4198065836
336, 2246051, 895635, 187691, 187332, 895337, 40028, 40028, 3858305278
338, 2244922, 951577, 148794, 148426, 951153, 22486, 22486, 1028666696
339, 2246576, 898505, 199779, 199463, 898099, 25365, 25365, 4250748332
337, 2249635, 831569, 255007, 254668, 831221, 38585, 38585, 765356514
341, 2247127, 1107388, 2301, 2028, 1106846, 14282, 14282, 3235030990
342, 2248201, 1089384, 12122, 11845, 1088786, 23032, 23032, 1200014012
344, 2248037, 2656, 1106702, 1106369, 2362, 14974, 14974, 2552396085
343, 2246686, 910307, 168214, 167862, 909899, 45202, 45202, 3139246177
350, 2245971, 3039, 1066605, 1066084, 2739, 53752, 53752, 1302109740
346, 2247689, 1106748, 2007, 1736, 1106176, 15511, 15511, 3189603809
351, 2246452, 2327, 1106645, 1105903, 2055, 14761, 14761, 537429321
347, 2246246, 533116, 549279, 548923, 532744, 41092, 41092, 2862892373
353, 2247446, 3336, 1103514, 1102662, 3052, 17441, 17441, 3054083908
345, 2246354, 904296, 200119, 199818, 903855, 19133, 19133, 1484631251
348, 2245223, 780681, 314757, 314354, 780263, 27584, 27584, 2012747363
349, 2248116, 1039995, 63349, 63068, 1039638, 21033, 21033, 2144348431
352, 2245466, 1104043, 3599, 3315, 1103673, 15418, 15418, 1659619914
357, 2244373, 2933, 1101690, 1101162, 2612, 17988, 17988, 284033098
355, 2247841, 1035956, 52115, 51802, 1035364, 36302, 36302, 3223192341
358, 2251289, 4665, 1100689, 1100154, 4401, 20690, 20690, 1087421505
354, 2244394, 948365, 150411, 150107, 947721, 23895, 23895, 198796596
361, 2249827, 27825, 1080535, 1079881, 27508, 17039, 17039, 3766774931
360, 2245127, 22953, 1080173, 1079821, 22666, 19757, 19757, 3141134172
359, 2250892, 962342, 142757, 142468, 961827, 20749, 20749, 4132320397
356, 2247660, 884104, 206697, 206389, 883734, 33368, 33368, 1988847360
362, 2248431, 12492, 1091321, 1090986, 12172, 20730, 20730, 3600385988
367, 2246678, 57061, 1047570, 1046844, 56711, 19246, 19246, 844022292
364, 2245268, 1009648, 95768, 95417, 1009011, 17712, 17712, 855666529
366, 2246241, 1103450, 5376, 5020, 1102777, 14809, 14809, 3067983789
369, 2246964, 28440, 1078365, 1077671, 28150, 17169, 17169, 3052949317
365, 2245728, 227774, 870435, 870072, 227423, 25012, 25012, 3999339728
363, 2243945, 602046, 488384, 488047, 601614, 31927, 31927, 2380168497
370, 2245878, 650381, 444693, 444199, 649961, 28322, 28322, 3387928754
368, 2246889, 336016, 747700, 747393, 335622, 40079, 40079, 1075322668
374, 2247238, 2245, 1100078, 1099555, 1986, 21687, 21687, 4229006904
376, 2246112, 52579, 1051049, 1050520, 52304, 19830, 19830, 1335259896
371, 2247298, 924341, 178880, 178581, 923896, 20800, 20800, 953512598
373, 2247700, 270352, 832185, 831874, 270067, 21611, 21611, 420774710
377, 2247316, 1031595, 73797, 73490, 1031130, 18652, 18652, 3023861633
372, 2248556, 1043250, 60034, 59716, 1042858, 21349, 21349, 1887586143
381, 2250537, 2986, 1107331, 1106886, 2720, 15307, 15307, 3493333046
379, 2247849, 867781, 215513, 215128, 867327, 41050, 41050, 2153385640
375, 2248726, 1055687, 48123, 47851, 1055399, 20833, 20833, 1345535074
378, 2248455, 436553, 656687, 656353, 436136, 31363, 31363, 1878172734
382, 2244991, 68415, 1035515, 1034890, 68139, 19016, 19016, 3978900169
380, 2249359, 558064, 541683, 541337, 557675, 25300, 25300, 2911364164
384, 2247657, 969119, 132564, 132280, 968474, 22610, 22610, 270033115
387, 2246243, 15282, 1071323, 1070771, 14961, 36953, 36953, 2151118916
383, 2249396, 991256, 116110, 115751, 990605, 17837, 17837, 4271116109
385, 2249735, 2788, 1105871, 1105379, 2533, 16582, 16582, 1977421719
388, 2243725, 27890, 1075303, 1074747, 27569, 19108, 19108, 949428514
390, 2250085, 240786, 854918, 854346, 240465, 29785, 29785, 772131339
389, 2245908, 801961, 298322, 297938, 801589, 23049, 23049, 2558568757
392, 2245703, 222827, 875905, 875445, 222492, 24517, 24517, 2762545811
386, 2247583, 1108067, 1963, 1677, 1107708, 14084, 14084, 163404742
394, 2247192, 5718, 1102808, 1102424, 5422, 15410, 15410, 2073388138
393, 2248223, 558659, 525071, 524729, 558280, 40742, 40742, 1186980214
391, 2247293, 838778, 261917, 261565, 838359, 23337, 23337, 586793446
396, 2246251, 168494, 921033, 920646, 168150, 33964, 33964, 637707006
398, 2247826, 20098, 1086345, 1085920, 19813, 17825, 17825, 3333447791
401, 2248147, 1679, 1107356, 1106774, 1422, 15458, 15458, 4243950763
395, 2248599, 725559, 373013, 372648, 725037, 26171, 26171, 1212341082
397, 2247552, 991427, 112634, 112351, 991034, 20053, 20053, 2417545234
403, 2246637, 351048, 749385, 748947, 350641, 23308, 23308, 1069953033
399, 2246247, 32013, 1073842, 1073546, 31712, 17567, 17567, 3342526725
400, 2244716, 893519, 179816, 179523, 893140, 49359, 49359, 2570774901
402, 2245671, 829476, 267953, 267606, 828844, 25896, 25896, 462442250
408, 2245199, 5206, 1066721, 1066081, 4943, 51124, 51124, 1344530252
404, 2243424, 423887, 656059, 655601, 423513, 42182, 42182, 1052241029
405, 2246494, 872110, 219042, 218717, 871725, 32450, 32450, 4093923183
407, 2247108, 980600, 123403, 123130, 980143, 19916, 19916, 2358546879
406, 2245089, 986883, 108086, 107788, 986544, 27894, 27894, 2531889943
411, 2247930, 2810, 1107472, 1106774, 2532, 14171, 14171, 809495974
409, 2245555, 819231, 272100, 271779, 818657, 31894, 31894, 2658657297
413, 2245554, 45340, 1059576, 1058872, 45036, 18365, 18365, 2459104061
414, 2246006, 1079942, 26714, 26397, 1079341, 16806, 16806, 33367445
415, 2247948, 250481, 844217, 843744, 250180, 29663, 29663, 1005076175
410, 2248363, 929282, 169060, 168781, 928858, 26191, 26191, 929864850
417, 2248493, 437686, 659608, 659111, 437234, 27427, 27427, 1178874424
412, 2248229, 1031315, 75012, 74728, 1030940, 18117, 18117, 3537861808
418, 2247669, 103396, 998237, 997672, 103122, 22621, 22621, 1959950779
420, 2246978, 2200, 1106069, 1105464, 1945, 15650, 15650, 2070287861
416, 2246827, 777193, 308237, 307934, 776833, 38315, 38315, 1296478653
419, 2249023, 2370, 1107199, 1106895, 2097, 15231, 15231, 2076391154
423, 2248955, 1107491, 2162, 1907, 1107085, 15155, 15155, 2900517838
422, 2246954, 420162, 673527, 673069, 419780, 30208, 30208, 201127526
421, 2247675, 703863, 392303, 391973, 703552, 27992, 27992, 2853529640
424, 2248670, 216219, 885300, 884964, 215841, 23173, 23173, 951420778
428, 2244156, 441244, 646444, 646058, 440864, 34773, 34773, 3683376086
427, 2247259, 814060, 262477, 262104, 813594, 47512, 47512, 3715396890
425, 2245220, 995151, 106538, 106168, 994767, 21298, 21298, 1229876376
429, 2246603, 1059561, 42550, 42212, 1058964, 21658, 21658, 2613610067
426, 2247833, 802842, 283630, 283311, 802466, 37792, 37792, 1221643524
432, 2247666, 5975, 1101724, 1101317, 5670, 16490, 16490, 1115823324
431, 2247683, 288056, 755853, 755517, 287605, 80326, 80326, 1589274041
436, 2244933, 3269, 1105015, 1104291, 2964, 14697, 14697, 3452238661
430, 2246320, 1019090, 82461, 82204, 1018655, 21955, 21955, 4152869502
434, 2244787, 1101505, 5848, 5553, 1100989, 15446, 15446, 2258410568
437, 2248755, 2382, 1108450, 1107988, 2089, 13923, 13923, 2122528753
433, 2246321, 1095817, 11950, 11677, 1095163, 15857, 15857, 1005740540
438, 2247878, 120205, 986918, 986170, 119927, 17329, 17329, 4034916208
435, 2249328, 473887, 626236, 625877, 473584, 24872, 24872, 2289764578
440, 2247509, 1035235, 60218, 59959, 1034755, 28671, 28671, 3805516727
442, 2246274, 23620, 1077879, 1077488, 23327, 21980, 21980, 1084100325
439, 2244869, 911648, 166924, 166524, 911249, 44262, 44262, 4204966615
441, 2248009, 1108747, 1745, 1466, 1108427, 13812, 13812, 2049527052
444, 2246276, 51234, 1054973, 1054426, 50903, 17370, 17370, 3305303506
446, 2247526, 159227, 901901, 901455, 158867, 63038, 63038, 2772607498
443, 2249711, 1055461, 53197, 52929, 1054788, 16668, 16668, 2541842538
445, 2247515, 14865, 1092887, 1092406, 14593, 16382, 16382, 4102499607
449, 2247964, 357436, 739851, 739243, 357060, 27187, 27187, 2387378988
448, 2248056, 243319, 767906, 767428, 242991, 113206, 113206, 2632195304
447, 2248200, 7576, 1102165, 1101869, 7280, 14655, 14655, 3884031
453, 2245916, 318698, 782863, 782420, 318251, 21842, 21842, 4053769758
455, 2248307, 24339, 1076461, 1075956, 24085, 23733, 23733, 908233481
450, 2247018, 1080845, 20473, 20172, 1080404, 22562, 22562, 1686476083
454, 2249788, 1035510, 72397, 72162, 1035123, 17298, 17298, 3593428049
452, 2246622, 626079, 475752, 475416, 625669, 21853, 21853, 2624336182
451, 2244300, 868369, 228661, 228318, 867952, 25500, 25500, 65045382
456, 2245221, 427440, 668499, 668051, 427079, 27076, 27076, 1826477470
457, 2245995, 245704, 849407, 849031, 245427, 28213, 28213, 3255290090
458, 2247276, 477927, 621057, 620554, 477458, 25140, 25140, 2710453826
460, 2246120, 87122, 1017769, 1017354, 86807, 18534, 18534, 3675357297
459, 2246473, 1103066, 3266, 2960, 1102671, 17255, 17255, 3740782753
461, 2248171, 819022, 251202, 250869, 818646, 54216, 54216, 3147868515
462, 2249153, 1108930, 2210, 1965, 1108372, 13838, 13838, 1308058733
467, 2249265, 2221, 1109092, 1108597, 1953, 13701, 13701, 2533040529
463, 2246375, 778590, 314641, 314251, 778051, 30421, 30421, 491356340
464, 2249395, 4177, 1101582, 1101276, 3912, 19224, 19224, 4004211094
466, 2246493, 1103548, 5901, 5590, 1102980, 14237, 14237, 1594001310
465, 2243881, 15368, 1091573, 1091250, 15070, 15310, 15310, 844512664
468, 2246222, 528113, 569566, 569136, 527687, 25860, 25860, 477947581
469, 2245686, 779245, 316115, 315776, 778748, 27901, 27901, 267011105
471, 2246549, 1102126, 4230, 3952, 1101513, 17364, 17364, 1869661464
470, 2247817, 948806, 155642, 155292, 948467, 19805, 19805, 4277927745
472, 2251566, 1045956, 62487, 62201, 1045684, 17619, 17619, 2666874689
473, 2246894, 859325, 223264, 222924, 859021, 41180, 41180, 334241857
474, 2246869, 1093183, 14864, 14583, 1092475, 15882, 15882, 3011238223
475, 2247185, 500207, 592563, 592183, 499706, 31263, 31263, 3088721472
476, 2245606, 1100558, 5099, 4781, 1099878, 17645, 17645, 4173577636
477, 2248035, 1095954, 11598, 11327, 1095566, 16795, 16795, 3668037609
478, 2248574, 139995, 964777, 964429, 139701, 19836, 19836, 396131182
479, 2249654, 1076742, 31930, 31670, 1076326, 16493, 16493, 1026557268
482, 2246768, 13754, 1089994, 1089339, 13443, 20119, 20119, 1276622183
481, 2243909, 412193, 676510, 676075, 411761, 33685, 33685, 3494192146
480, 2247977, 1107469, 2603, 2346, 1107051, 14254, 14254, 1983479181
485, 2245675, 255542, 826593, 826129, 255159, 41126, 41126, 63912048
486, 2246692, 1095290, 11399, 11094, 1094677, 17116, 17116, 2707773994
483, 2248050, 24318, 1079260, 1078867, 24021, 20792, 20792, 627062124
487, 2250950, 1037165, 72572, 72298, 1036715, 16100, 16100, 2322569346
484, 2245419, 952959, 139192, 138851, 952497, 30960, 30960, 4124133214
492, 2243968, 342402, 752660, 752232, 342072, 27301, 27301, 167231262
490, 2247448, 440775, 658372, 657981, 440428, 24946, 24946, 3952175532
489, 2246879, 1098093, 8499, 8197, 1097604, 17243, 17243, 765366549
488, 2247577, 1012218, 94378, 94086, 1011937, 17479, 17479, 607364420
491, 2248408, 971310, 131889, 131523, 970680, 21503, 21503, 731518814
493, 2247716, 1031863, 74593, 74292, 1031382, 17793, 17793, 3851202250
495, 2245850, 20974, 1083894, 1083530, 20634, 18409, 18409, 4201845457
496, 2248431, 1106555, 3693, 3370, 1105797, 14508, 14508, 1938992884
500, 2246267, 12171, 1090362, 1089741, 11887, 21053, 21053, 2439695577
494, 2248899, 1055117, 51658, 51394, 1054870, 17930, 17930, 4242517294
497, 2245291, 1103933, 3042, 2755, 1103483, 16039, 16039, 3026172097
499, 2246299, 905061, 197148, 196784, 904466, 21420, 21420, 674929050
502, 2246331, 1034242, 49471, 49128, 1033818, 39836, 39836, 2121224813
498, 2248838, 979382, 121341, 120989, 978908, 24109, 24109, 2094302129
501, 2247566, 935855, 158165, 157871, 935213, 30231, 30231, 550981387
507, 2243985, 10576, 1095174, 1094624, 10291, 16660, 16660, 3076194643
506, 2243985, 325501, 768526, 767864, 325148, 28473, 28473, 866416506
503, 2249371, 1070505, 36771, 36476, 1070077, 17771, 17771, 3042936224
509, 2247846, 3261, 1105726, 1104928, 3001, 15465, 15465, 2056508368
504, 2248071, 918873, 175909, 175593, 918562, 29567, 29567, 3874366281
505, 2247598, 418167, 674257, 673958, 417854, 31681, 31681, 2456276446
513, 2248130, 2395, 1106342, 1105915, 2100, 15689, 15689, 1383650958
508, 2244025, 658484, 437416, 437043, 658128, 26477, 26477, 632137911
512, 2248485, 136683, 965657, 965240, 136395, 22255, 22255, 4294075128
510, 2247422, 653762, 435489, 435139, 653428, 34802, 34802, 2774873114
511, 2246740, 940956, 162547, 162222, 940571, 20222, 20222, 1748215212
520, 2247727, 39748, 1067660, 1066811, 39458, 17025, 17025, 657199293
516, 2252132, 3377, 1109020, 1108540, 3115, 14040, 14040, 4158322203
517, 2247017, 1079171, 27509, 27213, 1078736, 17194, 17194, 2707981198
518, 2246359, 320588, 756039, 755516, 320186, 47015, 47015, 793500630
519, 2246912, 743398, 349231, 348831, 742904, 31274, 31274, 3029441158
515, 2247493, 895332, 207403, 207060, 894842, 21428, 21428, 923486199
514, 2247607, 470095, 626719, 626328, 469791, 27337, 27337, 2852348046
521, 2247628, 91521, 1014120, 1013511, 91224, 18626, 18626, 1460615661
524, 2248167, 108159, 990288, 989747, 107855, 26059, 26059, 1454971711
523, 2246855, 1058108, 46928, 46639, 1057464, 18858, 18858, 3556430584
526, 2245978, 2816, 1105257, 1104628, 2549, 15364, 15364, 4269063609
525, 2246279, 1063513, 41019, 40748, 1063107, 18946, 18946, 2246977588
529, 2249414, 72928, 1033853, 1033220, 72669, 18372, 18372, 3856806000
530, 2241867, 79300, 943887, 943176, 78972, 98266, 98266, 603800472
531, 2243465, 2626, 1101414, 1100684, 2325, 18208, 18208, 2021052266
522, 2247067, 926566, 171931, 171617, 926097, 25428, 25428, 2133282741
528, 2244785, 1104401, 2053, 1760, 1104027, 16272, 16272, 291184439
532, 2246691, 1102157, 3491, 3206, 1101647, 18095, 18095, 536837818
527, 2248212, 1041421, 55899, 55598, 1040784, 27255, 27255, 3995877697
534, 2246449, 3931, 1104144, 1103513, 3643, 15609, 15609, 243734578
533, 2244394, 581800, 512944, 512569, 581223, 27929, 27929, 4017531553
536, 2246128, 65884, 1039258, 1038664, 65574, 18374, 18374, 2125113489
539, 2246778, 96666, 1002591, 1002193, 96412, 24458, 24458, 2970721723
537, 2246084, 166532, 904138, 903761, 166159, 52747, 52747, 2151752143
535, 2246697, 1021960, 77942, 77602, 1021483, 23855, 23855, 3179529310
541, 2245721, 162573, 936528, 936219, 162241, 24080, 24080, 1719392630
538, 2245247, 866197, 219233, 218895, 865794, 37564, 37564, 2738298560
544, 2247383, 52900, 1038001, 1037557, 52603, 33161, 33161, 2057576321
540, 2246852, 721886, 342439, 342022, 721339, 59583, 59583, 1810840373
543, 2247379, 1020871, 85755, 85465, 1020260, 17514, 17514, 3209219047
542, 2246376, 728817, 349367, 348997, 728535, 45330, 45330, 4056181963
548, 2246708, 106007, 998561, 997860, 105694, 19293, 19293, 1077411543
545, 2248181, 969520, 134847, 134573, 969151, 20045, 20045, 3713134151
552, 2248588, 4251, 1104536, 1103941, 3946, 15957, 15957, 1010075938
546, 2246682, 974719, 125631, 125258, 974056, 23509, 23509, 3338105855
554, 2248238, 1929, 1108009, 1107490, 1646, 14582, 14582, 2971775378
550, 2247050, 61798, 1042476, 1042056, 61482, 19619, 19619, 1224043969
549, 2248421, 151219, 950451, 950032, 150797, 22961, 22961, 271193422
547, 2248393, 18488, 1086481, 1086171, 18201, 19526, 19526, 274378546
553, 2248927, 422140, 675280, 674855, 421782, 27435, 27435, 2250989841
555, 2246992, 1102002, 6202, 5892, 1101452, 15722, 15722, 3957425907
558, 2248948, 3258, 1106776, 1106254, 2992, 14834, 14834, 2649727954
557, 2245182, 1106555, 2769, 2489, 1105721, 13824, 13824, 2604038040
556, 2245589, 184279, 914737, 914439, 183946, 24094, 24094, 2696731179
559, 2245612, 2121, 1104534, 1103909, 1862, 16593, 16593, 1722020876
551, 2248498, 1049388, 3520, 3230, 1048934, 71713, 71713, 1710746051
561, 2245784, 235541, 852987, 852515, 235193, 34774, 34774, 3726145479
560, 2247684, 375573, 725641, 725310, 375254, 22953, 22953, 186545859
568, 2244952, 2752, 1091730, 1091095, 2429, 28473, 28473, 1953735584
563, 2248127, 1104484, 3339, 3065, 1103795, 16722, 16722, 1578513378
562, 2248379, 916055, 149704, 149403, 915601, 58808, 58808, 805289593
567, 2249447, 28593, 1079025, 1078551, 28290, 17494, 17494, 1849640435
564, 2248330, 679778, 417577, 417201, 679492, 27141, 27141, 2308920262
566, 2247838, 1057823, 48239, 47906, 1057284, 18293, 18293, 379678730
565, 2245595, 1092223, 7030, 6707, 1091897, 23869, 23869, 444233382
571, 2246768, 1106850, 2739, 2481, 1106146, 14276, 14276, 449547946
570, 2245774, 856684, 233586, 233209, 855933, 33181, 33181, 973051829
572, 2246315, 1106638, 2444, 2169, 1105986, 14539, 14539, 2639132364
569, 2247121, 629985, 461716, 461419, 629593, 32204, 32204, 1534950206
573, 2248432, 2418, 1106557, 1106233, 2150, 15537, 15537, 2086836261
578, 2248758, 574313, 527407, 526946, 573860, 23116, 23116, 2208427347
574, 2246607, 1100554, 6269, 6004, 1100078, 16851, 16851, 2606617585
576, 2249090, 988752, 116410, 116073, 988331, 19762, 19762, 377500995
580, 2249357, 253662, 848446, 847920, 253311, 23009, 23009, 1038186770
577, 2248420, 42292, 1062023, 1061680, 41963, 20231, 20231, 1023139210
579, 2249004, 1107532, 2820, 2540, 1107072, 14520, 14520, 1534450822
575, 2245886, 162361, 938571, 938219, 162031, 22352, 22352, 277032049
581, 2246088, 1697, 749337, 748989, 1425, 372320, 372320, 1389335416
583, 2247579, 1102909, 5945, 5640, 1102081, 15502, 15502, 297728680
584, 2248912, 1063577, 37985, 37728, 1063166, 23228, 23228, 1040089090
585, 2249015, 486535, 577978, 577376, 486234, 60446, 60446, 422152884
582, 2246998, 928122, 173516, 173229, 927759, 22186, 22186, 3574764134
587, 2245501, 143518, 955645, 955246, 143196, 23948, 23948, 863102526
586, 2248489, 1107676, 2865, 2594, 1107228, 14063, 14063, 4042463979
589, 2248739, 453812, 638316, 637842, 453487, 32641, 32641, 1165934948
594, 2245530, 14033, 1093903, 1093119, 13723, 15376, 15376, 6912745
588, 2247025, 712303, 374928, 374647, 712007, 36570, 36570, 191760776
591, 2247957, 708848, 391116, 390854, 708451, 24344, 24344, 3214859224
595, 2246664, 26516, 1081430, 1080831, 26223, 15832, 15832, 1496060347
590, 2244958, 1104259, 2652, 2383, 1103736, 15964, 15964, 1223224318
593, 2245862, 440308, 654786, 654376, 439894, 28249, 28249, 1702456846
592, 2247827, 889653, 208844, 208455, 889233, 25821, 25821, 1938646072
597, 2245744, 482971, 613859, 613394, 482590, 26465, 26465, 2827620252
600, 2247223, 1971, 1106454, 1106000, 1700, 15549, 15549, 2770699343
598, 2250400, 228109, 877005, 876593, 227789, 20452, 20452, 1471077169
596, 2248539, 920397, 184821, 184489, 920022, 19405, 19405, 3985810237
599, 2247017, 1101884, 6949, 6652, 1101218, 15157, 15157, 1543925455
601, 2245832, 810489, 292766, 292363, 810140, 20037, 20037, 2109841579
606, 2248419, 291888, 785977, 785487, 291495, 46786, 46786, 1317685018
602, 2247512, 998918, 104718, 104435, 998517, 20462, 20462, 159063696
603, 2247448, 1028640, 66882, 66492, 1028292, 28571, 28571, 2229375947
605, 2249539, 1024439, 81371, 81068, 1024169, 19246, 19246, 986882014
610, 2246525, 8237, 1098464, 1097733, 7923, 17084, 17084, 1875892075
604, 2250348, 1108301, 2705, 2423, 1107945, 14487, 14487, 2559145499
608, 2245505, 575370, 520989, 520547, 574999, 26800, 26800, 304627851
607, 2247624, 668268, 399203, 398786, 667869, 56749, 56749, 2114912808
609, 2247898, 576809, 524768, 524267, 576264, 22895, 22895, 2638648727
612, 2245762, 268057, 824184, 823796, 267743, 30991, 30991, 1395641099
611, 2245057, 962315, 138955, 138606, 961837, 21672, 21672, 2509646358
613, 2248922, 1108451, 2553, 2282, 1107852, 13892, 13892, 844987682
615, 2248644, 1095114, 11735, 11444, 1094563, 17894, 17894, 2486858416
618, 2246013, 1093041, 9373, 9110, 1092323, 21083, 21083, 2680225772
614, 2245772, 464573, 635288, 634865, 464174, 23436, 23436, 1283439188
616, 2246474, 1098553, 7493, 7190, 1098130, 17554, 17554, 4215744783
620, 2246924, 5205, 1102669, 1102157, 4899, 15997, 15997, 277237345
619, 2249733, 1045972, 55939, 55603, 1045459, 23380, 23380, 3478282509
621, 2248521, 1104081, 5364, 5055, 1103659, 15181, 15181, 3855011766
617, 2246384, 602430, 494742, 494418, 602112, 26341, 26341, 1518259903
626, 2249527, 16004, 1089651, 1088982, 15726, 19582, 19582, 2796163903
625, 2246279, 1997, 1105464, 1104624, 1748, 16223, 16223, 1325092558
627, 2246908, 41992, 1064204, 1063580, 41702, 17715, 17715, 4020457502
624, 2246107, 22233, 1081814, 1081484, 21910, 19333, 19333, 2996155152
622, 2247246, 533965, 565678, 565399, 533688, 24258, 24258, 56838494
623, 2247550, 1089907, 15586, 15313, 1089508, 18618, 18618, 3498873070
631, 2248334, 777288, 303566, 303232, 776730, 43759, 43759, 505645296
628, 2246671, 1106205, 2961, 2682, 1105607, 14608, 14608, 1851856507
629, 2246717, 902965, 197670, 197298, 902096, 23344, 23344, 4205374684
633, 2246151, 3233, 1104643, 1104184, 2933, 15579, 15579, 554438725
630, 2245261, 168628, 609498, 609130, 168273, 344866, 344866, 3327598982
632, 2245830, 112296, 988586, 987910, 111972, 22533, 22533, 1334935401
637, 2245887, 8907, 1097149, 1096319, 8594, 17459, 17459, 4154605744
634, 2248478, 134561, 962924, 962498, 134247, 27124, 27124, 3509649197
636, 2247717, 284257, 815920, 815458, 283836, 24123, 24123, 4243688774
635, 2245761, 235808, 864227, 863694, 235432, 23300, 23300, 694418942
641, 2245695, 1056373, 49223, 48893, 1055762, 17722, 17722, 177843136
638, 2248717, 624188, 474539, 474159, 623843, 25994, 25994, 3686194131
639, 2243530, 469249, 631818, 631456, 468741, 21133, 21133, 787398515
647, 2245144, 2628, 1104069, 1103519, 2338, 16295, 16295, 739383635
642, 2247591, 5405, 1100918, 1100481, 5127, 17830, 17830, 3622223579
645, 2247512, 18118, 1089524, 1088888, 17792, 16595, 16595, 2096951367
640, 2247055, 624919, 467817, 467436, 624571, 31156, 31156, 2203688933
643, 2245019, 21894, 1083365, 1083015, 21607, 17569, 17569, 3765705929
646, 2246223, 1097992, 3938, 3645, 1097474, 21587, 21587, 137046003
648, 2248887, 1104971, 2349, 2095, 1104436, 17518, 17518, 2853209185
644, 2248216, 726419, 343440, 343090, 725995, 54636, 54636, 1544937233
649, 2247803, 1036317, 29374, 29064, 1035810, 58619, 58619, 3821264558
652, 2247654, 69458, 1033927, 1033315, 69178, 20888, 20888, 2907671807
656, 2247493, 7340, 1102096, 1101485, 7030, 14771, 14771, 1823935049
650, 2246101, 701957, 372332, 371916, 701426, 49235, 49235, 3683896174
653, 2245554, 3819, 864697, 864136, 3508, 254697, 254697, 3001453268
654, 2245711, 146236, 955876, 955251, 145876, 21236, 21236, 1669273065
651, 2244455, 943998, 158519, 158208, 943576, 20077, 20077, 3661396372
657, 2247897, 1091599, 17816, 17550, 1090878, 15027, 15027, 3277413506
658, 2248368, 511478, 589800, 589393, 511125, 23286, 23286, 2207316340
655, 2246655, 1099237, 7546, 7253, 1098723, 16948, 16948, 695876744
659, 2247550, 1103182, 3470, 3174, 1102390, 17667, 17667, 2999509053
660, 2245559, 1102509, 4754, 4470, 1102090, 15868, 15868, 3094791535
661, 2246429, 1094869, 13397, 13112, 1094363, 15344, 15344, 3415267205
665, 2248463, 1103423, 4335, 4072, 1103029, 16802, 16802, 4012766979
664, 2248374, 676528, 423087, 422705, 676050, 25002, 25002, 1471339770
668, 2250617, 12079, 1095052, 1094584, 11774, 18564, 18564, 3073823016
667, 2248139, 104402, 1000086, 999641, 104096, 19957, 19957, 2169367899
663, 2249472, 554350, 534761, 534362, 554071, 35964, 35964, 1044038248
662, 2247516, 1103343, 4571, 4287, 1102901, 16207, 16207, 1246117590
666, 2249314, 1094112, 14775, 14501, 1093810, 16058, 16058, 298835561
669, 2248122, 624430, 464368, 464082, 623992, 35625, 35625, 1969385050
671, 2246791, 1100572, 7502, 7248, 1100001, 15734, 15734, 2096040371
670, 2249659, 1081109, 28714, 28433, 1080609, 15397, 15397, 817492708
672, 2246600, 87615, 1017330, 1016933, 87262, 18730, 18730, 2342474513
675, 2243011, 65033, 1031502, 1031081, 64705, 25345, 25345, 505600191
678, 2248054, 38767, 1066399, 1065814, 38508, 19283, 19283, 3935375135
679, 2246789, 18194, 1089953, 1089486, 17892, 15632, 15632, 2447397540
674, 2244504, 952528, 128439, 128086, 951797, 41827, 41827, 684332550
676, 2249459, 1048588, 58792, 58487, 1047984, 17804, 17804, 474797033
677, 2246482, 600935, 498547, 498252, 600436, 24156, 24156, 232913117
673, 2246361, 987712, 112225, 111961, 987259, 23602, 23602, 2625466484
686, 2247150, 5032, 1103350, 1102683, 4735, 15675, 15675, 2303746962
684, 2248112, 14094, 1094137, 1093502, 13811, 16284, 16284, 3659577687
683, 2247119, 34748, 1068870, 1068327, 34432, 20371, 20371, 2637092506
681, 2246361, 476751, 621480, 621191, 476409, 25265, 25265, 3104387088
680, 2247284, 881821, 149164, 148856, 881451, 92996, 92996, 1099894993
682, 2247607, 538303, 560431, 560116, 537911, 25423, 25423, 504514467
685, 2246601, 2158, 1103172, 1102832, 1887, 18276, 18276, 3868399632
687, 2246910, 36041, 1068511, 1068190, 35768, 19200, 19200, 2403163877
688, 2250338, 20690, 1086180, 1085889, 20439, 18570, 18570, 4157449288
689, 2248239, 974558, 129861, 129564, 973948, 20154, 20154, 4099688136
692, 2247134, 5769, 1102157, 1101753, 5461, 15997, 15997, 2116023926
690, 2243526, 990665, 105308, 105018, 990075, 26230, 26230, 1219530040
696, 2245775, 14491, 1091740, 1091228, 14166, 17075, 17075, 3128333945
691, 2247318, 640321, 455890, 455453, 639780, 27937, 27937, 3839553025
694, 2244534, 147156, 954394, 953980, 146848, 21078, 21078, 148948074
693, 2247216, 735080, 355984, 355629, 734673, 32925, 32925, 3079258240
695, 2246491, 1103081, 5249, 4980, 1102409, 15386, 15386, 839418986
698, 2245763, 1102770, 3347, 3032, 1102228, 17193, 17193, 2172806683
699, 2246708, 1102886, 5001, 4722, 1102391, 15854, 15854, 2797871674
702, 2248623, 3576, 1106006, 1105202, 3265, 15287, 15287, 3455961056
697, 2245656, 43556, 1061770, 1061427, 43285, 17809, 17809, 3791642881
701, 2244002, 1102333, 3017, 2696, 1101900, 17028, 17028, 1615424531
703, 2247545, 539995, 558078, 557571, 539567, 26167, 26167, 1357160658
707, 2248994, 1944, 1107618, 1106872, 1698, 15431, 15431, 2157517175
700, 2246931, 1106107, 2654, 2375, 1105679, 15058, 15058, 2897106829
711, 2246564, 1746, 1107685, 1106849, 1468, 14408, 14408, 1584040212
706, 2248433, 98233, 1006741, 1006133, 97918, 19704, 19704, 2794872973
705, 2248550, 1106309, 2442, 2191, 1105916, 15846, 15846, 576351399
708, 2246046, 132116, 972262, 971853, 131787, 19014, 19014, 2429339264
704, 2246491, 931115, 172703, 172387, 930652, 19817, 19817, 92541526
712, 2248519, 1090928, 17815, 17475, 1090303, 15999, 15999, 333853358
710, 2248060, 1016890, 85081, 84804, 1016325, 22480, 22480, 1811327092
709, 2247872, 615172, 473758, 473405, 614763, 35387, 35387, 3797751141
713, 2249985, 282404, 816523, 816006, 281986, 26533, 26533, 422317267
714, 2249144, 22007, 1073690, 1073197, 21758, 29246, 29246, 1844813763
717, 2245985, 2815, 1105769, 1105426, 2547, 14714, 14714, 3609979071
719, 2246936, 5489, 1102286, 1101723, 5198, 16120, 16120, 2479409339
718, 2247571, 9681, 1095354, 1094967, 9397, 19086, 19086, 2162259873
716, 2249048, 961759, 135254, 134896, 961409, 27865, 27865, 2731253148
715, 2248869, 895190, 201771, 201452, 894670, 27893, 27893, 779983072
721, 2247339, 2196, 1107458, 1106963, 1900, 14411, 14411, 594967235
723, 2248821, 15150, 1070604, 1070209, 14862, 38998, 38998, 3532432060
722, 2248981, 287433, 813333, 812939, 287048, 24114, 24114, 1252926031
720, 2248464, 870101, 221300, 220929, 869706, 33214, 33214, 119548242
724, 2247041, 1105205, 3432, 3132, 1104756, 15258, 15258, 1721791402
728, 2246679, 25767, 1075225, 1074603, 25454, 22815, 22815, 3469616003
725, 2246791, 12052, 1089973, 1089604, 11780, 21691, 21691, 2757799651
729, 2248748, 1104623, 3428, 3151, 1104134, 16706, 16706, 1853025993
727, 2244481, 233402, 854323, 853861, 233033, 34931, 34931, 3180326068
726, 2243643, 1075071, 28790, 28464, 1074748, 18285, 18285, 3051239974
730, 2245398, 118887, 966579, 966184, 118476, 37636, 37636, 287953898
732, 2247595, 9330, 1095278, 1094610, 9035, 19671, 19671, 2625226779
733, 2248305, 10239, 1099228, 1098729, 9999, 15055, 15055, 653724351
731, 2244256, 292814, 804346, 803833, 292487, 25388, 25388, 4082593542
735, 2248103, 38110, 1069544, 1068878, 37811, 16880, 16880, 2493289187
739, 2249090, 93861, 1009584, 1008935, 93542, 21584, 21584, 2950428947
738, 2246630, 1105690, 2825, 2519, 1105268, 15164, 15164, 3969411229
734, 2248272, 1070322, 36500, 36213, 1069933, 17652, 17652, 302723714
737, 2247644, 481968, 608551, 608131, 481646, 33674, 33674, 2654384711
736, 2249770, 1107589, 2394, 2093, 1107264, 15215, 15215, 1921852061
740, 2248223, 1040457, 66001, 65694, 1039921, 18075, 18075, 3895734179
741, 2244586, 1030570, 70228, 69912, 1030114, 21881, 21881, 1575876505
742, 2244562, 1104767, 2391, 2103, 1104083, 15609, 15609, 376963260
743, 2246677, 724581, 370156, 369850, 724178, 28956, 28956, 2823725930
744, 2246536, 1106719, 1984, 1713, 1106380, 14870, 14870, 1629499403
745, 2245933, 469195, 156625, 156297, 468874, 497471, 497471, 1188245710
746, 2248511, 16661, 1093151, 1092676, 16391, 14816, 14816, 2122522149
749, 2250405, 464690, 625638, 625293, 464352, 35216, 35216, 3237279980
748, 2246297, 660958, 439313, 438929, 660421, 23338, 23338, 1498383219
747, 2249985, 903357, 197812, 197420, 902856, 24270, 24270, 568645225
752, 2247153, 118455, 980539, 979977, 118136, 25023, 25023, 2265427252
751, 2247328, 1108013, 2222, 1964, 1107281, 13924, 13924, 688081253
750, 2246603, 231878, 842913, 842591, 231603, 48809, 48809, 516526922
754, 2248223, 1095172, 12313, 12046, 1094682, 17005, 17005, 3541032062
756, 2246452, 19476, 1076827, 1076155, 19162, 27416, 27416, 1965449713
753, 2248596, 442365, 624670, 624258, 442033, 57635, 57635, 2604926899
757, 2249633, 353202, 747540, 747082, 352833, 24488, 24488, 1590635741
755, 2247876, 1106443, 2473, 2221, 1106051, 15344, 15344, 3160125971
758, 2247307, 420726, 674081, 673698, 420402, 29200, 29200, 2263306086
762, 2248853, 42968, 1064514, 1064087, 42696, 17294, 17294, 1934162170
761, 2245217, 23457, 1078936, 1078617, 23177, 20515, 20515, 862077145
760, 2247874, 1105704, 3335, 3012, 1105175, 15324, 15324, 1619003790
763, 2250470, 542025, 554798, 554442, 541617, 28794, 28794, 242126613
764, 2248703, 135864, 930088, 929667, 135518, 58783, 58783, 322915188
759, 2247467, 1034864, 66491, 66168, 1034574, 22685, 22685, 3371685658
767, 2247746, 84927, 1018426, 1017961, 84578, 20927, 20927, 1816461506
769, 2247137, 98475, 1006553, 1006153, 98166, 18895, 18895, 3940239709
765, 2246011, 1104188, 4417, 4122, 1103690, 14797, 14797, 3331309897
766, 2246146, 1106096, 2719, 2433, 1105636, 14631, 14631, 1750965127
768, 2248144, 256896, 845465, 845015, 256594, 22087, 22087, 1295512915
772, 2247218, 8063, 1101443, 1100875, 7799, 14519, 14519, 2346910950
770, 2246809, 2481, 1104335, 1103978, 2201, 16907, 16907, 1419679168
774, 2249080, 6647, 1103657, 1103109, 6357, 14655, 14655, 923128404
773, 2247778, 266907, 829997, 829433, 266551, 27445, 27445, 747396534
771, 2246581, 193978, 903946, 903638, 193647, 25686, 25686, 1186437625
776, 2242693, 727835, 360197, 359765, 727368, 33764, 33764, 1369101842
775, 2245882, 991953, 112244, 111913, 991466, 19153, 19153, 2464149245
778, 2247541, 252387, 849562, 849215, 252045, 22166, 22166, 1753282409
779, 2250277, 1104234, 7023, 6757, 1103747, 14258, 14258, 2634261878
777, 2246877, 793023, 287212, 286874, 792446, 43661, 43661, 4233305805
780, 2246872, 455470, 642582, 642256, 454950, 25807, 25807, 4159820250
781, 2250867, 901195, 206216, 205848, 900854, 18377, 18377, 1113405096
782, 2244425, 1103203, 2526, 2268, 1102846, 16791, 16791, 4253774199
783, 2250161, 835487, 260262, 259954, 835106, 29676, 29676, 2796196113
784, 2250039, 2309, 1104297, 1103978, 2031, 18712, 18712, 3980542090
789, 2246738, 28150, 1072793, 1072100, 27829, 22933, 22933, 2655908635
788, 2247327, 1101277, 5787, 5495, 1100714, 17027, 17027, 565097740
791, 2245330, 314994, 780990, 780461, 314619, 27133, 27133, 1540269107
785, 2247823, 995900, 110649, 110344, 995446, 17742, 17742, 2517414064
787, 2249144, 1107059, 2534, 2235, 1106542, 15387, 15387, 1805308374
792, 2247295, 492518, 603726, 603385, 492030, 27818, 27818, 3409483936
790, 2247380, 991798, 112017, 111758, 991423, 20192, 20192, 4089827091
786, 2243749, 1087491, 18901, 18581, 1086626, 16075, 16075, 656859485
794, 2248134, 219027, 887560, 887111, 218730, 17853, 17853, 4098681685
795, 2247712, 47834, 1054974, 1054583, 47503, 21409, 21409, 2696203495
793, 2246840, 654371, 441722, 441348, 653973, 27713, 27713, 266769722
796, 2247897, 6403, 1101983, 1101611, 6134, 15883, 15883, 1441605199
797, 2247763, 1062601, 45717, 45421, 1062046, 15989, 15989, 1016400296
800, 2247848, 1092855, 15987, 15657, 1092253, 15548, 15548, 3765917217
802, 2247035, 69595, 1035514, 1034909, 69309, 18854, 18854, 864441359
801, 2247340, 149859, 940544, 939989, 149554, 33697, 33697, 3052107980
798, 2247115, 1072547, 33198, 32912, 1072146, 18156, 18156, 2358622088
799, 2248071, 941523, 160378, 160064, 941074, 22516, 22516, 2464911526
804, 2244358, 277694, 818426, 817781, 277305, 26576, 26576, 2850226056
805, 2245693, 35584, 1068944, 1068325, 35264, 18788, 18788, 2454863403
803, 2246662, 690730, 410391, 410013, 690438, 22545, 22545, 1611763199
806, 2248326, 477024, 615714, 615201, 476693, 31847, 31847, 327104504
809, 2248468, 44009, 1055895, 1055274, 43734, 24778, 24778, 2088611736
807, 2245162, 676205, 418444, 418122, 675765, 28313, 28313, 389723286
811, 2246378, 5919, 1099858, 1099118, 5637, 17923, 17923, 372366533
813, 2246796, 10976, 1043787, 1043392, 10699, 68971, 68971, 1328380867
814, 2247726, 32244, 1074235, 1073670, 31975, 17801, 17801, 2214570216
808, 2247350, 911084, 193468, 193161, 910731, 19453, 19453, 2203535652
810, 2246760, 321141, 764240, 763752, 320849, 38389, 38389, 438128148
812, 2246437, 1102357, 5922, 5617, 1101891, 15325, 15325, 3027457440
819, 2246224, 102767, 1002257, 1001751, 102441, 18504, 18504, 703812444
815, 2246045, 854490, 241210, 240926, 854077, 27671, 27671, 2069555457
816, 2245458, 1010459, 91520, 91165, 1010048, 21133, 21133, 945261180
817, 2248535, 1091892, 1982, 1689, 1091290, 30841, 30841, 847828661
820, 2250371, 1097876, 4110, 3824, 1097291, 23635, 23635, 250693133
823, 2246356, 176385, 849022, 848512, 176013, 98212, 98212, 3884210405
818, 2247963, 394374, 709689, 709325, 393899, 20338, 20338, 4202439222
821, 2248968, 1087963, 20698, 20443, 1087600, 16132, 16132, 2745328806
824, 2246051, 2347, 1105822, 1105371, 2071, 15220, 15220, 2163003851
825, 2247172, 277683, 814588, 814194, 277329, 31689, 31689, 927306710
822, 2245152, 1032737, 70325, 70041, 1032313, 19868, 19868, 2607211380
827, 2248754, 6847, 1103406, 1102765, 6552, 14592, 14592, 3156283439
829, 2248888, 80312, 1025173, 1024649, 80030, 19362, 19362, 141813231
826, 2247972, 719640, 365022, 364663, 719287, 39680, 39680, 818022877
830, 2246098, 244816, 848666, 848124, 244490, 30001, 30001, 3250117351
828, 2247643, 166034, 937953, 937499, 165695, 20231, 20231, 2410517894
835, 2243126, 30018, 1075060, 1074465, 29661, 16961, 16961, 390245662
833, 2246625, 144764, 959370, 958910, 144461, 19560, 19560, 1006571217
837, 2248536, 4415, 1077609, 1076900, 4136, 42738, 42738, 25709261
834, 2249104, 242285, 855553, 855045, 241907, 27157, 27157, 892937081
831, 2246574, 923306, 178690, 178358, 922822, 21699, 21699, 2634929240
832, 2248859, 788928, 302097, 301807, 788659, 33684, 33684, 2332863731
838, 2247120, 2666, 1105835, 1105365, 2388, 15433, 15433, 3958301454
840, 2245509, 5972, 1100561, 1099939, 5661, 16688, 16688, 340740403
841, 2249252, 2611, 1108146, 1107450, 2303, 14371, 14371, 857521194
836, 2246100, 1105974, 2354, 2089, 1105473, 15105, 15105, 4148994332
844, 2248216, 3652, 1106802, 1106200, 3372, 14095, 14095, 1437531854
845, 2247790, 6537, 1102350, 1101774, 6285, 15422, 15422, 4213822513
839, 2244809, 1085309, 13219, 12948, 1084911, 24211, 24211, 201063061
843, 2247291, 983536, 118418, 118104, 982813, 22210, 22210, 706529416
846, 2245927, 1103805, 3881, 3621, 1103316, 15652, 15652, 953219391
850, 2245917, 1082611, 25542, 25237, 1082101, 15213, 15213, 2192669851
848, 2243687, 1015022, 87197, 86888, 1014512, 20034, 20034, 3607641454
842, 2247923, 508725, 576862, 576551, 508357, 38714, 38714, 3669973628
852, 2247708, 1104678, 2697, 2414, 1104157, 16881, 16881, 874480533
847, 2245451, 936966, 161034, 160706, 936569, 25088, 25088, 4163348980
849, 2246875, 1092644, 15757, 15469, 1092191, 15407, 15407, 651785427
851, 2248048, 35529, 1064232, 1063890, 35231, 24583, 24583, 4099544700
856, 2247044, 24572, 1080011, 1079632, 24273, 19278, 19278, 1557403003
853, 2251326, 826899, 221560, 221203, 826578, 77543, 77543, 1092669241
855, 2247757, 1094736, 12883, 12609, 1094297, 16616, 16616, 3577374833
854, 2246701, 783941, 314832, 314487, 783437, 25002, 25002, 1423137853
857, 2247802, 1075887, 30960, 30653, 1075486, 17408, 17408, 3665825316
860, 2246390, 1108005, 1651, 1393, 1107401, 13970, 13970, 975103574
859, 2246262, 23358, 1081238, 1080909, 23067, 18845, 18845, 3562886582
863, 2242743, 17967, 1087225, 1086613, 17582, 16678, 16678, 121087522
861, 2247640, 494759, 593968, 593542, 494455, 35458, 35458, 3831071245
858, 2249816, 544063, 551827, 551395, 543553, 29489, 29489, 1597565470
862, 2247803, 1032613, 71177, 70853, 1032274, 20443, 20443, 2460491187
864, 2248292, 1975, 1107729, 1107228, 1716, 14822, 14822, 408941003
867, 2245570, 9491, 1095577, 1095013, 9211, 18139, 18139, 252696184
865, 2245953, 655002, 430165, 429680, 654450, 38328, 38328, 4059159853
869, 2248502, 87946, 1014534, 1014113, 87655, 22127, 22127, 1923285414
874, 2249242, 12002, 1093013, 1092429, 11728, 20035, 20035, 3291479992
866, 2248362, 921946, 180319, 179924, 921371, 22401, 22401, 819017722
871, 2249407, 1102708, 6749, 6425, 1102293, 15616, 15616, 2375020388
870, 2246209, 1106638, 2082, 1766, 1106131, 14796, 14796, 2879606593
868, 2245671, 905912, 196132, 195820, 905435, 21186, 21186, 2455284487
875, 2249341, 299658, 805734, 805182, 299321, 19723, 19723, 2110371152
872, 2245145, 883143, 211703, 211358, 882785, 28078, 28078, 1708150781
876, 2246263, 3886, 1103876, 1103435, 3582, 15742, 15742, 1163064034
873, 2241445, 808546, 20733, 20438, 808120, 291804, 291804, 2350044331
878, 2246757, 100736, 1002866, 1002155, 100378, 20311, 20311, 1688943085
880, 2246161, 2817, 1104498, 1104091, 2549, 16103, 16103, 1303824350
877, 2246010, 5446, 931378, 931014, 5128, 186522, 186522, 95635699
883, 2246749, 116845, 978813, 978286, 116505, 28150, 28150, 1363967351
885, 2247217, 43594, 1063108, 1062434, 43339, 17371, 17371, 630223263
879, 2250223, 1108667, 1851, 1605, 1108050, 15025, 15025, 907526554
887, 2247832, 12005, 1096936, 1096438, 11725, 15364, 15364, 215373766
886, 2248480, 699212, 402950, 402511, 698857, 22475, 22475, 4021985894
881, 2246562, 533614, 568105, 567806, 533261, 21888, 21888, 2556730670
884, 2245857, 816685, 277520, 277113, 816091, 29224, 29224, 2951701504
882, 2245540, 906565, 192762, 192467, 906034, 23856, 23856, 3581456459
888, 2248875, 1000180, 88082, 87809, 999678, 36563, 36563, 3084765642
893, 2246749, 1092457, 6425, 6140, 1091735, 24996, 24996, 1069646130
894, 2245143, 205728, 890759, 890194, 205354, 26554, 26554, 2554516158
890, 2248798, 1084595, 24784, 24517, 1083788, 15557, 15557, 4011249005
891, 2250648, 1028146, 78661, 78324, 1027499, 19009, 19009, 1585620078
889, 2249422, 1051338, 55739, 55475, 1050510, 18180, 18180, 1894344348
892, 2247942, 130830, 969036, 968654, 130542, 24440, 24440, 270197207
895, 2248639, 986508, 116211, 115928, 986154, 21919, 21919, 3814729831
898, 2246337, 443958, 655018, 654594, 443509, 24629, 24629, 342667206
896, 2248232, 1074374, 29948, 29673, 1073991, 20123, 20123, 2641998195
902, 2247943, 2062, 1108389, 1107748, 1778, 13983, 13983, 1848826060
900, 2246493, 98968, 1004457, 1003996, 98640, 20216, 20216, 642779685
899, 2245288, 1064017, 40917, 40588, 1063482, 18142, 18142, 2386702670
905, 2247225, 25303, 1081414, 1080772, 25034, 17351, 17351, 4017853367
897, 2246617, 676010, 415366, 415057, 675694, 32245, 32245, 42564702
903, 2247711, 45436, 1056896, 1056419, 45138, 21911, 21911, 198504219
901, 2245916, 486826, 594380, 593978, 486418, 42157, 42157, 3959318713
904, 2247147, 409000, 689384, 688895, 408666, 25601, 25601, 40832808
906, 2248105, 120353, 980416, 980044, 120082, 23605, 23605, 2126217486
910, 2248916, 6375, 1103145, 1102605, 6067, 15362, 15362, 528401700
907, 2247200, 41840, 1033501, 1033093, 41524, 48621, 48621, 2679714779
908, 2248784, 1108193, 1822, 1555, 1107686, 14764, 14764, 3070458927
911, 2248994, 93868, 1012521, 1011968, 93573, 18532, 18532, 1450657222
913, 2248091, 1069010, 38776, 38507, 1068042, 16878, 16878, 2322212016
909, 2245580, 469277, 623193, 622826, 468924, 30680, 30680, 98874164
912, 2251085, 5123, 1105935, 1105545, 4884, 14799, 14799, 4161498275
914, 2247267, 9133, 1098466, 1098067, 8813, 16394, 16394, 2355437226
917, 2246000, 6470, 1099537, 1099146, 6177, 17335, 17335, 1353376115
916, 2246623, 278771, 806226, 805892, 278476, 38629, 38629, 603063429
920, 2246493, 1484, 1107859, 1107230, 1246, 14337, 14337, 2030208344
915, 2246989, 914066, 188426, 188144, 913643, 21355, 21355, 2714592832
918, 2247126, 1106657, 2095, 1838, 1106070, 15233, 15233, 1849467945
922, 2246092, 70205, 1033588, 1033012, 69905, 19691, 19691, 4092106749
919, 2248103, 1073191, 35050, 34741, 1072527, 16297, 16297, 1882258924
926, 2248220, 28093, 1080211, 1079614, 27844, 16229, 16229, 2112549048
924, 2247067, 282729, 818085, 817475, 282366, 23206, 23206, 385225561
921, 2246698, 775776, 319270, 318943, 775281, 28714, 28714, 2029139237
923, 2247650, 414365, 682373, 682007, 414001, 27452, 27452, 2193312453
928, 2246353, 374051, 721308, 720923, 373615, 28228, 28228, 3809509592
927, 2248743, 540623, 552621, 552108, 540261, 31565, 31565, 3310093215
931, 2249038, 143958, 948893, 948180, 143637, 32185, 32185, 2748083584
933, 2246723, 2059, 1106158, 1105423, 1779, 15652, 15652, 3257907078
929, 2247005, 2528, 1108247, 1107865, 2227, 13069, 13069, 3845003642
925, 2247776, 887919, 216489, 216094, 887604, 19835, 19835, 979529521
930, 2245732, 876541, 207164, 206776, 876177, 39537, 39537, 4097556356
934, 2249959, 145061, 844951, 844583, 144748, 135308, 135308, 669040972
940, 2245998, 3235, 1105221, 1104450, 2908, 15092, 15092, 1681761791
932, 2247276, 1039410, 62121, 61805, 1038984, 22478, 22478, 413952481
935, 2249054, 465132, 636702, 636294, 464742, 23092, 23092, 151551495
937, 2245633, 785407, 312698, 312327, 784831, 25185, 25185, 131764559
943, 2248469, 19277, 1088146, 1087266, 18976, 17402, 17402, 1272224030
941, 2249253, 1789, 1108597, 1108008, 1513, 14673, 14673, 358368481
939, 2246400, 442276, 634554, 634086, 441892, 46796, 46796, 1395448544
938, 2246986, 845999, 250533, 250223, 845451, 27390, 27390, 3154887861
936, 2247287, 636754, 456779, 456436, 636414, 30452, 30452, 2183465596
949, 2245603, 2995, 1105133, 1104388, 2743, 15172, 15172, 2947262966
945, 2246982, 1089573, 16076, 15750, 1088923, 18330, 18330, 4124031915
944, 2246463, 713661, 388111, 387792, 713261, 21819, 21819, 1783073617
942, 2247441, 1044469, 60502, 60186, 1043848, 19218, 19218, 2143397889
946, 2247091, 1101829, 2693, 2427, 1101334, 19404, 19404, 3925292629
948, 2249926, 1108285, 2439, 2155, 1107607, 14720, 14720, 1629571743
953, 2246377, 6867, 1101350, 1100564, 6572, 15512, 15512, 892294997
951, 2246178, 1099537, 7450, 7175, 1098784, 16616, 16616, 709459768
947, 2247944, 1106356, 2774, 2497, 1105887, 15215, 15215, 528615442
952, 2247293, 2405, 1105124, 1104822, 2148, 16397, 16397, 3718812234
950, 2245395, 929713, 133462, 133156, 929362, 59851, 59851, 3864022841
956, 2248447, 13988, 1092208, 1091803, 13706, 18371, 18371, 3445862878
958, 2249755, 2214, 1107941, 1107454, 1924, 15111, 15111, 4144252196
954, 2245731, 47867, 1058135, 1057621, 47516, 17296, 17296, 2824497358
959, 2245616, 4361, 1102909, 1102528, 4054, 15882, 15882, 4290586338
957, 2246587, 1106814, 2587, 2312, 1106226, 14324, 14324, 3487295218
955, 2247168, 258615, 837459, 837071, 258203, 27910, 27910, 3085509980
962, 2245557, 363543, 729441, 729058, 363249, 30133, 30133, 1432062045
961, 2247324, 1104749, 4009, 3748, 1104136, 15341, 15341, 3628052479
960, 2247256, 240636, 857780, 857461, 240311, 25534, 25534, 3528797888
963, 2245840, 1007070, 97765, 97480, 1006555, 18485, 18485, 1649637416
964, 2248363, 606400, 486706, 486369, 606048, 31420, 31420, 1269148383
967, 2246371, 378416, 694262, 693607, 377996, 51045, 51045, 3267020255
968, 2247928, 24800, 1080230, 1079860, 24504, 19267, 19267, 561451923
965, 2247581, 377115, 724379, 723956, 376769, 22681, 22681, 3537357912
966, 2249894, 230046, 868616, 868271, 229759, 26601, 26601, 3062929790
972, 2246798, 45215, 1062101, 1061640, 44944, 16449, 16449, 3152078154
970, 2247970, 1092438, 14749, 14456, 1091971, 17178, 17178, 3209329922
969, 2245655, 829787, 268881, 268604, 829479, 24452, 24452, 2631531769
978, 2247501, 2478, 1105211, 1104382, 2194, 16618, 16618, 3061160481
975, 2246759, 379446, 710864, 710461, 379072, 33458, 33458, 3145384937
971, 2246072, 177956, 908374, 907963, 177569, 37105, 37105, 3310934000
973, 2246371, 1100198, 8349, 8034, 1099728, 15031, 15031, 375339638
974, 2245356, 1102847, 4053, 3719, 1102345, 16196, 16196, 2549150622
977, 2247093, 416375, 683044, 682634, 416094, 24473, 24473, 846416995
976, 2244234, 149470, 950445, 950026, 149153, 22570, 22570, 3684838930
980, 2247400, 12990, 1094306, 1093669, 12671, 16882, 16882, 1955802345
979, 2250666, 890044, 188404, 188053, 889639, 47263, 47263, 3446447154
982, 2250754, 216181, 880614, 880259, 215820, 28940, 28940, 1944873585
981, 2247614, 374098, 669110, 668810, 373798, 80899, 80899, 40288787
985, 2246334, 154219, 948248, 947689, 153902, 21138, 21138, 2014453881
983, 2246749, 980370, 95688, 95403, 979670, 47809, 47809, 36905600
984, 2246907, 258001, 826683, 826216, 257641, 39183, 39183, 3281375214
990, 2247431, 2068, 1108049, 1107460, 1806, 14024, 14024, 2533413533
988, 2248265, 1050074, 55738, 55436, 1049727, 18645, 18645, 1238496492
987, 2247413, 41602, 1060318, 1059981, 41252, 22130, 22130, 3868213279
986, 2247999, 1105432, 4145, 3828, 1104792, 14901, 14901, 3340830801
989, 2248640, 3420, 1106852, 1106187, 3161, 14510, 14510, 3434945531
991, 2249557, 1099697, 11079, 10777, 1098954, 14525, 14525, 1308470994
992, 2246995, 526359, 569462, 568987, 525961, 28113, 28113, 4043190322
995, 2246912, 2659, 1105237, 1104648, 2362, 16003, 16003, 2058581312
993, 2247631, 163785, 939977, 939480, 163483, 20453, 20453, 2184877991
996, 2247588, 6091, 1100089, 1099727, 5815, 17933, 17933, 1967954325
997, 2247776, 434358, 638666, 638209, 434063, 51240, 51240, 2684512602
999, 2246422, 1105630, 3350, 3040, 1105026, 14688, 14688, 3865336191
998, 2248926, 1108562, 1857, 1612, 1108003, 14446, 14446, 204064692
994, 2244421, 1056309, 40252, 39937, 1055845, 26039, 26039, 3020966194
