sample_id, N_LCC, N_A_1_LCC, N_B_1_LCC, N_A_0_LCC, N_B_0_LCC, N_A_*_LCC, N_B_*_LCC, seed
2, 636537, 123883, 132008, 125077, 117163, 69203, 69203, 2857561353
11, 637535, 125664, 130693, 123815, 118661, 69351, 69351, 950814228
6, 636166, 122469, 132365, 125528, 115820, 69992, 69992, 2157823818
1, 637345, 123808, 133622, 126608, 116865, 68221, 68221, 3722011515
7, 635911, 128616, 125245, 118354, 121536, 71080, 71080, 1208121995
5, 638038, 126158, 129865, 122946, 119215, 69927, 69927, 3221244701
10, 636921, 128836, 126592, 119499, 121766, 70114, 70114, 2209079898
8, 635234, 129474, 126602, 119466, 122458, 68617, 68617, 3594023885
4, 635703, 125554, 127166, 120151, 118694, 72069, 72069, 137580379
9, 638154, 124024, 130359, 123414, 117273, 71542, 71542, 3652946399
3, 636097, 126711, 129705, 122612, 119709, 68680, 68680, 3214616694
0, 637497, 129292, 126893, 120215, 122079, 69509, 69509, 3857995072
12, 638591, 120105, 132070, 125093, 113435, 73944, 73944, 4239829718
13, 635548, 124705, 128215, 121172, 117752, 71852, 71852, 1714170570
14, 635933, 131735, 123540, 116444, 124530, 69842, 69842, 614112808
18, 638218, 130509, 127023, 120083, 123575, 68514, 68514, 401017165
19, 637689, 124688, 133437, 126311, 117707, 67773, 67773, 4076243534
15, 637117, 129462, 121839, 114931, 122411, 74237, 74237, 1664720609
16, 637144, 131154, 123974, 117169, 124085, 70381, 70381, 2643389825
17, 638624, 129342, 129371, 122466, 122581, 67432, 67432, 4113069826
21, 637252, 135244, 123248, 116439, 127963, 67179, 67179, 1112315157
20, 638208, 122202, 133947, 126954, 115225, 69940, 69940, 4036818119
22, 635824, 127956, 131388, 124227, 121063, 65595, 65595, 2152952940
23, 637912, 121985, 135652, 128294, 115339, 68321, 68321, 4062378340
24, 637433, 131262, 125785, 118845, 124111, 68715, 68715, 2612670134
26, 637623, 129280, 126704, 119760, 122217, 69831, 69831, 2590320375
28, 636618, 128024, 126359, 119345, 121012, 70939, 70939, 1837032431
25, 635975, 127266, 125602, 118546, 120087, 72237, 72237, 194268671
27, 636566, 123493, 132058, 125099, 116688, 69614, 69614, 2082478388
31, 635597, 125355, 129330, 122342, 118376, 70097, 70097, 2571367358
29, 635801, 127499, 127161, 120238, 120507, 70198, 70198, 2578788986
32, 637438, 129473, 124452, 117540, 122441, 71766, 71766, 658256522
30, 638577, 131333, 123363, 116546, 124169, 71583, 71583, 2746140343
33, 634288, 124467, 127320, 120212, 117523, 72383, 72383, 3636660750
34, 636295, 122148, 128127, 121000, 115358, 74831, 74831, 1704843591
35, 637785, 128825, 126039, 119035, 121710, 71088, 71088, 3254207732
37, 638096, 127510, 128762, 121670, 120426, 69864, 69864, 311002884
36, 638465, 128498, 127765, 120772, 121604, 69913, 69913, 1365583699
38, 635476, 125006, 130771, 123659, 117928, 69056, 69056, 198918476
39, 635522, 129383, 122059, 115164, 122574, 73171, 73171, 1735260633
40, 637957, 127419, 128742, 121955, 120399, 69721, 69721, 235012587
42, 637731, 129786, 126642, 119760, 122643, 69450, 69450, 1453086893
41, 636989, 125510, 130493, 123324, 118738, 69462, 69462, 2648162332
43, 636163, 125391, 129228, 122300, 118106, 70569, 70569, 929055305
44, 639109, 127557, 129557, 122535, 120732, 69364, 69364, 1529865722
45, 634985, 128698, 127662, 120656, 121583, 68193, 68193, 3842928930
46, 635286, 121073, 131127, 123888, 114300, 72449, 72449, 2456555105
47, 638201, 129962, 129621, 122537, 122919, 66581, 66581, 938977662
49, 635857, 126997, 129275, 122171, 120118, 68648, 68648, 3347586797
50, 636597, 127869, 127913, 120671, 120992, 69576, 69576, 1511913632
48, 637421, 129901, 128692, 121590, 122850, 67194, 67194, 3057501743
51, 634897, 125177, 129692, 122606, 118148, 69637, 69637, 1778173353
52, 635415, 126169, 128949, 121911, 118906, 69740, 69740, 1377397318
53, 637304, 122870, 131807, 124567, 116026, 71017, 71017, 1186612898
55, 637184, 132480, 125394, 118435, 125227, 67824, 67824, 3131759085
54, 635934, 129643, 123058, 115984, 122683, 72283, 72283, 3014960030
56, 638501, 129119, 128277, 121046, 122003, 69028, 69028, 874622319
57, 636305, 130806, 123106, 116060, 123829, 71252, 71252, 2871713599
58, 639183, 125923, 128362, 121506, 119244, 72074, 72074, 1544397474
59, 637287, 128626, 121950, 114883, 121570, 75129, 75129, 3486964966
61, 636870, 127387, 124149, 117462, 120504, 73684, 73684, 261583797
64, 636202, 125128, 129584, 122444, 118194, 70426, 70426, 2707700877
62, 638154, 126025, 128051, 121127, 119133, 71909, 71909, 3467709769
60, 637156, 126925, 127691, 120719, 120117, 70852, 70852, 3987397821
63, 637123, 124705, 128148, 121101, 117645, 72762, 72762, 1750691298
65, 636534, 125460, 126012, 119194, 118522, 73673, 73673, 2774972275
66, 637165, 125725, 129455, 122257, 118868, 70430, 70430, 1600437229
67, 634722, 124335, 127625, 120649, 117401, 72356, 72356, 1456875558
68, 635077, 128402, 123024, 116242, 121349, 73030, 73030, 1403997131
69, 638139, 124681, 130433, 123459, 117714, 70926, 70926, 3728402578
70, 638835, 128268, 128047, 121126, 121396, 69999, 69999, 3324438911
71, 636878, 129066, 125566, 118596, 121942, 70854, 70854, 2788619031
72, 639110, 128391, 127676, 120676, 121661, 70353, 70353, 4093833416
74, 638597, 130088, 123531, 116767, 123135, 72538, 72538, 3248298559
76, 639425, 128423, 128849, 121932, 121767, 69227, 69227, 1360103931
73, 636153, 130007, 128104, 121109, 122793, 67070, 67070, 1857837877
75, 639291, 130035, 129905, 122949, 122858, 66772, 66772, 3341222
77, 637725, 124786, 133526, 126365, 117830, 67609, 67609, 1693197675
78, 637380, 131821, 123044, 116249, 124724, 70771, 70771, 1791773575
79, 637056, 126921, 127835, 120940, 119786, 70787, 70787, 953041287
80, 636198, 131659, 124023, 117316, 124392, 69404, 69404, 448585260
81, 639410, 123699, 133069, 126030, 116824, 69894, 69894, 2344719033
82, 637879, 128274, 129635, 122468, 121368, 68067, 68067, 3439604937
83, 637681, 127242, 130612, 123691, 120270, 67933, 67933, 1767992064
84, 638590, 133062, 124502, 117812, 125826, 68694, 68694, 3452609568
85, 636139, 128828, 128285, 121175, 121875, 67988, 67988, 3281902959
87, 634511, 128553, 124804, 117911, 121483, 70880, 70880, 4284265064
86, 638939, 127785, 130857, 123707, 120918, 67836, 67836, 3008480551
88, 634748, 123737, 132489, 125188, 116664, 68335, 68335, 1384582036
89, 634545, 128668, 125894, 118908, 121623, 69726, 69726, 2272768667
91, 639789, 128973, 126426, 119684, 121988, 71359, 71359, 1363767398
90, 636589, 127496, 128772, 121765, 120706, 68925, 68925, 3596408037
92, 637764, 127754, 129936, 122827, 120879, 68184, 68184, 2740006095
93, 638709, 124432, 130700, 123614, 117483, 71240, 71240, 1813117260
94, 638373, 124277, 133277, 126266, 117555, 68499, 68499, 865512701
95, 637714, 134691, 123214, 116447, 127534, 67914, 67914, 1831267934
96, 638275, 123315, 134957, 127708, 116417, 67939, 67939, 283154719
97, 635029, 124853, 129785, 122813, 117972, 69803, 69803, 1328290194
99, 636155, 126472, 128214, 121150, 119517, 70401, 70401, 2760724458
100, 636162, 122349, 129987, 123028, 115664, 72567, 72567, 1448472760
98, 637487, 140273, 118755, 111982, 133021, 66728, 66728, 1619773530
102, 637476, 126420, 127953, 120958, 119471, 71337, 71337, 2616268910
101, 636859, 129123, 124403, 117792, 122039, 71751, 71751, 1095214215
104, 636154, 129319, 122486, 115765, 122178, 73203, 73203, 2449999250
103, 637568, 129546, 121581, 114895, 122518, 74514, 74514, 3112048462
105, 635503, 123830, 132293, 125256, 116820, 68652, 68652, 3865547898
106, 635102, 129352, 123956, 117100, 122218, 71238, 71238, 336623056
107, 639149, 125300, 131870, 124847, 118450, 69341, 69341, 994714086
108, 634967, 130571, 123774, 116715, 123527, 70190, 70190, 2123490608
109, 635913, 129437, 125847, 118889, 122476, 69632, 69632, 1057396702
110, 637819, 130777, 123806, 116831, 123651, 71377, 71377, 113717307
112, 638250, 130573, 127411, 120437, 123657, 68086, 68086, 933138023
111, 638728, 127066, 129060, 122128, 120124, 70175, 70175, 4128408179
113, 636579, 124536, 127666, 120688, 117387, 73151, 73151, 2478515091
116, 636614, 128076, 129030, 121891, 120977, 68320, 68320, 3046073324
114, 636525, 127562, 124632, 117624, 120717, 72995, 72995, 986336345
117, 638828, 129517, 124494, 117658, 122459, 72350, 72350, 3802314114
115, 635468, 125859, 127126, 120248, 118871, 71682, 71682, 3087270829
118, 638984, 119527, 131419, 124485, 112823, 75365, 75365, 1744738973
119, 638158, 128834, 126112, 119205, 121841, 71083, 71083, 2241308455
121, 636921, 124252, 132527, 125101, 117501, 68770, 68770, 467249368
120, 636277, 123541, 129475, 122334, 116487, 72220, 72220, 2952163678
123, 637642, 127220, 129184, 122076, 120250, 69456, 69456, 1838452296
125, 635250, 122797, 128499, 121632, 115836, 73243, 73243, 2872565930
124, 638127, 124746, 129032, 122100, 117781, 72234, 72234, 2526019162
122, 635379, 127304, 126569, 119753, 120183, 70785, 70785, 2975874421
127, 639412, 129163, 127670, 120795, 122400, 69692, 69692, 4209768789
128, 635404, 129935, 120973, 113983, 122925, 73794, 73794, 3360651405
126, 632291, 129311, 124629, 117382, 122141, 69414, 69414, 2272034064
129, 638052, 121694, 134323, 127306, 114911, 69909, 69909, 3358081677
130, 634603, 132037, 121568, 114513, 124931, 70777, 70777, 1045402786
131, 634844, 129660, 126355, 119339, 122474, 68508, 68508, 3263941802
133, 636802, 128102, 125614, 118726, 121046, 71657, 71657, 2207320205
132, 637392, 128057, 125249, 118298, 121028, 72380, 72380, 3635020912
135, 637941, 126452, 131263, 124122, 119568, 68268, 68268, 1922716676
136, 635279, 130774, 124987, 118128, 123554, 68918, 68918, 3979753968
138, 636210, 122805, 131390, 124234, 115961, 70910, 70910, 646623095
134, 636979, 125505, 130002, 123064, 118646, 69881, 69881, 3610830066
137, 638565, 125402, 127784, 120798, 118519, 73031, 73031, 696308509
139, 635340, 120873, 133611, 126568, 114060, 70114, 70114, 2921426891
141, 636352, 122355, 133564, 126218, 115499, 69358, 69358, 3139451786
140, 638576, 121719, 130703, 123623, 114865, 73833, 73833, 1046143646
142, 638236, 127481, 128785, 121778, 120666, 69763, 69763, 3824709097
143, 633791, 125031, 125281, 118235, 118086, 73579, 73579, 3038896162
144, 635533, 130524, 122358, 115599, 123452, 71800, 71800, 2243209733
145, 638948, 125845, 130444, 123476, 119167, 70008, 70008, 3823996147
148, 637033, 133065, 119897, 113193, 125902, 72488, 72488, 3001485381
150, 640155, 130922, 124297, 117491, 124087, 71679, 71679, 1139632819
146, 636804, 129958, 122836, 116121, 122843, 72523, 72523, 3704062006
147, 636501, 130222, 124881, 118140, 123052, 70103, 70103, 2171634981
149, 636782, 130501, 122454, 115717, 123528, 72291, 72291, 608295542
151, 637664, 131255, 121341, 114692, 124248, 73064, 73064, 4283535537
152, 634968, 125054, 126446, 119429, 118065, 72987, 72987, 3482041623
153, 635436, 128037, 125480, 118521, 120904, 71247, 71247, 2074016408
154, 634744, 128548, 124607, 117529, 121438, 71311, 71311, 2077828597
155, 638000, 132054, 121001, 114215, 124696, 73017, 73017, 1210114283
156, 636803, 123889, 130027, 122913, 116992, 71491, 71491, 3606037989
157, 638509, 130039, 123891, 116949, 122934, 72348, 72348, 2083876467
160, 636444, 128896, 123737, 116815, 121844, 72576, 72576, 2494335028
159, 637201, 134061, 117262, 110527, 127027, 74162, 74162, 4111319391
158, 638751, 129715, 127813, 120843, 122788, 68796, 68796, 2827812948
161, 639302, 128312, 127239, 120500, 121545, 70853, 70853, 1728010961
162, 639421, 129762, 129971, 122883, 122697, 67054, 67054, 3580859476
163, 639974, 125714, 128286, 121366, 119080, 72764, 72764, 1674386431
164, 637090, 134193, 118200, 111637, 127188, 72936, 72936, 3116260478
165, 636522, 125776, 123740, 116882, 119052, 75536, 75536, 1187106535
166, 635532, 124724, 127518, 120685, 117875, 72365, 72365, 965046356
167, 639999, 128399, 128372, 121580, 121578, 70035, 70035, 1125892035
168, 637176, 129475, 127401, 120367, 122571, 68681, 68681, 4258577969
169, 637078, 127838, 126371, 119383, 120984, 71251, 71251, 2046585966
171, 636064, 123159, 133208, 125972, 116297, 68714, 68714, 2136153605
172, 636194, 127857, 129364, 122242, 120671, 68030, 68030, 218079482
170, 637457, 126888, 129387, 122541, 119831, 69405, 69405, 2734764459
173, 636669, 127356, 127397, 120334, 120300, 70641, 70641, 3605040130
174, 636000, 135303, 120099, 113054, 128124, 69710, 69710, 2536359569
175, 636302, 126337, 130848, 123594, 119291, 68116, 68116, 4109374208
176, 635868, 125192, 128672, 121651, 118179, 71087, 71087, 1972303765
177, 636497, 121640, 132434, 125267, 114774, 71191, 71191, 1401605312
178, 636755, 128505, 126970, 120022, 121586, 69836, 69836, 1664813277
179, 635149, 127642, 123809, 117081, 120709, 72954, 72954, 547558920
180, 638714, 129072, 124132, 117368, 122138, 73002, 73002, 3389873030
181, 636301, 123362, 128689, 121537, 116613, 73050, 73050, 1887759719
183, 636038, 126413, 126996, 120157, 119554, 71459, 71459, 1809546903
182, 636605, 129109, 126580, 119399, 122095, 69711, 69711, 1276364250
186, 638030, 124896, 133451, 126290, 118029, 67682, 67682, 1511084101
185, 635935, 130258, 128787, 121868, 123054, 65984, 65984, 663597643
184, 637309, 132505, 124333, 117290, 125369, 68906, 68906, 3764959580
187, 637521, 128017, 129032, 121847, 121041, 68792, 68792, 2938825244
188, 636701, 126793, 128501, 121328, 119913, 70083, 70083, 4129588217
189, 638609, 124992, 131815, 124652, 118276, 69437, 69437, 4293354858
190, 636459, 122121, 130307, 123371, 115164, 72748, 72748, 2728832328
191, 636748, 125976, 129556, 122490, 119002, 69862, 69862, 4022360222
192, 636274, 130853, 124206, 117350, 123747, 70059, 70059, 336074000
193, 637644, 128899, 126854, 119929, 121900, 70031, 70031, 2365066819
195, 636525, 127204, 128702, 121779, 120126, 69357, 69357, 522049869
194, 638461, 129300, 125274, 118244, 122583, 71530, 71530, 1022702052
196, 639875, 127564, 130755, 123763, 120591, 68601, 68601, 315709129
198, 637240, 124295, 128430, 121544, 117265, 72853, 72853, 274252997
197, 636863, 127114, 129133, 122197, 120117, 69151, 69151, 1433234833
200, 634632, 127207, 125995, 118711, 120309, 71205, 71205, 174502141
199, 637498, 132694, 119194, 112658, 125716, 73618, 73618, 1750307741
201, 637619, 123289, 132676, 125720, 116356, 69789, 69789, 1138474230
202, 639260, 124607, 131508, 124642, 117771, 70366, 70366, 2661618113
203, 635740, 125410, 130937, 123914, 118385, 68547, 68547, 3349698078
204, 639233, 136131, 121827, 115233, 129102, 68470, 68470, 3881433509
205, 638464, 126347, 128571, 121562, 119500, 71242, 71242, 1909031159
206, 637241, 125142, 129760, 122844, 118235, 70630, 70630, 2414225849
207, 637957, 116452, 137377, 130140, 109990, 71999, 71999, 3614118279
208, 637434, 129471, 124310, 117397, 122340, 71958, 71958, 2752765830
210, 636324, 131031, 124138, 117224, 123857, 70037, 70037, 3729224748
209, 637661, 123549, 128343, 121436, 116661, 73836, 73836, 4155609012
211, 637519, 126459, 128835, 121827, 119500, 70449, 70449, 1003778976
212, 638181, 129033, 129302, 122386, 122158, 67651, 67651, 265536410
213, 634499, 124184, 127636, 120740, 117127, 72406, 72406, 1978602299
214, 639481, 121917, 135172, 127971, 115315, 69553, 69553, 3199196670
215, 635322, 133544, 122903, 115905, 126332, 68319, 68319, 3668379811
216, 638099, 134454, 123451, 116676, 127444, 68037, 68037, 4224822259
217, 637576, 123830, 132456, 125204, 116978, 69554, 69554, 3545956545
218, 636364, 129547, 123204, 116553, 122228, 72416, 72416, 3821506207
222, 636475, 127549, 126661, 119677, 120592, 70998, 70998, 296290015
219, 637511, 128223, 125152, 118089, 121437, 72305, 72305, 2672879198
223, 633796, 132103, 121873, 114897, 124873, 70025, 70025, 239679897
220, 635963, 124829, 129886, 122995, 117867, 70193, 70193, 3128029482
221, 638852, 127401, 128555, 121621, 120589, 70343, 70343, 4076467774
224, 634431, 123529, 131792, 124598, 116624, 68944, 68944, 2017901473
225, 637403, 124645, 129193, 122206, 117965, 71697, 71697, 2020997922
226, 637456, 130789, 125116, 118071, 123838, 69821, 69821, 3690378610
227, 637701, 126791, 130261, 123369, 119756, 68762, 68762, 2337525426
228, 635213, 125131, 130268, 123284, 118226, 69152, 69152, 956301323
229, 639251, 133028, 120389, 113651, 125921, 73131, 73131, 2843714590
230, 638605, 131904, 123677, 116912, 124934, 70589, 70589, 3147675369
231, 637376, 121380, 138769, 131374, 114423, 65715, 65715, 649952943
235, 637289, 127671, 126999, 120156, 120521, 70971, 70971, 4236322076
234, 637370, 128537, 123660, 116744, 121503, 73463, 73463, 3931736834
232, 639084, 126558, 128501, 121684, 119729, 71306, 71306, 3112389297
233, 637589, 125277, 129021, 122098, 118513, 71340, 71340, 2993870574
236, 636664, 123214, 127979, 121114, 116381, 73988, 73988, 1796651321
237, 639105, 134668, 124574, 117731, 127532, 67300, 67300, 3610325437
238, 637808, 138583, 120367, 113696, 131342, 66910, 66910, 3505876247
239, 636173, 121421, 130419, 123301, 114610, 73211, 73211, 4253597423
240, 637280, 124669, 130208, 122971, 117836, 70798, 70798, 1439248055
241, 633488, 124173, 125592, 118704, 117027, 73996, 73996, 2844386009
242, 637713, 126266, 130317, 123443, 119433, 69127, 69127, 4165695971
243, 637322, 127045, 125933, 119065, 120087, 72596, 72596, 3483565533
244, 637167, 124838, 128517, 121535, 117659, 72309, 72309, 3232745967
245, 638199, 124538, 127554, 120649, 117834, 73812, 73812, 1129178689
246, 635811, 128613, 126760, 119824, 121578, 69518, 69518, 2167416920
247, 638057, 126448, 129760, 122856, 119637, 69678, 69678, 2387491520
248, 637479, 122910, 133500, 126278, 116051, 69370, 69370, 921063378
249, 635842, 125564, 131543, 124575, 118642, 67759, 67759, 1417773493
250, 635269, 126428, 130919, 123757, 119345, 67410, 67410, 1373234519
251, 634592, 122190, 130747, 123534, 115241, 71440, 71440, 3947458986
252, 637070, 127180, 124685, 117674, 120103, 73714, 73714, 640562765
253, 639199, 136166, 118038, 111581, 128994, 72210, 72210, 4197361180
254, 637957, 131650, 124249, 117564, 124488, 70003, 70003, 3420568800
255, 638484, 128392, 128884, 122036, 121252, 68960, 68960, 3202192028
256, 637213, 129206, 132442, 125383, 122104, 64039, 64039, 320598056
257, 636931, 125688, 130389, 123403, 118925, 69263, 69263, 2174179350
258, 635978, 125623, 130815, 123746, 118584, 68605, 68605, 3241342434
259, 638270, 127337, 130533, 123468, 120472, 68230, 68230, 3113144398
260, 637629, 125256, 132620, 125508, 118419, 67913, 67913, 872211816
261, 641270, 135804, 122709, 115843, 128784, 69065, 69065, 1250397410
262, 637183, 133161, 122096, 115263, 126125, 70269, 70269, 2602915387
263, 636329, 124699, 128127, 121083, 117744, 72338, 72338, 83739674
264, 635707, 127904, 124911, 117877, 120889, 72063, 72063, 828032201
265, 638716, 129093, 127486, 120671, 122036, 69715, 69715, 974145592
266, 636133, 129433, 123314, 116457, 122351, 72289, 72289, 3024913078
268, 634676, 121655, 129852, 122644, 114611, 72957, 72957, 1745256569
267, 638643, 131451, 128836, 121921, 124429, 66003, 66003, 1297015046
269, 634623, 132098, 123244, 116303, 125028, 68975, 68975, 460886001
270, 637714, 127374, 128784, 121843, 120493, 69610, 69610, 4073877894
272, 639366, 131439, 124584, 117595, 124478, 70635, 70635, 31588768
271, 637647, 127739, 126415, 119385, 120792, 71658, 71658, 1207216582
274, 637899, 129043, 126550, 119680, 122078, 70274, 70274, 4183918612
273, 635692, 131138, 123902, 117060, 123938, 69827, 69827, 994875399
275, 638193, 128213, 128499, 121544, 121191, 69373, 69373, 4271680906
276, 635928, 126098, 128092, 120953, 119323, 70731, 70731, 2278855627
277, 637647, 129708, 128302, 121237, 122644, 67878, 67878, 3663852394
278, 635985, 125398, 129107, 121967, 118463, 70525, 70525, 4204450928
280, 636076, 126800, 125186, 118288, 119782, 73010, 73010, 3771204270
279, 637557, 122964, 129728, 122585, 116206, 73037, 73037, 3014778393
281, 634798, 128963, 127363, 120294, 121810, 68184, 68184, 3470565522
283, 637445, 134036, 121594, 114888, 126885, 70021, 70021, 414105792
282, 635742, 126544, 127258, 120239, 119645, 71028, 71028, 1100773986
284, 639795, 126254, 129866, 123036, 119479, 70580, 70580, 1953540914
285, 636165, 124516, 127270, 120208, 117539, 73316, 73316, 1832725852
286, 637387, 126729, 127437, 120494, 119759, 71484, 71484, 3257306043
287, 637955, 129592, 128537, 121443, 122303, 68040, 68040, 1114437381
288, 639028, 121649, 134090, 127216, 114761, 70656, 70656, 4246317159
289, 636269, 119356, 131522, 124460, 112555, 74188, 74188, 1913190674
290, 636407, 128768, 124720, 117803, 121624, 71746, 71746, 4054890248
292, 636211, 131071, 122440, 115828, 124010, 71431, 71431, 1845700759
293, 638879, 126111, 133729, 126564, 119253, 66611, 66611, 3370128711
294, 639945, 131301, 126009, 119095, 124378, 69581, 69581, 1820160048
291, 638699, 129716, 124900, 118138, 123043, 71451, 71451, 1257906555
295, 635393, 121787, 131013, 123951, 114788, 71927, 71927, 2736326371
296, 637949, 130982, 125082, 118187, 124000, 69849, 69849, 1958851769
297, 638978, 130472, 125434, 118812, 123466, 70397, 70397, 425604087
298, 639581, 136452, 121734, 115138, 129415, 68421, 68421, 4273734111
299, 634731, 124566, 128022, 121303, 117690, 71575, 71575, 3406123719
300, 639193, 127774, 132715, 125585, 120945, 66087, 66087, 3131727977
301, 637426, 132780, 123244, 116319, 125751, 69666, 69666, 3088695052
302, 638881, 124376, 132118, 125196, 117675, 69758, 69758, 933010506
303, 636861, 117121, 136557, 129338, 110413, 71716, 71716, 2846070752
305, 637440, 134909, 123377, 116485, 127847, 67411, 67411, 627049665
304, 639043, 132193, 123030, 116152, 125090, 71289, 71289, 4127082724
306, 636306, 129055, 122017, 115321, 122015, 73949, 73949, 2898970454
307, 639520, 126431, 132094, 125047, 119574, 68187, 68187, 747263779
308, 635870, 124045, 128283, 121437, 117141, 72482, 72482, 3451590297
309, 635839, 132242, 121756, 114868, 125275, 70849, 70849, 3376168727
310, 639310, 128184, 129642, 122826, 121094, 68782, 68782, 1605042813
311, 636920, 128104, 127268, 120409, 120973, 70083, 70083, 3045462926
312, 638779, 123154, 136141, 128865, 116509, 67055, 67055, 2116673482
313, 637812, 128431, 128079, 121138, 121700, 69232, 69232, 3590190207
314, 639083, 121731, 132612, 125377, 115089, 72137, 72137, 2437113087
315, 639087, 132886, 125024, 118136, 125925, 68558, 68558, 2397965520
316, 636524, 123886, 129354, 122475, 116967, 71921, 71921, 2708101195
317, 637345, 130363, 127532, 120651, 123481, 67659, 67659, 2738633320
318, 636941, 129974, 125468, 118286, 122645, 70284, 70284, 4089229296
320, 637191, 123967, 132225, 125032, 117015, 69476, 69476, 2413679941
319, 637813, 128311, 128976, 121858, 121224, 68722, 68722, 2317426387
321, 637025, 137765, 115138, 108621, 130665, 72418, 72418, 4132813540
322, 637885, 127020, 127725, 120914, 120150, 71038, 71038, 2234434757
323, 637265, 122831, 133940, 126963, 116019, 68756, 68756, 3970232451
324, 635208, 123969, 132732, 125336, 117061, 68055, 68055, 2758903908
325, 636576, 125170, 130693, 123554, 118423, 69368, 69368, 3171564644
326, 637753, 117346, 138908, 131772, 110767, 69480, 69480, 3696691416
327, 636404, 123978, 131323, 124126, 116903, 70037, 70037, 3582299181
328, 637925, 129247, 125518, 118712, 122332, 71058, 71058, 823087764
329, 639143, 129522, 124684, 117889, 122586, 72231, 72231, 3081958819
330, 640191, 129192, 126155, 119305, 122079, 71730, 71730, 459041926
331, 638138, 127929, 128458, 121487, 121016, 69624, 69624, 3472087826
332, 637490, 128035, 124966, 118175, 121104, 72605, 72605, 2936282724
333, 636778, 130873, 126681, 119934, 123788, 67751, 67751, 1984295416
334, 637222, 127696, 125342, 118399, 120727, 72529, 72529, 4142142238
335, 638133, 129628, 124145, 117189, 122665, 72253, 72253, 1902589259
336, 637394, 129790, 126525, 119541, 122646, 69446, 69446, 3042498288
337, 637342, 127894, 125367, 118345, 120958, 72389, 72389, 156593641
338, 639502, 133153, 123987, 117332, 126268, 69381, 69381, 3041742500
339, 638368, 129500, 123014, 116201, 122651, 73501, 73501, 2934086528
341, 635198, 129066, 127575, 120441, 121976, 68070, 68070, 2042530261
340, 640741, 130129, 130101, 123102, 123243, 67083, 67083, 3054924150
342, 635073, 130042, 126381, 119440, 122982, 68114, 68114, 1964336291
343, 639845, 123343, 131234, 124222, 116674, 72186, 72186, 2579235233
344, 637755, 130911, 125256, 118264, 124054, 69635, 69635, 2843307022
345, 635494, 123813, 132498, 125399, 117024, 68380, 68380, 3681856090
346, 637585, 124028, 130307, 123381, 117163, 71353, 71353, 1578712598
348, 636052, 126741, 125190, 118420, 119711, 72995, 72995, 642005285
347, 637348, 119430, 133695, 126551, 112654, 72509, 72509, 3860243650
349, 634829, 124569, 126780, 119902, 117646, 72966, 72966, 368329016
350, 637880, 127534, 129154, 122164, 120548, 69240, 69240, 513436999
351, 638056, 128032, 125493, 118563, 121056, 72456, 72456, 88138610
354, 637079, 130261, 127531, 120536, 123391, 67680, 67680, 1088748561
353, 638177, 125819, 126752, 119935, 119029, 73321, 73321, 3194824971
352, 635716, 127295, 128148, 121023, 120194, 69528, 69528, 38956773
356, 636723, 125415, 128040, 121164, 118366, 71869, 71869, 181788293
355, 636741, 123997, 130018, 122750, 117180, 71398, 71398, 58287436
358, 634256, 123987, 127041, 119907, 116881, 73220, 73220, 2516875973
357, 639580, 128716, 127234, 120302, 122038, 70645, 70645, 1894386648
359, 636884, 133093, 119509, 112848, 125704, 72865, 72865, 679597731
360, 638802, 124811, 129475, 122578, 117882, 72028, 72028, 2467904595
361, 638225, 127445, 124600, 117764, 120538, 73939, 73939, 3265356872
362, 636786, 126589, 125809, 118814, 119558, 73008, 73008, 2863083105
363, 637254, 131606, 124383, 117514, 124499, 69626, 69626, 2591789022
364, 636684, 127672, 127824, 120790, 120664, 69867, 69867, 2537102265
365, 638916, 124685, 131338, 124148, 118091, 70327, 70327, 466172124
366, 637258, 131728, 125262, 118372, 124670, 68613, 68613, 3918100553
367, 636030, 128564, 127837, 120910, 121495, 68612, 68612, 145960639
368, 637064, 133626, 120893, 114066, 126543, 70968, 70968, 1974240511
371, 635381, 129146, 125986, 118902, 122097, 69625, 69625, 3308808439
369, 636339, 129962, 127996, 120861, 122828, 67346, 67346, 1916362549
370, 636036, 128941, 125927, 118954, 121832, 70191, 70191, 635785923
372, 637988, 132085, 123261, 116375, 124915, 70676, 70676, 2145705932
373, 636961, 129429, 124308, 117460, 122340, 71712, 71712, 2784248465
374, 636097, 121145, 133712, 126745, 114321, 70087, 70087, 3360831673
375, 635919, 124364, 130733, 123559, 117385, 69939, 69939, 715658973
376, 637869, 132738, 124401, 117586, 125444, 68850, 68850, 2162462292
377, 638872, 130626, 121089, 114498, 123579, 74540, 74540, 494244599
378, 636273, 132719, 125746, 119114, 125506, 66594, 66594, 2303048251
379, 638982, 131836, 123500, 116848, 124778, 71010, 71010, 1109455601
380, 638855, 129960, 126164, 119367, 123052, 70156, 70156, 1536364407
381, 638092, 123326, 132465, 125220, 116593, 70244, 70244, 1361211364
382, 637271, 129477, 127013, 120016, 122507, 69129, 69129, 3107136416
383, 637999, 122710, 132132, 125144, 115951, 71031, 71031, 3774978636
384, 637364, 128355, 129131, 122182, 121358, 68169, 68169, 2267851075
385, 636758, 129791, 123575, 116620, 122916, 71928, 71928, 2405033196
386, 637341, 131257, 124780, 117934, 124334, 69518, 69518, 496496439
387, 634978, 120749, 132786, 125612, 113835, 70998, 70998, 2278610610
388, 639263, 127594, 130330, 123341, 120808, 68595, 68595, 2667822819
389, 639515, 121833, 135650, 128487, 115021, 69262, 69262, 1140204109
390, 639029, 125148, 127577, 120735, 118165, 73702, 73702, 2952550076
391, 637216, 122927, 133362, 126399, 115844, 69342, 69342, 454074188
393, 638189, 127902, 129073, 122110, 120942, 69081, 69081, 3030268487
392, 636992, 134413, 122970, 116115, 127358, 68068, 68068, 772470644
394, 640182, 125771, 129858, 122934, 119083, 71268, 71268, 2845578800
395, 635011, 122869, 131359, 124371, 115850, 70281, 70281, 1411072799
396, 637767, 120176, 135435, 128173, 113089, 70447, 70447, 2010705059
397, 635354, 127946, 126893, 119875, 121192, 69724, 69724, 2200010992
398, 637686, 128830, 127308, 120389, 121781, 69689, 69689, 1340560102
400, 637853, 130488, 126428, 119664, 123505, 68884, 68884, 904726608
401, 640061, 134143, 123568, 116891, 126909, 69275, 69275, 2567943714
399, 636719, 126127, 126577, 119650, 119071, 72647, 72647, 666478641
402, 637746, 128448, 126359, 119758, 121297, 70942, 70942, 2298574377
403, 635878, 127773, 124910, 117847, 120944, 72202, 72202, 2956037106
404, 635729, 126616, 125624, 118780, 119493, 72608, 72608, 3734803716
405, 638783, 127150, 126898, 120058, 120303, 72187, 72187, 1746152028
406, 637977, 127314, 128401, 121281, 120395, 70293, 70293, 2139856250
407, 637668, 130762, 128101, 120915, 123932, 66979, 66979, 3762030417
408, 636753, 123040, 129416, 122367, 116244, 72843, 72843, 1512219605
409, 637906, 125546, 131122, 124198, 118740, 69150, 69150, 2934862423
410, 637195, 130938, 125584, 118635, 123920, 69059, 69059, 2970422439
411, 635997, 122841, 134277, 126941, 116272, 67833, 67833, 114133419
412, 636081, 133268, 120934, 114071, 126194, 70807, 70807, 3695810565
413, 637326, 125617, 130786, 123751, 118594, 69289, 69289, 3134368702
414, 635896, 124154, 132295, 125290, 117231, 68463, 68463, 3324016163
415, 637275, 122663, 131155, 124253, 115798, 71703, 71703, 3076567314
417, 636032, 127671, 129381, 122218, 120712, 68025, 68025, 1735216036
416, 638455, 132736, 125658, 118832, 125749, 67740, 67740, 1919968308
418, 637132, 135240, 123153, 116165, 127756, 67409, 67409, 1374601990
419, 638027, 129841, 128608, 121666, 122808, 67552, 67552, 3919586778
421, 634610, 124688, 127975, 120993, 117660, 71647, 71647, 833778707
420, 639281, 125482, 130903, 124111, 118637, 70074, 70074, 395695783
422, 635564, 129087, 124133, 116899, 122191, 71627, 71627, 3727901890
423, 637725, 126973, 128419, 121455, 119906, 70486, 70486, 3280029307
424, 634156, 130775, 123216, 116407, 123556, 70101, 70101, 1524749121
425, 636965, 128558, 127531, 120527, 121609, 69370, 69370, 691555381
427, 637983, 127750, 129737, 122976, 120772, 68374, 68374, 4175843406
426, 637993, 133941, 122307, 115361, 126886, 69749, 69749, 4096756633
428, 635220, 126180, 130152, 123151, 119143, 68297, 68297, 3427391860
429, 637527, 131339, 124454, 117684, 124278, 69886, 69886, 2346999216
430, 635729, 128637, 126207, 119263, 121604, 70009, 70009, 1449793041
431, 637096, 120466, 132499, 125302, 113717, 72556, 72556, 3161165933
433, 637265, 123730, 131574, 124565, 116640, 70378, 70378, 2960333668
432, 637905, 129558, 125416, 118601, 122578, 70876, 70876, 1480112747
434, 638442, 127418, 130067, 123136, 120557, 68632, 68632, 2973604823
435, 637635, 132958, 124017, 116956, 125838, 68933, 68933, 959914561
437, 637091, 124555, 131045, 123849, 117660, 69991, 69991, 107106298
436, 638544, 126161, 130853, 123993, 119221, 69158, 69158, 879065282
438, 638608, 129546, 128059, 121115, 122702, 68593, 68593, 1379105122
439, 637096, 124298, 134044, 126926, 117600, 67114, 67114, 984118148
441, 637779, 126843, 126824, 119885, 119827, 72200, 72200, 3098102322
440, 638328, 133515, 124090, 117167, 126406, 68575, 68575, 4066435471
442, 636169, 123580, 129837, 122955, 116731, 71533, 71533, 1372400114
443, 634585, 126857, 126531, 119406, 119787, 71002, 71002, 309444757
444, 639045, 136991, 118672, 112084, 129650, 70824, 70824, 2053155683
445, 637041, 129780, 124025, 117092, 122570, 71787, 71787, 435538616
446, 639467, 126548, 129784, 122820, 119775, 70270, 70270, 2549536743
447, 636816, 128374, 128142, 120988, 121328, 68992, 68992, 1961093403
448, 636684, 126166, 128412, 121566, 119308, 70616, 70616, 275288459
450, 636400, 129879, 123355, 116312, 123004, 71925, 71925, 3743286651
449, 637264, 130341, 124895, 117990, 123362, 70338, 70338, 3970191211
451, 635256, 125284, 128235, 121280, 118099, 71179, 71179, 2957032554
452, 638362, 128902, 127556, 120793, 122037, 69537, 69537, 4057876437
453, 638194, 139805, 116783, 110273, 132419, 69457, 69457, 706596053
454, 638976, 130012, 125333, 118408, 123179, 71022, 71022, 3290129412
455, 635609, 134152, 121793, 115020, 126858, 68893, 68893, 4215417096
456, 638084, 132007, 124090, 117272, 124987, 69864, 69864, 3932888778
457, 636615, 123432, 133978, 126636, 116619, 67975, 67975, 3410938767
458, 635178, 126151, 124187, 117177, 119451, 74106, 74106, 1434207977
459, 635825, 127535, 129060, 121974, 120426, 68415, 68415, 1395372729
460, 638092, 125471, 131162, 124010, 118605, 69422, 69422, 850064422
461, 635818, 130941, 120820, 113988, 123701, 73184, 73184, 2399395540
462, 637114, 126014, 130496, 123559, 119131, 68957, 68957, 1086476259
463, 636738, 136839, 119746, 112970, 129531, 68826, 68826, 1955441320
465, 635869, 126016, 127670, 120700, 118937, 71273, 71273, 3276486430
464, 636264, 130973, 127460, 120574, 123939, 66659, 66659, 714179224
466, 639067, 127316, 129719, 122652, 120590, 69395, 69395, 992931747
467, 636820, 130191, 121300, 114337, 123200, 73896, 73896, 1821492678
468, 635893, 126649, 126422, 119589, 119605, 71814, 71814, 2380802232
469, 632466, 124077, 129578, 122353, 117170, 69644, 69644, 721810832
470, 635228, 125492, 130289, 123069, 118480, 68949, 68949, 4096659214
471, 637779, 130779, 124543, 117517, 123688, 70626, 70626, 2043123320
472, 637975, 129996, 126377, 119493, 122787, 69661, 69661, 501500202
474, 637428, 124057, 130341, 123412, 117200, 71209, 71209, 2121560299
473, 634729, 129092, 126693, 119672, 121916, 68678, 68678, 3121226413
475, 633198, 127900, 123793, 116966, 120743, 71898, 71898, 2520460363
477, 636617, 122930, 128058, 121009, 116124, 74248, 74248, 840958097
476, 637911, 124705, 127252, 120426, 117914, 73807, 73807, 2519915025
478, 636254, 126734, 130115, 123205, 119726, 68237, 68237, 2973886941
479, 641497, 126380, 131242, 124559, 119580, 69868, 69868, 1130648998
480, 635424, 132208, 123499, 116451, 125160, 69053, 69053, 39848949
481, 639572, 131085, 126448, 119656, 124157, 69113, 69113, 2707100616
482, 637988, 126185, 129705, 122597, 119123, 70189, 70189, 2001171736
483, 638647, 128737, 126043, 119048, 121957, 71431, 71431, 540831193
484, 638476, 122611, 134750, 127668, 115687, 68880, 68880, 1923130931
485, 637646, 135138, 121773, 115067, 128024, 68822, 68822, 3955918220
486, 634995, 120265, 133633, 126566, 113553, 70489, 70489, 3664039836
487, 634911, 130656, 125793, 118886, 123672, 67952, 67952, 732926310
488, 634417, 124960, 129782, 122636, 118081, 69479, 69479, 2719658705
489, 636349, 124783, 132138, 124872, 118010, 68273, 68273, 636004799
490, 637226, 124562, 130653, 123547, 117540, 70462, 70462, 990230410
491, 637811, 122684, 134524, 127233, 115912, 68729, 68729, 1210574772
493, 636539, 131143, 124851, 117866, 124089, 69295, 69295, 1925753428
492, 637471, 131331, 124358, 117476, 124306, 70000, 70000, 2782761600
494, 636855, 130939, 125926, 119122, 123830, 68519, 68519, 3615180087
495, 636664, 125742, 129876, 122926, 118488, 69816, 69816, 2599519575
498, 636862, 125722, 127688, 120899, 118767, 71893, 71893, 1663722184
496, 635903, 130711, 123455, 116449, 123734, 70777, 70777, 2270564878
497, 638613, 123315, 125935, 119068, 116499, 76898, 76898, 3057718165
499, 637508, 127837, 125850, 119081, 120806, 71967, 71967, 1384218547
501, 637414, 128441, 124351, 117523, 121613, 72743, 72743, 2307981775
500, 636053, 130454, 123652, 116890, 123545, 70756, 70756, 3729273411
502, 636901, 121704, 131743, 124659, 114829, 71983, 71983, 148605690
503, 638019, 126553, 126078, 119176, 119482, 73365, 73365, 1311124514
504, 637265, 129068, 125595, 118659, 122091, 70926, 70926, 146336257
505, 635134, 130923, 127138, 120001, 123762, 66655, 66655, 3074051185
506, 634487, 130775, 123908, 116989, 123587, 69614, 69614, 1873597895
507, 636660, 120470, 135930, 128874, 113612, 68887, 68887, 313980431
508, 635988, 131935, 121424, 114724, 124819, 71543, 71543, 4011638391
509, 637389, 123251, 131975, 124959, 116580, 70312, 70312, 1343164722
510, 639858, 126574, 127890, 121205, 119833, 72178, 72178, 7829060
511, 634946, 130835, 125881, 118808, 123682, 67870, 67870, 1047915604
512, 636396, 123699, 131198, 124173, 116738, 70294, 70294, 1797362384
513, 636794, 129346, 126025, 119087, 122590, 69873, 69873, 4262814386
514, 636759, 136481, 122677, 115855, 129112, 66317, 66317, 3410289722
515, 637234, 125567, 124257, 117385, 118519, 75753, 75753, 832167436
516, 636939, 124463, 131252, 124278, 117630, 69658, 69658, 344544933
517, 637533, 125162, 130582, 123601, 118242, 69973, 69973, 2672355291
518, 637384, 124870, 131198, 124095, 117765, 69728, 69728, 3799486495
519, 639077, 131017, 123311, 116377, 123924, 72224, 72224, 283751325
521, 636734, 128087, 124988, 118205, 120826, 72314, 72314, 3092858805
520, 637533, 133012, 120616, 113999, 125930, 71988, 71988, 1094017631
522, 635949, 127473, 125383, 118415, 120560, 72059, 72059, 900349370
524, 637808, 131479, 123035, 116170, 124474, 71325, 71325, 783325359
523, 638099, 129930, 127877, 120996, 122880, 68208, 68208, 3430462127
525, 636187, 130577, 125640, 118843, 123525, 68801, 68801, 1107062362
526, 638755, 129193, 127633, 120696, 122225, 69504, 69504, 761060773
527, 634765, 128220, 125360, 118404, 120919, 70931, 70931, 1441555843
528, 638209, 132618, 122492, 115744, 125543, 70906, 70906, 1268315373
529, 637467, 130103, 128811, 121828, 123123, 66801, 66801, 2136483946
530, 636518, 125203, 130650, 123695, 118298, 69336, 69336, 1885115284
531, 638466, 125915, 128661, 121479, 119067, 71672, 71672, 876707325
532, 635637, 128021, 128020, 120781, 121077, 68869, 68869, 4121628427
533, 638204, 125565, 129157, 122234, 118744, 71252, 71252, 133509912
534, 635557, 119731, 133772, 126688, 112830, 71268, 71268, 1665441183
536, 638664, 132652, 124422, 117562, 125548, 69240, 69240, 1875586362
535, 635619, 125848, 127676, 120707, 119082, 71153, 71153, 1622791548
537, 636275, 124353, 131034, 123982, 117244, 69831, 69831, 1010569174
538, 638671, 124774, 131922, 124801, 117802, 69686, 69686, 3960676600
539, 634699, 120744, 132444, 125213, 114154, 71072, 71072, 5917905
540, 636117, 131909, 123131, 116100, 124743, 70117, 70117, 1260806083
541, 636641, 125993, 129927, 122838, 119309, 69287, 69287, 1633437915
542, 637598, 133956, 123238, 116380, 126772, 68626, 68626, 2482836339
543, 639693, 122163, 133173, 126143, 115328, 71443, 71443, 1556688179
544, 637252, 127705, 127281, 120336, 120746, 70592, 70592, 3488659880
546, 638339, 127641, 124799, 118066, 120757, 73538, 73538, 3871342771
545, 635607, 125638, 126899, 119917, 118497, 72328, 72328, 1037036385
547, 635223, 127087, 125178, 118229, 120349, 72190, 72190, 2349606920
548, 637087, 132761, 121975, 115116, 125629, 70803, 70803, 2107478891
549, 638677, 125051, 132178, 125145, 118057, 69123, 69123, 562941274
550, 633540, 132313, 118342, 111301, 125094, 73245, 73245, 3146172265
551, 635088, 124846, 128333, 121138, 117921, 71425, 71425, 184113586
552, 638355, 129889, 126435, 119402, 122829, 69900, 69900, 4006760774
553, 637040, 129329, 125723, 118454, 122380, 70577, 70577, 2050935148
554, 636650, 129913, 127170, 120229, 123030, 68154, 68154, 3233139405
555, 637256, 128660, 128007, 120986, 121755, 68924, 68924, 4119765392
556, 637517, 129323, 127810, 120920, 122420, 68522, 68522, 1635722631
557, 636647, 127908, 124752, 117827, 121048, 72556, 72556, 3268769640
558, 637671, 130059, 130389, 123440, 122937, 65423, 65423, 3645777086
559, 639107, 126718, 128528, 121451, 119660, 71375, 71375, 1425706690
560, 636029, 126566, 129638, 122651, 119572, 68801, 68801, 3991966547
561, 637723, 129505, 129419, 122356, 122583, 66930, 66930, 204438095
562, 638708, 131781, 122852, 115983, 124938, 71577, 71577, 774531931
563, 639622, 119004, 135736, 128766, 112288, 71914, 71914, 3790258695
564, 637707, 130582, 124135, 117390, 123632, 70984, 70984, 81950527
565, 636930, 132959, 126055, 119147, 125827, 66471, 66471, 41919535
566, 636805, 124892, 130514, 123487, 117878, 70017, 70017, 2284373046
567, 639422, 126086, 128435, 121541, 119338, 72011, 72011, 1974598285
568, 635466, 123464, 127074, 120042, 116454, 74216, 74216, 2724585122
569, 639264, 133756, 124940, 118170, 126674, 67862, 67862, 2396838986
570, 638556, 134797, 123650, 116745, 127842, 67761, 67761, 2479815667
571, 641276, 129227, 128057, 121152, 122444, 70198, 70198, 2969276764
572, 638733, 129894, 127763, 120778, 122802, 68748, 68748, 1330612135
573, 637036, 130940, 125449, 118402, 123935, 69155, 69155, 2386118783
574, 634350, 129686, 125030, 118175, 122591, 69434, 69434, 1526494470
575, 639261, 131779, 126292, 119412, 124592, 68593, 68593, 1002268578
576, 636114, 127238, 128776, 121821, 120243, 69018, 69018, 462168675
577, 635353, 121300, 131167, 123954, 114518, 72207, 72207, 3156437433
578, 637124, 132676, 121894, 115182, 125618, 70877, 70877, 4025595179
579, 636725, 131670, 122700, 115902, 124711, 70871, 70871, 499840800
580, 636438, 130035, 125561, 118741, 122993, 69554, 69554, 3188393225
581, 637661, 121234, 135947, 128972, 114532, 68488, 68488, 3963712584
583, 637301, 126375, 129770, 122797, 119387, 69486, 69486, 659043393
582, 636813, 130506, 123815, 116982, 123434, 71038, 71038, 1214822697
584, 637551, 129983, 124704, 117892, 122958, 71007, 71007, 2424959033
585, 637057, 124367, 131291, 124307, 117296, 69898, 69898, 2619420301
586, 635863, 130371, 124484, 117445, 123247, 70158, 70158, 188056799
588, 638248, 124568, 130135, 123273, 117662, 71305, 71305, 4118927771
587, 637596, 128745, 125000, 118003, 121848, 72000, 72000, 1125756239
589, 636648, 126230, 128676, 121687, 119339, 70358, 70358, 4051435083
590, 637181, 129539, 125566, 118702, 122380, 70497, 70497, 2617123746
591, 637262, 127584, 127310, 120252, 120552, 70782, 70782, 1965771715
592, 636529, 123399, 130566, 123338, 116646, 71290, 71290, 1393624445
593, 638885, 126105, 129233, 122151, 119264, 71066, 71066, 3629118992
595, 641636, 132792, 123044, 116257, 126119, 71712, 71712, 2308539419
594, 639447, 123207, 134817, 127753, 116484, 68593, 68593, 2784885456
596, 634637, 126923, 125347, 118354, 119659, 72177, 72177, 2446035599
597, 637289, 127544, 126530, 119651, 120572, 71496, 71496, 856259291
598, 637305, 121195, 135620, 128471, 114463, 68778, 68778, 3144864435
599, 637873, 124810, 128784, 121831, 117868, 72290, 72290, 3364429768
600, 637478, 122369, 132139, 124894, 115358, 71359, 71359, 502010238
601, 636865, 133453, 124441, 117656, 126467, 67424, 67424, 2855248106
602, 635296, 128001, 125827, 118954, 120812, 70851, 70851, 3079028355
603, 636084, 124444, 135070, 127802, 117446, 65661, 65661, 3961551147
604, 639333, 125711, 132336, 125352, 118820, 68557, 68557, 3186040211
605, 636418, 135755, 120935, 114259, 128507, 68481, 68481, 1160962745
607, 637771, 130943, 124629, 117625, 123940, 70317, 70317, 2584892622
606, 637242, 131543, 125863, 118819, 124371, 68323, 68323, 807894932
608, 637950, 125440, 129213, 122059, 118666, 71286, 71286, 4011849923
609, 636491, 132967, 121467, 114644, 125973, 70720, 70720, 3258651514
610, 638901, 130877, 124560, 117856, 124042, 70783, 70783, 3840765035
611, 638435, 130221, 125852, 119067, 123385, 69955, 69955, 1033916620
612, 636419, 121793, 131148, 124102, 115092, 72142, 72142, 453293148
613, 637232, 130058, 125387, 118352, 123257, 70089, 70089, 2139037432
614, 639299, 125119, 130013, 123207, 118294, 71333, 71333, 4123949548
615, 636881, 124532, 131176, 124249, 117722, 69601, 69601, 1157807445
616, 639309, 129922, 126235, 119312, 123038, 70401, 70401, 2792205328
617, 636915, 121594, 132313, 125197, 114691, 71560, 71560, 272996872
618, 637717, 132237, 124100, 117345, 125231, 69402, 69402, 2609513305
619, 637528, 126047, 129719, 122594, 119066, 70051, 70051, 2605485921
621, 638919, 126468, 131175, 124196, 119700, 68690, 68690, 3832484099
620, 639029, 125905, 127903, 121021, 119156, 72522, 72522, 809052030
623, 635514, 122564, 127640, 120514, 115646, 74575, 74575, 2864338296
622, 634955, 130830, 124064, 116998, 123707, 69678, 69678, 1501315767
624, 637857, 134517, 121202, 114543, 127567, 70014, 70014, 1778347320
625, 635850, 125446, 129151, 122224, 118405, 70312, 70312, 1869854826
626, 634771, 130044, 126406, 119393, 122830, 68049, 68049, 1240293755
627, 638013, 128509, 124950, 118094, 121466, 72497, 72497, 2899825140
628, 637498, 123546, 133143, 126055, 116708, 69023, 69023, 2906374563
629, 637082, 128338, 129153, 121971, 121252, 68184, 68184, 2735491435
630, 637825, 130394, 125060, 117996, 123425, 70475, 70475, 2700023227
631, 638970, 127135, 130079, 122859, 120183, 69357, 69357, 2518561655
633, 635427, 122238, 132122, 124933, 115354, 70390, 70390, 2107254599
632, 632741, 123135, 129439, 122307, 116224, 70818, 70818, 639412159
634, 636536, 120492, 136462, 129270, 113724, 68294, 68294, 3517458491
635, 638113, 136710, 117630, 110983, 129560, 71615, 71615, 3674500838
637, 636636, 127124, 128635, 121734, 120323, 69410, 69410, 2181208078
636, 640620, 126456, 130202, 123223, 119689, 70525, 70525, 428283638
638, 635434, 128853, 127101, 119957, 121789, 68867, 68867, 1147219817
639, 637865, 128672, 128911, 121898, 121702, 68341, 68341, 1497100053
640, 635802, 125763, 128765, 121761, 118749, 70382, 70382, 2442281419
641, 638087, 134948, 119709, 112843, 127689, 71449, 71449, 1163047751
642, 638562, 136140, 121808, 115227, 128903, 68242, 68242, 1282540484
643, 636783, 127210, 128853, 121887, 120105, 69364, 69364, 2738105027
645, 637039, 124890, 130691, 123650, 117954, 69927, 69927, 1080893816
644, 636944, 132846, 121646, 114669, 125681, 71051, 71051, 2368507919
646, 638031, 129594, 127309, 120353, 122555, 69110, 69110, 746478932
647, 639997, 126546, 134708, 127691, 119848, 65602, 65602, 3407251987
649, 639415, 134439, 121170, 114384, 127506, 70958, 70958, 1306904730
648, 636991, 128120, 124418, 117629, 121180, 72822, 72822, 866617588
650, 635758, 123625, 130726, 123607, 116650, 70575, 70575, 1703454732
651, 638846, 128381, 125483, 118671, 121587, 72362, 72362, 340458960
652, 636964, 127152, 129667, 122783, 120248, 68557, 68557, 492529719
653, 637612, 125772, 129970, 122842, 118774, 70127, 70127, 1386432152
654, 636087, 125417, 131924, 124762, 118536, 67724, 67724, 88333334
655, 635574, 127783, 126272, 119512, 120937, 70535, 70535, 3761961317
656, 638147, 131036, 125578, 118665, 123962, 69453, 69453, 2318977482
657, 637848, 126224, 127562, 120689, 119381, 71996, 71996, 2965868592
658, 637879, 128829, 127842, 121055, 121795, 69179, 69179, 2362338763
659, 635384, 130286, 126626, 119726, 123258, 67744, 67744, 777020032
660, 639360, 124539, 130959, 123925, 117697, 71120, 71120, 314719693
661, 635402, 126235, 129024, 122062, 119395, 69343, 69343, 2225602628
662, 637130, 123101, 129301, 122251, 116243, 73117, 73117, 1862781400
663, 635303, 125797, 128375, 121217, 118832, 70541, 70541, 2454924544
664, 638017, 124040, 128835, 121734, 117382, 73013, 73013, 573275867
665, 640119, 131253, 124323, 117495, 124378, 71335, 71335, 458884958
666, 638530, 126706, 127526, 120662, 119704, 71966, 71966, 3133824128
668, 638551, 131070, 126376, 119712, 124023, 68685, 68685, 1771285317
667, 637262, 135045, 123888, 117078, 127803, 66724, 66724, 3053853798
669, 638985, 132095, 127113, 120180, 124957, 67320, 67320, 929962759
670, 636819, 128971, 124677, 117497, 122118, 71778, 71778, 385625225
671, 639126, 128548, 129324, 122241, 121677, 68668, 68668, 2923939812
673, 637521, 123094, 132594, 125518, 116237, 70039, 70039, 2739030967
672, 637924, 131381, 124058, 117170, 124497, 70409, 70409, 2771854223
674, 635460, 131665, 122240, 115428, 124603, 70762, 70762, 3295812882
675, 636119, 130325, 123369, 116407, 123250, 71384, 71384, 1585231123
676, 637166, 121279, 131383, 124316, 114518, 72835, 72835, 4094168567
677, 638217, 125168, 129531, 122496, 118362, 71330, 71330, 2648354698
678, 637147, 124500, 131387, 124249, 117603, 69704, 69704, 114905015
679, 637686, 130201, 126851, 119940, 123190, 68752, 68752, 731899649
680, 637031, 127978, 130385, 123623, 120957, 67044, 67044, 3548051813
682, 636393, 130838, 125343, 118595, 123829, 68894, 68894, 3165134935
683, 636522, 129488, 123772, 116699, 122379, 72092, 72092, 2649960878
681, 633887, 129565, 118129, 111472, 122413, 76154, 76154, 3907016292
685, 636719, 127539, 127429, 120494, 120579, 70339, 70339, 4152337064
684, 637483, 129194, 122897, 116146, 122150, 73548, 73548, 410951160
686, 640516, 126383, 130799, 123826, 119602, 69953, 69953, 1615788563
687, 637263, 130585, 127651, 120610, 123301, 67558, 67558, 1129428164
688, 638845, 127581, 129229, 122167, 120660, 69604, 69604, 3888227548
689, 637564, 127032, 130611, 123632, 120229, 68030, 68030, 3098988469
690, 636937, 129241, 128474, 121396, 122292, 67767, 67767, 319644751
691, 634750, 127355, 130363, 123308, 120274, 66725, 66725, 3756202966
692, 636025, 121241, 128983, 122106, 114357, 74669, 74669, 315951860
693, 636956, 127706, 129213, 122103, 120890, 68522, 68522, 2828258576
694, 635615, 126761, 129407, 122248, 119771, 68714, 68714, 3252879488
695, 636087, 129483, 124913, 118031, 122264, 70698, 70698, 158294163
696, 635172, 130906, 126182, 119358, 123784, 67471, 67471, 1396994351
697, 636163, 128536, 127146, 120181, 121622, 69339, 69339, 450841508
698, 638420, 127506, 129295, 122526, 120475, 69309, 69309, 4188199648
699, 638263, 131238, 122063, 115269, 124157, 72768, 72768, 1494463336
700, 638072, 126160, 130879, 124128, 119309, 68798, 68798, 3037540552
701, 635355, 128611, 125612, 118431, 121547, 70577, 70577, 780624662
702, 639201, 120253, 135251, 128119, 113588, 70995, 70995, 37359746
703, 637140, 124070, 132131, 125005, 117012, 69461, 69461, 1421488899
704, 636850, 133338, 123744, 116931, 126145, 68346, 68346, 3523747395
705, 636539, 126461, 129772, 122665, 119393, 69124, 69124, 1190740219
706, 637715, 128908, 125886, 118963, 122058, 70950, 70950, 3345355055
707, 639849, 128346, 130181, 123372, 121574, 68188, 68188, 1082124071
708, 639353, 124328, 134274, 127270, 117577, 67952, 67952, 602549793
709, 634734, 127287, 120046, 113128, 120295, 76989, 76989, 4277687906
710, 638504, 132379, 122272, 115589, 125426, 71419, 71419, 2010191341
711, 638167, 125486, 127820, 120940, 118831, 72545, 72545, 2152874436
712, 639088, 125976, 131358, 124198, 119058, 69249, 69249, 4079436237
713, 638280, 124520, 130197, 123044, 117655, 71432, 71432, 705832534
714, 637270, 123865, 130209, 123235, 117071, 71445, 71445, 1440584382
715, 636636, 124254, 129087, 121888, 117353, 72027, 72027, 2614945635
717, 637321, 134042, 118952, 112228, 126861, 72619, 72619, 2151078946
716, 635846, 130335, 124002, 117054, 123249, 70603, 70603, 1644841782
718, 638066, 126010, 130703, 123714, 118963, 69338, 69338, 3110526114
720, 636093, 126715, 127534, 120396, 119794, 70827, 70827, 398866643
719, 634370, 130710, 124636, 117804, 123586, 68817, 68817, 2138002991
722, 636673, 129142, 124647, 117844, 122112, 71464, 71464, 4142166444
721, 635877, 124958, 126717, 119555, 117927, 73360, 73360, 2394321864
723, 638374, 128614, 128291, 121547, 121548, 69187, 69187, 2142568419
724, 637476, 130718, 124802, 117933, 123591, 70216, 70216, 488906339
725, 637009, 127566, 124732, 117802, 120511, 73199, 73199, 3743798738
727, 636784, 128437, 128852, 121886, 121315, 68147, 68147, 1959768220
726, 634312, 123481, 128026, 121009, 116422, 72687, 72687, 696879373
728, 635116, 126140, 127346, 120265, 119211, 71077, 71077, 3494588332
729, 636488, 136736, 119736, 112882, 129438, 68848, 68848, 882954692
730, 636902, 125267, 127389, 120297, 118459, 72745, 72745, 1550895092
731, 637078, 129638, 127465, 120622, 122745, 68304, 68304, 3227730785
732, 636135, 122468, 129132, 122229, 115640, 73333, 73333, 515662490
733, 637219, 128204, 129379, 122434, 121202, 68000, 68000, 2049411039
734, 637491, 132367, 124269, 117347, 125184, 69162, 69162, 1260832274
735, 635963, 125891, 128198, 121097, 119105, 70836, 70836, 2918225782
736, 637288, 125481, 126827, 119929, 118545, 73253, 73253, 211965892
737, 636464, 127822, 129212, 122104, 120670, 68328, 68328, 1180551094
738, 635955, 130527, 126957, 119931, 123394, 67573, 67573, 1227931582
739, 639983, 129834, 123345, 116547, 122931, 73663, 73663, 565237572
740, 639896, 125436, 132163, 125211, 118650, 69218, 69218, 1238657065
741, 633168, 125730, 128623, 121583, 118638, 69297, 69297, 3232194631
742, 637864, 131616, 126781, 119889, 124626, 67476, 67476, 461189488
743, 636628, 126176, 129533, 122349, 119118, 69726, 69726, 716604224
744, 639045, 134057, 122079, 115302, 126935, 70336, 70336, 3574346813
745, 636277, 122095, 132786, 125566, 115172, 70329, 70329, 930177437
746, 636340, 136499, 119915, 113270, 129344, 68656, 68656, 442805884
747, 634513, 119466, 134774, 127473, 112772, 70014, 70014, 1011452119
748, 635574, 130135, 126936, 119893, 122970, 67820, 67820, 2108838565
750, 636355, 131699, 122692, 115633, 124427, 70952, 70952, 3238059285
749, 637686, 130225, 126696, 119793, 123196, 68888, 68888, 3472076925
751, 637832, 128223, 130402, 123431, 121214, 67281, 67281, 1615946719
753, 636477, 126533, 126938, 120062, 119624, 71660, 71660, 3471690062
752, 638468, 131699, 121634, 114639, 124388, 73054, 73054, 2405804047
754, 639021, 123365, 129192, 122295, 116539, 73815, 73815, 2408610851
755, 637680, 122743, 135353, 128212, 115750, 67811, 67811, 2456969629
756, 635885, 130017, 125733, 118597, 122850, 69344, 69344, 3630020077
757, 640000, 129437, 126009, 119391, 122541, 71311, 71311, 3209606753
758, 638310, 125107, 129465, 122499, 118241, 71499, 71499, 3378762144
759, 635628, 133318, 120902, 113995, 126357, 70528, 70528, 2155808833
760, 635343, 134645, 120640, 113786, 127622, 69325, 69325, 3741032944
761, 635525, 126384, 128568, 121431, 119384, 69879, 69879, 561524372
762, 634341, 132982, 119286, 112439, 125802, 71916, 71916, 1048322493
763, 637099, 130108, 122525, 115484, 123156, 72913, 72913, 1219216363
765, 638825, 122204, 132951, 126008, 115376, 71143, 71143, 325099157
764, 635427, 123165, 125401, 118394, 116131, 76168, 76168, 184284488
766, 637089, 132598, 123938, 117242, 125345, 68983, 68983, 1132677326
767, 639886, 129516, 125722, 118826, 122614, 71604, 71604, 1221111065
769, 636982, 132095, 122068, 115378, 125053, 71194, 71194, 2058840818
768, 636797, 131890, 127138, 120290, 124725, 66377, 66377, 4265125477
770, 638954, 114603, 137193, 130128, 108046, 74492, 74492, 2765924931
771, 636439, 128332, 127102, 120026, 121489, 69745, 69745, 1149199439
772, 635895, 121710, 131923, 124709, 114689, 71432, 71432, 474730191
774, 636188, 128192, 125901, 118913, 121212, 70985, 70985, 3683531569
773, 637678, 132272, 123546, 116739, 125221, 69950, 69950, 4203964839
775, 637574, 129642, 126620, 119478, 122696, 69569, 69569, 3301012078
776, 639066, 128483, 124935, 118138, 121648, 72931, 72931, 3129528891
777, 637429, 132184, 124240, 117293, 125108, 69302, 69302, 2003565288
778, 634249, 126426, 127913, 120844, 119680, 69693, 69693, 2954654482
779, 637293, 124242, 130746, 123598, 117485, 70611, 70611, 999158595
780, 636884, 129167, 126597, 119614, 122198, 69654, 69654, 1647169531
781, 637084, 131575, 124671, 117791, 124505, 69271, 69271, 1786172257
782, 637570, 126500, 129661, 122800, 119453, 69578, 69578, 275399656
783, 637922, 129041, 127344, 120266, 121927, 69672, 69672, 1525407660
784, 634691, 131248, 123791, 116520, 124062, 69535, 69535, 329747673
785, 638124, 129597, 125310, 118243, 122682, 71146, 71146, 2947218747
786, 636661, 129382, 128319, 121177, 122325, 67729, 67729, 3212345525
787, 635956, 129041, 123499, 116665, 121927, 72412, 72412, 3087645572
788, 635954, 128714, 124885, 117892, 121675, 71394, 71394, 1594241067
789, 637015, 129832, 124785, 117969, 122819, 70805, 70805, 676039514
790, 635012, 126777, 127417, 120305, 119783, 70365, 70365, 1730238009
791, 637010, 129673, 124114, 117244, 122523, 71728, 71728, 3600213120
793, 636224, 131284, 121025, 114291, 124212, 72706, 72706, 3998744741
792, 635502, 132693, 125658, 118532, 125489, 66565, 66565, 1751956605
795, 637277, 121834, 133813, 126528, 114994, 70054, 70054, 576324755
794, 639380, 128106, 128817, 121896, 121333, 69614, 69614, 2073727939
796, 636929, 128437, 130622, 123490, 121608, 66386, 66386, 4154879938
798, 638168, 125847, 129504, 122598, 119107, 70556, 70556, 3107145147
797, 637242, 124411, 131449, 124425, 117411, 69773, 69773, 2930292121
799, 636530, 124870, 129018, 122111, 117929, 71301, 71301, 3477072897
800, 634892, 124864, 128339, 121255, 117828, 71303, 71303, 411947246
802, 636209, 125681, 128113, 121062, 118459, 71447, 71447, 2442197806
801, 638550, 133179, 125657, 118912, 126142, 67330, 67330, 2567383009
803, 638559, 124663, 129468, 122616, 118020, 71896, 71896, 3514377855
804, 635505, 125133, 130735, 123653, 117968, 69008, 69008, 3532364199
805, 636629, 130559, 123389, 116432, 123537, 71356, 71356, 1156319995
806, 635350, 129564, 127916, 120836, 122738, 67148, 67148, 1645451904
807, 633458, 125762, 126072, 119143, 118603, 71939, 71939, 536083309
808, 636475, 129071, 123059, 116292, 121767, 73143, 73143, 222688411
809, 638312, 127325, 128263, 121385, 120291, 70524, 70524, 427294374
810, 635599, 129486, 127378, 120583, 122584, 67784, 67784, 2978587414
811, 640563, 127296, 128019, 120914, 120414, 71960, 71960, 2246936639
812, 636006, 131037, 124692, 117716, 123809, 69376, 69376, 2268374389
813, 636654, 129089, 125895, 118945, 122009, 70358, 70358, 3605771172
814, 637657, 127961, 125568, 118671, 120987, 72235, 72235, 4051835172
815, 638332, 127749, 127866, 120978, 120817, 70461, 70461, 2764711393
816, 638113, 128958, 126131, 119233, 122097, 70847, 70847, 2758645941
817, 636257, 130082, 120590, 113823, 123022, 74370, 74370, 244324818
818, 636839, 125867, 128967, 122204, 118877, 70462, 70462, 496210841
819, 637368, 127396, 125798, 118760, 120304, 72555, 72555, 2772204654
820, 635086, 128690, 127312, 120426, 121508, 68575, 68575, 984078482
821, 634143, 127847, 124835, 117734, 120885, 71421, 71421, 2288638130
822, 635960, 124497, 129619, 122407, 117555, 70941, 70941, 3954160223
823, 635314, 123362, 133659, 126501, 116432, 67680, 67680, 4190071422
824, 638441, 130376, 128970, 121953, 123450, 66846, 66846, 3575744493
825, 636682, 124855, 131316, 124127, 117974, 69205, 69205, 3982684669
826, 637589, 127287, 126630, 119629, 120285, 71879, 71879, 891217964
827, 637355, 124860, 129073, 122064, 118036, 71661, 71661, 1616689968
829, 635098, 127482, 125558, 118543, 120509, 71503, 71503, 4019127249
828, 638604, 128115, 126483, 119766, 121198, 71521, 71521, 3753438696
830, 639921, 126518, 127017, 120215, 119763, 73204, 73204, 2047484852
831, 637014, 125787, 131810, 124894, 119007, 67758, 67758, 813412708
832, 637234, 125972, 126687, 119603, 118910, 73031, 73031, 3867989803
833, 638408, 129310, 126791, 119845, 122332, 70065, 70065, 4071605367
834, 635742, 127705, 126776, 119874, 120591, 70398, 70398, 1911759056
835, 637054, 126346, 126988, 119921, 119501, 72149, 72149, 563926595
836, 639419, 132592, 122171, 115554, 125454, 71824, 71824, 3671137796
837, 637914, 131888, 125228, 118283, 124929, 68793, 68793, 3888115541
838, 635971, 123811, 127031, 120116, 117017, 73998, 73998, 3567498614
839, 637577, 120812, 131311, 124173, 114033, 73624, 73624, 50242184
840, 636206, 129261, 127504, 120515, 122188, 68369, 68369, 3314673401
841, 636333, 126555, 128718, 121789, 119569, 69851, 69851, 2076279149
842, 637511, 128912, 127442, 120398, 121775, 69492, 69492, 3523267565
843, 639871, 133701, 124167, 117472, 126683, 68924, 68924, 23149173
844, 638910, 124285, 136458, 129436, 117487, 65622, 65622, 238669596
845, 638658, 131741, 123566, 116969, 124604, 70889, 70889, 4094874353
846, 636698, 123965, 128255, 121274, 116980, 73112, 73112, 2661004192
847, 639075, 124160, 133246, 126129, 117390, 69075, 69075, 2858702859
848, 637033, 126201, 130154, 123283, 119393, 69001, 69001, 4137029267
849, 636776, 125913, 127247, 120203, 118691, 72361, 72361, 1397041290
850, 638239, 127448, 126103, 118992, 120660, 72518, 72518, 2630262045
852, 639350, 125384, 130954, 124057, 118429, 70263, 70263, 2063927195
853, 634859, 120024, 132591, 125628, 113350, 71633, 71633, 3605181342
851, 636833, 135279, 119929, 113372, 127845, 70204, 70204, 3017967207
854, 637795, 129015, 127485, 120476, 122071, 69374, 69374, 1757414155
855, 637641, 124943, 128123, 121315, 117950, 72655, 72655, 522070414
857, 637445, 129327, 126571, 119715, 122482, 69675, 69675, 255897745
856, 636991, 131576, 124743, 117694, 124696, 69141, 69141, 4062588529
858, 637956, 123299, 133048, 125927, 116524, 69579, 69579, 3772518568
859, 637341, 123293, 130031, 123032, 116429, 72278, 72278, 775524075
860, 638140, 131637, 123989, 117134, 124448, 70466, 70466, 550681204
861, 637677, 125512, 129069, 122087, 118709, 71150, 71150, 2406485247
862, 637566, 126049, 130872, 123707, 119126, 68906, 68906, 4224709478
863, 638711, 128447, 124875, 118167, 121476, 72873, 72873, 2195307970
866, 636971, 125858, 130241, 123259, 118983, 69315, 69315, 2852941461
864, 636131, 133706, 122217, 115579, 126607, 69011, 69011, 2444754871
865, 637105, 127678, 127247, 120339, 120663, 70589, 70589, 254876151
867, 640222, 132495, 127013, 120115, 125553, 67523, 67523, 729843550
868, 636828, 127013, 127962, 120888, 120103, 70431, 70431, 247347985
869, 633703, 123751, 127967, 120952, 116825, 72104, 72104, 361563055
870, 633116, 130980, 123644, 116849, 123727, 68958, 68958, 611325998
871, 635884, 125751, 130832, 123623, 118782, 68448, 68448, 1862670980
872, 637111, 124697, 126511, 119522, 117707, 74337, 74337, 3257015034
873, 636427, 126153, 129919, 122983, 119322, 69025, 69025, 2989321560
874, 636004, 138794, 119737, 112832, 131535, 66553, 66553, 598554186
875, 637982, 133417, 125093, 118081, 126231, 67580, 67580, 2738276477
877, 635689, 124358, 129026, 121856, 117437, 71506, 71506, 116766493
878, 636326, 123467, 132931, 125835, 116547, 68773, 68773, 2973939618
876, 637532, 129264, 125157, 118346, 122195, 71285, 71285, 1209421062
879, 637791, 132811, 126085, 119269, 125596, 67015, 67015, 3090451702
880, 639325, 120183, 134033, 127012, 113679, 72209, 72209, 2302861109
881, 638104, 127409, 128856, 121937, 120444, 69729, 69729, 523176947
882, 635893, 123255, 130412, 123224, 116298, 71352, 71352, 3792789593
883, 636406, 132513, 123491, 116587, 125453, 69181, 69181, 3517832343
884, 634360, 122616, 132998, 125801, 115757, 68594, 68594, 2253863152
885, 635782, 129553, 125269, 118289, 122497, 70087, 70087, 3688692479
886, 634516, 128146, 125799, 118688, 120985, 70449, 70449, 1906248015
888, 634070, 128637, 125066, 118246, 121411, 70355, 70355, 972493893
890, 635137, 125193, 128847, 121847, 118346, 70452, 70452, 3480366510
889, 637781, 129011, 130490, 123490, 122150, 66320, 66320, 4195484086
887, 638555, 130343, 127295, 120410, 123369, 68569, 68569, 3978915489
892, 636036, 126846, 125129, 118191, 120006, 72932, 72932, 1021508226
891, 636037, 127761, 128045, 120911, 120774, 69273, 69273, 3786486467
894, 635780, 126507, 126670, 119752, 119867, 71492, 71492, 991689670
895, 635582, 125312, 126404, 119417, 118259, 73095, 73095, 2326839641
893, 640007, 126707, 128512, 121683, 119939, 71583, 71583, 409847077
896, 638025, 129253, 126223, 119279, 122692, 70289, 70289, 2602617920
897, 635296, 128471, 126600, 119690, 121463, 69536, 69536, 3427597671
898, 632719, 128599, 126311, 119119, 121570, 68560, 68560, 1820023104
899, 639747, 127696, 129768, 123147, 120976, 69080, 69080, 264254207
900, 637501, 129427, 125288, 118415, 122467, 70952, 70952, 1435879220
902, 638558, 133196, 120649, 113976, 126361, 72188, 72188, 3567562050
901, 639243, 128839, 130156, 123121, 121897, 67615, 67615, 3824552918
903, 636801, 132422, 125471, 118641, 125281, 67493, 67493, 2634899488
904, 637321, 129688, 126048, 119022, 122613, 69975, 69975, 2409585622
905, 638747, 126929, 127637, 120818, 119913, 71725, 71725, 1633089079
906, 640021, 127652, 131261, 124291, 120971, 67923, 67923, 539865437
907, 636816, 129989, 126670, 119888, 122997, 68636, 68636, 1259518114
908, 638508, 125451, 132236, 125121, 118622, 68539, 68539, 2065486813
909, 634519, 131894, 123198, 116399, 124640, 69194, 69194, 384202261
910, 634628, 134323, 117248, 110528, 126987, 72771, 72771, 1404707666
911, 637014, 122941, 131268, 124118, 116231, 71228, 71228, 1095124657
912, 638923, 124853, 128238, 121216, 117988, 73314, 73314, 4087269982
914, 635944, 123899, 126043, 119149, 117029, 74912, 74912, 3659954776
913, 639240, 124774, 131252, 124306, 117838, 70535, 70535, 1824745999
915, 638204, 126468, 130333, 123355, 119548, 69250, 69250, 3845380834
916, 635975, 125629, 128202, 121051, 118809, 71142, 71142, 54699298
917, 635106, 129685, 123737, 116798, 122778, 71054, 71054, 3409005580
918, 639184, 127710, 124702, 117803, 120997, 73986, 73986, 3702837037
919, 638521, 130562, 127694, 120921, 123632, 67856, 67856, 4046248168
920, 636894, 131090, 126025, 118950, 123869, 68480, 68480, 2519753088
921, 636323, 125164, 127970, 120946, 118325, 71959, 71959, 2610512323
922, 636796, 126096, 128630, 121491, 119159, 70710, 70710, 4057380262
923, 634988, 132070, 122324, 115408, 124804, 70191, 70191, 465590346
924, 634761, 124080, 131772, 124578, 117215, 68558, 68558, 854252504
925, 635433, 123646, 130392, 123143, 116884, 70684, 70684, 3487605603
926, 637881, 132688, 125028, 118217, 125722, 68113, 68113, 465632883
928, 636624, 131629, 118335, 111472, 124400, 75394, 75394, 2438005100
927, 637976, 133557, 120693, 113964, 126412, 71675, 71675, 2838374792
929, 638776, 126866, 132573, 125499, 120004, 66917, 66917, 4211281485
930, 637513, 129916, 128444, 121419, 122964, 67385, 67385, 2902532163
931, 638948, 129595, 126971, 120158, 122768, 69728, 69728, 2606262754
932, 635854, 125481, 127902, 120820, 118537, 71557, 71557, 2201152783
933, 639231, 130949, 125390, 118539, 123985, 70184, 70184, 113785660
934, 636027, 125408, 131796, 124648, 118363, 67906, 67906, 3722354683
937, 635762, 126377, 126743, 119664, 119228, 71875, 71875, 2380387417
936, 638951, 132773, 121696, 114888, 125678, 71958, 71958, 2188775252
935, 637173, 130594, 124666, 117669, 123682, 70281, 70281, 1577235777
938, 636482, 129740, 125105, 118090, 122717, 70415, 70415, 27076756
939, 637549, 133265, 124668, 117411, 126263, 67971, 67971, 2675158330
940, 637196, 132052, 120394, 113564, 124970, 73108, 73108, 3828793452
941, 634707, 123592, 128801, 121529, 116685, 72050, 72050, 2168408585
942, 636857, 123493, 132461, 125328, 116563, 69506, 69506, 3252326809
943, 637466, 119587, 134465, 127257, 113067, 71545, 71545, 2681339541
944, 637240, 124793, 131980, 124943, 117870, 68827, 68827, 2526672036
945, 638281, 128365, 127609, 120548, 121381, 70189, 70189, 3285161758
946, 638887, 128500, 127607, 120445, 121505, 70415, 70415, 392625723
947, 638091, 124732, 129819, 122670, 117932, 71469, 71469, 2917990175
948, 637069, 126685, 129677, 122537, 119884, 69143, 69143, 2720496176
949, 639736, 124535, 130956, 123870, 117641, 71367, 71367, 1386075988
950, 638825, 133919, 120650, 114031, 126899, 71663, 71663, 3682194044
951, 635523, 123418, 130448, 123130, 116605, 70961, 70961, 1030369595
952, 634366, 128054, 125035, 118217, 121000, 71030, 71030, 2097046386
953, 637977, 123424, 133550, 126341, 116764, 68949, 68949, 2160022488
954, 638561, 123090, 134251, 127383, 116419, 68709, 68709, 3294447053
955, 638399, 130203, 126161, 119619, 123196, 69610, 69610, 3469003870
956, 636820, 128394, 127661, 120730, 121463, 69286, 69286, 3111576001
957, 638194, 129536, 125895, 118943, 122412, 70704, 70704, 4032945691
958, 634364, 124728, 125105, 118148, 117897, 74243, 74243, 2559327929
960, 635759, 124570, 131597, 124399, 117477, 68858, 68858, 4098973037
959, 638361, 123694, 132778, 125874, 116739, 69638, 69638, 4083346853
961, 637474, 135353, 117914, 111142, 128197, 72434, 72434, 1135768415
962, 637377, 128448, 125461, 118743, 121355, 71685, 71685, 1276057314
963, 637094, 133506, 121512, 114949, 126325, 70401, 70401, 1202117243
964, 639422, 128902, 124233, 117602, 121789, 73448, 73448, 2110099148
965, 637761, 126212, 130984, 123912, 119401, 68626, 68626, 4143814027
966, 638180, 129301, 127209, 120271, 122265, 69567, 69567, 404653580
967, 638052, 126985, 129419, 122488, 120098, 69531, 69531, 3137345305
968, 638751, 125614, 128605, 121892, 118944, 71848, 71848, 2621911594
969, 638195, 131893, 124135, 117269, 124890, 70004, 70004, 3971453943
970, 635571, 133114, 121152, 114180, 125935, 70595, 70595, 3603750936
971, 636706, 124957, 126762, 119714, 118111, 73581, 73581, 1400884453
974, 637593, 130699, 124195, 117495, 123642, 70781, 70781, 2002802712
973, 637169, 122127, 129931, 122958, 115319, 73417, 73417, 1369605994
972, 639997, 125168, 133895, 126821, 118413, 67850, 67850, 4012480559
975, 634857, 123418, 126561, 119529, 116555, 74397, 74397, 3279577902
977, 636945, 128568, 126807, 119842, 121522, 70103, 70103, 3649173961
976, 638142, 125958, 130007, 122923, 119038, 70108, 70108, 4282149937
978, 635316, 123957, 130268, 123282, 117109, 70350, 70350, 2208448900
979, 636664, 132998, 121401, 114616, 125759, 70945, 70945, 1517896490
980, 637190, 130349, 125758, 118756, 123465, 69431, 69431, 3520893111
981, 639199, 130971, 124445, 117454, 123999, 71165, 71165, 1022048094
982, 633461, 130281, 124065, 117069, 123058, 69494, 69494, 2581046575
983, 636570, 122261, 132936, 126000, 115433, 69970, 69970, 3722432161
984, 636315, 125805, 128307, 121326, 119021, 70928, 70928, 2500551590
986, 637119, 121508, 131833, 124667, 114729, 72191, 72191, 3764522897
985, 638628, 126151, 131067, 124317, 119509, 68792, 68792, 2826047908
987, 636990, 123446, 130597, 123564, 116677, 71353, 71353, 1893735550
988, 638085, 126239, 126544, 119517, 119449, 73168, 73168, 3917946323
990, 635525, 131351, 124450, 117478, 124166, 69040, 69040, 2476233111
989, 639256, 127512, 128277, 121334, 120613, 70760, 70760, 3374381574
992, 640525, 130086, 127511, 120678, 123144, 69553, 69553, 2596041575
991, 636184, 129211, 126451, 119398, 122432, 69346, 69346, 1997055672
993, 635703, 119602, 136422, 129070, 112879, 68865, 68865, 1986008369
994, 636409, 130644, 125931, 118899, 123593, 68671, 68671, 4266922859
995, 636833, 123732, 130039, 123100, 116930, 71516, 71516, 1913744986
996, 636716, 121254, 133960, 126716, 114416, 70185, 70185, 2297175407
998, 639433, 127846, 133568, 126546, 120923, 65275, 65275, 3220328126
997, 636450, 134871, 123648, 116563, 127720, 66824, 66824, 2849643798
999, 637232, 121480, 129983, 123184, 114779, 73903, 73903, 3657349269
