sample_id, N_LCC, N_A_1_LCC, N_B_1_LCC, N_A_0_LCC, N_B_0_LCC, N_A_*_LCC, N_B_*_LCC, seed
1, 4422774, 822530, 1169635, 1155490, 808865, 233127, 233127, 1842250595
2, 4412963, 541348, 1446942, 1431864, 528479, 232165, 232165, 1576335719
8, 4413948, 1193086, 782768, 769005, 1177639, 245725, 245725, 1360559944
10, 4421469, 1040147, 950988, 936526, 1026524, 233642, 233642, 3288177996
12, 4410789, 1230813, 742735, 729052, 1215513, 246338, 246338, 294391288
15, 4412363, 1016112, 954057, 939402, 1002286, 250253, 250253, 3031386476
11, 4410794, 856176, 1112976, 1097050, 842578, 251007, 251007, 2313777450
13, 4428646, 1038889, 935611, 922047, 1025983, 253058, 253058, 529427830
3, 4416051, 852622, 1139210, 1125366, 838015, 230419, 230419, 2563656065
7, 4417938, 953764, 1012415, 998049, 939992, 256859, 256859, 982037230
5, 4413691, 1063438, 911153, 897001, 1048225, 246937, 246937, 338514383
0, 4417871, 984535, 998007, 983800, 969915, 240807, 240807, 1330993324
9, 4414992, 1250185, 725043, 711702, 1234520, 246771, 246771, 2847537449
6, 4417658, 912955, 1067679, 1052891, 900051, 242041, 242041, 2708348264
4, 4414781, 1342956, 620961, 607405, 1328431, 257514, 257514, 1898132913
14, 4412452, 872526, 1106577, 1091335, 858712, 241651, 241651, 2638271071
16, 4410577, 930498, 1047421, 1032714, 916210, 241867, 241867, 2137975412
18, 4413638, 1023436, 911504, 897532, 1008544, 286311, 286311, 3798602752
17, 4416388, 1192371, 774407, 761117, 1177805, 255344, 255344, 1833495356
21, 4420716, 1210343, 738695, 725015, 1195753, 275455, 275455, 910307492
20, 4420223, 926613, 1066916, 1052708, 912100, 230943, 230943, 1870460263
22, 4418127, 796589, 1177107, 1160648, 783313, 250235, 250235, 2511866981
25, 4414729, 1026507, 925581, 911517, 1012138, 269493, 269493, 3890754215
19, 4411599, 901367, 1077803, 1063146, 887131, 241076, 241076, 895714857
26, 4416330, 874086, 1125105, 1110158, 860631, 223175, 223175, 2482368800
23, 4416386, 899608, 1075417, 1060840, 885833, 247344, 247344, 2529446749
24, 4413379, 1347924, 624313, 610844, 1333632, 248333, 248333, 3018901709
30, 4409363, 1089650, 881312, 866966, 1075093, 248171, 248171, 3272323429
27, 4420919, 1010689, 974524, 961060, 995980, 239333, 239333, 476622872
29, 4411055, 604776, 1379788, 1364875, 591370, 235123, 235123, 729920219
28, 4411006, 1304970, 640350, 626882, 1290566, 274119, 274119, 2849827992
31, 4410501, 977925, 1011206, 996707, 963327, 230668, 230668, 3943333346
36, 4408648, 745839, 1221747, 1205954, 731838, 251635, 251635, 2526674170
37, 4416793, 838060, 1142037, 1127181, 824005, 242755, 242755, 1100640071
34, 4406320, 1071992, 901077, 886741, 1056080, 245215, 245215, 1298840580
33, 4415318, 873205, 1097170, 1081846, 859317, 251890, 251890, 3143827378
39, 4417315, 722234, 1266330, 1250478, 708171, 235051, 235051, 3156708394
32, 4409616, 886286, 1093807, 1078889, 871708, 239463, 239463, 4064858094
35, 4412447, 1061579, 908972, 895060, 1046310, 250263, 250263, 3168544395
40, 4413906, 1266540, 691117, 677483, 1250454, 264156, 264156, 3451906708
38, 4414397, 901802, 1080802, 1066326, 888073, 238697, 238697, 3264775299
41, 4413743, 1164585, 813384, 798492, 1149996, 243643, 243643, 331213777
43, 4420407, 1156901, 830371, 816422, 1142273, 237220, 237220, 2438156328
44, 4419160, 1178594, 801788, 788644, 1164032, 243051, 243051, 598150009
45, 4416863, 662421, 1295257, 1279160, 649041, 265492, 265492, 3737447849
42, 4407265, 1227499, 709215, 694964, 1212343, 281622, 281622, 4115647320
46, 4420895, 904100, 1037028, 1022904, 890717, 283073, 283073, 1437474599
48, 4413703, 1245127, 734246, 720230, 1230792, 241654, 241654, 2329834087
52, 4410258, 960911, 1021569, 1007249, 945975, 237277, 237277, 248297025
54, 4422015, 794276, 1192302, 1177922, 780775, 238370, 238370, 46914403
47, 4417042, 1168936, 818799, 805247, 1154374, 234843, 234843, 3159825034
50, 4410215, 1071420, 897436, 882856, 1057357, 250573, 250573, 2791208824
49, 4409276, 1106676, 869792, 856028, 1092000, 242390, 242390, 3664750946
53, 4426247, 1060009, 921415, 908136, 1045867, 245410, 245410, 1544174629
51, 4415837, 723842, 1261410, 1247203, 710294, 236544, 236544, 2510816008
58, 4411885, 1241968, 740951, 727670, 1226214, 237541, 237541, 1703139630
56, 4409187, 931216, 1016130, 1002079, 917646, 271058, 271058, 262604854
57, 4412738, 736426, 1245590, 1229859, 722765, 239049, 239049, 430917495
55, 4411696, 1049977, 944410, 930687, 1034518, 226052, 226052, 415351851
59, 4424275, 1171182, 813169, 799462, 1156792, 241835, 241835, 2731811042
60, 4413772, 986581, 1005029, 990273, 972799, 229545, 229545, 3130476867
62, 4411913, 1200005, 784473, 770709, 1185564, 235581, 235581, 1200876047
61, 4414928, 839184, 1113397, 1099990, 824605, 268876, 268876, 4213491040
64, 4402192, 768076, 1210657, 1195568, 753461, 237215, 237215, 2398136122
63, 4414410, 947785, 997552, 983164, 933855, 276027, 276027, 2801205261
66, 4416475, 792132, 1195535, 1181127, 778349, 234666, 234666, 1595839961
69, 4410937, 1140636, 846664, 832087, 1126434, 232558, 232558, 3578424607
71, 4414826, 700516, 1285456, 1270587, 686275, 235996, 235996, 1748921861
70, 4408796, 944842, 1013935, 999049, 930810, 260080, 260080, 282488855
73, 4419752, 1000085, 982992, 968863, 985648, 241082, 241082, 939706295
72, 4417225, 1053792, 913730, 899755, 1039554, 255197, 255197, 2648633134
65, 4415803, 1181796, 791774, 777669, 1167418, 248573, 248573, 2396594839
74, 4410605, 858932, 1110353, 1095427, 844175, 250859, 250859, 3488905371
67, 4415310, 1007237, 961713, 947444, 992594, 253161, 253161, 2116295510
68, 4414142, 932940, 1027495, 1013854, 918603, 260625, 260625, 59328319
76, 4410250, 1202916, 784741, 770648, 1188185, 231880, 231880, 3389536116
75, 4418942, 931387, 1056224, 1042284, 917479, 235784, 235784, 2525464277
78, 4409293, 749734, 1220078, 1204420, 735819, 249621, 249621, 3872492232
77, 4414421, 1067159, 903692, 888967, 1053063, 250770, 250770, 448404281
82, 4418841, 890429, 1092893, 1078415, 875938, 240583, 240583, 2043200537
80, 4419589, 1245328, 741069, 727834, 1229860, 237749, 237749, 3465335275
81, 4415012, 937841, 1039496, 1025199, 923024, 244726, 244726, 1896569637
85, 4404431, 764986, 1191862, 1177097, 751216, 259635, 259635, 1652040942
79, 4407700, 1340067, 633489, 619708, 1325486, 244475, 244475, 24792008
84, 4411951, 1199050, 772345, 758471, 1184051, 249017, 249017, 1784394017
88, 4415985, 915904, 1072633, 1058187, 900719, 234271, 234271, 3828122242
83, 4411450, 1065030, 915937, 901344, 1051175, 238982, 238982, 3276756068
87, 4414184, 899098, 1046992, 1033219, 884711, 275082, 275082, 2040935793
89, 4412937, 1375304, 608321, 594973, 1360049, 237145, 237145, 4066857701
90, 4416447, 1178867, 814317, 800322, 1163449, 229746, 229746, 476682924
86, 4406841, 1107018, 869520, 855192, 1092141, 241485, 241485, 3828075241
92, 4407139, 719152, 1258360, 1242983, 705170, 240737, 240737, 3823735578
91, 4416380, 987332, 975293, 960858, 974005, 259446, 259446, 4254244503
93, 4411771, 880917, 1094606, 1079886, 866766, 244798, 244798, 822067167
95, 4416349, 991907, 987314, 972313, 977393, 243711, 243711, 899579795
96, 4413205, 761851, 1206032, 1190585, 748117, 253310, 253310, 2812596151
94, 4417824, 1066176, 910034, 895905, 1052319, 246695, 246695, 1015521655
97, 4406290, 1267877, 681653, 667785, 1253037, 267969, 267969, 3252080830
105, 4412702, 1012916, 973073, 958400, 997469, 235422, 235422, 1701718396
100, 4420281, 1046242, 933087, 919167, 1031499, 245143, 245143, 2201940317
98, 4421842, 1023547, 963119, 949065, 1009385, 238363, 238363, 757506910
104, 4409460, 1306449, 680113, 666726, 1291342, 232415, 232415, 1019864769
101, 4412755, 1111610, 853944, 840691, 1097126, 254692, 254692, 3660005492
99, 4412778, 846691, 1134533, 1120447, 831735, 239686, 239686, 408332479
103, 4413611, 1030311, 925553, 911552, 1016087, 265054, 265054, 2678585636
106, 4418779, 1010066, 967709, 954706, 995968, 245165, 245165, 3047262019
102, 4421304, 1200762, 758291, 744648, 1185685, 265959, 265959, 3763132746
107, 4416534, 921720, 1037266, 1023053, 907293, 263601, 263601, 3308573279
108, 4420693, 746481, 1230647, 1215251, 732966, 247674, 247674, 2072399271
109, 4418903, 982704, 1009517, 995595, 969273, 230907, 230907, 4188398268
111, 4408680, 1022428, 878450, 863548, 1007784, 318235, 318235, 3738568826
112, 4419259, 1080180, 878237, 863883, 1065767, 265596, 265596, 3638731738
115, 4414530, 1381795, 594572, 581404, 1366387, 245186, 245186, 4275515606
110, 4411659, 715169, 1163871, 1149508, 701311, 340900, 340900, 388839739
113, 4415688, 944720, 1036286, 1021094, 930690, 241449, 241449, 2122804738
116, 4422585, 1044421, 932319, 918185, 1030372, 248644, 248644, 4152851898
117, 4406259, 994048, 973894, 959063, 979326, 249964, 249964, 850676098
120, 4415102, 989589, 983185, 969420, 975128, 248890, 248890, 4027262377
114, 4421005, 1057972, 933471, 920105, 1044237, 232610, 232610, 3355938078
119, 4416485, 1320991, 666954, 654062, 1305144, 234667, 234667, 1849187776
122, 4412197, 1044238, 937214, 923470, 1029293, 238991, 238991, 52164316
123, 4406772, 848331, 1116039, 1101667, 834605, 253065, 253065, 4251593661
118, 4415361, 1074790, 923682, 909524, 1060327, 223519, 223519, 765801940
121, 4417069, 1345962, 644983, 631368, 1331818, 231469, 231469, 2879011843
124, 4415079, 892688, 1091595, 1076082, 878494, 238110, 238110, 3352143107
127, 4412085, 954380, 1026496, 1012345, 939878, 239493, 239493, 2941819346
125, 4414890, 924845, 1051356, 1036899, 911236, 245277, 245277, 3333535707
126, 4410095, 810903, 1156838, 1141818, 797168, 251684, 251684, 1743357518
129, 4415578, 924216, 1062845, 1048534, 910199, 234892, 234892, 2522298658
128, 4418771, 623615, 1365217, 1351124, 610783, 234016, 234016, 3230648525
132, 4415708, 792965, 1191129, 1175873, 779399, 238171, 238171, 1733555708
130, 4415661, 1110374, 862115, 848078, 1095344, 249875, 249875, 2185444804
131, 4420517, 1193103, 782071, 768753, 1178232, 249179, 249179, 3997260651
133, 4406405, 1281029, 678323, 664733, 1264694, 258813, 258813, 2907380992
134, 4407299, 1067744, 902935, 888554, 1052450, 247808, 247808, 826331742
138, 4419579, 993902, 997147, 983734, 979570, 232613, 232613, 3516518634
137, 4407113, 1121992, 843863, 829891, 1106713, 252327, 252327, 4168818875
135, 4421413, 1332366, 635890, 622137, 1316432, 257294, 257294, 503392586
139, 4416217, 880511, 1105586, 1090441, 865885, 236897, 236897, 3597236883
136, 4413273, 1168710, 818020, 803923, 1154234, 234193, 234193, 2961600380
140, 4411444, 1190902, 801531, 787484, 1176167, 227680, 227680, 385454670
144, 4409958, 852973, 1128021, 1112074, 838700, 239095, 239095, 15689069
142, 4422028, 935988, 1041551, 1027210, 921717, 247781, 247781, 4027154966
141, 4407995, 1205615, 774474, 760927, 1190845, 238067, 238067, 3508493707
143, 4415121, 1058427, 888845, 874755, 1044180, 274457, 274457, 2736551767
148, 4416820, 728932, 1267946, 1253949, 715191, 225401, 225401, 3605935537
145, 4409702, 951431, 1029845, 1014979, 937467, 237990, 237990, 207533186
147, 4418144, 1065143, 917085, 903412, 1050550, 240977, 240977, 583610110
146, 4412880, 1113274, 865928, 852530, 1098344, 241402, 241402, 3918750509
150, 4410660, 1029083, 917233, 903202, 1013828, 273657, 273657, 435555804
152, 4417486, 699038, 1286428, 1271149, 686161, 237355, 237355, 4072563569
149, 4415762, 1049565, 936836, 922436, 1034423, 236251, 236251, 4173626478
151, 4422689, 877877, 1101673, 1086667, 863910, 246281, 246281, 2103995094
153, 4415531, 904885, 1062743, 1047374, 891341, 254594, 254594, 3354810297
154, 4414232, 1032241, 951459, 936928, 1018016, 237794, 237794, 3541211610
155, 4410178, 1301165, 692074, 678977, 1285344, 226309, 226309, 733781384
160, 4411068, 683497, 1265098, 1250384, 669915, 271087, 271087, 1981570699
156, 4424769, 901683, 1067844, 1053426, 888278, 256769, 256769, 26823121
159, 4416392, 1001388, 975643, 961316, 987317, 245364, 245364, 2822349689
158, 4411520, 915750, 1046792, 1032163, 900823, 257996, 257996, 3272014527
161, 4422895, 629391, 1353351, 1338566, 616633, 242477, 242477, 184047116
162, 4411711, 676717, 1268155, 1253530, 662865, 275222, 275222, 2143099781
157, 4412496, 1044760, 936475, 922538, 1030357, 239183, 239183, 586218270
164, 4411437, 1209795, 779139, 765052, 1194763, 231344, 231344, 2368529096
167, 4408992, 957615, 1018608, 1004059, 942862, 242924, 242924, 2116174562
168, 4420157, 982588, 1002291, 988213, 967879, 239593, 239593, 1115990226
163, 4415751, 1047997, 937102, 923269, 1034029, 236677, 236677, 1086626443
170, 4412673, 951586, 1001468, 987534, 937019, 267533, 267533, 2040031839
171, 4420810, 1261386, 722749, 709502, 1246345, 240414, 240414, 2658307682
165, 4417492, 882717, 1093337, 1079243, 868757, 246719, 246719, 2874730552
173, 4415530, 1026014, 945412, 930570, 1012330, 250602, 250602, 1321525290
169, 4417860, 772660, 1136433, 1122058, 759019, 313845, 313845, 4007978715
166, 4418737, 1052930, 933215, 919900, 1038652, 237020, 237020, 1903652168
172, 4412229, 1188661, 776096, 761816, 1174268, 255694, 255694, 1493596107
174, 4420857, 1132988, 822576, 808437, 1119652, 268602, 268602, 843420082
175, 4420912, 1082791, 913288, 898975, 1068480, 228689, 228689, 8112924
176, 4421503, 1044880, 928675, 914825, 1030557, 251283, 251283, 3625019742
177, 4419453, 863596, 1125345, 1110196, 849278, 235519, 235519, 3314492311
180, 4409909, 973378, 940012, 926104, 958929, 305743, 305743, 4250045362
178, 4417972, 1015640, 971327, 958027, 1001840, 235569, 235569, 3642191191
182, 4419896, 854031, 1126753, 1112472, 839588, 243526, 243526, 1929292902
179, 4416952, 1242368, 722411, 708726, 1228469, 257489, 257489, 3722852599
185, 4408989, 877137, 1100218, 1085270, 863350, 241507, 241507, 3352235622
183, 4415247, 1326759, 655537, 641995, 1311594, 239681, 239681, 4219957514
181, 4415305, 808938, 1123526, 1109709, 795410, 288861, 288861, 2198525626
187, 4416699, 814055, 1158916, 1144161, 799787, 249890, 249890, 4107768269
186, 4409435, 1306403, 673930, 659637, 1291899, 238783, 238783, 163500762
184, 4414085, 1127138, 841576, 827708, 1112547, 252558, 252558, 1434566975
190, 4415695, 920835, 1069886, 1054191, 906731, 232026, 232026, 2915596946
189, 4412509, 1021179, 962485, 947757, 1006458, 237315, 237315, 1193138823
191, 4409669, 1254018, 718081, 704244, 1238304, 247511, 247511, 3759540011
188, 4417378, 1138085, 842495, 829002, 1123468, 242164, 242164, 3002917496
194, 4411754, 815591, 1154617, 1139727, 801851, 249984, 249984, 1348103195
192, 4418246, 1142296, 854123, 841369, 1126630, 226914, 226914, 3656340165
195, 4412970, 767640, 1179388, 1164047, 753753, 274071, 274071, 1474665382
196, 4421645, 964781, 1005243, 991296, 950395, 254965, 254965, 2890567090
193, 4419900, 1048645, 948065, 934719, 1034883, 226794, 226794, 1060286687
198, 4416676, 1289688, 684010, 670536, 1274294, 249074, 249074, 2879566348
199, 4416678, 883321, 1102459, 1088565, 869129, 236602, 236602, 1661299037
197, 4421238, 929088, 1045188, 1030975, 916231, 249878, 249878, 734472976
202, 4410683, 995630, 971517, 957187, 981689, 252330, 252330, 532208290
204, 4417679, 1115359, 850618, 836006, 1100948, 257374, 257374, 2404680724
207, 4412024, 815726, 1165316, 1150818, 801446, 239359, 239359, 2625419200
200, 4414010, 910729, 1085959, 1071241, 896411, 224835, 224835, 347067044
201, 4414108, 1178436, 708926, 694914, 1163660, 334086, 334086, 2112155061
203, 4416373, 869200, 1089366, 1075004, 855479, 263662, 263662, 2317608609
212, 4400461, 665372, 1307146, 1291377, 651862, 242352, 242352, 396358760
205, 4420617, 1223376, 709283, 695943, 1208241, 291887, 291887, 3437640597
208, 4414698, 814998, 1121126, 1107183, 800955, 285218, 285218, 1997864885
210, 4419749, 1159555, 824300, 810748, 1145078, 240034, 240034, 2681459714
209, 4416528, 1256895, 736522, 722760, 1242401, 228975, 228975, 2843188735
211, 4412592, 1361645, 615856, 602147, 1346174, 243385, 243385, 1292566317
206, 4421579, 928406, 953494, 940013, 914188, 342739, 342739, 3854803706
213, 4411260, 734842, 1226745, 1212462, 720045, 258583, 258583, 2406488858
215, 4415935, 823765, 1135937, 1121914, 810515, 261902, 261902, 1551052084
214, 4413149, 866834, 1106742, 1092845, 853230, 246749, 246749, 2911813459
216, 4408528, 1185334, 795400, 781879, 1169783, 238066, 238066, 105688162
219, 4415547, 916935, 1057971, 1043575, 902372, 247347, 247347, 2021384425
220, 4413907, 1032099, 954948, 940718, 1017420, 234361, 234361, 3552863558
221, 4412585, 833622, 1137823, 1123405, 818977, 249379, 249379, 1148371559
223, 4406698, 986494, 987116, 972452, 971226, 244705, 244705, 2448939486
222, 4410850, 1025718, 954259, 940405, 1011622, 239423, 239423, 4176329431
225, 4416596, 1086680, 872243, 858238, 1072067, 263684, 263684, 3889299950
226, 4415952, 1018599, 955199, 941492, 1003622, 248520, 248520, 834554793
224, 4417310, 994913, 982265, 967591, 981211, 245665, 245665, 3754981696
217, 4419827, 1187135, 673263, 660542, 1172231, 363328, 363328, 1633365588
218, 4419488, 1110636, 848546, 835063, 1096735, 264254, 264254, 1003293443
227, 4422082, 952224, 1026390, 1012233, 939117, 246059, 246059, 2833264968
228, 4425137, 1088036, 889040, 875173, 1073988, 249450, 249450, 65280371
229, 4425848, 1417650, 566439, 553393, 1402530, 242918, 242918, 1951272115
230, 4414171, 1023057, 952078, 938053, 1009017, 245983, 245983, 2730442107
231, 4407190, 703824, 1276132, 1260913, 690193, 238064, 238064, 1106103044
232, 4419252, 775815, 1208280, 1192712, 761575, 240435, 240435, 982144382
233, 4414875, 1092222, 887054, 872469, 1077144, 242993, 242993, 2334488759
235, 4413279, 980392, 997920, 983354, 965635, 242989, 242989, 1737332801
234, 4412717, 1326340, 649621, 636553, 1311001, 244601, 244601, 1706694411
237, 4418332, 1398565, 568027, 554724, 1382310, 257353, 257353, 3298513761
240, 4418809, 802492, 1195552, 1180207, 788852, 225853, 225853, 2369484779
236, 4413842, 1034933, 937863, 923324, 1021012, 248355, 248355, 3025248905
241, 4410610, 944310, 1030903, 1016601, 930028, 244384, 244384, 45756900
243, 4410922, 777271, 1208827, 1193758, 763816, 233625, 233625, 302550694
242, 4425690, 1076110, 897297, 883915, 1060878, 253745, 253745, 1987395606
244, 4405982, 907345, 1061071, 1045814, 893006, 249373, 249373, 2444815770
246, 4411630, 1186529, 783165, 769196, 1171058, 250841, 250841, 2211895355
245, 4422610, 912379, 1040273, 1025695, 897999, 273132, 273132, 2652491521
238, 4402813, 760284, 1184866, 1169814, 746441, 270704, 270704, 3807868571
247, 4412988, 1009204, 923282, 909282, 994058, 288581, 288581, 3689001571
239, 4414288, 881477, 1070011, 1055199, 867341, 270130, 270130, 4011383340
248, 4412986, 933343, 1024909, 1009600, 919156, 262989, 262989, 2525112936
249, 4409634, 1242859, 740328, 726982, 1227809, 235828, 235828, 2963223598
250, 4409770, 1005250, 939028, 924629, 990419, 275222, 275222, 157550018
251, 4417847, 711518, 1258206, 1243623, 698246, 253127, 253127, 1544282792
254, 4422628, 788264, 1182349, 1166855, 774722, 255219, 255219, 3785395243
255, 4415111, 1250099, 695313, 681752, 1234985, 276481, 276481, 845835809
258, 4416330, 629112, 1350602, 1335839, 615561, 242608, 242608, 3865588953
260, 4415237, 897164, 1078867, 1063895, 882231, 246540, 246540, 528903859
253, 4421626, 894284, 1093298, 1078583, 879931, 237765, 237765, 430717102
256, 4417576, 1176555, 809208, 795252, 1161875, 237343, 237343, 2552607686
252, 4405821, 796344, 1183302, 1168454, 782767, 237477, 237477, 1001481504
259, 4410576, 986593, 959666, 945505, 972074, 273369, 273369, 534717247
261, 4409751, 1170177, 806819, 792313, 1154302, 243070, 243070, 3019481640
257, 4410073, 1179187, 806066, 792193, 1163127, 234750, 234750, 1540776163
262, 4410597, 1048528, 928514, 914103, 1033704, 242874, 242874, 98896937
263, 4421916, 925397, 1058199, 1044431, 911071, 241409, 241409, 1044710332
264, 4412121, 1251811, 730197, 716272, 1236681, 238580, 238580, 3757534160
268, 4415620, 819959, 1145707, 1130791, 806061, 256551, 256551, 1879935391
266, 4416667, 1072316, 900974, 887038, 1057927, 249206, 249206, 2298248534
265, 4419728, 991637, 989528, 975373, 977780, 242705, 242705, 1416604165
269, 4418502, 849394, 1086591, 1071659, 836294, 287282, 287282, 1238259067
267, 4407846, 968929, 996236, 981987, 954360, 253167, 253167, 222995916
274, 4417557, 1010826, 976470, 962376, 997219, 235333, 235333, 4069670750
270, 4413628, 750405, 1228298, 1213250, 736511, 242582, 242582, 4169396597
271, 4424546, 803103, 1178196, 1163748, 789907, 244796, 244796, 2617201214
275, 4417824, 924455, 1054273, 1040242, 910220, 244317, 244317, 4043801084
273, 4418073, 715917, 1259934, 1244019, 702989, 247607, 247607, 1239994330
272, 4410111, 906428, 1072486, 1056963, 892586, 240824, 240824, 2869598570
277, 4415106, 632520, 1339318, 1323946, 619280, 250021, 250021, 2194013585
276, 4417731, 1194517, 784268, 770750, 1179544, 244326, 244326, 1304848723
278, 4415604, 1087685, 900431, 886774, 1072140, 234287, 234287, 1390339812
280, 4417478, 664931, 1321367, 1306166, 651350, 236832, 236832, 3316845936
281, 4410844, 1215730, 761237, 747877, 1200462, 242769, 242769, 1253480310
282, 4420968, 1000174, 942705, 927845, 986314, 281965, 281965, 2476690672
284, 4413198, 682808, 1287757, 1272557, 668972, 250552, 250552, 3200762871
283, 4414429, 1033558, 929893, 916145, 1018233, 258300, 258300, 1914322168
279, 4407104, 1300473, 676057, 661376, 1284564, 242317, 242317, 529958113
287, 4413473, 1090942, 894699, 880185, 1075961, 235843, 235843, 95177084
286, 4413660, 833177, 1125334, 1111658, 818817, 262337, 262337, 2393256621
285, 4401004, 1196174, 757206, 743597, 1181157, 261435, 261435, 838856085
289, 4420857, 1253276, 718492, 705228, 1238155, 252853, 252853, 2991625355
288, 4408363, 944736, 1020792, 1006514, 931205, 252558, 252558, 4040700594
290, 4407347, 1334863, 646599, 633808, 1318747, 236665, 236665, 790001795
291, 4416839, 1028906, 948798, 934718, 1014969, 244724, 244724, 2823381661
292, 4410603, 814619, 1168480, 1154166, 801702, 235818, 235818, 2263936884
294, 4416488, 839970, 1157444, 1142263, 825927, 225442, 225442, 1168220488
293, 4419240, 891260, 1082495, 1068439, 876870, 250088, 250088, 2210957347
295, 4405060, 1096571, 877427, 863227, 1081631, 243102, 243102, 1338714024
296, 4413326, 884949, 1079756, 1065532, 871327, 255881, 255881, 782347161
297, 4413751, 670402, 1306459, 1290472, 657144, 244637, 244637, 1169894245
298, 4416234, 954842, 1016034, 1001097, 940607, 251827, 251827, 662851403
300, 4411670, 1160834, 784055, 770100, 1145587, 275547, 275547, 3112550031
301, 4411642, 1082783, 882416, 868605, 1068100, 254869, 254869, 2277197276
302, 4403210, 867466, 1109669, 1094348, 853401, 239163, 239163, 2224513409
299, 4412357, 1228547, 759771, 746367, 1213834, 231919, 231919, 1950475084
303, 4412642, 819631, 1153711, 1139473, 805943, 246942, 246942, 3576728550
305, 4422092, 1044107, 934119, 920284, 1029998, 246792, 246792, 2759425022
307, 4418027, 892309, 1085114, 1070236, 878294, 246037, 246037, 886341575
306, 4410206, 886415, 1095358, 1080237, 872024, 238086, 238086, 4214183312
308, 4421299, 984217, 1000448, 986308, 969422, 240452, 240452, 144933216
304, 4415247, 1159882, 775443, 761723, 1144895, 286652, 286652, 114633312
309, 4426020, 970597, 1007606, 994058, 956367, 248696, 248696, 3262091864
311, 4415491, 1063055, 901872, 886906, 1048732, 257463, 257463, 1331416766
310, 4419706, 868919, 1109779, 1095995, 855431, 244791, 244791, 433382305
312, 4414488, 833715, 1102987, 1088687, 820251, 284424, 284424, 3753350235
313, 4414341, 810506, 1171552, 1157026, 796697, 239280, 239280, 223389866
315, 4416150, 1089309, 895147, 881323, 1073979, 238196, 238196, 4275638425
314, 4419270, 1044547, 918374, 904522, 1030581, 260623, 260623, 2061870949
322, 4415850, 618880, 1375738, 1360765, 605667, 227400, 227400, 469116017
317, 4406500, 839057, 1145334, 1131341, 824822, 232973, 232973, 2361550368
318, 4415299, 1079034, 875185, 861145, 1063369, 268283, 268283, 1174568104
320, 4416392, 1206979, 760082, 746554, 1192049, 255364, 255364, 2809617205
316, 4416896, 1128704, 842717, 829265, 1114426, 250892, 250892, 1960194099
325, 4412560, 772742, 1205995, 1190539, 758872, 242206, 242206, 2834677877
319, 4424225, 995866, 985720, 972345, 982402, 243946, 243946, 3014121580
324, 4419888, 1314432, 652941, 639787, 1299718, 256505, 256505, 574222676
323, 4417223, 1018723, 918405, 904165, 1004230, 285850, 285850, 4183729765
326, 4415922, 1096744, 861431, 847198, 1082569, 263990, 263990, 2036765770
321, 4415618, 1154167, 788670, 775212, 1139911, 278829, 278829, 3588491157
328, 4412897, 916429, 1045512, 1031204, 901008, 259372, 259372, 289228225
327, 4413453, 1001704, 910739, 896762, 987916, 308166, 308166, 2067921672
330, 4410210, 1358474, 638678, 624803, 1342635, 222810, 222810, 186387583
331, 4423335, 1118556, 858778, 845268, 1104221, 248256, 248256, 3814620474
333, 4414122, 778861, 1209194, 1193969, 765104, 233497, 233497, 3431272174
332, 4412451, 800730, 1146471, 1132042, 786482, 273363, 273363, 696126047
335, 4411559, 905800, 986626, 971983, 891480, 327835, 327835, 2523283089
334, 4410928, 877980, 1102522, 1088440, 863896, 239045, 239045, 497062673
329, 4409213, 1082654, 895829, 881430, 1068158, 240571, 240571, 2784373359
339, 4418195, 868081, 1107585, 1093117, 854030, 247691, 247691, 1250983599
336, 4419716, 1183016, 804490, 791369, 1168381, 236230, 236230, 4260136805
337, 4420589, 863678, 1109450, 1096209, 849482, 250885, 250885, 4062425075
342, 4419606, 949982, 1039150, 1025486, 935942, 234523, 234523, 1071670448
338, 4413938, 937968, 1042758, 1028828, 922704, 240840, 240840, 1176517678
343, 4410080, 969529, 1015823, 1001799, 954425, 234252, 234252, 974078234
340, 4409512, 700891, 1262954, 1247775, 687304, 255294, 255294, 804575209
344, 4415201, 1067814, 921388, 907768, 1052831, 232700, 232700, 976600388
345, 4415937, 1089020, 894727, 880772, 1074458, 238480, 238480, 3492110735
341, 4416124, 791183, 1159993, 1145563, 777891, 270747, 270747, 2603661938
347, 4411979, 666571, 1328177, 1313211, 652864, 225578, 225578, 3870106508
348, 4419112, 912995, 1056023, 1042382, 899296, 254208, 254208, 406234380
351, 4412074, 951455, 1017520, 1003466, 936811, 251411, 251411, 1512175309
346, 4417796, 1072589, 904446, 890724, 1058863, 245587, 245587, 298138428
350, 4412279, 1092700, 877723, 863633, 1078171, 250026, 250026, 2719363305
349, 4411852, 794283, 1197428, 1183454, 780369, 228159, 228159, 2939007554
354, 4413799, 1099466, 885579, 871643, 1083925, 236593, 236593, 3579641026
352, 4414617, 840740, 1138081, 1124198, 826746, 242426, 242426, 364869270
356, 4413352, 1139898, 829442, 815404, 1125564, 251522, 251522, 186593199
353, 4409813, 1079959, 890349, 876771, 1065484, 248625, 248625, 3336142602
355, 4420445, 1204857, 746634, 733106, 1190520, 272664, 272664, 2681870731
357, 4419289, 1094945, 893702, 879792, 1080374, 235238, 235238, 1617194859
358, 4421326, 667390, 1313836, 1298438, 654394, 243634, 243634, 2694526763
359, 4414078, 1063677, 902747, 888237, 1050413, 254502, 254502, 446809458
363, 4417237, 915892, 1078365, 1063832, 901514, 228817, 228817, 1861686109
360, 4414891, 1231383, 760951, 747140, 1216031, 229693, 229693, 864254082
367, 4408232, 1029053, 925443, 910860, 1014010, 264433, 264433, 2179528718
361, 4403544, 919860, 1047637, 1032625, 905562, 248930, 248930, 3318511400
366, 4411632, 1104325, 865812, 851365, 1088928, 250601, 250601, 1922859748
365, 4417982, 1195873, 791743, 778333, 1180323, 235855, 235855, 1765750312
368, 4418580, 747878, 1234318, 1219957, 734525, 240951, 240951, 800372874
369, 4419707, 869924, 1095210, 1080062, 855539, 259486, 259486, 1152584196
362, 4413713, 1088746, 892718, 878842, 1074665, 239371, 239371, 3861429697
364, 4416787, 882780, 1083812, 1070267, 868846, 255541, 255541, 58472938
371, 4410749, 1053721, 930351, 915488, 1038591, 236299, 236299, 256893601
373, 4415184, 1241588, 743346, 729383, 1226715, 237076, 237076, 3456380799
372, 4423861, 997550, 978983, 964289, 983615, 249712, 249712, 3571002587
370, 4410807, 887735, 1074559, 1060732, 873743, 257019, 257019, 2862822319
375, 4412325, 1114556, 876358, 861609, 1099734, 230034, 230034, 3912155759
377, 4424460, 1003927, 982867, 969010, 989996, 239330, 239330, 3961368239
374, 4415149, 990801, 982790, 968622, 977236, 247850, 247850, 2456484637
378, 4410518, 1239567, 749960, 735545, 1224104, 230671, 230671, 1408009296
376, 4412046, 1043225, 896981, 883010, 1029054, 279888, 279888, 3754360551
382, 4412442, 511417, 1455613, 1439757, 498781, 253437, 253437, 1451279995
383, 4412814, 1112910, 806767, 792602, 1097993, 301271, 301271, 4051184012
379, 4417870, 936245, 1044634, 1030548, 922527, 241958, 241958, 1117058293
380, 4419085, 1131346, 840131, 826339, 1116633, 252318, 252318, 3520469890
384, 4417844, 1183862, 795126, 781210, 1168878, 244384, 244384, 1664904817
386, 4406862, 970977, 988634, 974594, 956235, 258211, 258211, 53239299
385, 4421886, 992361, 992138, 978011, 977736, 240820, 240820, 2787179508
381, 4418093, 865033, 1120994, 1106667, 850773, 237313, 237313, 2079982222
389, 4405803, 1067323, 874371, 860797, 1051742, 275785, 275785, 4129287617
387, 4419789, 869845, 1059110, 1044438, 855800, 295298, 295298, 3072540829
388, 4414998, 1235289, 747328, 734185, 1220894, 238651, 238651, 2969631823
390, 4414498, 1016805, 935209, 920874, 1002350, 269630, 269630, 3976243530
393, 4415049, 808024, 1176971, 1162200, 793808, 237023, 237023, 3512220289
391, 4411474, 950731, 1028544, 1014020, 935989, 241095, 241095, 2675525594
395, 4408447, 944040, 1026580, 1011453, 929770, 248302, 248302, 2594391841
394, 4414406, 1144578, 831887, 817565, 1129470, 245453, 245453, 1303393521
396, 4417197, 1050384, 910812, 897476, 1036223, 261151, 261151, 3361682805
397, 4417223, 1067638, 894913, 881133, 1053185, 260177, 260177, 193175398
398, 4414922, 1194672, 786281, 772504, 1179933, 240766, 240766, 267616238
392, 4417140, 1280023, 708399, 695530, 1264328, 234430, 234430, 2388303143
399, 4413079, 910082, 1075264, 1060535, 895706, 235746, 235746, 1704966703
400, 4414673, 1017313, 953795, 939156, 1002989, 250710, 250710, 2938675450
402, 4418879, 665532, 1301688, 1286592, 651277, 256895, 256895, 4084507163
401, 4407927, 1209007, 761599, 748036, 1194835, 247225, 247225, 2850572899
404, 4409236, 766638, 1194509, 1179443, 752542, 258052, 258052, 1141355269
405, 4417552, 651140, 1271816, 1256986, 637710, 299950, 299950, 3707761277
403, 4413325, 1070177, 892917, 879076, 1056781, 257187, 257187, 3285365291
406, 4419370, 1120261, 867579, 854484, 1106060, 235493, 235493, 1112318510
410, 4420281, 554602, 1450901, 1434988, 540712, 219539, 219539, 51231376
407, 4412863, 937684, 1032598, 1018528, 922787, 250633, 250633, 1621195530
408, 4411341, 875705, 1090861, 1076282, 860945, 253774, 253774, 3548516995
409, 4415093, 1105273, 876300, 862433, 1091779, 239654, 239654, 3913723559
411, 4410503, 1183280, 802809, 788889, 1168299, 233613, 233613, 650451294
412, 4415683, 912448, 1060389, 1046451, 898381, 249007, 249007, 3257117020
415, 4402985, 998932, 975268, 960718, 984289, 241889, 241889, 353618227
418, 4414080, 989736, 995954, 980658, 975310, 236211, 236211, 281179793
414, 4415159, 918873, 1048897, 1033991, 904990, 254204, 254204, 2871677484
417, 4407612, 1056801, 906885, 892657, 1042721, 254274, 254274, 3214406150
416, 4409108, 923831, 1055613, 1041403, 909841, 239210, 239210, 3579264663
423, 4410400, 929501, 1049525, 1035187, 915675, 240256, 240256, 3211471297
413, 4404749, 1021853, 946561, 931536, 1007199, 248800, 248800, 2314180012
422, 4423802, 985125, 965030, 950833, 970710, 276052, 276052, 2205362466
421, 4419729, 809071, 1171784, 1158115, 794815, 242972, 242972, 359682990
420, 4400679, 1064365, 908163, 892816, 1049301, 243017, 243017, 658146424
419, 4413865, 1043513, 943844, 929775, 1028645, 234044, 234044, 626638316
427, 4415333, 772960, 1157476, 1143002, 759531, 291182, 291182, 78864108
424, 4413483, 956845, 1024568, 1009476, 942792, 239901, 239901, 4090281031
426, 4416583, 1186536, 789632, 775903, 1172414, 246049, 246049, 993883776
429, 4417758, 936768, 1056036, 1041109, 922951, 230447, 230447, 2609330846
430, 4406894, 972417, 980010, 965844, 957941, 265341, 265341, 3393685850
428, 4414064, 1059661, 921137, 907463, 1044831, 240486, 240486, 1835020211
434, 4412220, 797599, 1189122, 1173922, 783679, 233949, 233949, 2071927920
425, 4422080, 1098753, 889182, 875763, 1084902, 236740, 236740, 1426279842
433, 4409558, 1113737, 864355, 850068, 1099422, 240988, 240988, 1913153129
431, 4418286, 1143285, 831174, 817107, 1128680, 249020, 249020, 1358645591
432, 4411021, 887470, 1093053, 1078155, 873049, 239647, 239647, 3144182022
437, 4410582, 929717, 1053453, 1038810, 914922, 236840, 236840, 2120223691
435, 4405152, 908260, 1057015, 1042719, 893324, 251917, 251917, 3207430076
436, 4414934, 1208725, 732655, 719258, 1193264, 280516, 280516, 4029111036
439, 4418610, 846134, 1148550, 1133362, 832398, 229083, 229083, 2776846059
440, 4414541, 787364, 1183666, 1169088, 773741, 250341, 250341, 1211799717
441, 4415018, 1200050, 791180, 777745, 1185043, 230500, 230500, 3779060224
442, 4411196, 1093127, 880626, 866368, 1078825, 246125, 246125, 3781582068
445, 4419172, 1148355, 812076, 798481, 1133400, 263430, 263430, 405079032
447, 4423119, 1030315, 958228, 944041, 1015897, 237319, 237319, 1175440096
438, 4421814, 1218401, 768830, 755576, 1203447, 237780, 237780, 2814301016
446, 4414333, 930580, 1048306, 1034205, 916052, 242595, 242595, 655144725
449, 4416348, 848096, 1119983, 1105699, 833376, 254597, 254597, 3099915220
443, 4420784, 778257, 1201408, 1186995, 764646, 244739, 244739, 2967634159
444, 4418288, 1072917, 912331, 898774, 1057672, 238297, 238297, 1222816413
451, 4417020, 677346, 1309214, 1293867, 664311, 236141, 236141, 3501599332
452, 4405282, 1098494, 873917, 859633, 1083308, 244965, 244965, 4237348675
448, 4413787, 1161875, 809939, 795931, 1146844, 249599, 249599, 41108073
450, 4412516, 888164, 1043894, 1030141, 874115, 288101, 288101, 2544491894
453, 4417503, 788903, 1198910, 1183950, 774878, 235431, 235431, 232438765
454, 4415082, 985762, 989885, 976046, 972287, 245551, 245551, 1583442534
455, 4404297, 1070531, 911076, 896689, 1055249, 235376, 235376, 3331164132
457, 4418935, 900102, 1073275, 1059122, 886482, 249977, 249977, 650036765
461, 4412394, 1203269, 773027, 758817, 1189621, 243830, 243830, 1741469713
460, 4415491, 844043, 1144698, 1128889, 830743, 233559, 233559, 247687983
458, 4418165, 823001, 1158615, 1145298, 809297, 240977, 240977, 2983762798
459, 4414758, 1004162, 974946, 960844, 990550, 242128, 242128, 3418830087
464, 4415911, 855823, 1126112, 1112096, 842012, 239934, 239934, 1570590650
462, 4410521, 872135, 1097948, 1084192, 857180, 249533, 249533, 4046913909
463, 4410831, 1395472, 570708, 557478, 1380341, 253416, 253416, 3452428342
466, 4413439, 1020412, 957594, 943180, 1005113, 243570, 243570, 3619343577
465, 4417401, 974812, 994141, 980678, 959896, 253937, 253937, 2850320467
456, 4420087, 1121517, 814636, 800706, 1107314, 287957, 287957, 3736931037
467, 4422533, 1253754, 745851, 732417, 1238785, 225863, 225863, 3725875288
468, 4412883, 886756, 1093576, 1078886, 872391, 240637, 240637, 1389067878
469, 4413243, 936108, 1037284, 1022391, 922060, 247700, 247700, 154365177
470, 4417710, 1198099, 787123, 773280, 1183088, 238060, 238060, 1636505584
472, 4419242, 1002893, 984804, 970232, 988645, 236334, 236334, 4049865716
471, 4414070, 714808, 1266837, 1251561, 700856, 240004, 240004, 3793333116
474, 4418231, 842034, 1080768, 1066358, 828401, 300335, 300335, 2692337065
476, 4415584, 1036428, 941405, 926976, 1021841, 244467, 244467, 2391664314
473, 4411930, 1045437, 956437, 942499, 1030605, 218476, 218476, 2119077108
477, 4425701, 1082485, 911066, 897244, 1068212, 233347, 233347, 3360042188
480, 4416943, 1028692, 957007, 942942, 1013790, 237256, 237256, 3661741828
475, 4403193, 888902, 1073946, 1059593, 874832, 252960, 252960, 1683017373
483, 4416899, 1103871, 881533, 867333, 1089334, 237414, 237414, 3592771804
478, 4412975, 934846, 1044730, 1030418, 920309, 241336, 241336, 1406165236
479, 4429247, 876463, 1089200, 1074768, 863224, 262796, 262796, 3653394956
481, 4405333, 1184769, 803416, 789611, 1169325, 229106, 229106, 4099486472
485, 4413209, 1012302, 973161, 959175, 997203, 235684, 235684, 428850169
482, 4417231, 1131757, 846505, 832873, 1116934, 244581, 244581, 894125059
484, 4410372, 915614, 1032818, 1017415, 901225, 271650, 271650, 2256345404
486, 4414591, 657114, 1330861, 1315770, 643770, 233538, 233538, 3628475270
489, 4419207, 917761, 1061404, 1047152, 904762, 244064, 244064, 3499717761
488, 4415208, 998877, 971238, 956878, 984295, 251960, 251960, 2199392711
487, 4412899, 883849, 1099296, 1084694, 870352, 237354, 237354, 2696274486
490, 4418699, 771058, 1208098, 1193968, 756931, 244322, 244322, 1127229075
494, 4417560, 976028, 985350, 969974, 961892, 262158, 262158, 2369546909
493, 4413742, 843898, 1119573, 1105912, 830167, 257096, 257096, 2900896776
491, 4414667, 1346542, 641269, 627739, 1331871, 233623, 233623, 481294105
492, 4405833, 1064534, 855444, 841640, 1049825, 297195, 297195, 1571893331
495, 4416780, 1007915, 980664, 965782, 993541, 234439, 234439, 1618871434
498, 4411108, 1106202, 871186, 856986, 1091284, 242725, 242725, 1699980539
501, 4426255, 828190, 1146915, 1132417, 815101, 251816, 251816, 672679603
499, 4408993, 775670, 1196367, 1181715, 761605, 246818, 246818, 4124848068
496, 4417189, 1187091, 796008, 782160, 1172944, 239493, 239493, 492096072
497, 4412852, 1244488, 734319, 720264, 1228679, 242551, 242551, 1767435031
502, 4415158, 1282570, 715827, 702576, 1267981, 223102, 223102, 971381244
500, 4410198, 1063988, 903894, 889751, 1048993, 251786, 251786, 1952608109
508, 4414344, 694018, 1283427, 1267748, 681097, 244027, 244027, 2635538738
506, 4414793, 1186878, 795485, 781285, 1172431, 239357, 239357, 33245414
507, 4415505, 730092, 1257394, 1241685, 716864, 234735, 234735, 1820086506
504, 4407900, 754891, 1219626, 1205056, 740903, 243712, 243712, 2039593397
503, 4415689, 1016872, 944873, 930655, 1002371, 260459, 260459, 3946045298
509, 4415558, 862380, 1111939, 1097916, 848981, 247171, 247171, 566259841
511, 4409478, 1118688, 862307, 847937, 1103106, 238720, 238720, 2317789349
505, 4416123, 1279967, 705611, 692064, 1264841, 236820, 236820, 3996880974
510, 4415861, 812753, 1164022, 1149171, 799391, 245262, 245262, 4217240061
516, 4415445, 991017, 978661, 964025, 976564, 252589, 252589, 2556673095
513, 4407557, 1342116, 633185, 619507, 1326569, 243090, 243090, 2674008567
515, 4414517, 778799, 1175666, 1160385, 765013, 267327, 267327, 1012290205
518, 4412871, 949887, 1032971, 1018277, 936352, 237692, 237692, 153475656
512, 4422338, 1122617, 845257, 831507, 1108073, 257442, 257442, 2884658064
514, 4418029, 1090770, 885469, 871239, 1076407, 247072, 247072, 2427412039
520, 4417276, 1224018, 755047, 741274, 1208709, 244114, 244114, 3688831273
517, 4414664, 1260538, 733286, 719609, 1245149, 228041, 228041, 1097632725
521, 4412953, 1181149, 766786, 753017, 1166605, 272698, 272698, 3582046736
519, 4426027, 1056376, 918884, 904520, 1042529, 251859, 251859, 1948233694
523, 4408639, 1104423, 869920, 855885, 1089747, 244332, 244332, 1609558486
525, 4417520, 900753, 1053963, 1040400, 886088, 268158, 268158, 3702274113
526, 4409556, 855384, 1133488, 1118856, 841122, 230353, 230353, 4219346971
522, 4419532, 954236, 1036374, 1021425, 940195, 233651, 233651, 3700413011
524, 4418855, 882251, 1103919, 1089204, 868135, 237673, 237673, 106391280
529, 4413534, 839365, 1136217, 1121701, 825949, 245151, 245151, 2777828785
527, 4408049, 1195097, 782896, 769678, 1180362, 240008, 240008, 2676650541
532, 4411884, 752856, 1235002, 1220047, 738911, 232534, 232534, 2536033039
528, 4419981, 1300055, 700513, 687478, 1285195, 223370, 223370, 3725114666
531, 4422109, 1360517, 646249, 632882, 1346205, 218128, 218128, 2891264224
530, 4406019, 919686, 1060913, 1046351, 905095, 236987, 236987, 771194952
533, 4417321, 1279363, 688661, 675906, 1264417, 254487, 254487, 3755385568
535, 4407731, 1097491, 891561, 877071, 1082056, 229776, 229776, 131384009
540, 4422461, 897533, 1095454, 1081117, 883169, 232594, 232594, 3460606900
534, 4409079, 1106490, 853537, 838815, 1091639, 259299, 259299, 2424375354
539, 4418056, 1084965, 879970, 865736, 1070365, 258510, 258510, 1979663640
536, 4415530, 1172718, 804213, 790230, 1156909, 245730, 245730, 1948969395
542, 4411543, 910870, 1061898, 1046921, 896610, 247622, 247622, 2608791240
541, 4423051, 1145299, 789098, 776272, 1130676, 290853, 290853, 533487809
543, 4416983, 897150, 1070052, 1055464, 883901, 255208, 255208, 3693269069
537, 4416893, 1324028, 658067, 644584, 1308930, 240642, 240642, 3992670515
538, 4414707, 1102249, 868516, 853980, 1087790, 251086, 251086, 2536150873
546, 4412028, 743444, 1211617, 1196780, 730647, 264770, 264770, 3370205881
548, 4418936, 967917, 1010556, 995950, 954757, 244878, 244878, 643222531
545, 4415999, 930031, 1046236, 1031785, 915417, 246265, 246265, 4254913691
544, 4417065, 1150211, 819161, 805892, 1136043, 252879, 252879, 777851478
549, 4423044, 1103400, 879301, 865992, 1088927, 242712, 242712, 2509662827
547, 4409701, 1224589, 695319, 681645, 1209998, 299075, 299075, 1850066957
552, 4406532, 967912, 1001372, 986707, 953453, 248544, 248544, 1872239306
554, 4411358, 821293, 1163259, 1147856, 807304, 235823, 235823, 2384550117
550, 4418582, 1323997, 630740, 617261, 1308954, 268815, 268815, 1809778309
553, 4419421, 831075, 1127884, 1113678, 817046, 264869, 264869, 546281719
551, 4422133, 1083794, 880168, 866564, 1069535, 261036, 261036, 2002210302
557, 4415496, 1232257, 754853, 741129, 1217115, 235071, 235071, 2698643917
555, 4411294, 662917, 1302379, 1286701, 649135, 255081, 255081, 3643125664
556, 4417444, 1350469, 635407, 622694, 1335610, 236632, 236632, 4023246099
559, 4409619, 1027368, 947606, 932900, 1013069, 244338, 244338, 3158402934
558, 4412687, 1342901, 644582, 631605, 1327557, 233021, 233021, 3544123437
560, 4419566, 1014651, 967867, 954286, 1000554, 241104, 241104, 1099396003
562, 4418548, 993797, 987735, 973389, 979713, 241957, 241957, 3549743482
563, 4414437, 951574, 1031770, 1017242, 937369, 238241, 238241, 314879834
561, 4411509, 889398, 1104399, 1089880, 875426, 226203, 226203, 1949864390
564, 4408182, 934503, 1047143, 1033328, 920544, 236332, 236332, 2643523374
567, 4412042, 985078, 992655, 978213, 970494, 242801, 242801, 3821818836
565, 4415692, 826261, 1154659, 1140163, 812119, 241245, 241245, 4012720932
568, 4407097, 753291, 1226969, 1211797, 739594, 237723, 237723, 3136619018
575, 4417123, 732079, 1254387, 1239539, 717870, 236624, 236624, 1013464808
566, 4425685, 1354495, 632743, 619948, 1338861, 239819, 239819, 3752780311
569, 4419862, 980088, 991168, 977294, 966432, 252440, 252440, 2760730352
572, 4409877, 830241, 1137338, 1122667, 815969, 251831, 251831, 842256636
570, 4415365, 1057415, 938451, 924201, 1043798, 225750, 225750, 1117178599
573, 4411759, 1006126, 971813, 956686, 991928, 242603, 242603, 3529809238
574, 4411182, 565320, 1396607, 1380399, 551842, 258507, 258507, 798066876
571, 4416427, 764653, 1207793, 1192896, 751319, 249883, 249883, 2594945200
576, 4409134, 639362, 1296165, 1279781, 625956, 283935, 283935, 1099642529
577, 4415922, 1244489, 732906, 719187, 1230130, 244605, 244605, 605217174
578, 4415711, 978369, 1004404, 989660, 963786, 239746, 239746, 4050628961
579, 4416635, 1206733, 776762, 762312, 1192402, 239213, 239213, 3777232364
580, 4408365, 1349485, 600400, 587171, 1333923, 268693, 268693, 283735271
581, 4411169, 986014, 987943, 974052, 971940, 245610, 245610, 3188650547
582, 4411062, 930034, 1059405, 1043944, 915303, 231188, 231188, 1754204196
585, 4413977, 580013, 1417569, 1402471, 566880, 223522, 223522, 1967457175
586, 4411662, 843112, 1132933, 1117699, 829978, 243970, 243970, 623000446
588, 4413849, 972712, 1002056, 987780, 957919, 246691, 246691, 2552635088
590, 4414774, 1111973, 863911, 850113, 1098197, 245290, 245290, 3109545530
592, 4413352, 969680, 948631, 934277, 955618, 302573, 302573, 1306545898
591, 4417092, 1040728, 924306, 910069, 1026197, 257896, 257896, 1175231260
587, 4412480, 935019, 959667, 945613, 921417, 325382, 325382, 513972619
584, 4421083, 983389, 1005365, 990019, 968864, 236723, 236723, 1429841070
583, 4417154, 1202399, 777090, 763226, 1188323, 243058, 243058, 3713136083
589, 4408376, 731483, 1236006, 1221558, 717159, 251085, 251085, 4063816495
594, 4417013, 928686, 1047965, 1032672, 914630, 246530, 246530, 2821775438
593, 4408647, 969388, 996822, 982410, 953945, 253041, 253041, 3111440450
596, 4419349, 993187, 990155, 975995, 978636, 240688, 240688, 3043401028
595, 4408472, 1052005, 917966, 904010, 1036301, 249095, 249095, 373841293
600, 4415020, 1112090, 855777, 841640, 1097119, 254197, 254197, 3646189554
598, 4416707, 1099892, 881423, 867578, 1085008, 241403, 241403, 2272687742
599, 4413019, 819428, 1169423, 1155076, 805464, 231814, 231814, 2140847093
597, 4415978, 1001200, 980894, 967165, 987059, 239830, 239830, 2831792757
601, 4422063, 1218389, 768828, 755376, 1204334, 237568, 237568, 3771294084
603, 4416790, 833628, 1128478, 1113778, 819664, 260621, 260621, 3398502434
602, 4408473, 957009, 1004653, 989689, 943320, 256901, 256901, 3040820159
604, 4412304, 1046799, 917495, 903120, 1032428, 256231, 256231, 3910055776
606, 4414898, 795950, 1184120, 1169714, 782222, 241446, 241446, 3813437602
605, 4414252, 860093, 1107001, 1092834, 846500, 253912, 253912, 1512130641
609, 4415960, 1121195, 865750, 851563, 1106618, 235417, 235417, 3072230486
607, 4421520, 956770, 1027836, 1013398, 942646, 240435, 240435, 1557435377
610, 4419689, 779282, 1200155, 1186406, 765800, 244023, 244023, 878113076
608, 4416467, 1258670, 739923, 726617, 1243659, 223799, 223799, 2806685585
611, 4418174, 992020, 990080, 975760, 978128, 241093, 241093, 1104862560
613, 4423646, 1442702, 550545, 537564, 1427815, 232510, 232510, 2547443809
617, 4412466, 1222113, 759572, 745153, 1207268, 239180, 239180, 747966284
616, 4417111, 687049, 1300415, 1285986, 673173, 235244, 235244, 2914740307
615, 4415034, 1073662, 913129, 898857, 1058928, 235229, 235229, 2847255817
614, 4414870, 1085898, 877439, 862899, 1071598, 258518, 258518, 930705496
612, 4417402, 1146806, 818388, 804590, 1132192, 257713, 257713, 2394637185
621, 4418799, 832377, 1137215, 1122889, 818622, 253848, 253848, 1090895860
619, 4418473, 832538, 1128653, 1113830, 818782, 262335, 262335, 1811608063
620, 4419165, 1182391, 779625, 765280, 1168073, 261898, 261898, 3751723747
618, 4415826, 1108403, 882134, 867648, 1094643, 231499, 231499, 3102680525
622, 4411650, 762579, 1229451, 1214456, 749446, 227859, 227859, 1924439331
623, 4422200, 1178815, 812231, 798603, 1163353, 234599, 234599, 584663329
624, 4413820, 898039, 1083561, 1069184, 883500, 239768, 239768, 1363556767
625, 4411264, 1062319, 924525, 910112, 1046934, 233687, 233687, 662471080
627, 4417657, 715011, 1226031, 1211784, 701069, 281881, 281881, 2846310292
628, 4416592, 973134, 1007459, 993026, 959257, 241858, 241858, 1757974318
629, 4405618, 981634, 1002063, 987194, 967571, 233578, 233578, 951387654
626, 4416679, 1070098, 906181, 892092, 1056006, 246151, 246151, 2249958725
633, 4409608, 1012898, 941507, 926727, 998460, 265008, 265008, 567166828
632, 4411829, 1105012, 870209, 855951, 1089811, 245423, 245423, 248908017
630, 4405786, 1146444, 797510, 783888, 1131454, 273245, 273245, 1788342486
635, 4420186, 1036832, 931729, 917532, 1022989, 255552, 255552, 2847128280
631, 4421577, 1439726, 537951, 525610, 1424728, 246781, 246781, 3616263628
636, 4416507, 1070424, 898433, 884721, 1056365, 253282, 253282, 492324445
634, 4417078, 1166886, 818731, 805283, 1152338, 236920, 236920, 2471742038
640, 4404884, 1080612, 882992, 868434, 1065886, 253480, 253480, 2655974783
637, 4417703, 1105655, 881247, 866832, 1091121, 236424, 236424, 2847135068
638, 4414524, 1054778, 926977, 913400, 1040663, 239353, 239353, 2085668690
641, 4414288, 1059983, 906435, 891941, 1044483, 255723, 255723, 304194830
643, 4411295, 1082344, 899987, 885370, 1066914, 238340, 238340, 4236293388
642, 4417989, 1051093, 937359, 922576, 1036267, 235347, 235347, 4092250694
639, 4419076, 1074364, 902585, 888637, 1060466, 246512, 246512, 2629025136
647, 4422130, 1205164, 767295, 753391, 1190598, 252841, 252841, 1961789365
644, 4418683, 1211528, 751774, 738272, 1196807, 260151, 260151, 3055437940
646, 4417296, 764408, 1215411, 1200847, 750626, 243002, 243002, 211212672
648, 4413511, 879339, 1095509, 1081625, 864928, 246055, 246055, 1746934407
650, 4418472, 767083, 1223121, 1208446, 752722, 233550, 233550, 2185814601
651, 4419230, 827519, 1156049, 1141306, 813600, 240378, 240378, 820134201
645, 4412800, 985334, 993697, 979331, 971372, 241533, 241533, 4027137455
649, 4408256, 823374, 1127057, 1111480, 809297, 268524, 268524, 803588738
652, 4417763, 1076630, 917499, 903914, 1063134, 228293, 228293, 439635501
654, 4416194, 785921, 1205758, 1191303, 771684, 230764, 230764, 4200253138
656, 4415302, 1154630, 814117, 800316, 1139955, 253142, 253142, 1641179889
653, 4415592, 747737, 1239848, 1225401, 733876, 234365, 234365, 637172429
657, 4415640, 785272, 1191706, 1176726, 771580, 245178, 245178, 221542007
659, 4416495, 896959, 1088210, 1074108, 883244, 236987, 236987, 3162276201
660, 4409712, 1241677, 735914, 722840, 1225889, 241696, 241696, 749864014
655, 4409399, 1317953, 674083, 660862, 1303463, 226519, 226519, 4075196391
658, 4411742, 827414, 1138656, 1123372, 813464, 254418, 254418, 1659576077
662, 4407439, 754489, 1213279, 1198167, 740692, 250406, 250406, 1429443542
661, 4407010, 1254153, 741038, 727309, 1238304, 223103, 223103, 1110368412
667, 4418162, 1184300, 792638, 778172, 1168694, 247179, 247179, 2132894274
664, 4415344, 923669, 1065698, 1051628, 908833, 232758, 232758, 4263971597
663, 4411518, 787393, 1204212, 1190411, 773146, 228178, 228178, 3740965378
665, 4410385, 841496, 1119410, 1103939, 827194, 259173, 259173, 3913393724
666, 4418319, 973110, 1001405, 986984, 958808, 249006, 249006, 1408242589
669, 4416546, 710418, 1252928, 1238185, 696677, 259169, 259169, 928330393
672, 4405202, 1035601, 940111, 924165, 1020751, 242287, 242287, 3770836328
668, 4409002, 906932, 1059558, 1045396, 892932, 252092, 252092, 574243809
670, 4419720, 1022488, 934774, 920091, 1008659, 266854, 266854, 23439034
671, 4422620, 1363922, 629092, 616560, 1347504, 232771, 232771, 2517933433
678, 4419258, 576558, 1412592, 1396431, 563495, 235091, 235091, 3567171819
673, 4415094, 951770, 1022495, 1008377, 937324, 247564, 247564, 643183733
675, 4412324, 1155350, 785069, 771130, 1139383, 280696, 280696, 35610508
674, 4421065, 909556, 1069823, 1055536, 896022, 245064, 245064, 164471366
677, 4418901, 839291, 1089965, 1074928, 825875, 294421, 294421, 4074256905
676, 4418283, 1078856, 906394, 892148, 1064671, 238107, 238107, 569658967
680, 4425251, 1033588, 965612, 951376, 1019617, 227529, 227529, 3212651036
681, 4407149, 973382, 1006676, 992275, 959504, 237656, 237656, 469470390
682, 4423633, 724566, 1245328, 1229903, 711166, 256335, 256335, 4069086468
679, 4411828, 1345784, 640665, 627433, 1330328, 233809, 233809, 37406651
684, 4425043, 1020964, 961287, 947744, 1006194, 244427, 244427, 3993460554
683, 4415569, 870883, 1098787, 1084711, 856956, 252116, 252116, 1624470497
685, 4412924, 1176469, 804654, 790224, 1161457, 240060, 240060, 932317084
688, 4411004, 926089, 1057523, 1043182, 912084, 236063, 236063, 3800883300
689, 4419275, 1079180, 911540, 897059, 1064666, 233415, 233415, 3417814667
687, 4414292, 1124433, 677348, 663772, 1111027, 418856, 418856, 2358418729
686, 4409559, 1122705, 847197, 832960, 1107895, 249401, 249401, 2620896940
692, 4403664, 799900, 1162251, 1146903, 786170, 254220, 254220, 718817457
690, 4415548, 1185294, 780289, 766812, 1169875, 256639, 256639, 4097330487
693, 4407942, 1163081, 817775, 803094, 1148594, 237699, 237699, 4157608216
691, 4422130, 1079479, 911128, 897911, 1064606, 234503, 234503, 2967072835
694, 4419404, 1166696, 809423, 796272, 1152113, 247450, 247450, 1922828511
696, 4403413, 712927, 1227652, 1211944, 699296, 275797, 275797, 3880338260
697, 4416725, 665878, 1328303, 1313711, 651483, 228675, 228675, 107171876
695, 4416497, 1032699, 948040, 933781, 1018777, 241600, 241600, 1309398979
699, 4400911, 989787, 972394, 957765, 975179, 252893, 252893, 573097758
698, 4413843, 1206460, 765759, 751751, 1191707, 249083, 249083, 1969461333
700, 4413602, 812671, 1137021, 1122066, 798580, 271632, 271632, 3213840767
702, 4409975, 947033, 1023779, 1009275, 932556, 248666, 248666, 609559959
706, 4414922, 993289, 978754, 964715, 979014, 249575, 249575, 3086972980
704, 4417553, 1304497, 684919, 671502, 1289651, 233492, 233492, 196033848
705, 4415367, 683877, 1306665, 1292383, 670456, 230993, 230993, 3261070378
701, 4415990, 1115679, 840192, 826512, 1101623, 265992, 265992, 1541124714
703, 4407506, 808696, 1172678, 1158156, 794286, 236845, 236845, 3220584345
708, 4419404, 955285, 1034837, 1020948, 941286, 233524, 233524, 3952335286
707, 4412251, 941194, 1043338, 1028571, 925966, 236591, 236591, 4254606729
709, 4411076, 1261936, 713027, 699737, 1246822, 244777, 244777, 586444782
712, 4416403, 734691, 1246452, 1231775, 720939, 241273, 241273, 857160824
710, 4413938, 1181280, 785603, 771751, 1166512, 254396, 254396, 2871431489
711, 4413313, 1184074, 790284, 776796, 1169741, 246209, 246209, 575139166
713, 4409019, 862878, 1094566, 1080256, 848421, 261449, 261449, 1062353485
716, 4412523, 804528, 1164269, 1149895, 790615, 251608, 251608, 143413095
718, 4415524, 712538, 1264026, 1249039, 699271, 245325, 245325, 2495230311
717, 4419731, 1264227, 723229, 709553, 1249696, 236513, 236513, 854309443
721, 4413108, 1251663, 740656, 726843, 1235790, 229078, 229078, 1754391645
715, 4414857, 935954, 1037019, 1022644, 921706, 248767, 248767, 4214203702
720, 4412855, 895551, 1059497, 1045641, 881696, 265235, 265235, 2787892860
714, 4414224, 1202692, 750807, 736442, 1187661, 268311, 268311, 45191900
723, 4409842, 1117342, 862470, 848455, 1102333, 239621, 239621, 194796906
722, 4415512, 701945, 1247774, 1232917, 688486, 272195, 272195, 1112176925
719, 4415029, 868415, 1114080, 1099309, 854237, 239494, 239494, 193960639
725, 4418144, 763251, 1225461, 1210910, 749846, 234338, 234338, 355502359
724, 4409441, 799664, 1181209, 1166213, 785035, 238660, 238660, 802018790
727, 4404317, 796626, 1178928, 1163812, 782347, 241302, 241302, 1044781356
726, 4415070, 1172761, 807476, 793844, 1157277, 241856, 241856, 3710442967
729, 4418669, 721835, 1253862, 1238668, 707604, 248350, 248350, 1295511736
728, 4414004, 1010416, 973120, 959479, 995845, 237572, 237572, 3411999324
730, 4421428, 841697, 1138107, 1123198, 827818, 245304, 245304, 53875917
732, 4414098, 830311, 1131875, 1117748, 816652, 258756, 258756, 2295606881
731, 4414522, 1072465, 902171, 888397, 1058231, 246629, 246629, 4140517628
734, 4411125, 1036552, 934320, 920134, 1022153, 248983, 248983, 4280347503
736, 4416274, 1098548, 886724, 872881, 1084515, 236803, 236803, 4069774285
738, 4419568, 973946, 986295, 971911, 960004, 263706, 263706, 2704857376
733, 4412331, 831446, 1149874, 1134968, 817343, 239350, 239350, 2157834074
735, 4416601, 742309, 1230835, 1216385, 727822, 249625, 249625, 1623981073
740, 4416565, 769309, 1208317, 1193756, 755915, 244634, 244634, 1963860570
739, 4414377, 754112, 1190055, 1175379, 740183, 277324, 277324, 3490550333
743, 4414599, 821872, 1153886, 1138563, 807932, 246173, 246173, 1278790566
737, 4416973, 1183019, 796869, 783553, 1168814, 242359, 242359, 2829619246
741, 4413984, 789383, 1095559, 1080834, 775548, 336330, 336330, 1960736501
744, 4411911, 1212104, 746057, 732234, 1197514, 262001, 262001, 33184259
742, 4415966, 1010335, 968828, 954531, 996218, 243027, 243027, 1221599803
745, 4413050, 1250973, 730586, 717516, 1235555, 239210, 239210, 3041797628
746, 4416951, 1178167, 813881, 800233, 1162808, 230931, 230931, 2941393739
747, 4413061, 1094753, 877912, 863624, 1079942, 248415, 248415, 2629444886
748, 4417360, 783506, 1206442, 1192308, 769990, 232557, 232557, 3509221904
752, 4421155, 1353225, 643490, 630859, 1337703, 227939, 227939, 2707850181
751, 4417020, 1252550, 737074, 723061, 1237589, 233373, 233373, 2294187645
753, 4412426, 1122722, 852305, 838805, 1108100, 245247, 245247, 600547034
750, 4416460, 1066447, 911863, 898467, 1051963, 243860, 243860, 1362436774
756, 4420089, 1014184, 913222, 898975, 999748, 296980, 296980, 1898287716
758, 4416705, 1052030, 923655, 910096, 1037026, 246949, 246949, 2114606831
754, 4409166, 849271, 1080538, 1065011, 834946, 289700, 289700, 1241913888
755, 4418536, 1279350, 706250, 693397, 1263549, 237995, 237995, 3065406611
749, 4413457, 1299508, 665340, 651632, 1283839, 256569, 256569, 3502250182
759, 4416716, 764623, 1190241, 1174862, 751222, 267884, 267884, 268017609
757, 4406548, 853657, 1128568, 1113865, 839510, 235474, 235474, 4107852463
760, 4416297, 991753, 980799, 966999, 977604, 249571, 249571, 1376609312
761, 4411716, 1084441, 887593, 873811, 1069145, 248363, 248363, 646748957
762, 4411573, 1066382, 908366, 893900, 1051735, 245595, 245595, 3386954983
765, 4416523, 827534, 1164617, 1149238, 813804, 230665, 230665, 2303772519
764, 4421013, 1010825, 949704, 935080, 996282, 264561, 264561, 3630853121
769, 4408211, 1060280, 904948, 890600, 1045145, 253619, 253619, 549201207
763, 4415578, 1024942, 948891, 934558, 1010317, 248435, 248435, 2110419047
767, 4418990, 920276, 1055422, 1041176, 905232, 248442, 248442, 3983587734
773, 4417171, 838580, 1155480, 1140639, 824544, 228964, 228964, 1184839342
768, 4414192, 804933, 1153623, 1139177, 791281, 262589, 262589, 2419768302
771, 4416728, 599340, 1386763, 1370222, 585953, 237225, 237225, 2316069083
766, 4420640, 1131475, 835025, 821452, 1117214, 257737, 257737, 2159811414
774, 4413374, 861657, 1101274, 1086866, 847847, 257865, 257865, 1300718696
775, 4411613, 1108948, 870233, 856143, 1094957, 240666, 240666, 1300875343
777, 4413604, 999637, 937313, 923417, 984773, 284232, 284232, 1465003508
778, 4407549, 1183813, 781725, 767263, 1168774, 252987, 252987, 3139561859
770, 4415316, 1227662, 737969, 724897, 1213992, 255398, 255398, 3579038851
779, 4417953, 758994, 1214029, 1199330, 745062, 250269, 250269, 2915979209
772, 4414749, 910885, 1043693, 1029489, 896574, 267054, 267054, 514287996
780, 4418084, 829447, 1146651, 1132130, 815742, 247057, 247057, 1086211579
776, 4417293, 991738, 991747, 976850, 977778, 239590, 239590, 3914708705
784, 4402705, 845054, 1115708, 1100061, 830746, 255568, 255568, 1677399382
782, 4416385, 552949, 1421546, 1405320, 539812, 248379, 248379, 3394166422
781, 4408240, 1230637, 692291, 678763, 1215943, 295303, 295303, 1296815085
785, 4414645, 1217966, 757631, 743910, 1202590, 246274, 246274, 968474323
787, 4408844, 919657, 1055810, 1040871, 905472, 243517, 243517, 2651797814
783, 4416241, 1005486, 955472, 940825, 991684, 261387, 261387, 2109655133
786, 4408791, 844358, 1124622, 1109384, 830263, 250082, 250082, 2406961086
792, 4406488, 931168, 1037616, 1022759, 916227, 249359, 249359, 1151304234
790, 4408608, 1295223, 674221, 660185, 1279671, 249654, 249654, 185905039
788, 4421187, 729027, 1261206, 1246205, 715717, 234516, 234516, 538128505
789, 4421297, 939035, 1029554, 1014778, 925870, 256030, 256030, 374135937
794, 4408948, 1027334, 940510, 926650, 1012246, 251104, 251104, 3755024190
791, 4420876, 918062, 1052505, 1039146, 904373, 253395, 253395, 1492370360
793, 4415781, 1154138, 819046, 805559, 1140448, 248295, 248295, 1541250822
797, 4421895, 1165729, 813998, 800606, 1150514, 245524, 245524, 3535538052
796, 4411181, 1031774, 943619, 929672, 1017386, 244365, 244365, 1155710610
799, 4418092, 649933, 1329665, 1313350, 635996, 244574, 244574, 3847638193
800, 4419824, 898399, 1074870, 1060472, 883739, 251172, 251172, 4146501167
802, 4407579, 842131, 1136773, 1120936, 827627, 240056, 240056, 1976121750
795, 4420742, 731745, 1251910, 1236759, 718300, 241014, 241014, 88514130
798, 4417951, 795765, 1177383, 1162667, 782200, 249968, 249968, 4081453993
803, 4414275, 1147970, 832289, 818174, 1133392, 241225, 241225, 3549685805
801, 4416811, 1023196, 955522, 941427, 1008320, 244173, 244173, 3774903158
805, 4417709, 859993, 1119777, 1105174, 846289, 243238, 243238, 1491827822
804, 4414290, 1096451, 875577, 861815, 1082349, 249049, 249049, 2371087154
807, 4405941, 1210222, 756777, 742022, 1194116, 251402, 251402, 1618522697
806, 4413177, 1076035, 906131, 891378, 1062213, 238710, 238710, 1600187720
809, 4408224, 1092357, 872910, 859084, 1077301, 253286, 253286, 3173114312
808, 4416701, 813933, 1158256, 1144110, 800060, 250171, 250171, 1516738141
810, 4421291, 1217753, 686396, 673185, 1202523, 320717, 320717, 2649156526
813, 4416988, 977049, 982969, 969030, 962776, 262582, 262582, 1841686079
811, 4413743, 930790, 1043676, 1029126, 916553, 246799, 246799, 3768124602
816, 4411893, 1143745, 819907, 806475, 1129120, 256323, 256323, 2124495438
814, 4417555, 921225, 1057246, 1043359, 907619, 244053, 244053, 680107964
812, 4418037, 1146945, 805984, 792552, 1132300, 270128, 270128, 2220751092
817, 4414474, 1255413, 734099, 720589, 1239717, 232328, 232328, 1396915774
815, 4417128, 1104330, 858947, 846037, 1089590, 259112, 259112, 3825021167
819, 4422318, 1245519, 754052, 740490, 1230313, 225972, 225972, 2523777768
823, 4416282, 796535, 1179944, 1165083, 783534, 245593, 245593, 727674624
820, 4413025, 1048548, 940990, 926392, 1033931, 231582, 231582, 4084881016
821, 4418635, 1520004, 482032, 469747, 1504876, 220988, 220988, 2103585349
825, 4412769, 776737, 1188293, 1173950, 762035, 255877, 255877, 2741012901
822, 4418331, 866896, 1115573, 1101014, 853568, 240640, 240640, 3309109435
818, 4416338, 763336, 1206002, 1190692, 749844, 253232, 253232, 4131400801
824, 4415147, 1361909, 625318, 612178, 1347208, 234267, 234267, 876518764
826, 4417009, 921554, 1050469, 1036980, 908128, 249939, 249939, 1240566201
828, 4406991, 1483155, 494884, 481198, 1467430, 240162, 240162, 764744625
830, 4423260, 905365, 1083069, 1068468, 891236, 237561, 237561, 3344590402
827, 4417486, 1016557, 917080, 902568, 1002479, 289401, 289401, 1835730239
833, 4411290, 838850, 1129016, 1113749, 825421, 252127, 252127, 553844159
829, 4411732, 948725, 1028137, 1013148, 934496, 243613, 243613, 3447191110
832, 4415275, 847810, 1139826, 1125921, 834178, 233770, 233770, 1380695217
831, 4419980, 1218729, 759812, 746277, 1204578, 245292, 245292, 1895267162
834, 4424711, 987959, 1006558, 992081, 973383, 232365, 232365, 4012710858
835, 4418382, 1083671, 885619, 870799, 1069439, 254427, 254427, 1207663651
839, 4411242, 811909, 1159236, 1145125, 797758, 248607, 248607, 3964296174
838, 4418872, 861893, 1127073, 1112304, 848590, 234506, 234506, 4022303450
836, 4418421, 1255242, 727300, 713945, 1239744, 241095, 241095, 1991024757
840, 4409763, 1301652, 693097, 679425, 1286287, 224651, 224651, 3367583551
837, 4420050, 1163352, 748276, 734766, 1148266, 312695, 312695, 1889000278
843, 4410296, 750227, 1231651, 1215952, 736944, 237761, 237761, 3334207555
845, 4414153, 889149, 1087453, 1072733, 874502, 245158, 245158, 3840946093
842, 4412710, 1148868, 828876, 814546, 1133946, 243237, 243237, 3321398387
844, 4421132, 849273, 1131673, 1117389, 835677, 243560, 243560, 1567918717
841, 4412340, 673265, 1305303, 1290410, 660768, 241297, 241297, 4110020470
846, 4417012, 979739, 1010839, 996762, 965006, 232333, 232333, 2181749742
847, 4413315, 794816, 1185659, 1171337, 780849, 240327, 240327, 3200650736
848, 4413377, 676021, 1262851, 1247698, 662159, 282324, 282324, 1675203329
849, 4416332, 745752, 1182043, 1167943, 731734, 294430, 294430, 2954420783
850, 4419305, 824874, 1153323, 1137855, 810721, 246266, 246266, 1621709617
851, 4408713, 1095907, 864707, 850564, 1080037, 258749, 258749, 1370015762
852, 4416637, 1408754, 579824, 566440, 1393597, 234011, 234011, 861883493
853, 4412384, 953300, 1030323, 1016090, 939817, 236427, 236427, 2854554580
854, 4409881, 803477, 1154334, 1139178, 789862, 261515, 261515, 1067450579
857, 4402033, 975779, 990688, 976423, 961451, 248846, 248846, 2129891769
860, 4418351, 696516, 1291776, 1276655, 683160, 235122, 235122, 307713947
855, 4412772, 1188251, 789746, 776517, 1173016, 242621, 242621, 4124661546
856, 4416400, 778925, 1193392, 1179324, 765523, 249618, 249618, 763471533
858, 4417806, 1050961, 937304, 923334, 1036835, 234686, 234686, 802355041
861, 4417441, 1086255, 893883, 879690, 1071147, 243233, 243233, 96636981
862, 4412897, 1104462, 867947, 853766, 1089948, 248387, 248387, 2518011392
863, 4415293, 653399, 1333028, 1316984, 639868, 236007, 236007, 3268563943
864, 4407997, 1216363, 772247, 758055, 1201760, 229786, 229786, 301733723
859, 4412600, 1131163, 844337, 830201, 1116617, 245141, 245141, 3074919810
865, 4422799, 1036040, 938528, 923862, 1021867, 251251, 251251, 2130826021
866, 4401784, 869391, 1097212, 1081704, 854059, 249709, 249709, 1259198290
869, 4413281, 885141, 1095140, 1081097, 870865, 240519, 240519, 3920299666
867, 4423439, 1237085, 753945, 740214, 1222509, 234843, 234843, 3122292461
873, 4414788, 766472, 1213769, 1197900, 752725, 241961, 241961, 2191107751
870, 4418865, 762673, 1203992, 1188862, 749104, 257117, 257117, 1731125050
871, 4415866, 837108, 1142580, 1127672, 823466, 242520, 242520, 3969525031
868, 4414279, 950231, 1020339, 1006195, 936408, 250553, 250553, 3613626345
877, 4418209, 1149465, 833353, 819554, 1134791, 240523, 240523, 1930317510
872, 4413718, 1070140, 901890, 887831, 1055981, 248938, 248938, 2083191657
878, 4412388, 1015776, 954192, 939521, 1001643, 250628, 250628, 1432922102
876, 4414342, 1183380, 803175, 789151, 1168516, 235060, 235060, 1577835098
880, 4411315, 1066887, 910180, 895473, 1051151, 243812, 243812, 212540337
881, 4417515, 804506, 1192269, 1177114, 791370, 226128, 226128, 485130282
875, 4412848, 829353, 1158042, 1142297, 815246, 233955, 233955, 1940167586
874, 4413841, 949480, 1027970, 1013533, 935678, 243590, 243590, 23176134
879, 4424652, 964546, 1022100, 1007396, 951328, 239641, 239641, 3663582238
882, 4415767, 1148549, 768534, 754766, 1134172, 304873, 304873, 3949332415
883, 4424675, 1150011, 840256, 826947, 1135807, 235827, 235827, 3630335769
886, 4412645, 897918, 1092617, 1078221, 884011, 229939, 229939, 1097161966
887, 4416694, 1094203, 888160, 873914, 1079393, 240512, 240512, 4250797268
884, 4415925, 775382, 1205018, 1189691, 762180, 241827, 241827, 4236739827
888, 4414255, 1169922, 819822, 805962, 1155615, 231467, 231467, 2132834300
885, 4418811, 1365713, 611620, 598994, 1350428, 246028, 246028, 2210370103
889, 4415341, 943615, 1030106, 1015622, 929850, 248074, 248074, 1953103698
891, 4415681, 1021326, 938564, 924024, 1005517, 263125, 263125, 1053936755
890, 4420452, 1276749, 713995, 699985, 1261597, 234063, 234063, 859318833
893, 4417089, 1158982, 811793, 797834, 1144550, 251965, 251965, 177061896
896, 4412077, 1021660, 950645, 936395, 1006645, 248366, 248366, 2932024154
895, 4417652, 1463839, 528408, 515580, 1448071, 230877, 230877, 877880430
894, 4418350, 1066381, 902865, 888220, 1052312, 254286, 254286, 3388400663
892, 4413727, 999516, 980440, 966386, 984671, 241357, 241357, 1793592226
897, 4422044, 1201953, 789523, 776304, 1186574, 233845, 233845, 142940866
898, 4415306, 715595, 1272780, 1257563, 701514, 233927, 233927, 2153700606
899, 4418602, 1319298, 676287, 663043, 1304820, 227577, 227577, 1206436088
900, 4418479, 782486, 1166150, 1151663, 768412, 274884, 274884, 1087466573
903, 4410084, 910900, 1075739, 1060744, 897265, 232718, 232718, 662679946
905, 4415603, 805079, 1160741, 1145659, 791422, 256351, 256351, 2426488900
901, 4412393, 937039, 1034971, 1020274, 923063, 248523, 248523, 827947676
906, 4412401, 1027262, 951879, 937405, 1011953, 241951, 241951, 4246686248
902, 4419307, 1100793, 888428, 874588, 1086382, 234558, 234558, 3933571647
904, 4410728, 945108, 1028517, 1015075, 930386, 245821, 245821, 3362568340
909, 4411072, 791642, 1190209, 1174948, 777927, 238173, 238173, 2905518853
910, 4416359, 763896, 1214573, 1199503, 750679, 243854, 243854, 4075381835
908, 4412848, 821165, 1151256, 1136481, 807124, 248411, 248411, 3991849782
912, 4421604, 845253, 1139916, 1126070, 832087, 239139, 239139, 2595112501
913, 4414007, 1009197, 971375, 956792, 994779, 240932, 240932, 4150264651
914, 4419256, 1079389, 897494, 883516, 1064371, 247243, 247243, 3419498102
907, 4413942, 993799, 970722, 956134, 980111, 256588, 256588, 1679110853
915, 4422936, 751409, 1229574, 1215030, 737781, 244571, 244571, 2321262540
911, 4412859, 738730, 1238027, 1222805, 725863, 243717, 243717, 1073395145
917, 4415421, 919915, 1041369, 1026468, 906305, 260682, 260682, 4087674834
918, 4416362, 1018135, 960656, 945101, 1004182, 244144, 244144, 2949844181
916, 4406279, 863254, 1111403, 1096474, 849000, 243074, 243074, 450508861
919, 4415667, 877965, 1093841, 1078660, 864207, 250497, 250497, 3011298067
922, 4417322, 1078178, 891882, 877812, 1063690, 252880, 252880, 1077492841
920, 4411558, 1016602, 963521, 949605, 1001344, 240243, 240243, 2138994205
924, 4413109, 871413, 1071731, 1056546, 857237, 278091, 278091, 191448118
921, 4418721, 1065782, 928372, 914394, 1051201, 229486, 229486, 385732719
923, 4411192, 1085855, 883505, 869375, 1071187, 250635, 250635, 3775080168
925, 4421915, 687727, 1307719, 1293861, 674900, 228854, 228854, 2255896476
931, 4406436, 1005315, 957366, 942329, 991254, 255086, 255086, 2650851377
927, 4408775, 892801, 1063822, 1048453, 879109, 262295, 262295, 742742131
929, 4413252, 823667, 1150151, 1135449, 810065, 246960, 246960, 2480559341
926, 4410619, 706411, 1271314, 1255224, 692950, 242360, 242360, 576643979
930, 4413622, 984920, 979184, 964042, 969976, 257750, 257750, 372378902
932, 4411211, 679525, 1289780, 1273799, 666139, 250984, 250984, 3575051357
928, 4422390, 1137135, 850223, 836793, 1122159, 238040, 238040, 3421193685
935, 4419862, 1043703, 907885, 893314, 1029372, 272794, 272794, 2338365836
936, 4410931, 1023869, 937348, 923510, 1009034, 258585, 258585, 1736788901
933, 4411319, 894115, 1051893, 1036696, 880123, 274246, 274246, 1865098264
939, 4414999, 1034394, 948710, 933975, 1020484, 238718, 238718, 3643508014
934, 4421538, 672282, 1304708, 1288948, 658214, 248693, 248693, 1991432019
938, 4415513, 1218821, 750778, 737042, 1204038, 252417, 252417, 3346679993
937, 4414640, 1115798, 865711, 852597, 1101366, 239584, 239584, 3546805141
941, 4415356, 1087616, 894282, 880180, 1072774, 240252, 240252, 2482738025
940, 4411075, 1117595, 860034, 845999, 1102917, 242265, 242265, 2960076228
945, 4411563, 958338, 1020200, 1005754, 943907, 241682, 241682, 755587350
946, 4412865, 842674, 1128460, 1113590, 828649, 249746, 249746, 1361555967
948, 4409520, 859258, 1062389, 1047196, 844793, 297942, 297942, 2129986346
942, 4420695, 1011077, 975257, 960964, 996703, 238347, 238347, 4212798921
947, 4412771, 971361, 1001312, 987244, 957434, 247710, 247710, 821343164
944, 4403738, 761964, 1172184, 1156216, 747560, 282907, 282907, 832362023
943, 4408487, 990412, 952889, 938941, 975619, 275313, 275313, 3897873727
949, 4419312, 1022092, 955045, 940542, 1008011, 246811, 246811, 2051843398
950, 4406284, 868096, 1107046, 1091995, 854261, 242443, 242443, 2004405870
952, 4418035, 801041, 1175614, 1160304, 786828, 247124, 247124, 967770354
954, 4428119, 822868, 1167750, 1153024, 809527, 237475, 237475, 2271461006
953, 4414595, 1041060, 942597, 928023, 1026511, 238202, 238202, 1096232525
955, 4409548, 1077974, 900534, 886313, 1063257, 240735, 240735, 648265039
951, 4413947, 792236, 1182750, 1168121, 778276, 246282, 246282, 765691107
956, 4411910, 784328, 1178109, 1163326, 771151, 257498, 257498, 1850016838
960, 4416503, 1257547, 737405, 723487, 1241696, 228184, 228184, 3268157991
957, 4414819, 1121535, 857091, 843319, 1106292, 243291, 243291, 1945384274
961, 4419800, 1350087, 635178, 621380, 1335059, 239048, 239048, 2189020204
959, 4406148, 1207923, 752514, 738428, 1192051, 257616, 257616, 3513220522
965, 4417807, 815533, 1141574, 1127191, 801633, 265938, 265938, 2883128386
963, 4408721, 978818, 981198, 967003, 964104, 258799, 258799, 1069199021
962, 4421420, 985995, 991892, 978205, 971586, 246871, 246871, 3048668880
964, 4407832, 805670, 1168390, 1153493, 791677, 244301, 244301, 2388066045
966, 4415600, 897800, 1080496, 1065800, 884256, 243624, 243624, 803768045
967, 4419075, 942567, 1029905, 1015356, 928477, 251385, 251385, 873092524
969, 4406604, 751471, 1175825, 1160667, 737121, 290760, 290760, 3553299503
958, 4407518, 1114974, 862742, 847958, 1100284, 240780, 240780, 842045131
972, 4406494, 888350, 1079455, 1064219, 874288, 250091, 250091, 1285803344
968, 4408967, 1104505, 844358, 829588, 1089530, 270493, 270493, 1452174699
970, 4408068, 1308620, 651772, 638384, 1293174, 258059, 258059, 4068226545
971, 4416905, 810038, 1164335, 1148520, 796796, 248608, 248608, 77640687
973, 4417130, 992921, 990344, 976195, 977818, 239926, 239926, 2718351463
974, 4416078, 927843, 1049927, 1034916, 913604, 244894, 244894, 3572262942
975, 4417676, 949868, 1024880, 1010133, 935017, 248889, 248889, 2539241047
976, 4415975, 1119983, 862786, 849153, 1106065, 238994, 238994, 3964397359
978, 4413115, 975597, 995394, 980660, 961846, 249809, 249809, 1982284536
977, 4414022, 1025708, 939302, 925739, 1010433, 256420, 256420, 288884338
979, 4412668, 1266907, 706345, 692299, 1252049, 247534, 247534, 2228014312
980, 4406200, 942884, 975851, 960840, 928595, 299015, 299015, 159756655
982, 4413121, 717813, 1273083, 1257294, 703969, 230481, 230481, 2516141185
981, 4420120, 1042736, 939219, 924802, 1029013, 242175, 242175, 3773791405
983, 4424102, 994373, 984644, 970431, 980706, 246974, 246974, 1370286335
984, 4412852, 1035114, 940122, 926240, 1021348, 245014, 245014, 4078203991
987, 4416777, 760263, 1212287, 1197336, 746601, 250145, 250145, 2341551607
989, 4407734, 1128011, 831286, 817532, 1112453, 259226, 259226, 434097434
986, 4421072, 1188745, 810239, 796808, 1173284, 225998, 225998, 4260246582
988, 4415369, 1043821, 936767, 923293, 1028876, 241306, 241306, 2128819057
985, 4417772, 872419, 1113784, 1100155, 858954, 236230, 236230, 1728025846
990, 4413890, 1028066, 944968, 931150, 1013718, 247994, 247994, 2333279107
991, 4419942, 1069939, 908888, 894719, 1055844, 245276, 245276, 840828697
992, 4402237, 997903, 963875, 949322, 982943, 254097, 254097, 441740585
995, 4414875, 776469, 1207474, 1192335, 762463, 238067, 238067, 1372835821
994, 4414961, 813836, 1155494, 1140899, 800052, 252340, 252340, 1387903497
997, 4416307, 1226559, 762079, 748428, 1211537, 233852, 233852, 3362625160
993, 4411011, 1110508, 869139, 854451, 1096189, 240362, 240362, 3063903458
996, 4411203, 1015937, 869936, 855355, 1002115, 333930, 333930, 1268072063
998, 4421230, 949593, 1043209, 1029263, 935597, 231784, 231784, 2060737595
999, 4409070, 990069, 938824, 924401, 975914, 289931, 289931, 2713815154
