sample_id, N_active, N_A_1, N_B_1, N_A_0, N_B_0, N_A_*, N_B_*, seed
0, 1060885, 8283, 504282, 501135, 5789, 20698, 20698, 4086604299
7, 1060522, 7395, 503320, 500447, 4914, 22223, 22223, 3021431671
9, 1065097, 7396, 507302, 504176, 4939, 20642, 20642, 784953064
14, 1061222, 8475, 500883, 498332, 6020, 23756, 23756, 915792653
13, 1060879, 7555, 504338, 501755, 5025, 21103, 21103, 3658408774
1, 1064896, 509162, 6296, 4009, 506523, 19453, 19453, 4184940236
15, 1066857, 508909, 6807, 4418, 506445, 20139, 20139, 1950299258
6, 1062198, 7218, 502387, 499924, 4757, 23956, 23956, 4172734762
11, 1064861, 507251, 6770, 4438, 504216, 21093, 21093, 3112230978
8, 1062198, 498987, 11852, 9240, 496537, 22791, 22791, 2778066237
3, 1065898, 506056, 7853, 5550, 503289, 21575, 21575, 1203101348
5, 1063460, 504844, 8277, 5777, 502396, 21083, 21083, 1474269902
4, 1059708, 503916, 7394, 4913, 501107, 21189, 21189, 1876181925
2, 1063609, 507570, 6783, 4430, 504836, 19995, 19995, 4191470246
10, 1064513, 505117, 7216, 4788, 502482, 22455, 22455, 2881534682
12, 1063829, 502331, 10358, 7876, 499892, 21686, 21686, 1578489344
16, 1062045, 7353, 505380, 502500, 4918, 20947, 20947, 2629800892
18, 1062060, 506017, 7034, 4533, 502896, 20790, 20790, 1066993150
17, 1063457, 6682, 506058, 503633, 4274, 21405, 21405, 990479190
20, 1059206, 8066, 502629, 499910, 5605, 21498, 21498, 2042027725
19, 1063081, 506345, 7177, 4769, 503308, 20741, 20741, 1779466338
22, 1060218, 6784, 505111, 502213, 4386, 20862, 20862, 2511450969
24, 1059854, 7258, 504721, 501898, 4801, 20588, 20588, 1143821785
29, 1058061, 6233, 504380, 501768, 3826, 20927, 20927, 424004201
31, 1065058, 6502, 507958, 505358, 4170, 20535, 20535, 2312264328
25, 1064147, 509228, 6170, 3907, 506322, 19260, 19260, 2107723083
21, 1066706, 508908, 6445, 4132, 506291, 20465, 20465, 455133889
23, 1061285, 10226, 501249, 498661, 7731, 21709, 21709, 2896307771
28, 1066420, 506706, 7775, 5379, 504064, 21248, 21248, 169983207
32, 1064128, 507303, 6277, 3888, 504164, 21248, 21248, 3556965111
30, 1060939, 500690, 11415, 8917, 497915, 21001, 21001, 3965551714
27, 1064661, 508576, 6455, 4189, 505745, 19848, 19848, 401276288
33, 1061582, 7278, 505422, 502303, 4851, 20864, 20864, 783661775
35, 1064305, 6668, 508817, 506060, 4264, 19248, 19248, 1500059695
38, 1064820, 6940, 508022, 504992, 4582, 20142, 20142, 1985879742
26, 1061501, 504686, 7111, 4634, 502286, 21392, 21392, 1898929278
36, 1060568, 505152, 7140, 4766, 501916, 20797, 20797, 660480061
40, 1062851, 8887, 503662, 500819, 6439, 21522, 21522, 3093200020
37, 1059290, 504073, 7269, 4803, 501473, 20836, 20836, 1457809559
34, 1063322, 506010, 7014, 4588, 503524, 21093, 21093, 896278219
45, 1066615, 5830, 510449, 507549, 3517, 19635, 19635, 303613798
39, 1062647, 506775, 6742, 4306, 504212, 20306, 20306, 2797033479
42, 1062708, 505273, 7796, 5381, 502574, 20842, 20842, 3716196015
44, 1068407, 7583, 507849, 505485, 5134, 21178, 21178, 3794662170
46, 1063950, 508327, 6072, 3754, 505185, 20306, 20306, 1006912962
41, 1060915, 504495, 7956, 5409, 501833, 20611, 20611, 1617575451
49, 1063084, 507421, 6349, 3990, 504348, 20488, 20488, 1099393969
48, 1061638, 8436, 504031, 501420, 5925, 20913, 20913, 1793349236
43, 1066636, 507842, 6850, 4542, 504444, 21479, 21479, 3889784996
51, 1061829, 6102, 508015, 505019, 3729, 19482, 19482, 3181238586
47, 1064293, 505579, 8624, 6213, 502579, 20649, 20649, 2872757713
54, 1063291, 7577, 506445, 503186, 5223, 20430, 20430, 2820278012
50, 1061834, 501672, 10160, 7673, 498771, 21779, 21779, 1326546859
52, 1063100, 503666, 9067, 6643, 500694, 21515, 21515, 2458518158
57, 1060320, 6331, 505745, 502365, 3971, 20954, 20954, 3823695564
53, 1062895, 508073, 5937, 3471, 504854, 20280, 20280, 2373829789
56, 1066111, 6402, 509251, 506639, 3911, 19954, 19954, 2766373086
58, 1066468, 6131, 509450, 506966, 3869, 20026, 20026, 3816353542
63, 1063461, 6697, 506707, 503873, 4258, 20963, 20963, 4197801393
66, 1062212, 8425, 504521, 501711, 5997, 20779, 20779, 423261237
65, 1060276, 504633, 7434, 5021, 501366, 20911, 20911, 1984926981
62, 1062692, 6647, 506578, 503992, 4259, 20608, 20608, 1958470869
61, 1069560, 510976, 6583, 4315, 508342, 19672, 19672, 4067234043
64, 1063864, 8073, 505221, 502748, 5640, 21091, 21091, 3213342129
59, 1061679, 506629, 6326, 3989, 504047, 20344, 20344, 539005369
60, 1060777, 505889, 6685, 4283, 503194, 20363, 20363, 613144936
55, 1060402, 503741, 8019, 5607, 501111, 20962, 20962, 2209857495
68, 1061055, 9428, 501044, 498477, 6920, 22593, 22593, 1892036323
67, 1061937, 506711, 6399, 4003, 503554, 20635, 20635, 1357885167
71, 1062595, 6449, 505722, 502511, 4053, 21930, 21930, 737758871
69, 1063289, 506353, 6938, 4584, 503476, 20969, 20969, 2329418220
72, 1064530, 7881, 506149, 503531, 5487, 20741, 20741, 665683657
77, 1061847, 8090, 504373, 501058, 5746, 21290, 21290, 2082237153
74, 1065354, 508041, 7322, 4903, 504756, 20166, 20166, 388898518
73, 1064578, 508061, 6454, 4093, 505266, 20352, 20352, 133165295
70, 1065521, 508498, 6580, 4307, 505712, 20212, 20212, 2599910726
75, 1064889, 7897, 506382, 503249, 5533, 20914, 20914, 4215959652
84, 1064347, 9103, 503511, 500465, 6652, 22308, 22308, 2500854921
82, 1062473, 7072, 504756, 502002, 4641, 22001, 22001, 3808483707
76, 1064703, 507335, 7012, 4601, 504279, 20738, 20738, 2143691917
81, 1061577, 506185, 6783, 4495, 503170, 20472, 20472, 810018035
80, 1061952, 506614, 6156, 3804, 504038, 20670, 20670, 127117310
79, 1060762, 505808, 6087, 3652, 503023, 21096, 21096, 2116647585
86, 1067344, 6304, 509844, 507119, 4017, 20030, 20030, 2703190300
78, 1062509, 505595, 7667, 5113, 502730, 20702, 20702, 831063801
87, 1062574, 6443, 508060, 504932, 4019, 19560, 19560, 2238311088
83, 1064996, 506175, 7947, 5577, 503759, 20769, 20769, 759917648
85, 1060861, 506179, 6675, 4345, 503498, 20082, 20082, 877469510
88, 1064419, 7661, 506672, 503826, 5272, 20494, 20494, 3805046992
91, 1060755, 7886, 504383, 501318, 5402, 20883, 20883, 1658592678
89, 1064425, 7439, 506538, 503237, 4997, 21107, 21107, 2906642633
93, 1064101, 508216, 7030, 4628, 504841, 19693, 19693, 632868618
92, 1063302, 507861, 6790, 4325, 504896, 19715, 19715, 1802893018
94, 1062052, 506126, 6995, 4582, 503311, 20519, 20519, 1623231881
99, 1062157, 9556, 502949, 500128, 7064, 21230, 21230, 2273937907
95, 1062863, 8055, 504894, 502153, 5649, 21056, 21056, 43437480
90, 1065823, 507520, 6767, 4367, 505143, 21013, 21013, 3230696664
98, 1060352, 503758, 7336, 4893, 500667, 21849, 21849, 3400735201
104, 1062207, 6146, 507735, 504374, 3766, 20093, 20093, 489458477
106, 1063891, 7893, 506711, 503737, 5476, 20037, 20037, 2549081035
101, 1058387, 6264, 505082, 502336, 3803, 20451, 20451, 4269270036
97, 1064888, 507722, 6979, 4587, 504920, 20340, 20340, 3592524906
96, 1065551, 508965, 5971, 3686, 506567, 20181, 20181, 3003466621
107, 1063973, 8385, 505474, 502270, 6008, 20918, 20918, 2445561156
108, 1059670, 9040, 502523, 499513, 6590, 21002, 21002, 2011210718
100, 1059659, 503615, 7648, 5132, 501002, 21131, 21131, 2815133057
105, 1063663, 7774, 505580, 503255, 5240, 20907, 20907, 2706231900
103, 1063213, 505015, 7225, 4758, 502515, 21850, 21850, 2946284655
112, 1062334, 7795, 505857, 502670, 5354, 20329, 20329, 2761205804
102, 1065380, 505668, 9085, 6580, 503187, 20430, 20430, 4212091443
109, 1061453, 7050, 504635, 501839, 4581, 21674, 21674, 3155305966
113, 1062610, 6824, 506578, 503405, 4471, 20666, 20666, 1651137042
115, 1060820, 7239, 504716, 502028, 4801, 21018, 21018, 419601494
111, 1063725, 507701, 6354, 4038, 504810, 20411, 20411, 986890432
114, 1063638, 504913, 8396, 5961, 502466, 20951, 20951, 582917203
110, 1060792, 503909, 7301, 4850, 501370, 21681, 21681, 2369649626
118, 1064756, 7035, 507447, 504328, 4696, 20625, 20625, 4218215380
119, 1063018, 7801, 505028, 502356, 5233, 21300, 21300, 92265334
121, 1061017, 7147, 505770, 502577, 4677, 20423, 20423, 3484357537
125, 1063582, 507205, 8051, 5721, 503557, 19524, 19524, 2767139874
122, 1064514, 8261, 505321, 502732, 5790, 21205, 21205, 2383673335
126, 1063369, 6466, 507491, 504699, 4129, 20292, 20292, 2216995812
117, 1063317, 505625, 7662, 5238, 502922, 20935, 20935, 2728244035
120, 1063564, 506041, 7778, 5416, 503219, 20555, 20555, 3529322112
124, 1064097, 5895, 507858, 505340, 3554, 20725, 20725, 2517924202
123, 1061652, 8737, 503465, 500736, 6212, 21251, 21251, 2753006878
129, 1062201, 6485, 506412, 503108, 4034, 21081, 21081, 1413164562
116, 1062925, 500436, 12119, 9734, 497982, 21327, 21327, 1047290055
132, 1061874, 6498, 506563, 503444, 4085, 20642, 20642, 1711498081
127, 1064290, 505343, 8346, 5902, 502837, 20931, 20931, 2006539122
128, 1063926, 506814, 7644, 5263, 503923, 20141, 20141, 3478399605
133, 1063340, 7033, 506172, 503504, 4585, 21023, 21023, 1384525131
131, 1058851, 503094, 7625, 5093, 500005, 21517, 21517, 1221396204
130, 1063673, 506475, 7475, 5042, 503717, 20482, 20482, 3960757874
138, 1062637, 6648, 506642, 503556, 4207, 20792, 20792, 828856371
135, 1060546, 6848, 505767, 502718, 4549, 20332, 20332, 1846551891
137, 1062510, 6983, 506071, 503083, 4673, 20850, 20850, 1657234664
139, 1063438, 6848, 508671, 505187, 4456, 19138, 19138, 1033505399
143, 1061373, 7432, 504768, 502004, 4969, 21100, 21100, 2976772914
140, 1064046, 8708, 504532, 501649, 6339, 21409, 21409, 34980108
134, 1061706, 504751, 7468, 5058, 501931, 21249, 21249, 1127387692
136, 1063319, 505680, 7591, 5258, 502854, 20968, 20968, 3779404343
142, 1062248, 10582, 501143, 498306, 8077, 22070, 22070, 1633183906
147, 1063229, 7827, 504636, 501913, 5443, 21705, 21705, 505224762
141, 1062944, 506902, 7057, 4638, 504519, 19914, 19914, 2701820686
145, 1063753, 507482, 6800, 4354, 504837, 20140, 20140, 3062199262
148, 1066554, 6618, 508427, 505841, 4308, 20680, 20680, 1482685085
146, 1062435, 504142, 9090, 6625, 501354, 20612, 20612, 3573825605
153, 1060550, 7519, 504720, 501688, 5065, 20779, 20779, 1534697272
149, 1061903, 7018, 506163, 503433, 4513, 20388, 20388, 1276451268
151, 1062432, 6278, 507442, 504883, 3927, 19951, 19951, 1590752947
152, 1064137, 507932, 5904, 3512, 505043, 20873, 20873, 2964282424
150, 1066411, 508182, 6435, 4000, 505256, 21269, 21269, 3004835044
144, 1061906, 500159, 10734, 8303, 497634, 22538, 22538, 2758271662
154, 1062038, 7415, 505491, 502888, 5006, 20619, 20619, 1527658617
155, 1062558, 506127, 6451, 4078, 503572, 21165, 21165, 3439240353
156, 1066483, 507695, 7182, 4883, 505133, 20795, 20795, 4175186800
158, 1065409, 508139, 6790, 4438, 505550, 20246, 20246, 1075198275
164, 1062457, 6616, 507462, 504421, 4196, 19881, 19881, 4153423570
163, 1059583, 7705, 503905, 500781, 5376, 20908, 20908, 3349415845
157, 1060559, 503942, 7376, 4896, 501267, 21539, 21539, 3934064170
160, 1064662, 506771, 7576, 5186, 503741, 20694, 20694, 3052449884
165, 1060926, 6663, 505190, 502310, 4293, 21235, 21235, 1323137553
159, 1062068, 9181, 503138, 500467, 6828, 21227, 21227, 3346604676
167, 1063597, 8064, 503932, 501024, 5759, 22409, 22409, 3648419311
170, 1064648, 7737, 506927, 504326, 5346, 20156, 20156, 513137948
172, 1062593, 6574, 506626, 503335, 4224, 20917, 20917, 2853696178
168, 1063207, 506306, 7448, 5009, 503426, 20509, 20509, 1132444067
161, 1064176, 507552, 6441, 4102, 504729, 20676, 20676, 975884732
166, 1062044, 6774, 504736, 502220, 4418, 21948, 21948, 971369968
174, 1065943, 5963, 509450, 506156, 3634, 20370, 20370, 937259588
162, 1061383, 501726, 6905, 4477, 498895, 24690, 24690, 3049021933
171, 1067712, 6845, 510270, 507791, 4390, 19208, 19208, 3674945381
175, 1062374, 5899, 506960, 504362, 3539, 20807, 20807, 2052175576
169, 1060331, 502766, 8410, 5869, 500120, 21583, 21583, 3195778234
173, 1067824, 510250, 6049, 3704, 507729, 20046, 20046, 2633537298
178, 1060712, 6813, 504946, 501997, 4468, 21244, 21244, 1060033350
181, 1066984, 6648, 509911, 506995, 4372, 19529, 19529, 2364119438
182, 1062033, 6600, 505565, 502603, 4145, 21560, 21560, 117520280
177, 1061757, 506082, 6709, 4321, 503131, 20757, 20757, 1233336309
176, 1066752, 505124, 9048, 6480, 502692, 21704, 21704, 452583142
183, 1063550, 7350, 506189, 503534, 4813, 20832, 20832, 1201694002
179, 1061685, 506684, 6558, 4013, 503996, 20217, 20217, 3530249622
180, 1066070, 506210, 8121, 5809, 503840, 21045, 21045, 3784583037
186, 1059185, 8116, 503242, 500550, 5633, 20822, 20822, 3174831133
185, 1061947, 505618, 7696, 5359, 502664, 20305, 20305, 3231852877
187, 1066819, 7469, 507518, 504849, 5065, 20959, 20959, 956109212
184, 1059595, 9518, 499561, 496901, 7063, 23276, 23276, 552847270
191, 1064327, 6972, 506204, 503233, 4566, 21676, 21676, 1630100949
193, 1062447, 7212, 505915, 502960, 4856, 20752, 20752, 2205276800
188, 1064716, 8457, 504769, 502078, 6014, 21699, 21699, 3407527334
192, 1062838, 6305, 506641, 504017, 3815, 21030, 21030, 2134179459
190, 1064334, 504431, 8425, 5906, 501672, 21950, 21950, 2206273454
194, 1061718, 7255, 505025, 502261, 4721, 21228, 21228, 2851430145
198, 1065227, 6317, 509756, 506173, 3951, 19515, 19515, 3385607102
195, 1064448, 504757, 7999, 5640, 501516, 22268, 22268, 4137330470
189, 1059053, 499915, 10489, 7919, 497380, 21675, 21675, 604357470
197, 1062802, 6396, 507469, 504742, 4039, 20078, 20078, 3187384645
196, 1066151, 509294, 6669, 4285, 505957, 19973, 19973, 581320500
202, 1063501, 6837, 508417, 505162, 4435, 19325, 19325, 3546811444
201, 1064094, 506087, 8313, 5849, 503003, 20421, 20421, 2266382276
200, 1059794, 505004, 6967, 4496, 502125, 20601, 20601, 3356961869
199, 1060798, 503653, 7759, 5339, 500789, 21629, 21629, 2593561038
206, 1062503, 505314, 7274, 4765, 502366, 21392, 21392, 754169183
204, 1065106, 508231, 6505, 4110, 505634, 20313, 20313, 2072753300
205, 1064244, 506835, 6676, 4370, 503987, 21188, 21188, 1383173513
209, 1064747, 508724, 6341, 4038, 505894, 19875, 19875, 454171235
203, 1062207, 504886, 7927, 5521, 502417, 20728, 20728, 3967528274
207, 1063464, 505497, 7021, 4546, 502808, 21796, 21796, 2367773032
208, 1064694, 503812, 9482, 7105, 501433, 21431, 21431, 1466936334
212, 1064322, 506725, 7452, 5023, 503698, 20712, 20712, 1520096275
211, 1066109, 507515, 7670, 5379, 505053, 20246, 20246, 664281392
213, 1059549, 504581, 7142, 4638, 501426, 20881, 20881, 2659531710
215, 1062622, 504333, 8460, 6150, 501633, 21023, 21023, 1371021879
216, 1064217, 7445, 506909, 504057, 5008, 20399, 20399, 1988240495
210, 1061532, 6237, 506683, 504093, 3829, 20345, 20345, 1260825989
214, 1064695, 508874, 6068, 3644, 506163, 19973, 19973, 271800067
218, 1063699, 8207, 505872, 502317, 5861, 20721, 20721, 2666794022
217, 1067115, 7298, 508663, 505879, 4889, 20193, 20193, 2231418434
220, 1064215, 508208, 6466, 4023, 505180, 20169, 20169, 538958303
221, 1063307, 7429, 505158, 502490, 4996, 21617, 21617, 3087807885
225, 1063912, 6882, 507155, 504254, 4417, 20602, 20602, 3245729984
224, 1063971, 7286, 507123, 504335, 4919, 20154, 20154, 3389692474
219, 1063328, 505718, 7956, 5607, 502669, 20689, 20689, 2504531194
223, 1067141, 508771, 7594, 5323, 505891, 19781, 19781, 2611699011
226, 1062350, 6705, 506225, 503600, 4298, 20761, 20761, 433616859
228, 1059102, 7188, 504515, 501479, 4658, 20631, 20631, 3444038160
227, 1062645, 505054, 8001, 5492, 501274, 21412, 21412, 2316611568
234, 1063671, 7370, 506310, 503793, 5040, 20579, 20579, 627640028
231, 1063410, 506802, 6772, 4308, 504114, 20707, 20707, 3270884008
222, 1061785, 8826, 502642, 500218, 6397, 21851, 21851, 1939803822
229, 1064325, 6548, 507025, 504540, 4222, 20995, 20995, 4171178014
235, 1061994, 7877, 505473, 502463, 5343, 20419, 20419, 3053244881
233, 1057063, 499286, 9745, 7134, 496576, 22161, 22161, 3828504475
230, 1060318, 504444, 6870, 4424, 501568, 21506, 21506, 1193568231
232, 1064347, 505170, 8240, 5761, 502524, 21326, 21326, 2369857942
237, 1062023, 6213, 507538, 504711, 3815, 19873, 19873, 2531754280
242, 1063199, 6789, 506847, 503678, 4319, 20783, 20783, 1936438345
243, 1063805, 6632, 508055, 505151, 4317, 19825, 19825, 143066843
239, 1065487, 507967, 7199, 4867, 505012, 20221, 20221, 3317281279
238, 1059868, 502069, 7760, 5281, 499518, 22620, 22620, 1890689145
236, 1060297, 501043, 9065, 6597, 498548, 22522, 22522, 1878924573
244, 1065695, 5972, 510088, 507053, 3646, 19468, 19468, 3989548059
241, 1063269, 506760, 7303, 4790, 503564, 20426, 20426, 3406362380
245, 1064127, 10478, 504726, 501318, 8187, 19709, 19709, 35667446
240, 1064705, 5615, 508522, 506205, 3257, 20553, 20553, 749564052
246, 1064817, 7447, 507686, 505092, 5028, 19782, 19782, 4114478924
248, 1063868, 6558, 507730, 504934, 4230, 20208, 20208, 3278168198
256, 1063905, 7474, 506885, 503341, 4997, 20604, 20604, 976717025
252, 1064706, 6271, 508214, 505398, 3887, 20468, 20468, 922152945
247, 1062938, 505817, 7137, 4656, 503084, 21122, 21122, 3582085226
249, 1063628, 7413, 505349, 502354, 5040, 21736, 21736, 2048818744
254, 1061260, 6214, 505118, 502463, 3935, 21765, 21765, 1239221262
253, 1065059, 6367, 508915, 506262, 3997, 19759, 19759, 1486707052
251, 1060481, 506961, 6356, 4054, 504196, 19457, 19457, 2533309712
250, 1066967, 6977, 508000, 505558, 4568, 20932, 20932, 3593176294
257, 1061078, 504817, 7729, 5295, 501707, 20765, 20765, 4193249044
255, 1061141, 507395, 6479, 4152, 504035, 19540, 19540, 213063432
263, 1063280, 6643, 507636, 504484, 4247, 20135, 20135, 1637929726
260, 1057212, 7621, 501647, 498580, 4996, 22184, 22184, 1101783863
261, 1063360, 6676, 507385, 504728, 4259, 20156, 20156, 1185592874
258, 1060027, 6464, 504851, 501990, 3972, 21375, 21375, 2321676031
262, 1065836, 7466, 507920, 505231, 5087, 20066, 20066, 1701378358
264, 1060905, 8351, 503450, 500746, 5864, 21247, 21247, 2422193974
265, 1065079, 508779, 6791, 4467, 505822, 19610, 19610, 3571004652
259, 1062048, 503552, 7888, 5464, 500638, 22253, 22253, 1414421506
267, 1064757, 7871, 504480, 501973, 5463, 22485, 22485, 3917249986
266, 1062841, 8875, 503161, 500697, 6382, 21863, 21863, 3073457788
269, 1064260, 506381, 8114, 5681, 503662, 20211, 20211, 2417110044
275, 1059197, 503841, 7809, 5354, 500931, 20631, 20631, 1874457608
270, 1063246, 505873, 8614, 6208, 502719, 19916, 19916, 152204060
272, 1060818, 504477, 7829, 5442, 501838, 20616, 20616, 882027723
278, 1062695, 7815, 505834, 503082, 5368, 20298, 20298, 3343264376
273, 1064414, 506616, 7503, 5130, 503879, 20643, 20643, 2714888369
268, 1069343, 509173, 6693, 4390, 506805, 21141, 21141, 2113238166
276, 1069613, 6254, 511093, 508659, 3961, 19823, 19823, 955977135
274, 1065086, 508537, 6478, 4033, 505940, 20049, 20049, 156248611
281, 1063156, 6615, 506086, 503292, 4227, 21468, 21468, 799311401
277, 1060604, 505681, 6497, 4097, 503143, 20593, 20593, 119804788
279, 1065593, 507420, 7342, 4952, 504521, 20679, 20679, 2922447892
283, 1065470, 508769, 6959, 4660, 505324, 19879, 19879, 674877015
271, 1066091, 507469, 7309, 4887, 504982, 20722, 20722, 1079319894
282, 1062300, 9284, 503439, 500642, 6917, 21009, 21009, 314703073
286, 1068932, 5930, 511667, 508875, 3654, 19403, 19403, 2814629267
280, 1061709, 503806, 7333, 4884, 500958, 22364, 22364, 3577548580
284, 1067215, 510614, 5904, 3544, 508025, 19564, 19564, 480552985
285, 1066402, 507915, 7026, 4698, 504859, 20952, 20952, 184311156
292, 1064987, 8379, 505451, 501998, 5989, 21585, 21585, 4154836241
293, 1064348, 7666, 506308, 503004, 5234, 21068, 21068, 1582132266
287, 1063113, 507266, 6477, 4091, 504575, 20352, 20352, 3727462213
295, 1060931, 8138, 503219, 500230, 5694, 21825, 21825, 1995942009
291, 1060809, 502830, 8838, 6205, 499860, 21538, 21538, 3771280918
297, 1062203, 7391, 506214, 503492, 4910, 20098, 20098, 4254958654
289, 1064085, 6390, 507869, 505384, 4040, 20201, 20201, 2429794986
298, 1063989, 6237, 508027, 505422, 3921, 20191, 20191, 2011878048
294, 1060972, 506773, 5565, 3220, 504034, 20690, 20690, 1436367450
290, 1063739, 505833, 7723, 5361, 503116, 20853, 20853, 250036754
288, 1064984, 8090, 505937, 503462, 5723, 20886, 20886, 1895912824
299, 1061222, 12571, 498935, 495935, 10041, 21870, 21870, 3292772667
300, 1060484, 6602, 504898, 501974, 4142, 21434, 21434, 657024119
296, 1063415, 508494, 6615, 4244, 505484, 19289, 19289, 3412880752
301, 1059624, 8878, 501559, 498780, 6279, 22064, 22064, 138525058
304, 1060261, 7798, 503700, 500711, 5400, 21326, 21326, 3539848567
312, 1064383, 7519, 506642, 503527, 5211, 20742, 20742, 1235099041
305, 1066072, 8936, 506154, 503532, 6596, 20427, 20427, 3951146133
306, 1060781, 7072, 505476, 502442, 4681, 20555, 20555, 2362764224
307, 1060402, 6245, 506385, 503374, 3800, 20299, 20299, 3266714613
302, 1065132, 508190, 6723, 4252, 505311, 20328, 20328, 3200806446
308, 1064815, 6641, 508044, 505568, 4302, 20130, 20130, 1882534941
303, 1061679, 507027, 5878, 3411, 504441, 20461, 20461, 1768661772
310, 1063030, 507223, 6765, 4433, 504379, 20115, 20115, 3250408775
314, 1062110, 7715, 503968, 501141, 5220, 22033, 22033, 2481924922
313, 1064964, 506193, 8031, 5670, 503254, 20908, 20908, 2669380331
311, 1062184, 505358, 7300, 4924, 502632, 20985, 20985, 3560054391
315, 1060484, 505209, 7379, 4889, 502453, 20277, 20277, 3192740130
309, 1066875, 511223, 5714, 3473, 508763, 18851, 18851, 4274430749
317, 1059149, 503936, 7454, 4934, 501207, 20809, 20809, 996506631
324, 1065603, 9705, 505943, 502758, 7359, 19919, 19919, 1127186658
323, 1063560, 507934, 6710, 4348, 504332, 20118, 20118, 2124648111
320, 1061906, 507885, 6137, 3779, 504739, 19683, 19683, 1909397451
319, 1065134, 6237, 509336, 506717, 3910, 19467, 19467, 2310284654
316, 1064700, 505436, 8465, 6147, 502592, 21030, 21030, 2613136192
322, 1063750, 6855, 507820, 505048, 4563, 19732, 19732, 1609977654
321, 1063072, 505075, 8119, 5682, 502268, 20964, 20964, 340233108
326, 1061208, 8786, 504368, 501428, 6306, 20160, 20160, 3626640293
318, 1066978, 6993, 508610, 506179, 4514, 20341, 20341, 2575136755
332, 1063192, 6749, 507792, 504662, 4481, 19754, 19754, 984437082
325, 1063298, 507467, 6691, 4371, 504701, 20034, 20034, 927094092
330, 1061601, 7046, 505757, 503146, 4586, 20533, 20533, 2675359966
331, 1061532, 6526, 506682, 503628, 4238, 20229, 20229, 3961766474
327, 1061210, 505172, 7818, 5401, 502157, 20331, 20331, 3075799297
328, 1061048, 504981, 6904, 4482, 502329, 21176, 21176, 411328570
335, 1062460, 5984, 508502, 505081, 3529, 19682, 19682, 4263923539
329, 1064453, 506475, 7255, 4847, 504008, 20934, 20934, 885077306
337, 1061506, 6665, 506449, 503145, 4325, 20461, 20461, 557681688
336, 1065743, 8026, 507308, 504529, 5614, 20133, 20133, 2086043751
338, 1061408, 506196, 6770, 4280, 503158, 20502, 20502, 3033726751
339, 1062407, 504192, 8313, 5822, 501314, 21383, 21383, 932157600
340, 1062977, 6609, 507799, 505096, 4219, 19627, 19627, 4036196655
334, 1064218, 506803, 6732, 4280, 504369, 21017, 21017, 1551454175
344, 1063494, 8229, 505643, 502354, 5784, 20742, 20742, 3787581137
333, 1060319, 503853, 8386, 5980, 500904, 20598, 20598, 1778620840
345, 1068660, 6724, 509798, 506990, 4396, 20376, 20376, 2736569839
343, 1065559, 511276, 5954, 3656, 507495, 18589, 18589, 4248283806
341, 1062966, 505033, 8277, 5883, 502301, 20736, 20736, 1858748596
346, 1064659, 507384, 7872, 5568, 503927, 19954, 19954, 1296025389
348, 1063510, 7845, 505775, 503020, 5416, 20727, 20727, 1114857473
342, 1066864, 510733, 6005, 3786, 507680, 19330, 19330, 3458383676
347, 1062818, 505244, 8221, 5823, 502224, 20653, 20653, 2800599299
350, 1062856, 503917, 8802, 6393, 501004, 21370, 21370, 2250658506
349, 1067765, 7426, 507965, 505597, 5055, 20861, 20861, 305333920
351, 1063229, 505489, 7889, 5486, 502321, 21022, 21022, 3884921776
353, 1064447, 6429, 507628, 505194, 4104, 20546, 20546, 3078597942
356, 1065151, 8631, 505898, 503223, 6205, 20597, 20597, 4271189331
355, 1061784, 503172, 7813, 5358, 500681, 22380, 22380, 485378195
363, 1062697, 6732, 507029, 503685, 4229, 20511, 20511, 2586768912
352, 1064406, 506505, 7484, 5109, 504170, 20569, 20569, 729564389
354, 1060619, 504903, 7585, 5075, 502030, 20513, 20513, 2193312986
358, 1062764, 7207, 506267, 503694, 4702, 20447, 20447, 3888674695
360, 1063693, 6732, 507162, 504620, 4271, 20454, 20454, 2329837430
359, 1063915, 506721, 7048, 4669, 503987, 20745, 20745, 981777371
357, 1062637, 505544, 7171, 4703, 502993, 21113, 21113, 2017456420
364, 1060984, 505781, 6666, 4293, 502732, 20756, 20756, 1460223318
369, 1061707, 7072, 505341, 501655, 4681, 21479, 21479, 3963715392
368, 1064850, 8066, 506366, 503520, 5684, 20607, 20607, 248712720
367, 1065695, 504077, 10128, 7848, 501296, 21173, 21173, 1335666147
361, 1064696, 507969, 6961, 4589, 505271, 19953, 19953, 2270318087
366, 1065546, 507879, 6962, 4627, 505458, 20310, 20310, 3570065964
370, 1062338, 7244, 506070, 503084, 4888, 20526, 20526, 3284763694
362, 1062886, 503668, 8890, 6567, 501197, 21282, 21282, 3408215391
372, 1064202, 7927, 505679, 502820, 5466, 21155, 21155, 1375651782
365, 1060828, 504494, 7081, 4658, 501679, 21458, 21458, 2026074665
371, 1064549, 506601, 7026, 4768, 503420, 21367, 21367, 3005106569
374, 1062830, 6905, 506714, 504007, 4564, 20320, 20320, 1823725576
373, 1063774, 7287, 506747, 504313, 4979, 20224, 20224, 1711562641
376, 1060981, 7804, 503086, 500650, 5399, 22021, 22021, 2961451762
379, 1061535, 6651, 505653, 503090, 4331, 20905, 20905, 378065093
383, 1063245, 8256, 505124, 502304, 5721, 20920, 20920, 3363016706
384, 1066406, 6696, 509001, 505885, 4300, 20262, 20262, 851113690
380, 1059895, 8758, 499891, 497032, 6238, 23988, 23988, 2611559840
387, 1064832, 6178, 508611, 505717, 3806, 20260, 20260, 276934247
378, 1063652, 504796, 7392, 4984, 501992, 22244, 22244, 87735681
375, 1062780, 505210, 7111, 4706, 502693, 21530, 21530, 3437433160
381, 1065176, 5094, 510176, 507634, 2784, 19744, 19744, 613343370
377, 1062167, 504155, 8232, 5694, 501698, 21194, 21194, 306800968
385, 1058841, 497351, 11714, 9162, 494248, 23183, 23183, 1678536655
382, 1060797, 9329, 501846, 499165, 6865, 21796, 21796, 2581796075
388, 1061009, 504936, 7254, 4785, 502188, 20923, 20923, 1639559689
390, 1058929, 499957, 10099, 7617, 497078, 22089, 22089, 1201696273
386, 1064863, 504907, 9493, 7060, 502203, 20600, 20600, 3564311362
395, 1062729, 6553, 506832, 503952, 4168, 20612, 20612, 2513581324
392, 1067781, 511215, 6329, 4056, 507681, 19250, 19250, 2551746580
397, 1064224, 8340, 506005, 502854, 6025, 20500, 20500, 3500507303
393, 1062892, 506989, 6845, 4461, 504369, 20114, 20114, 1424413213
400, 1065677, 6325, 509349, 506368, 3975, 19830, 19830, 4000370966
391, 1062705, 505530, 7727, 5191, 502837, 20710, 20710, 1136676981
389, 1062669, 7919, 505177, 502571, 5422, 20790, 20790, 2198748080
396, 1062215, 7488, 505632, 502948, 5129, 20509, 20509, 1152516419
398, 1066611, 506351, 8587, 6238, 503647, 20894, 20894, 4231677216
403, 1066555, 6672, 509335, 506621, 4339, 19794, 19794, 307522545
394, 1065635, 506992, 7530, 5059, 504608, 20723, 20723, 3888021196
402, 1064537, 6195, 508806, 505990, 3830, 19858, 19858, 2876121514
401, 1064486, 507297, 6636, 4341, 504472, 20870, 20870, 2858088741
406, 1061323, 7150, 505673, 502511, 4653, 20668, 20668, 56835361
405, 1065148, 509406, 6300, 3992, 506364, 19543, 19543, 2676858782
407, 1063353, 6399, 508060, 505397, 4073, 19712, 19712, 579922847
408, 1065661, 8323, 506469, 503573, 5816, 20740, 20740, 4087101482
399, 1063262, 502230, 10126, 7636, 499908, 21681, 21681, 552172004
413, 1058781, 7509, 503961, 501220, 5101, 20495, 20495, 998005399
404, 1059843, 503143, 7051, 4554, 500511, 22292, 22292, 2388831628
409, 1060342, 6868, 504475, 501821, 4424, 21377, 21377, 523565710
412, 1062479, 503250, 9093, 6547, 500379, 21605, 21605, 4280460827
411, 1061744, 506397, 6552, 4248, 503701, 20423, 20423, 3573342701
422, 1064472, 7130, 507996, 505184, 4634, 19764, 19764, 3098749546
414, 1068820, 510186, 6482, 4193, 507721, 20119, 20119, 3423386854
416, 1064877, 507919, 6568, 4252, 505236, 20451, 20451, 1330668376
419, 1062747, 7356, 506232, 503746, 4975, 20219, 20219, 1601255640
410, 1062477, 504281, 7680, 5232, 501622, 21831, 21831, 771168882
415, 1061252, 506709, 6118, 3701, 504278, 20223, 20223, 2986562267
420, 1062018, 5533, 507997, 505508, 3238, 19871, 19871, 3952443463
417, 1061997, 7424, 503553, 501072, 4968, 22490, 22490, 2936572262
425, 1065148, 6762, 508240, 505223, 4331, 20296, 20296, 3978922073
418, 1062319, 7154, 504685, 502159, 4691, 21815, 21815, 1577624004
423, 1066974, 11514, 502556, 499819, 9079, 22003, 22003, 1980092270
421, 1062690, 505779, 7161, 4780, 503008, 20981, 20981, 3111792514
431, 1064187, 6526, 508899, 505160, 4246, 19678, 19678, 629075182
427, 1064108, 7595, 505585, 502816, 5106, 21503, 21503, 2128072821
428, 1063182, 6785, 507502, 504496, 4481, 19959, 19959, 1752925054
433, 1063124, 507402, 7288, 4843, 503995, 19798, 19798, 2680794580
434, 1066384, 7201, 507891, 505181, 4737, 20687, 20687, 2582905660
426, 1060592, 7558, 504131, 501404, 5119, 21190, 21190, 969422241
424, 1063464, 499677, 13328, 10901, 497072, 21243, 21243, 1402608497
429, 1065451, 7458, 506872, 504269, 5082, 20885, 20885, 4202264481
435, 1062475, 8421, 504469, 501120, 6037, 21214, 21214, 256685774
432, 1064647, 506739, 7543, 5273, 503940, 20576, 20576, 1421188706
437, 1063253, 7873, 506188, 503272, 5476, 20222, 20222, 505883911
438, 1064915, 6405, 508093, 505572, 4057, 20394, 20394, 1128629037
430, 1062876, 8470, 504821, 502337, 6088, 20580, 20580, 3017712444
439, 1059401, 505155, 7001, 4603, 502174, 20234, 20234, 3680333117
436, 1062223, 504322, 8256, 5799, 501748, 21049, 21049, 3447706152
443, 1060508, 7526, 504569, 501791, 5090, 20766, 20766, 1338906468
440, 1063281, 505995, 6923, 4613, 503706, 21022, 21022, 475452687
441, 1061328, 504072, 7518, 4967, 500719, 22026, 22026, 4102107955
444, 1060969, 505785, 7048, 4551, 502095, 20745, 20745, 246668929
445, 1063641, 6571, 507921, 505060, 4227, 19931, 19931, 2435351591
442, 1064153, 504277, 9526, 7034, 501670, 20823, 20823, 3983631769
446, 1067008, 6908, 507894, 505317, 4613, 21138, 21138, 1613264155
452, 1063332, 6114, 507711, 504758, 3793, 20478, 20478, 1786473805
449, 1064066, 7535, 504865, 502023, 5087, 22278, 22278, 1253269640
451, 1064470, 509964, 5834, 3475, 506547, 19325, 19325, 2023987657
453, 1063173, 7069, 506530, 503798, 4612, 20582, 20582, 3917962355
450, 1063515, 506592, 8273, 5738, 503574, 19669, 19669, 3531875226
454, 1061490, 6625, 504826, 502169, 4262, 21804, 21804, 1223120123
448, 1066269, 507937, 7507, 5072, 505437, 20158, 20158, 167595756
447, 1062067, 502751, 9279, 6838, 500349, 21425, 21425, 3867331065
460, 1064638, 6175, 509099, 506425, 3819, 19560, 19560, 202734786
455, 1062001, 6756, 505841, 503373, 4333, 20849, 20849, 3316133794
456, 1059931, 502479, 8666, 6067, 499311, 21704, 21704, 1112607889
457, 1063802, 7950, 505135, 502522, 5413, 21391, 21391, 320608226
459, 1061790, 7082, 504617, 501951, 4596, 21772, 21772, 1543254353
458, 1067852, 509106, 6950, 4685, 506295, 20408, 20408, 4123337632
461, 1061240, 506714, 6580, 4114, 503676, 20078, 20078, 1093867223
463, 1065123, 6814, 507689, 504972, 4460, 20594, 20594, 810306813
465, 1065389, 8526, 505674, 502971, 6134, 21042, 21042, 2006183700
462, 1063749, 507486, 6994, 4595, 504510, 20082, 20082, 3600832516
466, 1062838, 7717, 506122, 503224, 5263, 20256, 20256, 1710898634
468, 1066024, 7174, 507884, 505395, 4797, 20387, 20387, 715583106
464, 1062451, 505286, 7467, 5136, 502754, 20904, 20904, 3681955146
467, 1066428, 505364, 9335, 7005, 502960, 20882, 20882, 3677019946
472, 1064137, 7147, 506561, 504056, 4667, 20853, 20853, 2630785804
470, 1062210, 7500, 505647, 503171, 5028, 20432, 20432, 751373538
477, 1062161, 8239, 503874, 501119, 5687, 21621, 21621, 2769400065
469, 1065681, 508315, 6011, 3713, 505470, 21086, 21086, 1645398672
471, 1064678, 506918, 7065, 4712, 504265, 20859, 20859, 1832419827
475, 1067477, 8170, 506565, 504108, 5842, 21396, 21396, 3780586250
474, 1063161, 504612, 7694, 5265, 501954, 21818, 21818, 2345907156
473, 1061971, 501403, 9948, 7490, 498914, 22108, 22108, 192808534
481, 1062993, 6458, 507956, 505260, 4037, 19641, 19641, 3884399180
478, 1058204, 503270, 7588, 5126, 500460, 20880, 20880, 3707764182
479, 1063350, 6637, 507042, 504495, 4204, 20486, 20486, 2512650147
482, 1061645, 7011, 504784, 502159, 4579, 21556, 21556, 3461852733
480, 1062837, 503568, 8534, 6056, 500855, 21912, 21912, 2855291053
483, 1065492, 6527, 508629, 505736, 4132, 20234, 20234, 2343745928
489, 1060047, 7297, 504208, 500764, 4888, 21445, 21445, 2973545003
476, 1061407, 504769, 7749, 5326, 502199, 20682, 20682, 2387533219
487, 1060253, 6036, 506566, 503894, 3617, 20070, 20070, 2844833819
490, 1061082, 6948, 505675, 502953, 4396, 20555, 20555, 202074553
484, 1062038, 504824, 7637, 5194, 502169, 21107, 21107, 2425642908
497, 1063352, 6828, 507459, 504289, 4488, 20144, 20144, 350065715
486, 1060823, 10407, 501135, 498625, 7910, 21373, 21373, 1738072684
493, 1062821, 6162, 507387, 504992, 3798, 20241, 20241, 3739086698
488, 1066281, 509159, 6150, 3768, 506826, 20189, 20189, 3583549331
494, 1063848, 6808, 507800, 505366, 4352, 19761, 19761, 3342031218
496, 1058957, 7732, 503094, 500582, 5241, 21154, 21154, 2779207445
485, 1062497, 6883, 505653, 503181, 4474, 21153, 21153, 801224394
495, 1062619, 506028, 7220, 4794, 502801, 20888, 20888, 1173502798
492, 1063097, 7466, 505424, 502948, 4945, 21157, 21157, 3722287908
491, 1061154, 501390, 10017, 7386, 498835, 21763, 21763, 1057492604
498, 1062053, 500372, 11862, 9332, 497587, 21450, 21450, 592026913
500, 1063283, 505084, 7920, 5491, 502546, 21121, 21121, 2789292942
499, 1060607, 504999, 6722, 4466, 502432, 20994, 20994, 3407411791
506, 1062120, 7031, 505871, 502869, 4589, 20880, 20880, 2147854658
501, 1061550, 502195, 9456, 6916, 499703, 21640, 21640, 632844632
504, 1066456, 508782, 7593, 5194, 506093, 19397, 19397, 2811102760
510, 1065753, 7814, 507272, 504373, 5444, 20425, 20425, 2857647448
505, 1062552, 6387, 495266, 492076, 4011, 32406, 32406, 3047648499
502, 1058133, 8477, 501611, 498865, 5936, 21622, 21622, 3276148656
508, 1066143, 507738, 7129, 4697, 504823, 20878, 20878, 249890662
509, 1064234, 508543, 5996, 3717, 505954, 20012, 20012, 18711065
503, 1064829, 507259, 6530, 4161, 504799, 21040, 21040, 1808204343
511, 1062712, 505522, 7079, 4666, 502935, 21255, 21255, 1885029357
514, 1063260, 6351, 508018, 505334, 4005, 19776, 19776, 3079790253
507, 1060573, 505990, 6359, 3923, 503213, 20544, 20544, 3109966906
513, 1059846, 7349, 502666, 500219, 4848, 22382, 22382, 1233956081
516, 1060307, 7689, 504073, 501560, 5259, 20863, 20863, 90670581
517, 1064282, 504405, 9005, 6514, 501308, 21525, 21525, 3662856684
512, 1061575, 503637, 8334, 5857, 500981, 21383, 21383, 2413892536
522, 1062584, 6922, 506912, 503718, 4534, 20249, 20249, 4127033073
521, 1060780, 6293, 505215, 502452, 3932, 21444, 21444, 1043726399
519, 1064159, 505691, 8167, 5714, 502899, 20844, 20844, 1297229028
520, 1062062, 508598, 5377, 3145, 505494, 19724, 19724, 3923523969
515, 1064306, 506166, 7934, 5531, 503803, 20436, 20436, 2215746161
525, 1063621, 7080, 506630, 503996, 4737, 20589, 20589, 2808586333
523, 1065326, 9170, 504563, 501865, 6738, 21495, 21495, 424869769
524, 1060209, 7606, 503153, 500471, 5109, 21935, 21935, 3763863260
518, 1064725, 7661, 506359, 503978, 5287, 20720, 20720, 3897679772
526, 1064190, 9425, 502876, 500284, 7013, 22296, 22296, 3722047838
527, 1062436, 506789, 6884, 4387, 503672, 20352, 20352, 3721360669
535, 1065148, 5565, 510228, 506459, 3332, 19782, 19782, 4026560054
529, 1062918, 506850, 6867, 4405, 504024, 20386, 20386, 3026814633
532, 1063355, 6801, 507175, 504741, 4350, 20144, 20144, 232177997
533, 1063219, 7770, 505860, 503170, 5329, 20545, 20545, 4192259178
530, 1062674, 505852, 7162, 4721, 503091, 20924, 20924, 1862380140
531, 1064363, 6304, 508145, 505757, 3911, 20123, 20123, 3710463279
528, 1061244, 502381, 7928, 5522, 499857, 22778, 22778, 523253250
540, 1065949, 5942, 509410, 506488, 3609, 20250, 20250, 1682129404
537, 1063548, 507001, 7510, 5091, 504290, 19828, 19828, 4266240766
534, 1064936, 509061, 6282, 3916, 506045, 19816, 19816, 1122545387
536, 1063433, 6421, 506871, 504289, 3996, 20928, 20928, 625155284
542, 1063443, 6674, 507652, 504903, 4322, 19946, 19946, 915136111
538, 1063852, 508485, 6403, 4102, 505748, 19557, 19557, 2880787708
539, 1061114, 6317, 506048, 503417, 3946, 20693, 20693, 1805785255
549, 1062538, 6195, 508253, 504953, 3785, 19676, 19676, 3641976704
543, 1062949, 6346, 506987, 504395, 3909, 20656, 20656, 3625016843
546, 1061075, 7749, 504332, 501530, 5226, 21119, 21119, 3882469410
541, 1065630, 507736, 7297, 4955, 505370, 20136, 20136, 997526895
545, 1060921, 503563, 8135, 5587, 500910, 21363, 21363, 3244628957
551, 1059819, 8072, 502971, 499597, 5629, 21775, 21775, 3187492980
552, 1063612, 6798, 507342, 504312, 4380, 20390, 20390, 1083256820
553, 1062435, 7105, 506517, 502985, 4706, 20561, 20561, 919080814
550, 1059433, 8944, 502716, 499964, 6491, 20659, 20659, 3954373637
556, 1062354, 9102, 504757, 501272, 6535, 20344, 20344, 952226906
555, 1060923, 8082, 505233, 501682, 5750, 20088, 20088, 1221539717
547, 1062891, 507329, 6550, 4139, 504613, 20130, 20130, 14755952
548, 1064631, 507304, 7498, 5108, 504755, 19983, 19983, 3727559316
557, 1065159, 509117, 6641, 4343, 505452, 19803, 19803, 3185602415
554, 1060224, 6533, 505424, 502696, 4049, 20761, 20761, 2122949612
544, 1057895, 499389, 10384, 7822, 496616, 21842, 21842, 849054291
561, 1062980, 9849, 502544, 499134, 7395, 22029, 22029, 3136125057
560, 1067126, 6035, 509833, 507156, 3732, 20185, 20185, 2204792446
558, 1065209, 508199, 7310, 4920, 505034, 19873, 19873, 3051359704
559, 1061278, 8290, 504295, 501555, 5838, 20650, 20650, 2131673534
562, 1064246, 9277, 504165, 501347, 6733, 21362, 21362, 1143971143
570, 1061615, 6229, 506929, 503880, 3887, 20345, 20345, 1306182715
563, 1064577, 506427, 7482, 5057, 503375, 21118, 21118, 2753231400
565, 1064532, 507713, 6798, 4397, 505108, 20258, 20258, 4221019712
567, 1059168, 8151, 501732, 499050, 5813, 22211, 22211, 4102944533
572, 1064347, 7090, 506990, 504262, 4731, 20637, 20637, 2915353853
568, 1062550, 508156, 6000, 3609, 505645, 19570, 19570, 3317857940
569, 1062954, 507524, 6396, 4109, 503609, 20658, 20658, 2767898054
566, 1059466, 503618, 7100, 4617, 500631, 21750, 21750, 2709065522
564, 1064804, 506001, 7686, 5237, 503610, 21135, 21135, 4227396941
571, 1063188, 506257, 7238, 4813, 502968, 20956, 20956, 3896888702
574, 1061742, 7448, 503248, 500366, 5028, 22826, 22826, 293796398
577, 1063703, 6789, 505368, 502876, 4378, 22146, 22146, 625121660
579, 1064813, 8096, 507063, 504401, 5741, 19756, 19756, 1222481634
573, 1059161, 501639, 8162, 5745, 499071, 22272, 22272, 4069387898
578, 1061422, 7032, 505478, 502933, 4619, 20680, 20680, 2389734485
576, 1066615, 509507, 6961, 4647, 506872, 19314, 19314, 1563658211
584, 1062329, 8094, 504708, 501457, 5652, 21209, 21209, 1151799675
586, 1066868, 7222, 509333, 506002, 4919, 19696, 19696, 318133982
582, 1064367, 506122, 7685, 5244, 502942, 21187, 21187, 1930001584
575, 1064448, 506333, 6707, 4285, 503891, 21616, 21616, 1058137581
581, 1069909, 6175, 511991, 509681, 3880, 19091, 19091, 427420719
588, 1061571, 7352, 505698, 502293, 4948, 20640, 20640, 596972134
583, 1065574, 7861, 507363, 504886, 5402, 20031, 20031, 1059035344
580, 1069095, 508684, 7664, 5314, 506225, 20604, 20604, 321461518
587, 1064085, 6133, 507922, 505305, 3739, 20493, 20493, 1127576066
585, 1063780, 507298, 6567, 4223, 504842, 20425, 20425, 3490096123
589, 1060308, 505937, 6972, 4473, 502818, 20054, 20054, 4227981463
595, 1062695, 7834, 504905, 502082, 5492, 21191, 21191, 3471328451
590, 1066991, 509576, 6877, 4550, 506756, 19616, 19616, 3556708701
592, 1062411, 6881, 505220, 502592, 4422, 21648, 21648, 598525384
593, 1066526, 507362, 7658, 5336, 504546, 20812, 20812, 682572886
597, 1065355, 6192, 508348, 505533, 3866, 20708, 20708, 2295325987
599, 1060976, 6954, 505159, 502062, 4509, 21146, 21146, 3151120203
591, 1064329, 504976, 8816, 6383, 502368, 20893, 20893, 874930094
594, 1063181, 505568, 8401, 5874, 502978, 20180, 20180, 3434940403
602, 1068272, 6847, 509466, 506571, 4434, 20477, 20477, 2540564588
598, 1067357, 6028, 511303, 508842, 3778, 18703, 18703, 996740564
596, 1058789, 7657, 503429, 500859, 5348, 20748, 20748, 3472065829
603, 1063472, 6757, 507102, 504221, 4362, 20515, 20515, 3306002981
600, 1065619, 5760, 509625, 507248, 3508, 19739, 19739, 612913083
604, 1065422, 8950, 506057, 503257, 6532, 20313, 20313, 2551620604
601, 1063827, 7017, 506131, 503593, 4628, 21229, 21229, 1560395637
608, 1067666, 6746, 509662, 506914, 4344, 20000, 20000, 515908997
609, 1068778, 6656, 509633, 506751, 4326, 20706, 20706, 1682961157
607, 1061520, 7122, 505765, 502898, 4641, 20547, 20547, 3575773692
605, 1067536, 510544, 6226, 3883, 508023, 19430, 19430, 1148009086
606, 1064312, 508055, 6406, 4057, 505338, 20228, 20228, 2626465075
611, 1064794, 509199, 6411, 4137, 506157, 19445, 19445, 3585837736
618, 1057789, 7611, 501147, 498091, 5158, 22891, 22891, 3283715265
614, 1065549, 6516, 509298, 506327, 4152, 19628, 19628, 230394973
612, 1064642, 8091, 506520, 504053, 5626, 20176, 20176, 2296769287
610, 1064893, 506864, 7894, 5637, 504548, 19975, 19975, 2873836530
620, 1062678, 6588, 505949, 503319, 4296, 21263, 21263, 154898602
623, 1064999, 7447, 507983, 504847, 5042, 19840, 19840, 4131893838
613, 1060900, 504628, 7104, 4569, 501885, 21357, 21357, 1862346684
616, 1062359, 7880, 502593, 500298, 5490, 23049, 23049, 392884331
617, 1060760, 504456, 7588, 5065, 501649, 21001, 21001, 1056935617
615, 1064837, 509490, 6114, 3753, 506550, 19465, 19465, 1640793146
624, 1065685, 7022, 508286, 505319, 4664, 20197, 20197, 2412401208
619, 1063215, 8146, 505162, 502641, 5716, 20775, 20775, 2013346518
622, 1064829, 7645, 506711, 504171, 5296, 20503, 20503, 4096087682
621, 1062601, 7234, 505786, 503317, 4768, 20748, 20748, 2171901999
625, 1060326, 8072, 503505, 500616, 5663, 21235, 21235, 1085792459
630, 1064587, 5934, 510148, 506354, 3617, 19267, 19267, 2830890092
629, 1065583, 7650, 506549, 503247, 5211, 21463, 21463, 1340624323
626, 1063283, 506679, 6641, 4195, 504022, 20873, 20873, 1728271180
627, 1066798, 507272, 8340, 6003, 504869, 20157, 20157, 1318247686
632, 1062477, 9082, 502758, 499772, 6689, 22088, 22088, 2849483354
628, 1061354, 504413, 6875, 4489, 501913, 21832, 21832, 2585171823
639, 1062927, 6592, 507096, 503966, 4195, 20539, 20539, 1993985092
633, 1063957, 10844, 501301, 498611, 8379, 22411, 22411, 1753663818
631, 1059698, 503757, 8126, 5617, 501222, 20488, 20488, 237073768
636, 1063736, 6634, 507462, 504939, 4323, 20189, 20189, 180008547
641, 1060971, 7155, 505670, 502939, 4677, 20265, 20265, 2704324169
640, 1064141, 509974, 6214, 3927, 506780, 18623, 18623, 2048344619
634, 1065678, 508840, 6735, 4469, 505988, 19823, 19823, 2959136339
642, 1062792, 5850, 507459, 504453, 3576, 20727, 20727, 698522457
635, 1060500, 505040, 7441, 5068, 501687, 20632, 20632, 364859581
638, 1063819, 505393, 7862, 5368, 502722, 21237, 21237, 2875579652
637, 1064596, 506600, 7955, 5488, 503923, 20315, 20315, 196520456
643, 1063880, 506643, 7462, 5027, 503946, 20401, 20401, 851357404
645, 1058753, 504243, 7082, 4651, 500851, 20963, 20963, 594581187
644, 1060080, 7131, 504267, 501641, 4651, 21195, 21195, 1190714637
646, 1063707, 6968, 507441, 504912, 4518, 19934, 19934, 3572660177
648, 1063359, 7470, 505747, 503045, 5139, 20979, 20979, 2593189397
647, 1063258, 506680, 7093, 4720, 503615, 20575, 20575, 1458465419
650, 1063947, 6485, 507044, 504261, 4155, 21001, 21001, 1706998351
651, 1064232, 507018, 7360, 4938, 504228, 20344, 20344, 2160607618
656, 1064330, 6414, 508345, 505377, 3964, 20115, 20115, 3003512467
649, 1059404, 500163, 6462, 3999, 497382, 25699, 25699, 1701179266
660, 1063931, 5887, 509496, 506217, 3571, 19380, 19380, 14583675
654, 1066157, 509336, 6417, 4071, 506243, 20045, 20045, 2683676651
652, 1065726, 508805, 7217, 4821, 506105, 19389, 19389, 3892954302
653, 1065346, 506867, 6827, 4452, 503922, 21639, 21639, 2622602987
655, 1060055, 503189, 8558, 6063, 500185, 21030, 21030, 2931003436
657, 1060075, 504674, 6661, 4309, 502019, 21206, 21206, 949454743
663, 1059064, 7234, 505114, 501865, 4731, 20060, 20060, 1101862611
658, 1063415, 506394, 7060, 4581, 503576, 20902, 20902, 1652723288
665, 1063171, 7100, 506132, 503349, 4628, 20981, 20981, 3950574219
670, 1063921, 6421, 508605, 505002, 4043, 19925, 19925, 2607551871
659, 1063053, 499455, 10887, 8426, 497093, 23596, 23596, 3825430871
661, 1061916, 501457, 9530, 6983, 498696, 22625, 22625, 2418716404
662, 1065179, 9842, 503952, 501301, 7514, 21285, 21285, 2079223704
667, 1064715, 6362, 507486, 504809, 4062, 20998, 20998, 3796530067
668, 1061789, 505557, 7693, 5272, 501885, 20691, 20691, 2564044807
671, 1060152, 6734, 504847, 501854, 4321, 21198, 21198, 2750627411
666, 1060901, 8650, 503258, 500621, 6194, 21089, 21089, 1957012138
664, 1061555, 7479, 504584, 502076, 5000, 21208, 21208, 2891501369
669, 1059285, 502487, 8188, 5797, 499167, 21823, 21823, 2713577089
674, 1065734, 7381, 507985, 505237, 5031, 20050, 20050, 1452670630
673, 1062212, 7967, 505850, 503268, 5569, 19779, 19779, 1819937836
675, 1062160, 508138, 6351, 3910, 504953, 19404, 19404, 2683723849
676, 1063610, 8743, 505298, 502526, 6283, 20380, 20380, 608775450
681, 1061722, 6407, 507493, 504254, 4010, 19779, 19779, 4100752120
677, 1063043, 7080, 507263, 504426, 4604, 19835, 19835, 819659587
679, 1062369, 6450, 506832, 504081, 4106, 20450, 20450, 964128216
672, 1065769, 504170, 10136, 7695, 501666, 21051, 21051, 1324853730
680, 1066366, 509485, 6308, 3958, 506423, 20096, 20096, 3564286088
688, 1064435, 7569, 506128, 502995, 5195, 21274, 21274, 3805986186
682, 1062785, 504893, 7608, 5155, 502213, 21458, 21458, 4053280171
678, 1063888, 507932, 6443, 4090, 505541, 19941, 19941, 705423674
684, 1063002, 505349, 7392, 5082, 502349, 21415, 21415, 2284201211
689, 1057944, 7880, 503311, 500172, 5325, 20628, 20628, 1040381672
685, 1062284, 505997, 7395, 4902, 503200, 20395, 20395, 1034490486
683, 1064943, 508300, 6404, 3975, 505622, 20321, 20321, 3804279063
686, 1064408, 504858, 8926, 6418, 502080, 21063, 21063, 681840295
692, 1062308, 504844, 7133, 4630, 501295, 22203, 22203, 1209930099
687, 1061593, 6776, 505209, 502508, 4322, 21389, 21389, 1208952091
690, 1062407, 505571, 7651, 5048, 502981, 20578, 20578, 1455876230
691, 1065252, 506147, 6927, 4634, 503184, 22180, 22180, 2318750936
695, 1062916, 6995, 506580, 503704, 4509, 20564, 20564, 69102092
694, 1061403, 6212, 506751, 504054, 3776, 20305, 20305, 1829159591
697, 1063698, 6929, 506691, 504000, 4544, 20767, 20767, 3759578954
696, 1061483, 6515, 505642, 502707, 4085, 21267, 21267, 2538332640
700, 1058907, 8096, 503772, 500590, 5659, 20395, 20395, 2717661801
698, 1061376, 7499, 505156, 502207, 5010, 20752, 20752, 1754553473
699, 1061771, 7773, 504326, 501738, 5294, 21320, 21320, 3573019224
693, 1066788, 6796, 509730, 507293, 4479, 19245, 19245, 1004499
702, 1058798, 503454, 8176, 5776, 499942, 20725, 20725, 267252847
705, 1061871, 6624, 506730, 503688, 4253, 20288, 20288, 610749829
704, 1063811, 503513, 10060, 7569, 500259, 21205, 21205, 2898781502
701, 1066347, 505678, 9276, 6854, 502415, 21062, 21062, 2106682221
703, 1066937, 6269, 509424, 507028, 3838, 20189, 20189, 3320141622
713, 1058281, 7667, 503550, 499934, 5110, 21010, 21010, 794535248
710, 1063605, 6799, 508182, 505322, 4362, 19470, 19470, 1281488142
709, 1065184, 5029, 509709, 507102, 2822, 20261, 20261, 2415416188
706, 1059038, 6683, 504623, 502110, 4250, 20686, 20686, 1756168453
715, 1061661, 6959, 505668, 502537, 4519, 20989, 20989, 1596471468
708, 1063671, 505889, 7923, 5370, 503115, 20687, 20687, 411628640
711, 1061838, 506444, 6613, 4206, 502901, 20837, 20837, 3560836029
707, 1061625, 8077, 504195, 501541, 5542, 21135, 21135, 2422396524
718, 1063750, 6761, 507299, 504613, 4219, 20429, 20429, 1444195071
712, 1059901, 505493, 6536, 4030, 502422, 20710, 20710, 3429653404
720, 1059958, 8013, 503279, 500672, 5518, 21238, 21238, 2251111834
723, 1061579, 7389, 504629, 501644, 4965, 21476, 21476, 2369756234
725, 1061197, 6691, 505809, 503030, 4275, 20696, 20696, 2994215450
726, 1066604, 6675, 508215, 505415, 4379, 20960, 20960, 3927484669
721, 1061716, 9455, 502575, 500071, 7099, 21258, 21258, 2596720578
714, 1060067, 504473, 7441, 5008, 501969, 20588, 20588, 2897872333
719, 1061295, 505831, 7054, 4754, 503334, 20161, 20161, 1123574184
724, 1065311, 508094, 7247, 4979, 505147, 19922, 19922, 1542274031
717, 1062767, 506858, 6706, 4176, 504069, 20479, 20479, 645057562
716, 1061489, 503142, 8125, 5564, 500482, 22088, 22088, 4108643877
728, 1063831, 6491, 508040, 504630, 4244, 20213, 20213, 2232956279
729, 1059843, 504607, 7446, 4902, 501974, 20457, 20457, 3143339128
727, 1063426, 6630, 506769, 504375, 4260, 20696, 20696, 2671584909
722, 1064918, 6911, 508073, 505774, 4474, 19843, 19843, 2505088266
732, 1061899, 7415, 506396, 503136, 5046, 19953, 19953, 847041712
735, 1062083, 6429, 507570, 504073, 4103, 19954, 19954, 4125841763
731, 1065897, 506525, 8497, 6044, 503711, 20560, 20560, 919676532
733, 1069086, 5955, 511837, 508944, 3744, 19303, 19303, 2309647185
730, 1060868, 505958, 6568, 4139, 503319, 20442, 20442, 2820766522
738, 1060112, 6385, 505022, 502199, 4030, 21238, 21238, 425909362
737, 1060745, 6890, 505742, 502777, 4386, 20475, 20475, 1651159718
740, 1064602, 6930, 507065, 504482, 4463, 20831, 20831, 2217893257
741, 1060054, 504903, 6445, 4032, 502154, 21260, 21260, 4174444907
739, 1065841, 508441, 6863, 4403, 505316, 20409, 20409, 205156968
734, 1061808, 505687, 7235, 4835, 502471, 20790, 20790, 724513573
736, 1061409, 506418, 6208, 3824, 503877, 20541, 20541, 3670957244
745, 1063391, 7065, 507264, 504551, 4551, 19980, 19980, 3598506244
743, 1063936, 508335, 6193, 3820, 505356, 20116, 20116, 1283528308
749, 1064270, 8188, 505355, 502353, 5740, 21317, 21317, 3537768509
747, 1063700, 6958, 507625, 504808, 4581, 19864, 19864, 1890072313
748, 1061967, 506092, 7264, 4900, 502829, 20441, 20441, 2184813446
751, 1065191, 9075, 506230, 502984, 6606, 20148, 20148, 1218732587
742, 1063151, 503780, 6853, 4395, 501455, 23334, 23334, 14514778
746, 1064789, 8862, 504129, 501711, 6377, 21855, 21855, 3653275941
750, 1060530, 7178, 504620, 502012, 4728, 20996, 20996, 1335899714
754, 1063336, 6365, 507142, 504016, 3997, 20908, 20908, 476247844
756, 1061455, 8086, 504126, 500902, 5597, 21372, 21372, 3579421853
752, 1063285, 9067, 504250, 501756, 6556, 20828, 20828, 671564531
744, 1064262, 7912, 506778, 504362, 5454, 19878, 19878, 3279973175
753, 1064418, 507485, 6627, 4302, 503950, 21027, 21027, 593787098
755, 1062948, 6474, 506962, 504263, 4111, 20569, 20569, 3780118733
761, 1062828, 7515, 505686, 502424, 5241, 20981, 20981, 1315677411
757, 1061483, 6833, 506070, 503123, 4347, 20555, 20555, 2575586547
758, 1062066, 7358, 505655, 503128, 5021, 20452, 20452, 492265198
762, 1060716, 506155, 7618, 5252, 502399, 19646, 19646, 476334754
765, 1066077, 9323, 506032, 503511, 6961, 20125, 20125, 3458480800
764, 1063324, 503705, 8849, 6472, 500580, 21859, 21859, 1092796109
768, 1064994, 7870, 507097, 504084, 5435, 20254, 20254, 2231320939
760, 1061514, 505076, 7403, 4998, 502375, 20831, 20831, 3685103309
759, 1058044, 502484, 7359, 4817, 499858, 21763, 21763, 2614050080
763, 1062602, 506809, 7469, 5124, 504094, 19553, 19553, 2047467364
770, 1061094, 507970, 5670, 3266, 504988, 19600, 19600, 2012466587
769, 1060915, 7460, 505537, 502871, 4919, 20064, 20064, 3450370173
775, 1063345, 6774, 506616, 503589, 4488, 20939, 20939, 3350815051
767, 1059857, 504633, 7160, 4655, 501689, 20860, 20860, 275771076
766, 1063328, 506889, 6772, 4385, 504328, 20477, 20477, 791850306
772, 1060767, 7091, 504785, 502125, 4704, 21031, 21031, 1857709555
773, 1061598, 7148, 505836, 503065, 4655, 20447, 20447, 3963394063
774, 1060126, 504119, 7592, 5065, 501262, 21044, 21044, 531877865
776, 1063427, 507666, 7278, 4964, 503781, 19869, 19869, 1436304906
771, 1056485, 500368, 9102, 6635, 497122, 21629, 21629, 4043998376
778, 1062382, 6988, 506185, 503567, 4602, 20520, 20520, 1442829137
779, 1065779, 509570, 6627, 4334, 506226, 19511, 19511, 3332970977
783, 1065507, 7062, 507104, 504379, 4622, 21170, 21170, 1177391523
787, 1062016, 7465, 506349, 503284, 5020, 19949, 19949, 1300676803
781, 1068748, 509954, 7310, 4974, 506872, 19819, 19819, 2066237390
780, 1063295, 506228, 7262, 4975, 502460, 21185, 21185, 2424018433
777, 1061205, 505774, 6926, 4479, 503108, 20459, 20459, 2006731498
786, 1062066, 506920, 6331, 3841, 503904, 20535, 20535, 4175003408
782, 1063198, 507478, 6560, 4138, 504938, 20042, 20042, 838225777
784, 1062626, 505327, 8110, 5697, 502440, 20526, 20526, 2974365608
789, 1060464, 7992, 503241, 500618, 5593, 21510, 21510, 3392013612
785, 1063958, 504055, 7573, 5208, 501466, 22828, 22828, 36734686
788, 1063905, 7803, 505949, 503384, 5351, 20709, 20709, 793133298
790, 1061843, 504117, 8389, 5937, 501246, 21077, 21077, 4031294422
792, 1065692, 9794, 503788, 500755, 7343, 22006, 22006, 2779679618
793, 1064918, 7295, 505207, 502645, 4827, 22472, 22472, 88006312
798, 1062049, 7423, 505910, 502683, 5025, 20504, 20504, 4210286234
794, 1062993, 7634, 504757, 502197, 5231, 21587, 21587, 2155323911
791, 1065171, 508727, 6711, 4308, 506193, 19616, 19616, 88328483
795, 1068465, 510878, 6509, 4225, 507765, 19544, 19544, 164174779
796, 1062705, 505550, 6824, 4410, 502645, 21638, 21638, 1276888283
797, 1062810, 506046, 6926, 4441, 503433, 20982, 20982, 20760674
804, 1064943, 6338, 508735, 505964, 4062, 19922, 19922, 46907823
799, 1064602, 509325, 5965, 3661, 506567, 19542, 19542, 151545836
800, 1063472, 504667, 8455, 6021, 501825, 21252, 21252, 4117546536
802, 1061467, 506196, 7151, 4740, 503488, 19946, 19946, 1381458725
806, 1062095, 9107, 503269, 500549, 6526, 21322, 21322, 3006607547
801, 1060330, 504664, 7631, 5135, 501978, 20461, 20461, 4176756139
803, 1062777, 507676, 6450, 4087, 504148, 20208, 20208, 1485020963
811, 1061448, 7272, 505491, 502051, 4842, 20896, 20896, 754234953
805, 1065582, 509692, 5714, 3441, 506891, 19922, 19922, 1803779623
810, 1065821, 507093, 6943, 4569, 504222, 21497, 21497, 4125195819
807, 1061108, 505508, 7243, 4847, 502322, 20594, 20594, 3795066347
808, 1062494, 503852, 9100, 6714, 501082, 20873, 20873, 2013313071
812, 1061081, 504714, 7917, 5356, 501508, 20793, 20793, 2125988318
809, 1059949, 500303, 6744, 4316, 497218, 25684, 25684, 995731195
813, 1062228, 7866, 505171, 502455, 5474, 20631, 20631, 527628499
817, 1062618, 7143, 506713, 503685, 4817, 20130, 20130, 581561010
815, 1065495, 6121, 509248, 506743, 3781, 19801, 19801, 722400592
814, 1064440, 507528, 6806, 4530, 504952, 20312, 20312, 322208615
816, 1065281, 506399, 8373, 6003, 503584, 20461, 20461, 2828748925
823, 1064257, 8660, 505338, 502544, 6273, 20721, 20721, 754230776
819, 1065933, 507741, 7456, 5092, 505086, 20279, 20279, 256942851
818, 1062739, 506185, 7868, 5459, 503029, 20099, 20099, 22471720
824, 1064170, 6812, 506563, 502635, 4498, 21831, 21831, 2063574395
820, 1065671, 5620, 510016, 507360, 3321, 19677, 19677, 302552019
822, 1061742, 506192, 7184, 4885, 502575, 20453, 20453, 3590991018
828, 1062808, 6916, 506924, 503390, 4522, 20528, 20528, 3234346248
829, 1064152, 8152, 505590, 502630, 5662, 21059, 21059, 3068323962
821, 1062963, 505540, 7493, 5022, 503030, 20939, 20939, 2274364245
825, 1064538, 7045, 506330, 503754, 4681, 21364, 21364, 938981330
827, 1063022, 8189, 505162, 502291, 5688, 20846, 20846, 3834830980
830, 1062271, 8638, 502832, 500323, 6130, 22174, 22174, 3882230151
831, 1062275, 6851, 505210, 502424, 4392, 21699, 21699, 693216633
832, 1062929, 504771, 8120, 5646, 502142, 21125, 21125, 1164745154
826, 1068480, 509788, 6808, 4570, 507186, 20064, 20064, 2842050238
834, 1064018, 506515, 7907, 5450, 503334, 20406, 20406, 3066839824
835, 1061774, 6393, 506807, 504061, 3921, 20296, 20296, 2753547774
833, 1063800, 7380, 506658, 503969, 4919, 20437, 20437, 4212607781
840, 1063257, 6060, 508285, 505824, 3700, 19694, 19694, 1100630393
837, 1059728, 503119, 7659, 5185, 500321, 21722, 21722, 340448288
841, 1062528, 7558, 505628, 502533, 5193, 20808, 20808, 2222505297
838, 1065220, 7207, 507676, 505207, 4810, 20160, 20160, 1030970632
839, 1063323, 503000, 9285, 6876, 500354, 21904, 21904, 2883508608
836, 1063498, 506153, 7395, 5111, 503577, 20631, 20631, 266074057
844, 1061832, 501463, 10538, 8022, 498381, 21714, 21714, 1196307007
842, 1055394, 9523, 497757, 495026, 7076, 23006, 23006, 475918139
850, 1061906, 6313, 507318, 503709, 4012, 20277, 20277, 2105902442
846, 1067402, 8449, 506687, 503688, 6080, 21249, 21249, 807667937
843, 1064262, 6907, 506407, 503876, 4574, 21249, 21249, 3409239004
852, 1062424, 7587, 505462, 501712, 5129, 21267, 21267, 1657219081
845, 1062602, 504767, 8272, 5868, 501251, 21222, 21222, 1733146223
848, 1061167, 7694, 503744, 500998, 5289, 21721, 21721, 4125550980
849, 1061317, 7181, 505703, 502876, 4805, 20376, 20376, 708334173
855, 1061531, 7964, 505436, 502640, 5429, 20031, 20031, 2794187907
847, 1065381, 13322, 499619, 496976, 10986, 22239, 22239, 1608179971
853, 1064229, 508117, 6204, 3886, 505140, 20441, 20441, 2741552623
857, 1059815, 6840, 505288, 502678, 4339, 20335, 20335, 638416479
851, 1061072, 506070, 7028, 4575, 503133, 20133, 20133, 1761910068
854, 1063946, 508224, 6736, 4298, 505134, 19777, 19777, 1028194237
859, 1064573, 506529, 7809, 5432, 503377, 20713, 20713, 4069690140
861, 1062753, 6501, 508057, 504263, 4084, 19924, 19924, 209212713
858, 1064678, 6522, 508207, 505507, 4182, 20130, 20130, 1652240167
860, 1065767, 6573, 508572, 505937, 4249, 20218, 20218, 260737083
856, 1066171, 508745, 6836, 4534, 506292, 19882, 19882, 1775084819
866, 1063329, 6904, 506499, 504108, 4464, 20677, 20677, 164523509
865, 1064862, 7560, 507112, 504543, 5137, 20255, 20255, 2708541118
869, 1065440, 8403, 505919, 503118, 5880, 21060, 21060, 578424056
862, 1061898, 503722, 7314, 4978, 500976, 22454, 22454, 3614993680
864, 1059582, 6288, 504939, 502302, 3819, 21117, 21117, 1067035761
863, 1061533, 505139, 7962, 5592, 502112, 20364, 20364, 2365033822
875, 1060617, 6275, 506603, 503493, 3792, 20227, 20227, 2654030809
871, 1062613, 506901, 7463, 5040, 503309, 19950, 19950, 525674813
870, 1063035, 506005, 7995, 5566, 503203, 20133, 20133, 2743522773
868, 1063643, 507839, 6956, 4643, 505079, 19563, 19563, 358879170
872, 1064512, 6925, 507081, 504364, 4462, 20840, 20840, 185119276
867, 1063565, 507843, 6113, 3770, 505359, 20240, 20240, 400812756
881, 1067118, 5980, 511888, 508215, 3693, 18671, 18671, 4135868861
879, 1060784, 505407, 6526, 3998, 502883, 20985, 20985, 774913413
877, 1065365, 505942, 8852, 6514, 503259, 20399, 20399, 2655067060
878, 1062665, 8038, 504526, 502120, 5611, 21185, 21185, 733296570
873, 1062889, 506265, 7459, 5092, 503613, 20230, 20230, 3039207234
876, 1061124, 7008, 503959, 501424, 4593, 22070, 22070, 1220384697
874, 1061150, 506595, 6270, 3955, 504036, 20147, 20147, 303927206
885, 1064149, 6253, 507577, 504598, 3945, 20888, 20888, 2320326081
884, 1059464, 7887, 501975, 499181, 5435, 22493, 22493, 1354025152
880, 1063770, 504841, 8796, 6394, 502043, 20848, 20848, 350239320
882, 1060620, 503855, 7478, 5012, 501289, 21493, 21493, 3805312882
886, 1065862, 509905, 6227, 3845, 506925, 19480, 19480, 1862974866
883, 1067891, 509034, 7436, 4980, 506175, 20133, 20133, 1846929168
887, 1061429, 504513, 6802, 4370, 501308, 22218, 22218, 1859554395
890, 1065041, 509283, 6264, 3909, 506033, 19776, 19776, 2990844941
893, 1064851, 8147, 506835, 503729, 5802, 20169, 20169, 1475501313
888, 1063843, 506537, 7496, 5005, 503905, 20450, 20450, 1005950078
889, 1060992, 503252, 7862, 5472, 500310, 22048, 22048, 1928140390
894, 1060668, 5927, 504214, 501419, 3566, 22771, 22771, 3979143471
892, 1064480, 6712, 507927, 505393, 4350, 20049, 20049, 287204694
897, 1064812, 509220, 6612, 4200, 505894, 19443, 19443, 3378433715
898, 1065011, 7140, 507322, 504549, 4730, 20635, 20635, 816415253
896, 1065489, 506490, 7815, 5517, 504143, 20762, 20762, 3620561903
891, 1064081, 507730, 6915, 4632, 505166, 19819, 19819, 3483288227
895, 1061904, 506666, 6490, 4036, 504156, 20278, 20278, 1562921800
900, 1063217, 6970, 506200, 503650, 4555, 20921, 20921, 888834107
903, 1062012, 506359, 7170, 4665, 502846, 20486, 20486, 3119047074
899, 1059622, 501880, 9061, 6607, 499130, 21472, 21472, 4012287528
902, 1064020, 6800, 506753, 504094, 4475, 20949, 20949, 2618940926
901, 1062871, 6423, 507316, 504569, 4099, 20232, 20232, 4075848979
906, 1060281, 504104, 8483, 6047, 500289, 20679, 20679, 1724501659
908, 1065134, 7454, 506245, 503529, 4996, 21455, 21455, 493324105
910, 1060526, 6512, 505407, 502690, 4113, 20902, 20902, 3136709030
905, 1061482, 8078, 504311, 501666, 5543, 20942, 20942, 4218921335
911, 1066029, 10389, 503470, 500354, 8000, 21908, 21908, 2193201848
904, 1061384, 504951, 7018, 4654, 502271, 21245, 21245, 3131796944
916, 1064676, 6763, 508559, 505376, 4360, 19809, 19809, 2207927585
907, 1063802, 506009, 6796, 4406, 503451, 21570, 21570, 3886653730
914, 1068001, 6405, 510351, 507745, 4036, 19732, 19732, 658330447
909, 1062146, 505594, 7338, 4914, 503050, 20625, 20625, 4198421759
915, 1061921, 7779, 505988, 503272, 5200, 19841, 19841, 2593498767
917, 1060709, 9874, 501801, 498968, 7312, 21377, 21377, 1840090546
913, 1064678, 508494, 5885, 3525, 505692, 20541, 20541, 2237345737
912, 1064743, 507704, 6881, 4447, 504993, 20359, 20359, 3448659915
918, 1064462, 506605, 7310, 4943, 504216, 20694, 20694, 3530222723
921, 1062642, 8023, 504234, 501107, 5718, 21780, 21780, 3100848101
925, 1066659, 5777, 510916, 507864, 3496, 19303, 19303, 4206520443
919, 1059506, 502607, 7862, 5388, 499931, 21859, 21859, 1035558626
927, 1065782, 6654, 509219, 506350, 4311, 19624, 19624, 1700844691
929, 1067555, 6938, 509801, 506847, 4557, 19706, 19706, 2783581256
924, 1061036, 506066, 6650, 4266, 503170, 20442, 20442, 450162368
920, 1064627, 7203, 507669, 505452, 4783, 19760, 19760, 234741196
923, 1062854, 506428, 7216, 4831, 503051, 20664, 20664, 1455320048
922, 1063706, 504731, 7800, 5488, 502157, 21765, 21765, 1216725094
928, 1063587, 507821, 6524, 4160, 505188, 19947, 19947, 1807914908
932, 1065743, 6321, 509446, 506237, 3919, 19910, 19910, 2509829821
926, 1065605, 7745, 507276, 504523, 5379, 20341, 20341, 2636244263
931, 1065654, 8942, 505950, 502998, 6556, 20604, 20604, 645928530
930, 1061135, 501278, 9732, 7144, 498775, 22103, 22103, 2461249413
933, 1058478, 8022, 501975, 499333, 5522, 21813, 21813, 3079936952
935, 1063782, 6489, 507437, 504707, 4129, 20510, 20510, 1550791409
934, 1063645, 7500, 505001, 502385, 5159, 21800, 21800, 3590193485
942, 1063191, 7127, 506318, 503207, 4805, 20867, 20867, 1473632843
938, 1061283, 6931, 505160, 502535, 4379, 21139, 21139, 1019158474
941, 1066568, 509837, 5901, 3649, 506675, 20253, 20253, 2104439521
937, 1064217, 507189, 7258, 4865, 504463, 20221, 20221, 816399608
947, 1062083, 6772, 505571, 502401, 4325, 21507, 21507, 2585822664
944, 1066276, 510126, 5763, 3366, 506693, 20164, 20164, 85300469
936, 1065552, 509095, 6497, 4126, 506248, 19793, 19793, 2601629764
948, 1057108, 8030, 502763, 499788, 5569, 20479, 20479, 959095713
943, 1059241, 503418, 8025, 5524, 500820, 20727, 20727, 700998888
945, 1064781, 7187, 506269, 503859, 4780, 21343, 21343, 57457058
946, 1063110, 507229, 7127, 4689, 504403, 19831, 19831, 1549082121
940, 1064222, 505119, 8373, 5957, 502347, 21213, 21213, 3127250262
939, 1063612, 6651, 507628, 505084, 4273, 19988, 19988, 2959425495
951, 1063263, 8569, 505108, 502345, 6215, 20513, 20513, 1640721300
949, 1062778, 7372, 505975, 503465, 4954, 20506, 20506, 260927734
957, 1061272, 7052, 506161, 502885, 4812, 20181, 20181, 3838053933
954, 1063256, 506688, 6882, 4512, 503830, 20672, 20672, 110693731
955, 1063708, 508247, 6323, 3989, 505077, 20036, 20036, 3832314294
950, 1060627, 505823, 6802, 4413, 503105, 20242, 20242, 1332666102
952, 1061507, 504087, 8084, 5614, 501328, 21197, 21197, 2099077009
953, 1063097, 505747, 7373, 4904, 503093, 20990, 20990, 2599892142
956, 1064687, 508295, 6581, 4194, 505775, 19921, 19921, 3013228548
962, 1060812, 7882, 503546, 500565, 5481, 21669, 21669, 3537802094
963, 1067695, 6753, 509348, 506822, 4380, 20196, 20196, 249793376
959, 1064960, 507672, 6593, 4200, 504735, 20880, 20880, 1577822865
958, 1063141, 507024, 6919, 4622, 504142, 20217, 20217, 3424967587
961, 1064682, 507425, 7033, 4593, 504915, 20358, 20358, 332147801
964, 1063785, 507839, 6142, 3755, 504855, 20597, 20597, 1743862686
966, 1066574, 506897, 7253, 4826, 504154, 21722, 21722, 1633291925
960, 1061416, 8074, 503544, 501134, 5658, 21503, 21503, 1039296277
968, 1063597, 509239, 6473, 4231, 505886, 18884, 18884, 1030178806
972, 1065404, 6192, 509761, 506306, 3765, 19690, 19690, 892290746
965, 1061249, 503051, 8319, 5826, 500529, 21762, 21762, 4155439516
967, 1061750, 504353, 8101, 5632, 501496, 21084, 21084, 1325965655
974, 1061079, 9392, 503181, 500105, 6913, 20744, 20744, 3709704161
969, 1062419, 507124, 6297, 3958, 504316, 20362, 20362, 880564033
978, 1062467, 7469, 506160, 502655, 5171, 20506, 20506, 4123204205
970, 1063164, 507070, 6733, 4366, 504543, 20226, 20226, 567361357
975, 1061187, 9095, 503029, 500199, 6620, 21122, 21122, 3259806488
971, 1062630, 7745, 505467, 502989, 5293, 20568, 20568, 1753121559
973, 1063856, 6121, 507519, 505010, 3814, 20696, 20696, 4278947597
977, 1063950, 508273, 6412, 3986, 505441, 19919, 19919, 3633618673
976, 1062421, 503787, 8450, 6001, 501331, 21426, 21426, 467520063
982, 1064529, 6386, 508257, 505470, 4032, 20192, 20192, 1432005174
981, 1062189, 505960, 6859, 4397, 503403, 20785, 20785, 2104494480
983, 1062698, 6515, 507633, 504903, 4109, 19769, 19769, 4185025677
985, 1059079, 7178, 503788, 501005, 4708, 21200, 21200, 1289123466
979, 1064117, 6537, 505902, 503489, 4135, 22027, 22027, 2219751297
980, 1063769, 504960, 7396, 4951, 502380, 22041, 22041, 301038489
984, 1065387, 507453, 6691, 4462, 504715, 21033, 21033, 4071854196
990, 1063080, 507493, 6758, 4276, 504413, 20070, 20070, 3351957990
986, 1065027, 507157, 7281, 4840, 504577, 20586, 20586, 3814363660
992, 1063968, 505991, 8355, 5995, 503233, 20197, 20197, 1004783568
989, 1062398, 505379, 6726, 4354, 502521, 21709, 21709, 2469184008
993, 1063767, 507902, 6406, 4015, 504330, 20557, 20557, 159714703
988, 1062243, 504681, 7515, 4999, 502164, 21442, 21442, 2797097809
991, 1063947, 508405, 6566, 4179, 505315, 19741, 19741, 2475697413
987, 1061790, 507721, 5871, 3479, 505231, 19744, 19744, 3184008855
996, 1062678, 6769, 507214, 504574, 4259, 19931, 19931, 694555691
997, 1064929, 504745, 8621, 6206, 501877, 21740, 21740, 2070941200
994, 1061451, 504787, 7421, 4956, 502247, 21020, 21020, 1375992995
995, 1067125, 510430, 6338, 3897, 507434, 19513, 19513, 1253310919
999, 1062903, 505775, 6907, 4488, 502875, 21429, 21429, 1299677440
998, 1061592, 504570, 7484, 5146, 501720, 21336, 21336, 2260680787
