sample_id, N_LCC, N_A_1_LCC, N_B_1_LCC, N_A_0_LCC, N_B_0_LCC, N_A_*_LCC, N_B_*_LCC, seed
1, 893555, 408, 442748, 442405, 348, 3823, 3823, 1179129116
5, 892515, 388, 442089, 441902, 322, 3907, 3907, 3681795196
3, 892855, 442416, 277, 224, 442280, 3829, 3829, 662307131
4, 893651, 442517, 302, 237, 442233, 4181, 4181, 565347110
9, 893193, 443, 442673, 442489, 376, 3606, 3606, 26984975
2, 892878, 442205, 352, 276, 442021, 4012, 4012, 2595340954
8, 892014, 441412, 749, 679, 441134, 4020, 4020, 363342447
6, 891385, 424, 441208, 441097, 354, 4151, 4151, 2595273593
7, 892189, 455, 441513, 441444, 381, 4198, 4198, 2747570990
11, 892341, 442008, 290, 231, 441832, 3990, 3990, 1916649334
10, 892787, 441855, 407, 339, 441704, 4241, 4241, 2665142582
12, 893378, 366, 442137, 441840, 299, 4368, 4368, 2267892607
0, 892010, 441506, 646, 573, 441415, 3935, 3935, 3030870563
16, 893441, 440, 442735, 442426, 370, 3735, 3735, 1400872264
21, 891923, 385, 442018, 441796, 322, 3701, 3701, 3475194804
20, 892543, 303, 442503, 442272, 243, 3611, 3611, 1921248663
15, 892720, 460, 441684, 441561, 383, 4316, 4316, 3215679977
13, 891898, 441383, 903, 844, 441116, 3826, 3826, 1113495389
18, 893599, 348, 442619, 442448, 294, 3945, 3945, 1029047816
17, 894303, 338, 442974, 442893, 272, 3913, 3913, 815513125
24, 891921, 316, 442042, 441786, 253, 3762, 3762, 428456752
14, 894050, 442914, 383, 314, 442787, 3826, 3826, 3119848783
25, 893060, 273, 442628, 442290, 221, 3824, 3824, 362797330
23, 893770, 442217, 678, 599, 441930, 4173, 4173, 2020274488
19, 892455, 441581, 569, 489, 441478, 4169, 4169, 1163108139
26, 893028, 360, 441837, 441633, 300, 4449, 4449, 3878938125
22, 893757, 441866, 643, 566, 441784, 4449, 4449, 1753513148
29, 893476, 374, 442710, 442467, 317, 3804, 3804, 3166952871
28, 892640, 315, 441781, 441598, 248, 4349, 4349, 1516432441
31, 892198, 394, 441977, 441860, 321, 3823, 3823, 997875409
27, 893074, 442043, 376, 309, 441964, 4191, 4191, 2445241472
32, 890897, 24413, 415983, 415822, 24327, 5176, 5176, 2887403369
37, 894494, 281, 442795, 442610, 220, 4294, 4294, 781449860
33, 894094, 437283, 5300, 5223, 437096, 4596, 4596, 2446337677
35, 893746, 342, 442894, 442809, 287, 3707, 3707, 1275223879
36, 893096, 442444, 324, 269, 442301, 3879, 3879, 3752025015
38, 893239, 495, 442604, 442434, 426, 3640, 3640, 3068926986
30, 892594, 441993, 485, 414, 441864, 3919, 3919, 1439425693
34, 892231, 327, 442206, 442141, 263, 3647, 3647, 3958819370
39, 892256, 442007, 397, 336, 441832, 3842, 3842, 3299351325
40, 891720, 294, 441450, 441364, 232, 4190, 4190, 1737904935
42, 891739, 417, 441518, 441380, 342, 4041, 4041, 2779475930
41, 893149, 274, 442468, 442365, 218, 3912, 3912, 1679296974
48, 893637, 162, 443444, 443138, 119, 3387, 3387, 2378436138
43, 891343, 439, 441769, 441620, 365, 3575, 3575, 1156081667
45, 892812, 473, 441772, 441557, 392, 4309, 4309, 2718781579
46, 893911, 442556, 371, 307, 442451, 4113, 4113, 3640209649
44, 892302, 442061, 372, 300, 441829, 3870, 3870, 2027438378
50, 892436, 629, 441461, 441317, 543, 4243, 4243, 1066160141
47, 892036, 444, 441502, 441360, 374, 4178, 4178, 1103221361
49, 892930, 442109, 522, 445, 441974, 3940, 3940, 141544579
51, 893236, 441948, 637, 563, 441790, 4149, 4149, 4083899883
56, 893439, 442577, 472, 398, 442276, 3858, 3858, 2124224970
57, 891746, 441302, 503, 418, 441175, 4174, 4174, 645469542
54, 892826, 442520, 275, 215, 442280, 3768, 3768, 2690296772
53, 893402, 442577, 370, 304, 442453, 3849, 3849, 1010865882
58, 893758, 442591, 504, 436, 442431, 3898, 3898, 3416034347
55, 893302, 437, 441845, 441705, 363, 4476, 4476, 2015344128
52, 893155, 441905, 783, 694, 441769, 4002, 4002, 3279921243
61, 892898, 284, 442382, 442288, 228, 3858, 3858, 359467782
60, 893928, 345, 442562, 442487, 278, 4128, 4128, 846800604
59, 891405, 441494, 458, 369, 441424, 3830, 3830, 4198050735
62, 891654, 271, 441433, 441310, 220, 4210, 4210, 3608572216
65, 892991, 348, 442350, 442159, 274, 3930, 3930, 755654043
63, 893412, 355, 442728, 442657, 290, 3691, 3691, 1920043489
64, 893176, 442103, 497, 438, 441912, 4113, 4113, 2031952801
71, 891849, 239, 441945, 441580, 179, 3953, 3953, 559008944
70, 893768, 522, 442278, 442119, 451, 4199, 4199, 827763020
67, 894353, 443023, 318, 259, 442847, 3953, 3953, 1874250582
68, 893868, 442606, 460, 397, 442439, 3983, 3983, 4225218459
69, 892861, 294, 442185, 442066, 236, 4040, 4040, 3347131333
66, 892167, 441648, 443, 358, 441534, 4092, 4092, 243835486
72, 891590, 441333, 388, 322, 441193, 4177, 4177, 3112864055
73, 891554, 776, 440948, 440814, 696, 4160, 4160, 2445026074
74, 891842, 9540, 431657, 431570, 9461, 4807, 4807, 1276567744
75, 891715, 441571, 411, 337, 441336, 4030, 4030, 2173596120
79, 893722, 442118, 377, 314, 441997, 4458, 4458, 2313155458
77, 892445, 420, 441821, 441757, 335, 4056, 4056, 4138991894
76, 891212, 439254, 694, 617, 439113, 5767, 5767, 3009183436
78, 892312, 441844, 339, 280, 441645, 4102, 4102, 790131980
80, 893471, 441723, 582, 514, 441604, 4524, 4524, 3473799707
82, 892322, 442026, 472, 406, 441854, 3782, 3782, 1493465186
85, 891747, 802, 440659, 440535, 721, 4515, 4515, 46448474
83, 892954, 442454, 333, 286, 442335, 3773, 3773, 2724907537
86, 892131, 516, 441788, 441523, 448, 3928, 3928, 2771334290
84, 893645, 442283, 563, 496, 442077, 4113, 4113, 2168418144
81, 891744, 360, 528, 453, 289, 445057, 445057, 609132802
90, 892708, 699, 441523, 441273, 637, 4288, 4288, 3853443214
91, 892361, 452, 442052, 441689, 386, 3891, 3891, 3629419122
89, 893168, 534, 442272, 442116, 456, 3895, 3895, 1565943051
88, 893297, 442505, 517, 447, 442268, 3780, 3780, 4291208768
87, 893137, 442628, 359, 293, 442549, 3654, 3654, 713275741
95, 891659, 441862, 249, 196, 441600, 3876, 3876, 3889228941
97, 891969, 441487, 519, 433, 441294, 4118, 4118, 1680632959
98, 892107, 441681, 691, 620, 441535, 3790, 3790, 1020635577
93, 893728, 302, 442600, 442517, 239, 4035, 4035, 1006417724
94, 892585, 442602, 273, 219, 442499, 3496, 3496, 667957547
92, 893481, 441858, 920, 833, 441778, 4046, 4046, 3521836560
96, 892587, 652, 441471, 441388, 562, 4257, 4257, 2360730708
100, 892589, 388, 442190, 442059, 314, 3819, 3819, 1055663010
99, 892944, 441894, 584, 511, 441787, 4084, 4084, 102230004
101, 891803, 608, 441025, 440902, 548, 4360, 4360, 2709199827
102, 892082, 332, 441994, 441884, 272, 3800, 3800, 3355967521
103, 891851, 441720, 353, 285, 441617, 3938, 3938, 2496371179
109, 892392, 392, 441670, 441429, 321, 4290, 4290, 2151524908
104, 893288, 442394, 414, 344, 442196, 3970, 3970, 749012393
111, 891786, 398, 441365, 441130, 329, 4282, 4282, 1862715813
105, 892346, 442048, 395, 327, 441958, 3809, 3809, 1547111303
108, 893387, 303, 442567, 442496, 255, 3883, 3883, 1901808534
107, 892349, 441693, 677, 619, 441604, 3878, 3878, 1871433904
106, 893867, 442841, 370, 300, 442544, 3906, 3906, 1823725126
113, 893105, 344, 442455, 442183, 265, 3929, 3929, 1157958663
110, 892276, 441131, 853, 780, 441028, 4242, 4242, 1320159590
112, 893051, 442542, 500, 431, 442346, 3616, 3616, 593392625
119, 892589, 441738, 1054, 994, 441419, 3692, 3692, 379291110
115, 892568, 814, 441346, 441217, 741, 4225, 4225, 2163906356
117, 892603, 442255, 347, 284, 442047, 3835, 3835, 3961261900
114, 893431, 442873, 294, 234, 442786, 3622, 3622, 546841671
116, 892792, 767, 441726, 441645, 696, 3979, 3979, 2911341665
123, 893677, 441109, 1567, 1504, 440881, 4308, 4308, 2014419472
120, 893055, 442011, 454, 379, 441821, 4195, 4195, 1670850299
121, 892332, 442245, 317, 263, 441951, 3778, 3778, 418845963
118, 892822, 441763, 522, 452, 441569, 4258, 4258, 1362815535
122, 890982, 441269, 417, 345, 441013, 3969, 3969, 2579009407
127, 893474, 353, 442370, 442109, 288, 4177, 4177, 1444659753
125, 893217, 442286, 643, 579, 442127, 3791, 3791, 3887334320
124, 893662, 442682, 358, 290, 442582, 3875, 3875, 439154512
126, 892388, 442255, 435, 362, 442102, 3617, 3617, 1107944386
129, 894057, 442952, 463, 403, 442681, 3779, 3779, 1513167693
131, 895123, 443688, 366, 293, 443428, 3674, 3674, 1843024652
133, 891005, 1009, 439875, 439765, 930, 4713, 4713, 94071241
132, 892171, 421, 441627, 441507, 354, 4131, 4131, 2657080483
130, 891791, 441570, 378, 315, 441354, 4087, 4087, 627571739
128, 890934, 444, 440558, 440438, 368, 4563, 4563, 4052971625
134, 892002, 441715, 376, 303, 441576, 4016, 4016, 404128440
140, 893447, 519, 442299, 442063, 450, 4058, 4058, 2589384497
136, 893311, 452, 442427, 442315, 389, 3864, 3864, 86645958
139, 891700, 441619, 564, 504, 441433, 3790, 3790, 148445116
135, 893802, 360, 441729, 441653, 300, 4880, 4880, 2038930601
146, 893854, 756, 442413, 442194, 695, 3898, 3898, 1633054588
137, 891683, 438676, 2447, 2368, 438486, 4853, 4853, 3184783029
141, 892520, 441062, 758, 682, 440996, 4511, 4511, 1832456988
138, 893604, 442788, 238, 191, 442623, 3882, 3882, 2000710257
142, 892310, 441873, 314, 252, 441781, 4045, 4045, 2467580538
145, 892440, 441880, 393, 322, 441709, 4068, 4068, 2888422328
143, 893719, 442590, 340, 286, 442507, 3998, 3998, 3840113641
147, 890721, 544, 440323, 440201, 463, 4595, 4595, 441054815
148, 894363, 258, 443583, 443355, 207, 3480, 3480, 3283276000
150, 892462, 308, 441770, 441646, 250, 4244, 4244, 2996250102
144, 891041, 441005, 481, 412, 440859, 4142, 4142, 1607991444
154, 894068, 333, 443076, 442903, 268, 3744, 3744, 2594734090
151, 892456, 442093, 393, 331, 441955, 3842, 3842, 1741727329
155, 892293, 342, 441762, 441612, 277, 4150, 4150, 4280675101
149, 891568, 440306, 456, 374, 440190, 5121, 5121, 2852315258
153, 894481, 443606, 270, 219, 443404, 3491, 3491, 3771099971
152, 891533, 440804, 665, 573, 440717, 4387, 4387, 1073983138
158, 893541, 442840, 530, 463, 442680, 3514, 3514, 1145083898
157, 893580, 442606, 485, 416, 442539, 3767, 3767, 3315351026
156, 893880, 442536, 340, 268, 442466, 4135, 4135, 2952912527
159, 891773, 442108, 326, 266, 441861, 3606, 3606, 3186183897
160, 891792, 441086, 645, 580, 440863, 4309, 4309, 2611394892
161, 892688, 441917, 298, 234, 441819, 4210, 4210, 1642202026
162, 893360, 269, 442528, 442435, 218, 3955, 3955, 1446243244
163, 891947, 441274, 397, 314, 441010, 4476, 4476, 1510040516
165, 892197, 441823, 627, 557, 441438, 3876, 3876, 2777111646
164, 894069, 442672, 345, 287, 442469, 4148, 4148, 325322878
166, 890295, 418, 440905, 440797, 351, 3912, 3912, 2494457089
167, 892181, 441576, 484, 412, 441485, 4112, 4112, 2339457319
170, 893792, 338, 442917, 442718, 271, 3774, 3774, 1121137695
171, 892553, 588, 441619, 441465, 525, 4178, 4178, 1335292923
169, 891811, 307, 441796, 441673, 247, 3894, 3894, 892252179
168, 892066, 440455, 897, 818, 440376, 4760, 4760, 1421583943
173, 892171, 333, 442039, 441878, 263, 3829, 3829, 3749345839
175, 894301, 419, 442852, 442628, 360, 4021, 4021, 1886095996
172, 892706, 441884, 344, 270, 441756, 4226, 4226, 2904406314
179, 892575, 351, 442321, 442103, 274, 3763, 3763, 3697335606
174, 893272, 442872, 394, 344, 442734, 3464, 3464, 363792836
176, 893850, 442442, 343, 265, 442092, 4354, 4354, 2018093901
177, 892548, 442017, 607, 523, 441883, 3759, 3759, 92558253
178, 891058, 440951, 290, 234, 440863, 4360, 4360, 1621935866
185, 892407, 254, 442048, 441707, 202, 4098, 4098, 2589290106
182, 893533, 442540, 492, 423, 442378, 3850, 3850, 3091309011
180, 892360, 442100, 214, 164, 441952, 3965, 3965, 1859719010
183, 893061, 572, 441920, 441780, 509, 4140, 4140, 2361266446
184, 891920, 707, 441615, 441358, 642, 3799, 3799, 2148468515
188, 890377, 440912, 323, 265, 440527, 4175, 4175, 2366736150
189, 892655, 606, 441574, 441418, 531, 4263, 4263, 1648962459
186, 892939, 442283, 328, 267, 442177, 3942, 3942, 1507355440
181, 892193, 423986, 17523, 17452, 423886, 4673, 4673, 445360034
196, 894034, 331, 442965, 442769, 265, 3852, 3852, 10439477
190, 891892, 748, 440514, 440400, 660, 4785, 4785, 1912885841
187, 892844, 440950, 466, 415, 440825, 5094, 5094, 306977168
194, 893540, 442315, 375, 318, 442132, 4200, 4200, 2376454036
195, 893082, 442509, 438, 360, 442287, 3744, 3744, 179208040
193, 891275, 440834, 557, 485, 440715, 4342, 4342, 10919852
191, 892745, 400, 441943, 441872, 344, 4093, 4093, 87470531
192, 893022, 440179, 2215, 2150, 440082, 4198, 4198, 1678722423
197, 891166, 441713, 428, 356, 441417, 3626, 3626, 3915045595
198, 892934, 447, 442352, 442252, 387, 3748, 3748, 921317823
203, 891728, 501, 441721, 441580, 436, 3745, 3745, 2568001397
202, 893464, 1045, 441591, 441482, 996, 4175, 4175, 413266203
199, 893274, 754, 442314, 442223, 687, 3648, 3648, 508854515
200, 893424, 335, 442575, 442508, 272, 3867, 3867, 3068347456
205, 892683, 387, 442076, 441821, 325, 4037, 4037, 212740234
204, 890974, 2108, 439136, 438840, 2034, 4428, 4428, 1413753528
201, 895333, 443943, 274, 218, 443854, 3522, 3522, 1022873773
206, 892496, 442168, 342, 272, 441992, 3861, 3861, 994807046
208, 893668, 442489, 393, 325, 442365, 4048, 4048, 500903016
210, 891500, 529, 440983, 440852, 460, 4338, 4338, 3545734436
211, 890334, 354, 440604, 440432, 280, 4332, 4332, 2037959337
209, 892282, 441686, 588, 503, 441535, 3985, 3985, 409955448
213, 892467, 331, 441811, 441694, 265, 4183, 4183, 468181643
217, 891569, 498, 440952, 440763, 420, 4468, 4468, 3501914492
216, 891202, 399, 441741, 441414, 328, 3660, 3660, 45144747
212, 892351, 440872, 1442, 1366, 440787, 3942, 3942, 259599220
207, 891731, 2857, 438703, 438628, 2791, 4376, 4376, 2557259055
219, 892628, 221, 442590, 442260, 163, 3697, 3697, 4043684656
218, 891489, 342, 441390, 441231, 276, 4125, 4125, 1935933130
215, 892933, 442298, 556, 483, 442130, 3733, 3733, 2740670075
214, 891545, 441023, 413, 361, 440818, 4465, 4465, 2820739168
220, 890845, 741, 440490, 440372, 650, 4296, 4296, 4029622048
225, 891368, 507, 441298, 441075, 454, 4017, 4017, 28467797
222, 893099, 360, 442308, 442238, 301, 3946, 3946, 771723837
227, 891183, 377, 440875, 440767, 306, 4429, 4429, 3721751543
223, 893417, 442605, 542, 465, 442253, 3776, 3776, 2362340083
224, 893073, 442432, 396, 336, 442259, 3825, 3825, 4263660070
221, 893268, 570, 442029, 441942, 497, 4115, 4115, 766691549
226, 891967, 441905, 237, 188, 441797, 3920, 3920, 2338891279
228, 892950, 442564, 341, 267, 442388, 3695, 3695, 1157203418
230, 891042, 440956, 515, 440, 440769, 4181, 4181, 3068096897
229, 891482, 440673, 492, 416, 440549, 4676, 4676, 963161796
231, 893349, 442176, 324, 262, 442081, 4253, 4253, 3311871451
232, 892501, 331, 442455, 442374, 273, 3534, 3534, 633503272
235, 891021, 479, 441069, 440900, 403, 4085, 4085, 764519128
237, 892795, 721, 439254, 439047, 657, 6558, 6558, 1106310590
233, 892720, 441492, 609, 537, 441410, 4336, 4336, 586117882
234, 893530, 710, 442046, 441927, 625, 4111, 4111, 2288868715
236, 891968, 441411, 379, 316, 441140, 4361, 4361, 4281877448
240, 894451, 443507, 391, 330, 443301, 3461, 3461, 3794418990
242, 893578, 442648, 225, 179, 442466, 4030, 4030, 284545984
238, 892374, 441714, 283, 220, 441649, 4254, 4254, 955561527
244, 892010, 865, 441259, 441128, 782, 3988, 3988, 3907842381
241, 892249, 442091, 318, 261, 441955, 3812, 3812, 3898769642
239, 891899, 441627, 396, 343, 441437, 4048, 4048, 1252544547
243, 891480, 440939, 329, 266, 440852, 4547, 4547, 2991540321
245, 893395, 442709, 369, 296, 442635, 3693, 3693, 4038536890
248, 893219, 442574, 347, 297, 442373, 3814, 3814, 899989596
246, 892065, 441367, 343, 292, 441275, 4394, 4394, 204449675
247, 891957, 533, 441505, 441422, 453, 4022, 4022, 3002729027
250, 890936, 378, 441210, 441001, 307, 4020, 4020, 716270568
252, 895463, 393, 443506, 443379, 319, 3933, 3933, 4181087322
256, 892450, 359, 442548, 442276, 281, 3493, 3493, 640151803
251, 893840, 443009, 495, 415, 442835, 3543, 3543, 404530417
254, 892375, 441630, 698, 633, 441308, 4053, 4053, 3278257086
257, 892330, 461, 441701, 441497, 397, 4137, 4137, 3361697999
255, 892264, 441810, 390, 327, 441611, 4063, 4063, 3062845010
249, 893085, 442537, 400, 327, 442343, 3739, 3739, 3130422911
253, 892676, 441657, 483, 403, 441511, 4311, 4311, 3180033316
261, 891856, 438, 441590, 441337, 377, 4057, 4057, 804105166
262, 891065, 384, 440856, 440579, 306, 4470, 4470, 553905616
260, 892299, 441856, 434, 359, 441686, 3982, 3982, 1689734432
259, 893018, 710, 441851, 441768, 629, 4030, 4030, 796201866
258, 891132, 495, 440676, 440579, 410, 4486, 4486, 3997132032
263, 894705, 443294, 481, 425, 443061, 3722, 3722, 401447636
266, 892790, 421, 442338, 442261, 378, 3696, 3696, 2850604301
268, 891907, 441499, 382, 323, 441351, 4176, 4176, 1383270761
264, 892388, 441304, 867, 804, 441229, 4092, 4092, 598656569
269, 892027, 440735, 797, 722, 440631, 4571, 4571, 3399257909
270, 892343, 540, 441847, 441767, 465, 3862, 3862, 3031079296
272, 892432, 1100, 441011, 440796, 1025, 4250, 4250, 2663976957
267, 892432, 442044, 461, 394, 441947, 3793, 3793, 1999878877
271, 894650, 289, 443637, 443416, 216, 3546, 3546, 3819955826
274, 892027, 775, 441113, 440877, 702, 4280, 4280, 541402348
273, 893141, 338, 442338, 442197, 272, 3998, 3998, 1541448968
277, 893664, 277, 443043, 442812, 222, 3655, 3655, 2483312868
276, 892713, 662, 442009, 441878, 592, 3786, 3786, 4285155670
265, 893139, 459, 442202, 442135, 391, 3976, 3976, 1434058012
275, 893357, 441362, 485, 412, 441318, 4890, 4890, 2775483975
279, 892990, 330, 441884, 441778, 256, 4371, 4371, 3764668964
283, 893137, 442210, 455, 372, 442040, 4030, 4030, 1280715953
282, 892570, 442483, 299, 244, 442264, 3640, 3640, 976254808
278, 892854, 442423, 320, 256, 442303, 3776, 3776, 1674521638
284, 893672, 442898, 422, 340, 442816, 3598, 3598, 3458108794
281, 892560, 441707, 577, 513, 441645, 4059, 4059, 2977207494
285, 893411, 442631, 426, 357, 442501, 3748, 3748, 4129500386
280, 892077, 441550, 411, 349, 441459, 4154, 4154, 2436385007
287, 891555, 690, 441050, 440886, 619, 4155, 4155, 2141695538
289, 892002, 332, 441842, 441624, 270, 3967, 3967, 4011031735
288, 893790, 442410, 522, 446, 442310, 4051, 4051, 1338565132
292, 893422, 277, 442623, 442521, 213, 3894, 3894, 1111233596
286, 890488, 440120, 634, 569, 439999, 4583, 4583, 2814127712
291, 893227, 442210, 535, 467, 442021, 3997, 3997, 3536620005
295, 893365, 373, 441815, 441576, 297, 4652, 4652, 1153769634
290, 893013, 813, 441697, 441596, 743, 4082, 4082, 3981242223
293, 893095, 442172, 388, 322, 442071, 4071, 4071, 3298428043
296, 894083, 21418, 421122, 420865, 21342, 4668, 4668, 736339517
298, 893096, 376, 442351, 442256, 311, 3901, 3901, 3103503605
300, 891576, 464, 441039, 440831, 382, 4430, 4430, 4018779232
302, 893318, 281, 442706, 442421, 226, 3842, 3842, 3091512391
297, 893881, 448, 442603, 442524, 384, 3961, 3961, 2319971827
299, 893546, 442134, 627, 560, 441969, 4128, 4128, 2309030121
294, 891676, 437078, 309, 251, 436956, 8541, 8541, 1464183239
304, 892059, 421, 441509, 441269, 354, 4253, 4253, 3824882609
303, 891524, 502, 441657, 441517, 436, 3706, 3706, 1652716540
301, 892665, 442030, 253, 189, 441911, 4141, 4141, 1302643996
305, 892920, 370, 442357, 442231, 310, 3826, 3826, 2239699401
306, 892734, 632, 442105, 441960, 555, 3741, 3741, 624183164
309, 892928, 764, 441585, 441435, 688, 4228, 4228, 347696552
311, 893772, 384, 442665, 442513, 312, 3949, 3949, 2687796224
307, 892742, 441945, 360, 304, 441885, 4124, 4124, 3850723588
310, 892642, 453, 442013, 441877, 385, 3957, 3957, 3583468715
308, 893221, 442352, 495, 421, 442171, 3891, 3891, 1481702668
316, 891073, 412, 441396, 440910, 347, 4004, 4004, 3478004212
315, 892537, 442107, 342, 277, 441961, 3925, 3925, 2057559791
312, 892180, 482, 441545, 441463, 400, 4145, 4145, 1440158906
317, 893030, 447, 442043, 441880, 396, 4132, 4132, 1355473026
313, 893433, 442557, 384, 314, 442350, 3914, 3914, 3498613343
314, 893849, 657, 442240, 442134, 582, 4118, 4118, 3777665139
321, 893394, 335, 443162, 442783, 254, 3430, 3430, 3564883523
323, 891505, 397, 441508, 441281, 333, 3993, 3993, 284654984
319, 893299, 442871, 455, 373, 442682, 3459, 3459, 3004745994
322, 892902, 433, 442614, 442484, 345, 3513, 3513, 2739048837
318, 893376, 442714, 288, 231, 442625, 3759, 3759, 687331088
320, 893787, 442438, 927, 866, 442266, 3645, 3645, 502649318
326, 890887, 353, 440965, 440748, 285, 4268, 4268, 732359677
327, 892834, 452, 442383, 442208, 387, 3702, 3702, 910058354
324, 892156, 441764, 769, 693, 441584, 3673, 3673, 1849516706
328, 891890, 543, 441665, 441371, 463, 3924, 3924, 1184079068
330, 893239, 454, 442405, 442205, 389, 3893, 3893, 1797006033
325, 892596, 438, 442079, 441915, 374, 3895, 3895, 3201921260
335, 892705, 378, 442584, 442410, 309, 3512, 3512, 1170133610
329, 892947, 314, 434307, 434212, 254, 11930, 11930, 3412259338
334, 893762, 442750, 385, 310, 442509, 3904, 3904, 560322555
339, 892519, 544, 441741, 441600, 480, 4077, 4077, 3714852675
333, 892270, 442416, 272, 218, 442316, 3524, 3524, 20915030
337, 893064, 430, 442039, 441845, 348, 4201, 4201, 2388407282
340, 893274, 932, 441564, 441378, 872, 4264, 4264, 182286614
331, 892199, 441893, 384, 303, 441767, 3926, 3926, 1381423828
332, 891577, 441373, 429, 365, 441156, 4127, 4127, 1727229004
336, 891505, 441309, 545, 486, 441209, 3978, 3978, 4063159126
341, 894366, 442620, 782, 733, 442457, 3887, 3887, 3207354025
338, 893528, 499, 442184, 442094, 435, 4158, 4158, 3923907458
343, 890540, 1234, 439638, 439433, 1141, 4547, 4547, 675002861
342, 893410, 441875, 1189, 1113, 441601, 3816, 3816, 213676622
346, 891884, 372, 441665, 441447, 296, 4052, 4052, 3839085676
348, 893682, 398, 442984, 442509, 331, 3730, 3730, 1132705186
344, 891153, 441110, 499, 420, 440838, 4143, 4143, 3493522947
347, 892452, 350, 442149, 441964, 285, 3852, 3852, 1596131071
352, 893449, 327, 442878, 442718, 268, 3629, 3629, 779522641
351, 893169, 681, 441810, 441713, 589, 4188, 4188, 3625417303
345, 892008, 441583, 426, 351, 441478, 4085, 4085, 921477582
350, 893124, 441447, 378, 308, 441365, 4813, 4813, 2290542134
349, 893173, 441334, 982, 908, 441201, 4374, 4374, 1128406682
358, 893302, 373, 442740, 442457, 304, 3714, 3714, 3079583085
356, 893218, 372, 441902, 441727, 297, 4460, 4460, 3730610491
357, 892999, 441622, 1018, 958, 441415, 3993, 3993, 3838895066
355, 892478, 441923, 371, 308, 441828, 4024, 4024, 1178977640
353, 892721, 442226, 458, 398, 442131, 3754, 3754, 1949952308
354, 891584, 441471, 419, 355, 441373, 3983, 3983, 1400631964
360, 894787, 301, 443630, 443519, 229, 3554, 3554, 3828204737
365, 893085, 546, 442061, 441876, 466, 4068, 4068, 3022802935
359, 892526, 441008, 1040, 970, 440838, 4335, 4335, 134186360
362, 892230, 441317, 740, 669, 441192, 4156, 4156, 4121989835
366, 891990, 441850, 402, 337, 441713, 3844, 3844, 3810986896
363, 892898, 442361, 604, 525, 442170, 3619, 3619, 2605722188
364, 893018, 423, 442265, 442149, 357, 3912, 3912, 3946297708
368, 892249, 572, 441721, 441551, 495, 3955, 3955, 3533523375
370, 892711, 593, 441857, 441743, 524, 3997, 3997, 3079568231
369, 892270, 441898, 619, 551, 441714, 3744, 3744, 1336732661
361, 893077, 435343, 283, 228, 435101, 11061, 11061, 3500882197
371, 893328, 441744, 391, 326, 441347, 4760, 4760, 3432049195
373, 891959, 543, 441540, 441414, 464, 3999, 3999, 3858821990
372, 893011, 442379, 366, 309, 442237, 3860, 3860, 802925581
376, 891488, 943, 440653, 440479, 875, 4269, 4269, 1942160919
367, 891880, 428790, 12299, 12227, 428640, 4962, 4962, 3002569297
374, 893749, 442454, 370, 304, 442379, 4121, 4121, 3667421018
379, 893910, 442614, 474, 409, 442345, 4034, 4034, 2652780117
378, 894051, 443007, 448, 370, 442794, 3716, 3716, 3650341260
377, 890996, 440522, 485, 424, 440303, 4631, 4631, 1245911989
380, 891538, 441645, 410, 336, 441383, 3882, 3882, 3963132843
375, 891791, 441651, 283, 230, 441561, 4033, 4033, 3875020990
383, 893328, 212, 442961, 442600, 155, 3700, 3700, 3924064476
384, 891821, 357, 441705, 441461, 276, 4011, 4011, 2901356742
382, 891273, 441040, 441, 366, 440788, 4319, 4319, 4118909417
381, 892915, 472, 442079, 442005, 399, 3980, 3980, 704035269
386, 892755, 396, 441808, 441524, 321, 4353, 4353, 3871685150
385, 891221, 512, 440586, 440505, 452, 4583, 4583, 1594627288
387, 893777, 291, 443085, 442873, 228, 3650, 3650, 1842752889
389, 893122, 235, 443057, 442843, 191, 3398, 3398, 3789561923
388, 891840, 441489, 426, 363, 441272, 4145, 4145, 1041991168
390, 893867, 363, 443142, 442951, 301, 3555, 3555, 2449547465
392, 893531, 442244, 430, 370, 442063, 4212, 4212, 1272072323
393, 893244, 442726, 368, 318, 442616, 3608, 3608, 3599410717
391, 893277, 442557, 473, 388, 442453, 3703, 3703, 2426283393
395, 892244, 442000, 274, 225, 441873, 3936, 3936, 2887999528
396, 893879, 442873, 359, 286, 442663, 3849, 3849, 4210771114
394, 893466, 441841, 617, 545, 441761, 4351, 4351, 3943682389
399, 894294, 442994, 432, 372, 442824, 3836, 3836, 1236972393
397, 893190, 331, 442468, 442410, 263, 3859, 3859, 2023806504
398, 891838, 441639, 423, 362, 441378, 4018, 4018, 908315240
402, 893635, 454, 442436, 442248, 375, 4061, 4061, 1554191015
400, 892532, 441811, 509, 437, 441649, 4063, 4063, 3727125284
403, 891532, 441308, 592, 521, 441019, 4046, 4046, 2789062907
401, 894246, 442836, 601, 525, 442766, 3759, 3759, 1418115842
408, 892906, 492, 442212, 441983, 423, 3898, 3898, 102787670
404, 894589, 443332, 426, 357, 443178, 3648, 3648, 1732111995
411, 893445, 373, 442481, 442331, 308, 3976, 3976, 2572452453
407, 892500, 441996, 287, 214, 441881, 4061, 4061, 1252992270
406, 892931, 441950, 361, 301, 441773, 4273, 4273, 2796175140
410, 892892, 442450, 309, 237, 442282, 3807, 3807, 669023257
405, 894369, 443318, 478, 402, 443153, 3509, 3509, 3453676041
412, 893691, 442986, 291, 232, 442900, 3641, 3641, 481938358
413, 893044, 347, 442658, 442574, 291, 3587, 3587, 120199760
409, 892038, 359, 441323, 441223, 289, 4422, 4422, 405486912
415, 893820, 442582, 296, 245, 442497, 4100, 4100, 4069710026
414, 892158, 441511, 289, 228, 441334, 4398, 4398, 2689293319
416, 891830, 432268, 8409, 8340, 432179, 5317, 5317, 594529281
417, 892765, 660, 441946, 441847, 586, 3863, 3863, 2981399966
421, 893726, 275, 442985, 442873, 209, 3692, 3692, 810106064
422, 894152, 297, 443110, 442983, 234, 3764, 3764, 3292627619
418, 892869, 441762, 429, 358, 441648, 4336, 4336, 910653989
426, 892463, 389, 442151, 441877, 324, 3861, 3861, 3881698808
425, 891155, 475, 441233, 441117, 410, 3960, 3960, 3555204546
419, 894209, 443329, 240, 201, 443125, 3657, 3657, 1683940578
424, 893130, 442481, 461, 377, 442291, 3760, 3760, 2239516948
420, 892663, 441168, 888, 814, 441073, 4360, 4360, 2729105203
427, 891870, 341, 441653, 441530, 264, 4041, 4041, 2174702986
423, 892880, 441863, 399, 336, 441724, 4279, 4279, 57048039
428, 893728, 443203, 351, 288, 443074, 3406, 3406, 3655743669
429, 893075, 418, 442262, 442104, 337, 3977, 3977, 2101028101
432, 893727, 400, 442992, 442797, 334, 3602, 3602, 2525515520
431, 892658, 440424, 1993, 1920, 440277, 4022, 4022, 683608259
438, 893140, 374, 442429, 442247, 312, 3889, 3889, 1580205887
434, 893932, 438, 442922, 442769, 355, 3724, 3724, 222559136
435, 891633, 572, 441133, 440965, 505, 4229, 4229, 2955953287
430, 893459, 379, 442883, 442777, 320, 3550, 3550, 578954974
433, 891008, 835, 439467, 439327, 751, 5314, 5314, 3872522161
439, 892567, 312, 441790, 441658, 249, 4279, 4279, 3014901053
436, 891719, 441268, 605, 526, 441118, 4101, 4101, 1373403567
440, 893016, 897, 441899, 441762, 820, 3819, 3819, 1410442198
437, 892235, 441361, 450, 377, 441239, 4404, 4404, 3018735345
449, 891543, 867, 440908, 440676, 768, 4162, 4162, 3238643941
445, 894276, 667, 443018, 442795, 610, 3593, 3593, 969015859
447, 892230, 289, 441746, 441536, 231, 4214, 4214, 2537563995
448, 893227, 361, 442188, 442054, 294, 4165, 4165, 4248693093
446, 894493, 394, 443018, 442879, 326, 3938, 3938, 866320808
442, 892657, 441943, 735, 669, 441718, 3796, 3796, 613421371
441, 893296, 442819, 331, 268, 442574, 3652, 3652, 3885120500
443, 892601, 549, 441655, 441562, 473, 4181, 4181, 3668353572
444, 892609, 441913, 408, 332, 441742, 4107, 4107, 2722081986
450, 892501, 474, 441942, 441770, 397, 3959, 3959, 2594656963
455, 894136, 276, 443367, 443024, 225, 3622, 3622, 4131035540
452, 892730, 442360, 249, 198, 442065, 3929, 3929, 878766291
454, 892482, 442022, 458, 394, 441838, 3885, 3885, 755693218
456, 892526, 465, 441916, 441785, 388, 3986, 3986, 1816504679
462, 892334, 418, 442130, 441720, 352, 3857, 3857, 1095428185
451, 892978, 442467, 417, 351, 442391, 3676, 3676, 3714491487
453, 892218, 441374, 550, 485, 441231, 4289, 4289, 643028408
458, 893986, 442524, 633, 557, 442418, 3927, 3927, 3917805623
457, 891890, 351, 441811, 441696, 288, 3872, 3872, 3487510046
463, 893253, 358, 441963, 441761, 285, 4443, 4443, 3943361673
459, 894058, 443028, 484, 403, 442923, 3610, 3610, 1131480499
460, 892023, 411, 441249, 441174, 345, 4422, 4422, 1774448909
461, 892620, 545, 441468, 441352, 467, 4394, 4394, 4274694381
464, 892376, 441938, 429, 362, 441693, 3977, 3977, 1518112138
466, 892460, 491, 441808, 441618, 415, 4064, 4064, 788387093
468, 891988, 397, 441899, 441738, 332, 3811, 3811, 4167721618
467, 891347, 441616, 245, 189, 441427, 3935, 3935, 2199085888
471, 892078, 462, 441841, 441677, 398, 3850, 3850, 3025512056
465, 893574, 442349, 405, 336, 442186, 4149, 4149, 2705252221
476, 894378, 269, 443287, 442908, 204, 3855, 3855, 73438311
469, 892275, 490, 441355, 441254, 404, 4386, 4386, 4143563905
470, 894461, 443091, 382, 315, 442747, 3963, 3963, 1290736189
474, 891125, 252, 441295, 441186, 194, 4099, 4099, 3931002912
475, 892340, 609, 441417, 441263, 549, 4251, 4251, 328740777
473, 891855, 567, 441036, 440963, 493, 4398, 4398, 2400121270
477, 891782, 13250, 426998, 426876, 13180, 5739, 5739, 2089888004
472, 893709, 442645, 556, 484, 442570, 3727, 3727, 501594005
478, 893322, 369, 442569, 442430, 296, 3829, 3829, 151563277
480, 893630, 407, 442738, 442578, 329, 3789, 3789, 3106051120
479, 893436, 442473, 311, 245, 442213, 4097, 4097, 1106806449
481, 893900, 349, 442896, 442813, 294, 3774, 3774, 3422222283
482, 890761, 440431, 469, 404, 440251, 4603, 4603, 1217710559
486, 892155, 565, 441305, 441224, 503, 4279, 4279, 1211690965
489, 892286, 425, 441793, 441598, 354, 4058, 4058, 3737068798
485, 893945, 442845, 377, 313, 442730, 3840, 3840, 2795782356
490, 893625, 332, 442722, 442559, 274, 3869, 3869, 1220739502
492, 892303, 421, 441014, 440783, 343, 4871, 4871, 2585379238
487, 891951, 441031, 483, 409, 440778, 4625, 4625, 832287300
488, 894135, 442867, 407, 356, 442711, 3897, 3897, 1485824346
491, 893148, 960, 441596, 441516, 878, 4099, 4099, 247795624
484, 892821, 442062, 456, 380, 441911, 4006, 4006, 3396005111
483, 892052, 442020, 374, 305, 441925, 3714, 3714, 1601668901
493, 893098, 442527, 302, 237, 442342, 3845, 3845, 2032015411
495, 893498, 442876, 392, 334, 442478, 3709, 3709, 3667871992
498, 892052, 394, 441894, 441662, 306, 3898, 3898, 489966324
500, 892963, 277, 442452, 442180, 220, 3917, 3917, 2000853895
501, 892871, 396, 442134, 441958, 329, 4027, 4027, 1843745393
494, 893220, 443, 442441, 442340, 368, 3814, 3814, 2666582515
502, 893804, 640, 442449, 442361, 560, 3897, 3897, 3320603276
499, 893509, 442986, 307, 246, 442842, 3564, 3564, 1177681537
496, 891717, 440790, 452, 385, 440704, 4693, 4693, 1732712912
504, 892180, 441689, 336, 288, 441357, 4255, 4255, 3112113221
497, 892715, 533, 441921, 441853, 474, 3967, 3967, 1506930220
503, 894256, 530, 442297, 442197, 464, 4384, 4384, 1345481029
505, 891921, 588, 441104, 441005, 516, 4354, 4354, 2024949426
506, 893098, 441933, 401, 336, 441810, 4309, 4309, 3212626617
507, 894900, 443304, 448, 375, 443063, 3855, 3855, 3928140786
509, 892013, 441202, 399, 336, 440860, 4608, 4608, 3641129613
514, 890853, 557, 440998, 440747, 477, 4037, 4037, 1663228788
510, 893544, 380, 442722, 442612, 328, 3751, 3751, 4279235849
512, 892347, 346, 442069, 441957, 283, 3846, 3846, 2054322510
511, 892358, 441610, 497, 421, 441476, 4177, 4177, 2018407916
508, 893762, 54353, 386332, 386226, 54279, 6286, 6286, 4021123664
516, 892048, 441717, 541, 473, 441443, 3937, 3937, 3330232530
515, 892274, 442198, 316, 258, 442044, 3729, 3729, 1148781279
513, 891807, 440643, 873, 784, 440569, 4469, 4469, 597245148
520, 892237, 490, 442052, 441903, 422, 3685, 3685, 2805894801
517, 893476, 442354, 532, 463, 442245, 3941, 3941, 3538834230
523, 892514, 296, 442066, 441923, 221, 4004, 4004, 2618827877
519, 893144, 391, 442314, 442244, 323, 3936, 3936, 4134527861
521, 894179, 443055, 550, 472, 442904, 3599, 3599, 1684402106
522, 891451, 441137, 430, 360, 440986, 4269, 4269, 3358338384
518, 893382, 442460, 426, 363, 442355, 3889, 3889, 3085113381
526, 891815, 498, 441256, 441127, 414, 4260, 4260, 2818953113
524, 892796, 256, 442533, 442436, 207, 3682, 3682, 4029095665
525, 891997, 429, 441647, 441542, 343, 4018, 4018, 1032669336
528, 894474, 348, 443562, 443340, 284, 3470, 3470, 1005219163
530, 891777, 474, 441618, 441377, 412, 3948, 3948, 3298305599
527, 893782, 383, 442554, 442480, 319, 4023, 4023, 1140995863
529, 892517, 441810, 373, 304, 441704, 4163, 4163, 2068249049
531, 891680, 519, 441011, 440850, 440, 4430, 4430, 2495019153
533, 892811, 618, 441991, 441884, 534, 3892, 3892, 2866818779
532, 892929, 441941, 622, 546, 441794, 4013, 4013, 1317108909
536, 893611, 442957, 278, 223, 442683, 3735, 3735, 3720674079
538, 892542, 384, 442095, 441984, 325, 3877, 3877, 3787079664
534, 892784, 630, 442291, 442223, 564, 3538, 3538, 2881850949
540, 891077, 441447, 485, 416, 441229, 3750, 3750, 2169868790
535, 893047, 442292, 342, 280, 442043, 4045, 4045, 2803509667
539, 893034, 442219, 490, 417, 442146, 3881, 3881, 2632616386
537, 894093, 822, 442307, 442241, 745, 3989, 3989, 1355075273
545, 892240, 547, 441459, 441288, 486, 4230, 4230, 1250298181
541, 892617, 442122, 369, 311, 442031, 3892, 3892, 3173115124
543, 893996, 443069, 510, 451, 442914, 3526, 3526, 1269178287
542, 892711, 441515, 378, 314, 441410, 4547, 4547, 1403403093
544, 891505, 786, 441019, 440875, 713, 4056, 4056, 3651417294
547, 891725, 538, 441464, 441251, 464, 4004, 4004, 1142312778
546, 892561, 393, 441964, 441865, 313, 4013, 4013, 3848992482
549, 892495, 505, 439271, 439129, 438, 6576, 6576, 961958101
553, 892826, 464, 442205, 442006, 401, 3875, 3875, 1172216522
548, 894026, 442776, 412, 349, 442693, 3898, 3898, 34353183
552, 894326, 241, 443277, 443044, 178, 3793, 3793, 291868654
554, 893345, 398, 442318, 442103, 334, 4096, 4096, 3243487781
550, 893556, 455, 442402, 442308, 377, 4007, 4007, 3661032198
551, 894098, 443118, 408, 344, 442904, 3662, 3662, 3784954068
556, 892899, 282, 442799, 442589, 229, 3500, 3500, 2259853384
555, 892354, 441952, 479, 407, 441764, 3876, 3876, 2563873158
557, 893779, 442389, 373, 308, 442281, 4214, 4214, 3837965479
561, 893248, 389, 442766, 442454, 329, 3655, 3655, 3027009779
565, 891813, 461, 441425, 441174, 385, 4184, 4184, 2148978733
560, 892979, 583, 441944, 441762, 514, 4088, 4088, 1298960035
563, 892767, 442423, 377, 307, 442208, 3726, 3726, 451899735
558, 893318, 404, 442288, 442208, 344, 4037, 4037, 2662416677
559, 892578, 441726, 608, 537, 441649, 4029, 4029, 3062664185
566, 893687, 395, 443049, 442958, 333, 3476, 3476, 2118544133
562, 894130, 388, 442921, 442827, 334, 3830, 3830, 1915662096
569, 892979, 378, 442399, 442130, 312, 3880, 3880, 2713255299
567, 893177, 442687, 298, 245, 442561, 3693, 3693, 3485169105
568, 892869, 442674, 340, 274, 442301, 3640, 3640, 1637038164
564, 892200, 441546, 492, 424, 441432, 4153, 4153, 3909436042
576, 894294, 599, 443017, 442673, 531, 3737, 3737, 234576768
572, 891599, 441285, 504, 424, 440964, 4211, 4211, 2082972928
575, 892120, 441595, 369, 297, 441387, 4236, 4236, 2920589326
570, 893240, 366, 442624, 442538, 300, 3706, 3706, 1014143829
571, 892468, 418, 442287, 442153, 352, 3629, 3629, 888016727
577, 891918, 420, 439414, 439300, 352, 6216, 6216, 4100743918
573, 894162, 442764, 358, 296, 442648, 4048, 4048, 3614948033
574, 892652, 439686, 809, 721, 439610, 5913, 5913, 1901220518
580, 893122, 537, 442205, 442046, 468, 3933, 3933, 3704463386
581, 892471, 786, 441234, 441147, 706, 4299, 4299, 867212203
585, 891472, 334, 441363, 441042, 265, 4234, 4234, 2178972056
579, 892195, 441589, 732, 668, 441414, 3896, 3896, 1680684106
583, 892187, 169, 442252, 442147, 125, 3747, 3747, 855335814
584, 892097, 441894, 289, 232, 441670, 4006, 4006, 3621647147
578, 892232, 441408, 778, 699, 441107, 4120, 4120, 2995337863
582, 893429, 442866, 335, 279, 442767, 3591, 3591, 1084015484
586, 892368, 441750, 525, 452, 441473, 4084, 4084, 2015586607
588, 891009, 437, 440620, 440531, 371, 4525, 4525, 1363788928
589, 893622, 442516, 307, 250, 442185, 4182, 4182, 2937914534
587, 893619, 442196, 879, 808, 441922, 3907, 3907, 2786385348
594, 891412, 446, 441292, 441102, 378, 4097, 4097, 1828906709
592, 892125, 634, 441826, 441733, 572, 3680, 3680, 4171955800
596, 893622, 293, 443152, 442971, 230, 3488, 3488, 2981661281
591, 892568, 873, 441715, 441617, 801, 3781, 3781, 3831575231
590, 893369, 442335, 383, 315, 442250, 4043, 4043, 658714461
593, 892082, 441368, 735, 655, 441290, 4017, 4017, 133221269
595, 893308, 442316, 471, 404, 442205, 3956, 3956, 3557370871
597, 892652, 441938, 550, 469, 441829, 3933, 3933, 2869441528
599, 893426, 298, 442063, 441809, 230, 4513, 4513, 3019072206
598, 892118, 442087, 316, 248, 441969, 3749, 3749, 432314031
600, 892496, 519, 441474, 441373, 442, 4344, 4344, 1488227267
603, 891739, 440, 441846, 441618, 357, 3739, 3739, 1294515543
601, 892901, 451, 442171, 442088, 371, 3910, 3910, 2532973890
602, 892047, 441070, 636, 552, 440985, 4402, 4402, 2490947628
605, 893203, 362, 417523, 417328, 306, 28842, 28842, 1099237475
607, 892713, 313, 442182, 442001, 243, 3987, 3987, 3140443380
609, 890817, 380, 440925, 440792, 320, 4200, 4200, 1722858103
608, 894837, 232, 443930, 443846, 177, 3326, 3326, 321681764
610, 892810, 353, 442391, 442273, 287, 3753, 3753, 2884366290
604, 893682, 442775, 258, 202, 442639, 3904, 3904, 2544784829
606, 892121, 441423, 533, 450, 441249, 4233, 4233, 1808986832
612, 892950, 298, 442338, 442182, 234, 3949, 3949, 1789424011
615, 892372, 493, 441594, 441404, 421, 4230, 4230, 1030258447
614, 892832, 673, 442008, 441778, 587, 3893, 3893, 3682921919
611, 892543, 442168, 397, 330, 441970, 3839, 3839, 3128705968
613, 892773, 442396, 601, 516, 442194, 3533, 3533, 3044037964
619, 895272, 337, 443990, 443816, 275, 3427, 3427, 266450466
618, 892214, 700, 441492, 441384, 630, 4004, 4004, 3807583064
616, 892047, 441587, 343, 275, 441392, 4225, 4225, 2239669099
617, 892633, 288, 442452, 442267, 238, 3694, 3694, 1675312691
623, 894048, 443191, 290, 235, 442984, 3674, 3674, 1003854428
622, 894019, 442776, 679, 615, 442629, 3660, 3660, 3276049841
621, 891676, 441555, 550, 483, 441440, 3824, 3824, 3962317766
620, 892885, 441573, 804, 717, 441491, 4150, 4150, 414969313
625, 893367, 442168, 317, 249, 441985, 4324, 4324, 1355914526
626, 892268, 555, 441740, 441618, 471, 3942, 3942, 2916140890
624, 892619, 521, 441837, 441754, 459, 4024, 4024, 1808333563
629, 892091, 399, 441894, 441604, 332, 3931, 3931, 980323247
628, 892051, 441823, 411, 332, 441711, 3887, 3887, 3960121309
632, 891450, 283, 441695, 441362, 228, 3941, 3941, 3435255097
631, 892253, 440219, 353, 294, 440015, 5686, 5686, 1800830636
630, 893464, 442211, 670, 584, 442077, 3961, 3961, 388677814
636, 891409, 452, 441170, 440961, 378, 4224, 4224, 433430681
627, 892897, 441750, 415, 342, 441668, 4361, 4361, 1293606742
633, 892886, 336, 442137, 442056, 279, 4039, 4039, 1558835073
634, 893915, 442703, 654, 594, 442500, 3732, 3732, 3528401796
637, 893078, 442198, 371, 305, 441912, 4146, 4146, 771880453
638, 891955, 441578, 320, 254, 441393, 4205, 4205, 3726295772
643, 892440, 519, 441638, 441500, 437, 4173, 4173, 811497428
644, 891688, 635, 441578, 441266, 585, 3812, 3812, 4241646843
640, 892017, 441913, 404, 341, 441645, 3857, 3857, 16066695
635, 892804, 441507, 332, 261, 441410, 4647, 4647, 2873417903
641, 892327, 485, 441529, 441419, 414, 4240, 4240, 1831954134
642, 893292, 316, 442564, 442479, 263, 3835, 3835, 3106108297
645, 891912, 322, 441552, 441410, 260, 4184, 4184, 350770868
639, 893410, 442713, 392, 340, 442523, 3721, 3721, 738815042
648, 892788, 447, 442184, 442046, 385, 3863, 3863, 2443344346
646, 892852, 322, 442631, 442530, 261, 3554, 3554, 3798478094
650, 891459, 423, 441410, 441164, 346, 4058, 4058, 1892323870
655, 892119, 248, 442265, 441925, 195, 3743, 3743, 1108950480
651, 893618, 442583, 333, 274, 442346, 4041, 4041, 2946222155
647, 893123, 442417, 376, 313, 442335, 3841, 3841, 2350019580
654, 893416, 581, 442219, 442048, 510, 4029, 4029, 638640049
649, 894526, 344, 443312, 443228, 276, 3683, 3683, 2857584566
652, 893683, 442040, 417, 349, 441875, 4501, 4501, 1271005704
658, 893124, 274, 442529, 442343, 230, 3874, 3874, 1987567204
653, 892786, 441946, 791, 726, 441795, 3764, 3764, 2898173177
656, 892453, 441413, 624, 548, 441278, 4295, 4295, 3580394067
657, 892592, 441908, 446, 377, 441763, 4049, 4049, 439927641
659, 891837, 472, 441719, 441443, 407, 3898, 3898, 1356491357
661, 892691, 311, 442588, 442311, 267, 3607, 3607, 2412671582
665, 893430, 325, 442525, 442327, 275, 3989, 3989, 2064667868
660, 893208, 442503, 379, 297, 442275, 3877, 3877, 750377200
667, 892731, 263, 442396, 442157, 201, 3857, 3857, 1469362322
669, 891602, 535, 440718, 440366, 459, 4762, 4762, 4171500794
666, 891639, 367, 441512, 441355, 291, 4057, 4057, 3143342497
670, 891758, 380, 441654, 441394, 322, 4004, 4004, 306143103
663, 892641, 458, 441945, 441789, 381, 4034, 4034, 2800274515
662, 893610, 442303, 414, 356, 442231, 4153, 4153, 852572088
664, 891974, 441896, 394, 337, 441791, 3778, 3778, 3456089095
671, 891972, 442331, 408, 339, 442086, 3404, 3404, 3487301157
672, 892928, 834, 441960, 441815, 755, 3782, 3782, 1901724475
668, 892566, 442053, 359, 291, 441905, 3979, 3979, 848176339
673, 893319, 407, 442412, 442234, 340, 3963, 3963, 4007449504
677, 892241, 441637, 340, 268, 441494, 4251, 4251, 3498214548
674, 893230, 441912, 425, 368, 441791, 4367, 4367, 2552912060
682, 893999, 343, 442668, 442580, 280, 4064, 4064, 4056874868
683, 892001, 327, 441923, 441717, 256, 3889, 3889, 1018428759
678, 891226, 441356, 323, 262, 441179, 4053, 4053, 1397211329
679, 891705, 68162, 355266, 355173, 68092, 22506, 22506, 1328259875
680, 894069, 442151, 711, 639, 441928, 4320, 4320, 2535945689
681, 894990, 443553, 398, 347, 443374, 3659, 3659, 3776378482
684, 891867, 506, 439172, 439039, 448, 6351, 6351, 2246143683
675, 892787, 442485, 416, 332, 442290, 3632, 3632, 2590429803
676, 890730, 524, 439776, 439701, 441, 5144, 5144, 3990217480
685, 893145, 561, 441548, 441471, 493, 4536, 4536, 266671885
687, 892038, 359, 441881, 441690, 292, 3908, 3908, 1103755326
686, 891973, 441054, 564, 500, 440919, 4468, 4468, 2967280477
689, 892456, 351, 442290, 442078, 287, 3725, 3725, 4096017724
691, 893442, 442244, 592, 521, 442047, 4019, 4019, 707910795
688, 892049, 441491, 459, 383, 441314, 4201, 4201, 3391663650
695, 893638, 442456, 691, 606, 442237, 3824, 3824, 1750570870
694, 892656, 441786, 360, 290, 441566, 4327, 4327, 3957971933
690, 893771, 443006, 246, 191, 442884, 3722, 3722, 2540290382
693, 891714, 489, 441326, 441262, 409, 4114, 4114, 3956728526
692, 894033, 443001, 192, 148, 442828, 3932, 3932, 4290572984
696, 891510, 441552, 435, 376, 441357, 3895, 3895, 4240887225
698, 892244, 441677, 970, 889, 441150, 3779, 3779, 3153335828
699, 892427, 263, 442421, 442297, 190, 3628, 3628, 3048884690
700, 894042, 445, 442980, 442823, 382, 3706, 3706, 4177772799
697, 893337, 442824, 277, 218, 442690, 3664, 3664, 1575251298
701, 892991, 307, 442366, 442210, 242, 3933, 3933, 3952863209
704, 893156, 415, 442252, 442054, 357, 4039, 4039, 572717838
703, 894422, 442850, 512, 451, 442709, 3950, 3950, 1325287594
705, 893604, 535, 442008, 441847, 438, 4388, 4388, 912681763
702, 893109, 341, 442267, 442167, 278, 4028, 4028, 606010621
706, 892197, 442122, 245, 177, 441885, 3884, 3884, 3187595650
710, 892906, 377, 442262, 442017, 310, 3970, 3970, 2160201967
709, 892638, 429, 441845, 441714, 366, 4142, 4142, 2032736369
715, 891196, 338, 441748, 441449, 279, 3691, 3691, 496577388
708, 893933, 442254, 441, 387, 442143, 4354, 4354, 515610179
716, 892803, 685, 441744, 441500, 612, 4131, 4131, 4149927340
711, 890920, 440170, 613, 521, 440082, 4767, 4767, 3561001487
713, 893461, 442928, 336, 275, 442860, 3531, 3531, 2121932462
707, 892757, 442460, 372, 302, 442337, 3643, 3643, 601186556
712, 890958, 379, 440908, 440846, 317, 4254, 4254, 1011639348
718, 892506, 442231, 309, 247, 442019, 3850, 3850, 2208023025
714, 891791, 441632, 521, 433, 441525, 3840, 3840, 2493345157
722, 893995, 724, 442978, 442746, 655, 3446, 3446, 321519890
717, 893323, 442408, 441, 364, 442104, 4003, 4003, 1622226222
724, 891784, 487, 441539, 441398, 420, 3970, 3970, 613953241
720, 894228, 265, 443122, 443026, 207, 3804, 3804, 4074198313
721, 893618, 442582, 364, 312, 442468, 3946, 3946, 844463121
719, 894473, 443127, 147, 104, 443041, 4027, 4027, 2033488172
728, 892973, 306, 442582, 442270, 235, 3790, 3790, 3902676358
723, 891057, 441054, 359, 289, 440947, 4204, 4204, 1397328001
726, 892442, 395, 441571, 441440, 328, 4354, 4354, 4242744535
729, 891385, 424, 440844, 440694, 337, 4543, 4543, 1522220467
727, 892995, 416, 442170, 442039, 358, 4006, 4006, 1587621946
730, 892254, 380, 442014, 441863, 321, 3838, 3838, 2983883548
725, 893904, 425, 442819, 442749, 351, 3780, 3780, 3647701239
736, 893498, 412, 442386, 442125, 343, 4116, 4116, 1617713220
738, 893127, 297, 442663, 442412, 237, 3759, 3759, 2662973958
739, 892232, 464, 442012, 441665, 397, 3847, 3847, 527248738
737, 893256, 403, 442210, 441985, 324, 4167, 4167, 3509385372
732, 893820, 520, 442692, 442625, 445, 3769, 3769, 3547963688
741, 894288, 630, 442902, 442557, 535, 3832, 3832, 2591961401
733, 893062, 442088, 384, 316, 441966, 4154, 4154, 588461496
740, 893157, 712, 442122, 441909, 624, 3895, 3895, 673119625
731, 893355, 395, 442479, 442408, 327, 3873, 3873, 2229425831
734, 892914, 441887, 504, 432, 441747, 4172, 4172, 912357401
735, 892693, 441520, 917, 843, 441373, 4020, 4020, 551000235
742, 892655, 442103, 338, 279, 442001, 3967, 3967, 3957194180
747, 891795, 406, 441209, 441088, 332, 4380, 4380, 2133262532
748, 893280, 470, 442394, 442236, 396, 3892, 3892, 1903317337
745, 892538, 440529, 396, 327, 440352, 5467, 5467, 3443793489
744, 892164, 306, 441697, 441609, 244, 4154, 4154, 1776510398
743, 893697, 473, 442728, 442650, 398, 3724, 3724, 3111940890
753, 892046, 851, 440947, 440825, 787, 4318, 4318, 1559732711
749, 892526, 441921, 665, 587, 441647, 3853, 3853, 4243463789
746, 893175, 442342, 484, 405, 442226, 3859, 3859, 253020109
752, 891883, 441640, 339, 274, 441482, 4074, 4074, 691587338
751, 891654, 441725, 444, 374, 441505, 3803, 3803, 2727296097
750, 892860, 442255, 496, 430, 442165, 3757, 3757, 1309228404
755, 892421, 442487, 441, 364, 442137, 3496, 3496, 3710543579
757, 893224, 426, 442578, 442343, 357, 3760, 3760, 449959587
761, 892363, 309, 442058, 441856, 254, 3943, 3943, 2984717766
762, 892720, 507, 442426, 442075, 448, 3632, 3632, 702665629
758, 894761, 290, 443563, 443437, 229, 3621, 3621, 4241777833
754, 892285, 557, 441146, 441067, 483, 4516, 4516, 595110140
760, 894044, 443189, 379, 318, 443004, 3577, 3577, 1738817709
759, 891360, 413, 441312, 441234, 341, 4030, 4030, 2095360523
764, 892393, 358, 438879, 438717, 277, 7081, 7081, 4265215100
765, 892040, 299, 441684, 441581, 232, 4122, 4122, 3944829426
763, 891681, 441324, 278, 212, 441067, 4400, 4400, 1239055812
756, 892616, 522, 442088, 442007, 455, 3772, 3772, 760176395
767, 892277, 441890, 302, 238, 441649, 4099, 4099, 2704283788
771, 892143, 455, 440959, 440803, 384, 4771, 4771, 1163477289
769, 891999, 325, 441743, 441527, 260, 4072, 4072, 3583339607
770, 893408, 507, 442107, 442036, 434, 4162, 4162, 2241111405
773, 891450, 526, 441293, 441176, 457, 3999, 3999, 2266488784
772, 892731, 632, 441195, 441029, 575, 4650, 4650, 3027630558
766, 893725, 368, 442466, 442376, 307, 4104, 4104, 3574982690
768, 893859, 442962, 376, 296, 442855, 3685, 3685, 509299412
774, 892479, 442132, 377, 318, 441928, 3862, 3862, 652374504
776, 895212, 643, 443078, 442867, 582, 4021, 4021, 1659178145
775, 892621, 441671, 352, 287, 441493, 4409, 4409, 688104221
778, 894099, 430, 443077, 442741, 355, 3748, 3748, 3703544775
777, 893647, 442593, 439, 377, 442364, 3937, 3937, 1631425479
783, 892414, 401, 441639, 441495, 337, 4271, 4271, 2491335889
781, 893880, 442790, 398, 321, 442649, 3861, 3861, 373299931
787, 891854, 441540, 324, 261, 441317, 4206, 4206, 2132685696
785, 892313, 525, 441389, 441301, 458, 4320, 4320, 575740558
786, 893646, 449, 442397, 442271, 375, 4077, 4077, 414734841
780, 891348, 441498, 250, 206, 441320, 4037, 4037, 2505047393
779, 891757, 374, 441152, 441054, 317, 4430, 4430, 1420034521
788, 892217, 442106, 392, 338, 441825, 3778, 3778, 3538732940
782, 891468, 409, 441354, 441274, 323, 4054, 4054, 3959521545
790, 892525, 558, 441884, 441710, 489, 3942, 3942, 146065010
789, 892652, 441814, 308, 242, 441722, 4283, 4283, 1759361170
784, 892898, 441960, 313, 252, 441885, 4244, 4244, 1941259608
791, 893736, 169, 443253, 443044, 118, 3576, 3576, 1208833656
797, 891177, 323, 440635, 440428, 255, 4768, 4768, 3494767897
795, 892263, 441880, 397, 343, 441661, 3991, 3991, 4203578872
794, 892175, 442294, 409, 343, 441995, 3567, 3567, 1418954528
792, 894187, 443220, 171, 125, 443003, 3834, 3834, 2695104569
801, 891806, 341, 441412, 441222, 279, 4276, 4276, 4129542295
796, 893774, 442627, 430, 351, 442388, 3989, 3989, 4246868637
800, 892267, 539, 441376, 441215, 467, 4335, 4335, 2794683428
798, 893294, 375, 442736, 442657, 318, 3604, 3604, 1551746583
799, 893233, 441881, 826, 761, 441747, 4009, 4009, 3550321764
793, 892307, 441943, 403, 335, 441734, 3946, 3946, 598740469
803, 893458, 368, 442440, 442314, 302, 4017, 4017, 861928707
808, 893402, 287, 442717, 442435, 233, 3865, 3865, 3105792273
804, 892685, 259, 442122, 442050, 208, 4023, 4023, 746180232
805, 892217, 441603, 525, 456, 441491, 4071, 4071, 1588900143
806, 893526, 442117, 414, 347, 441904, 4372, 4372, 1444394336
810, 893188, 515, 441884, 441788, 449, 4276, 4276, 4127049240
812, 893019, 374, 441929, 441760, 300, 4328, 4328, 4136290530
802, 893645, 442195, 625, 576, 442111, 4069, 4069, 3219949990
807, 892959, 441645, 547, 469, 441494, 4402, 4402, 3796791434
814, 892641, 575, 441739, 441568, 499, 4130, 4130, 1972466067
809, 891078, 441149, 274, 212, 441075, 4184, 4184, 3471917205
815, 893026, 410, 442153, 442034, 335, 4047, 4047, 3443186122
811, 892340, 356, 437838, 437764, 300, 8041, 8041, 1599634344
813, 891230, 440586, 757, 685, 440464, 4369, 4369, 452905951
816, 894493, 442923, 410, 346, 442850, 3982, 3982, 2518808402
820, 893161, 409, 430162, 429982, 336, 16136, 16136, 1261993876
818, 892503, 442013, 560, 497, 441665, 3884, 3884, 3406774729
821, 893453, 442916, 425, 344, 442706, 3531, 3531, 3571664007
822, 891880, 460, 441273, 440992, 393, 4381, 4381, 2475988336
817, 893703, 442605, 293, 232, 442513, 4030, 4030, 2772080020
823, 892557, 441898, 376, 306, 441787, 4095, 4095, 3855856697
827, 890600, 464, 441306, 440930, 398, 3751, 3751, 996897998
819, 893680, 442406, 522, 458, 442268, 4013, 4013, 3130892537
825, 893065, 442036, 511, 423, 441903, 4096, 4096, 3892080096
824, 893067, 531, 442221, 442134, 473, 3854, 3854, 1624907124
831, 893876, 1057, 441894, 441688, 981, 4128, 4128, 716405644
826, 891908, 441866, 532, 456, 441732, 3661, 3661, 2106889498
830, 892803, 464, 441473, 441289, 375, 4601, 4601, 2646284234
828, 895495, 387, 443641, 443574, 315, 3789, 3789, 2890659498
833, 892838, 442097, 432, 354, 442001, 3977, 3977, 1870243578
829, 891263, 441099, 542, 470, 440984, 4084, 4084, 3571680380
834, 892661, 441948, 364, 296, 441791, 4131, 4131, 3261373078
836, 890397, 544, 440745, 440624, 474, 4005, 4005, 71753308
832, 890853, 440178, 545, 462, 440046, 4811, 4811, 550247476
839, 891909, 528, 441741, 441457, 443, 3870, 3870, 4288452760
837, 892731, 441711, 498, 423, 441573, 4263, 4263, 881841407
835, 892010, 441524, 555, 471, 441420, 4020, 4020, 111395037
841, 891693, 395, 441634, 441485, 345, 3917, 3917, 447298084
838, 891335, 441048, 373, 307, 440929, 4339, 4339, 594137532
844, 893581, 336, 442928, 442659, 274, 3692, 3692, 2143057591
843, 891427, 425, 441387, 441233, 354, 4014, 4014, 3556654091
840, 893799, 442671, 605, 538, 442541, 3722, 3722, 4278645028
845, 893236, 441768, 547, 475, 441638, 4404, 4404, 505905038
846, 892191, 442140, 314, 249, 442028, 3730, 3730, 2093757731
842, 893194, 442400, 375, 309, 442296, 3907, 3907, 3991915688
851, 893427, 442151, 782, 700, 441808, 3993, 3993, 2957395614
852, 894245, 259, 443198, 443028, 196, 3782, 3782, 3669126413
854, 892325, 350, 442291, 442153, 287, 3622, 3622, 3623422110
850, 892205, 309, 442125, 442019, 252, 3750, 3750, 1521884004
849, 892940, 441809, 1050, 984, 441423, 3837, 3837, 292840416
848, 891142, 441378, 402, 333, 441149, 3940, 3940, 1561977910
855, 892013, 441293, 499, 415, 441158, 4324, 4324, 3454607059
847, 892897, 423, 441941, 441877, 346, 4155, 4155, 2829167831
853, 891709, 442087, 257, 209, 441924, 3616, 3616, 777667166
857, 892988, 425, 442201, 441807, 365, 4095, 4095, 907384705
859, 893720, 325, 442567, 442410, 272, 4073, 4073, 4166470886
856, 891825, 441649, 476, 416, 441370, 3957, 3957, 1874648399
858, 893422, 406, 442258, 442114, 330, 4157, 4157, 1349774070
860, 892960, 441797, 889, 819, 441627, 3914, 3914, 1865736111
863, 893263, 425, 442354, 442268, 354, 3931, 3931, 3300616320
868, 892441, 588, 441636, 441396, 517, 4152, 4152, 4065091994
861, 891709, 441690, 474, 399, 441574, 3786, 3786, 1274034417
867, 892103, 453, 441477, 441244, 373, 4278, 4278, 2193728843
865, 891771, 441775, 316, 263, 441449, 3984, 3984, 2740052786
862, 891911, 454, 441227, 441086, 394, 4375, 4375, 1127622169
864, 892789, 343, 442313, 442215, 288, 3815, 3815, 4059375885
866, 893653, 442613, 484, 402, 442400, 3877, 3877, 3425268287
870, 892327, 446, 441579, 441365, 369, 4284, 4284, 1869281332
869, 893522, 442559, 281, 227, 442339, 4058, 4058, 2220679528
871, 893646, 467, 442643, 442482, 386, 3834, 3834, 1216277884
873, 893050, 325, 442413, 442320, 252, 3870, 3870, 1699521673
878, 894104, 317, 443487, 443315, 255, 3365, 3365, 3021819484
876, 893623, 442940, 296, 235, 442710, 3721, 3721, 3422280800
874, 892539, 441867, 319, 261, 441698, 4197, 4197, 4151510964
872, 893264, 564, 493, 407, 480, 445660, 445660, 3361592340
882, 892705, 356, 442371, 442061, 297, 3810, 3810, 1217369269
881, 890797, 601, 440568, 440380, 554, 4347, 4347, 1274439651
875, 893335, 442274, 392, 323, 442160, 4093, 4093, 1556943276
879, 893299, 200, 442856, 442723, 158, 3681, 3681, 2084053740
880, 891916, 442003, 209, 170, 441824, 3855, 3855, 522330343
877, 892229, 441741, 316, 265, 441631, 4138, 4138, 1067976015
886, 892707, 669, 441852, 441594, 604, 3994, 3994, 2763868891
883, 893442, 442418, 491, 434, 442171, 3964, 3964, 2780769926
888, 894022, 483, 443173, 442948, 410, 3504, 3504, 4056313414
889, 892766, 303, 442069, 441781, 241, 4186, 4186, 1230801024
887, 892345, 441988, 329, 257, 441771, 4000, 4000, 1441049095
885, 893423, 531, 442251, 442175, 454, 4006, 4006, 2474554621
890, 892835, 349, 442011, 441879, 284, 4156, 4156, 527021994
894, 892679, 357, 441774, 441641, 293, 4307, 4307, 3349607620
884, 892399, 425024, 685, 612, 424894, 20592, 20592, 3627786634
892, 892572, 442401, 259, 211, 442157, 3772, 3772, 2657427428
896, 893160, 422, 442469, 442311, 356, 3801, 3801, 4054428583
893, 892906, 441781, 328, 258, 441723, 4408, 4408, 2126391579
898, 892715, 514, 441745, 441624, 436, 4198, 4198, 25348656
899, 892306, 389, 442144, 441974, 319, 3740, 3740, 3602519954
891, 893021, 442172, 415, 349, 442097, 3994, 3994, 2411127385
895, 893328, 442253, 586, 522, 442167, 3900, 3900, 1996541779
901, 892756, 330, 441981, 441717, 268, 4230, 4230, 1393298030
904, 895121, 347, 443587, 443292, 277, 3809, 3809, 905345287
897, 892455, 441921, 411, 360, 441795, 3984, 3984, 2047269084
903, 892841, 441746, 395, 337, 441525, 4419, 4419, 1918053657
906, 892369, 327, 441785, 441675, 266, 4158, 4158, 1946346425
908, 894370, 351, 443205, 442933, 289, 3796, 3796, 1992508054
902, 893025, 30201, 410455, 410326, 30101, 5971, 5971, 1345685636
900, 892217, 441586, 333, 280, 441458, 4280, 4280, 1275460281
905, 892543, 441012, 987, 908, 440820, 4408, 4408, 1569885833
907, 893182, 359, 442462, 442340, 287, 3867, 3867, 862847817
910, 891977, 441664, 527, 453, 441523, 3905, 3905, 2217170217
911, 894946, 443695, 363, 294, 443442, 3576, 3576, 2191876482
913, 893169, 442615, 403, 344, 442479, 3664, 3664, 1409281953
916, 893313, 524, 442597, 442266, 440, 3743, 3743, 3013029009
909, 891407, 440522, 767, 692, 440430, 4498, 4498, 3771476210
914, 893262, 442783, 281, 223, 442635, 3670, 3670, 164731802
917, 892676, 344, 442100, 442009, 273, 3975, 3975, 806080406
912, 894050, 442531, 357, 295, 442407, 4230, 4230, 1973068850
915, 893846, 457, 442720, 442601, 378, 3845, 3845, 3428885884
918, 892889, 310, 442462, 442356, 255, 3753, 3753, 4029994803
921, 892328, 392, 441907, 441761, 328, 3970, 3970, 606504316
924, 893385, 400, 442192, 442000, 345, 4224, 4224, 346642927
919, 893551, 442989, 365, 319, 442680, 3599, 3599, 628487807
923, 891990, 441349, 714, 645, 441200, 4041, 4041, 2702232235
920, 892708, 442716, 330, 266, 442576, 3410, 3410, 4022938550
927, 893072, 357, 441431, 441211, 293, 4890, 4890, 2425108916
922, 892653, 441509, 601, 541, 441216, 4393, 4393, 2354952641
930, 893178, 389, 442501, 442268, 320, 3850, 3850, 992210382
931, 893964, 395, 442822, 442625, 328, 3897, 3897, 3652870037
929, 892493, 385, 441931, 441818, 315, 4022, 4022, 2644420575
925, 892781, 416840, 384, 322, 416625, 29305, 29305, 3490286466
933, 893080, 338, 442387, 442267, 282, 3903, 3903, 1548734488
934, 893845, 407, 442565, 442270, 347, 4128, 4128, 2708263144
926, 892508, 508, 441590, 441469, 453, 4244, 4244, 1803893215
932, 892009, 441532, 299, 238, 441454, 4243, 4243, 3669651386
928, 892948, 442010, 401, 324, 441857, 4178, 4178, 1679026081
935, 893193, 820, 442075, 441935, 749, 3807, 3807, 319770521
939, 891401, 423, 440797, 440639, 342, 4600, 4600, 17205724
937, 893192, 442667, 263, 208, 442574, 3740, 3740, 96070127
936, 893346, 442700, 388, 324, 442624, 3655, 3655, 4210440466
938, 892535, 441895, 519, 455, 441720, 3973, 3973, 1536405781
942, 890807, 440812, 468, 401, 440572, 4277, 4277, 1107372592
944, 891529, 506, 441166, 440982, 443, 4216, 4216, 3596042508
941, 892863, 442463, 226, 170, 442368, 3818, 3818, 284284055
940, 893209, 442402, 285, 218, 442338, 3983, 3983, 3752852736
947, 892520, 328, 442009, 441766, 273, 4072, 4072, 4012324786
943, 892425, 441633, 403, 347, 441490, 4276, 4276, 1987158372
945, 892605, 441856, 497, 428, 441552, 4136, 4136, 3006493259
946, 892270, 441769, 614, 519, 441564, 3902, 3902, 1526961254
952, 893106, 327, 442295, 442057, 265, 4081, 4081, 1844949625
950, 893755, 521, 442762, 442654, 448, 3685, 3685, 338711934
957, 893740, 599, 442548, 442250, 539, 3902, 3902, 2709764908
951, 892261, 441347, 249, 197, 441206, 4631, 4631, 531173146
953, 892088, 612, 441742, 441560, 536, 3819, 3819, 846335963
955, 893329, 250, 442876, 442709, 194, 3650, 3650, 1083084171
948, 891503, 441244, 298, 238, 441147, 4288, 4288, 1816434270
949, 892873, 441914, 576, 493, 441772, 4059, 4059, 666475447
954, 893200, 442923, 380, 306, 442761, 3415, 3415, 2126503188
961, 891661, 364, 441650, 441364, 293, 3995, 3995, 1914390088
958, 892472, 528, 441605, 441507, 448, 4192, 4192, 2148872478
959, 891863, 483, 441528, 441385, 417, 4025, 4025, 4145061046
962, 893308, 373, 442827, 442630, 312, 3583, 3583, 3953961134
956, 892760, 441796, 358, 294, 441690, 4311, 4311, 151702492
960, 892222, 441774, 384, 310, 441608, 4073, 4073, 3528906617
964, 892460, 441962, 446, 377, 441753, 3961, 3961, 2915958833
971, 893565, 391, 442776, 442540, 338, 3760, 3760, 1748898973
966, 892953, 358, 441909, 441753, 315, 4309, 4309, 1580908831
963, 892153, 440790, 1081, 994, 440606, 4341, 4341, 606333905
965, 892210, 440860, 983, 902, 440793, 4336, 4336, 1910104879
972, 892530, 218, 441334, 441210, 170, 4799, 4799, 3465967624
970, 894470, 442606, 596, 531, 442433, 4152, 4152, 3622745394
968, 893170, 442210, 479, 396, 442073, 4006, 4006, 3738992281
969, 892735, 441826, 482, 411, 441736, 4140, 4140, 1824552817
974, 893397, 442447, 396, 330, 442152, 4036, 4036, 159662805
967, 894039, 442346, 310, 250, 442167, 4483, 4483, 884476598
978, 892076, 369, 441883, 441628, 308, 3944, 3944, 847784748
975, 890974, 440773, 745, 646, 440610, 4100, 4100, 3296284486
979, 892391, 332, 442331, 442134, 262, 3666, 3666, 2977681233
973, 893454, 506, 442261, 442183, 450, 4027, 4027, 3436613576
977, 891350, 503, 441423, 441287, 429, 3854, 3854, 2022480058
976, 891243, 441123, 550, 483, 441059, 4014, 4014, 1834168538
980, 892753, 442052, 326, 270, 441741, 4182, 4182, 3050438530
983, 891427, 441047, 560, 500, 440970, 4175, 4175, 3751816632
981, 891286, 441006, 295, 232, 440927, 4413, 4413, 2646149822
984, 892884, 513, 442268, 442170, 439, 3747, 3747, 160876050
982, 894492, 442724, 592, 532, 442646, 3999, 3999, 3579785872
985, 893372, 442203, 463, 392, 442024, 4145, 4145, 3279487935
989, 894616, 443150, 361, 307, 442998, 3900, 3900, 4029465355
990, 893698, 562, 442227, 442070, 501, 4169, 4169, 2147496715
986, 893382, 442345, 325, 267, 442243, 4101, 4101, 3139220381
987, 892484, 608, 441788, 441689, 523, 3938, 3938, 1728998382
993, 891533, 409, 441332, 441186, 330, 4138, 4138, 2491014195
991, 892400, 736, 441326, 441162, 652, 4262, 4262, 310877735
988, 892033, 441652, 316, 245, 441550, 4135, 4135, 2790415525
992, 891891, 441517, 347, 279, 441336, 4206, 4206, 925865401
995, 892615, 382, 441980, 441814, 307, 4066, 4066, 3713424307
996, 893149, 539, 442186, 441973, 481, 3985, 3985, 2344678627
994, 894400, 443024, 751, 691, 442850, 3542, 3542, 2492207555
997, 892540, 441230, 1088, 1024, 440972, 4113, 4113, 4281693289
999, 893412, 442691, 263, 212, 442460, 3893, 3893, 2097149740
998, 891771, 441825, 383, 321, 441682, 3780, 3780, 2328414116
