sample_id, N_LCC, N_A_1_LCC, N_B_1_LCC, N_A_0_LCC, N_B_0_LCC, N_A_*_LCC, N_B_*_LCC, seed
11, 778795, 171999, 155232, 145349, 161981, 72117, 72117, 715762147
9, 783330, 173939, 156838, 147298, 164021, 70617, 70617, 2752326668
8, 777330, 162240, 164766, 154740, 152084, 71750, 71750, 4157645366
4, 776817, 160482, 166603, 156237, 150493, 71501, 71501, 504044893
10, 779716, 155560, 170325, 160024, 145953, 73927, 73927, 3748399645
12, 782772, 158674, 168441, 157974, 148771, 74456, 74456, 212387049
14, 779549, 162371, 163103, 153363, 152074, 74319, 74319, 1267609953
15, 781850, 170220, 157352, 147150, 159768, 73680, 73680, 3950287638
3, 777273, 163174, 165062, 154706, 152929, 70701, 70701, 2483995683
0, 780617, 163324, 166251, 156262, 153606, 70587, 70587, 1870237510
5, 782524, 168140, 161769, 151739, 158288, 71294, 71294, 1335345566
13, 777760, 165310, 160306, 150148, 155028, 73484, 73484, 1601528680
7, 780331, 164066, 165413, 155640, 153756, 70728, 70728, 3271875361
1, 780250, 172059, 155377, 145631, 161765, 72709, 72709, 74094241
6, 782648, 162373, 168702, 158210, 152427, 70468, 70468, 3926113017
2, 779701, 166575, 162231, 152039, 156244, 71306, 71306, 2195590548
16, 779963, 158542, 166203, 156492, 148154, 75286, 75286, 3891071869
17, 783469, 151099, 179202, 169213, 141515, 71220, 71220, 2746471361
20, 780205, 169975, 157775, 148308, 159863, 72142, 72142, 1639488960
18, 782584, 171951, 158677, 149281, 161837, 70419, 70419, 3076679281
21, 780146, 176922, 150390, 140982, 166464, 72694, 72694, 1205957239
19, 780744, 161489, 164241, 154385, 151617, 74506, 74506, 3809939343
23, 781093, 168689, 161850, 152105, 158675, 69887, 69887, 2234750936
22, 782465, 161192, 166862, 157031, 151406, 72987, 72987, 3975651690
26, 778342, 172290, 154329, 144728, 161901, 72547, 72547, 133088896
25, 780972, 167421, 162256, 152193, 157394, 70854, 70854, 361427201
31, 783675, 162963, 166766, 157194, 152820, 71966, 71966, 3144698931
24, 780659, 165050, 163198, 153220, 154959, 72116, 72116, 762326590
30, 783053, 157471, 166620, 156536, 147720, 77353, 77353, 2594630650
29, 780107, 167627, 161073, 151222, 157771, 71207, 71207, 4264176121
27, 781539, 162308, 166607, 156776, 152656, 71596, 71596, 80066814
28, 785269, 167712, 163140, 153554, 157999, 71432, 71432, 3785700412
32, 782265, 161555, 165781, 155746, 151593, 73795, 73795, 808321111
34, 781452, 144009, 184809, 174464, 134442, 71864, 71864, 1865336791
33, 784205, 171213, 158245, 148429, 161490, 72414, 72414, 3599182890
35, 782007, 156901, 172004, 161987, 147213, 71951, 71951, 1457636187
36, 784200, 175038, 152587, 143114, 164815, 74323, 74323, 2917842144
38, 780577, 167171, 163088, 152792, 156814, 70356, 70356, 775543168
37, 780223, 170988, 156028, 146532, 160723, 72976, 72976, 3104177848
47, 779795, 161840, 164919, 154919, 151699, 73209, 73209, 2346286139
45, 780031, 157884, 171498, 161253, 148180, 70608, 70608, 2803054403
41, 778984, 167350, 156691, 147063, 156770, 75555, 75555, 1434878511
43, 781499, 165693, 162341, 152020, 155963, 72741, 72741, 1138450228
39, 780439, 155290, 174481, 164409, 145893, 70183, 70183, 79418169
40, 782579, 155112, 174943, 164922, 145410, 71096, 71096, 2660898944
42, 783103, 165144, 164167, 154068, 155018, 72353, 72353, 2590267643
44, 777890, 180958, 145837, 136371, 170122, 72301, 72301, 3568309714
46, 784619, 168168, 165326, 155485, 158572, 68534, 68534, 3016223595
48, 775599, 160573, 162289, 152055, 150122, 75280, 75280, 2374907792
49, 782615, 172841, 158056, 148660, 162418, 70320, 70320, 3707601149
50, 779748, 145185, 184087, 173640, 135648, 70594, 70594, 2670454906
51, 780091, 170579, 156724, 146922, 160234, 72816, 72816, 321770049
52, 780904, 159885, 168961, 158956, 150082, 71510, 71510, 4218370125
53, 783429, 162356, 166926, 157142, 152337, 72334, 72334, 1016876844
56, 782504, 165146, 162183, 152290, 155851, 73517, 73517, 1486658216
57, 782255, 172904, 154803, 144844, 162790, 73457, 73457, 1701676101
59, 782188, 174238, 155207, 145247, 163938, 71779, 71779, 1929022681
54, 781942, 167066, 160559, 151055, 157138, 73062, 73062, 511743175
58, 780769, 165711, 162658, 153045, 155391, 71982, 71982, 4082220470
62, 780904, 165157, 161674, 151896, 155075, 73551, 73551, 3738814953
61, 776425, 159377, 166603, 157065, 149418, 71981, 71981, 2010318870
55, 783961, 169051, 158265, 148729, 159092, 74412, 74412, 3716106454
60, 781779, 154059, 176156, 165888, 144492, 70592, 70592, 2404382547
64, 781169, 160375, 166041, 155839, 150574, 74170, 74170, 307753963
63, 783971, 160534, 171984, 162099, 151150, 69102, 69102, 1210810473
65, 784767, 166577, 162741, 152936, 155991, 73261, 73261, 983851070
66, 779954, 173780, 156076, 146037, 164139, 69961, 69961, 2939320225
67, 776174, 166106, 151738, 141977, 155637, 80358, 80358, 4281161528
68, 782869, 155571, 172565, 162169, 146108, 73228, 73228, 12520026
69, 780283, 163710, 163971, 154077, 153799, 72363, 72363, 2239656979
70, 779778, 164877, 162947, 152911, 154945, 72049, 72049, 2945559863
71, 781543, 159811, 171072, 160923, 149845, 69946, 69946, 4156227055
75, 781917, 144156, 185539, 175258, 134870, 71047, 71047, 2451083746
73, 779426, 158001, 168993, 158571, 148045, 72908, 72908, 3695565532
72, 781273, 160787, 166544, 156389, 150903, 73325, 73325, 4034196451
74, 784308, 163640, 163824, 154145, 154007, 74346, 74346, 3695276284
80, 780226, 157604, 167584, 157635, 147391, 75006, 75006, 3664399480
79, 782069, 156511, 172773, 162785, 147438, 71281, 71281, 14880047
77, 782282, 163576, 168486, 158697, 154085, 68719, 68719, 3567632340
76, 783892, 157128, 171102, 161302, 147552, 73404, 73404, 2249009716
81, 780497, 162599, 164086, 154260, 152868, 73342, 73342, 4048393208
78, 782224, 164256, 161380, 151700, 154212, 75338, 75338, 3624614162
82, 778574, 153250, 173911, 163940, 143485, 71994, 71994, 3514361942
83, 781612, 161737, 162718, 152552, 151787, 76409, 76409, 2470228116
84, 784171, 168732, 161090, 151323, 158490, 72268, 72268, 3210665995
86, 780325, 172347, 154202, 144512, 161750, 73757, 73757, 804798729
87, 779663, 166314, 162986, 152973, 156562, 70414, 70414, 1985908011
89, 778854, 150460, 178310, 167903, 140555, 70813, 70813, 1485792421
88, 781900, 167605, 160757, 151168, 157740, 72315, 72315, 2939224355
91, 778131, 157159, 169957, 159928, 147351, 71868, 71868, 4059280069
93, 784334, 167092, 165341, 155610, 157241, 69525, 69525, 3521851160
90, 783921, 157167, 172276, 162151, 147453, 72437, 72437, 1378641694
85, 783402, 157718, 166524, 156864, 148044, 77126, 77126, 3929298670
95, 779432, 158585, 164232, 154136, 148987, 76746, 76746, 3341643990
97, 780332, 164275, 162827, 152697, 154413, 73060, 73060, 2893912380
96, 782211, 157090, 172764, 162325, 147624, 71204, 71204, 1082787265
92, 781271, 161491, 165306, 155374, 151460, 73820, 73820, 2075317268
94, 781439, 161113, 165128, 154960, 151380, 74429, 74429, 440472816
99, 782060, 163919, 162891, 153276, 153992, 73991, 73991, 95043327
98, 780902, 158643, 166052, 155325, 148702, 76090, 76090, 2620329017
100, 779415, 159658, 167683, 157387, 149833, 72427, 72427, 1540195761
101, 782821, 155361, 173191, 162939, 145594, 72868, 72868, 2892564043
102, 778100, 152675, 175758, 165042, 142579, 71023, 71023, 1002052319
103, 781300, 158164, 167349, 156871, 148260, 75328, 75328, 2033988189
104, 785495, 152674, 176682, 166609, 143294, 73118, 73118, 3362911104
106, 779592, 173869, 153142, 143837, 163762, 72491, 72491, 3786057259
105, 783084, 174083, 153717, 144281, 164233, 73385, 73385, 2777018150
107, 782928, 174418, 150805, 141455, 164266, 75992, 75992, 3256600494
112, 778283, 166200, 160367, 150639, 156181, 72448, 72448, 3794975540
109, 780154, 159245, 167287, 156685, 149651, 73643, 73643, 679169902
111, 783541, 153323, 175312, 165169, 143637, 73050, 73050, 390895346
113, 780602, 164255, 164191, 154258, 154420, 71739, 71739, 4017639618
110, 779705, 172523, 157525, 147596, 162547, 69757, 69757, 1106627529
108, 783718, 156752, 170584, 160628, 147282, 74236, 74236, 3931492239
115, 780572, 175305, 152192, 142371, 165214, 72745, 72745, 3350425534
114, 783397, 157483, 168826, 158934, 147792, 75181, 75181, 3592692488
116, 782403, 154955, 167090, 157061, 145201, 79048, 79048, 3907353562
117, 782783, 166319, 162116, 152240, 156160, 72974, 72974, 3585097465
118, 782852, 158803, 171548, 161765, 149372, 70682, 70682, 284290861
119, 780080, 175817, 153076, 143346, 165453, 71194, 71194, 1925741845
120, 779351, 156067, 171660, 161456, 146292, 71938, 71938, 630664998
122, 784484, 169503, 160689, 150702, 159458, 72066, 72066, 3807040218
121, 780163, 166330, 165314, 155221, 156238, 68530, 68530, 4046219163
123, 783064, 160937, 165254, 155550, 151347, 74988, 74988, 2517315124
124, 781517, 160573, 170070, 159698, 150924, 70126, 70126, 505353135
125, 781304, 163418, 167154, 156834, 153424, 70237, 70237, 3241553312
127, 777642, 159579, 166297, 155865, 149575, 73163, 73163, 3669389172
128, 778293, 161174, 166828, 156628, 150985, 71339, 71339, 1951596400
126, 782563, 165224, 165019, 155087, 155189, 71022, 71022, 1555792793
129, 779897, 175006, 148866, 139341, 164554, 76065, 76065, 3890440191
131, 779996, 166681, 162355, 152401, 156899, 70830, 70830, 3172914212
133, 780264, 168596, 159655, 149301, 158566, 72073, 72073, 850910086
132, 775673, 164754, 160126, 150063, 154292, 73219, 73219, 718448864
134, 784263, 171556, 160004, 150166, 161417, 70560, 70560, 1969765301
135, 784833, 168646, 163378, 153609, 158642, 70279, 70279, 1226272165
130, 781175, 169186, 161413, 151761, 158789, 70013, 70013, 3928871561
136, 776480, 167286, 156063, 145941, 156916, 75137, 75137, 1992239684
137, 781180, 172451, 154431, 144847, 162349, 73551, 73551, 1024296801
138, 785214, 164508, 162421, 153102, 154431, 75376, 75376, 3311920776
139, 780890, 164044, 160162, 150538, 154244, 75951, 75951, 2402772807
140, 776521, 154807, 171904, 161706, 144890, 71607, 71607, 2149537934
141, 782555, 166752, 164345, 154776, 156886, 69898, 69898, 1151251864
142, 779187, 161622, 165971, 155560, 151478, 72278, 72278, 224978066
144, 780755, 158570, 168231, 158278, 149106, 73285, 73285, 863111802
143, 781363, 156705, 173058, 163434, 147274, 70446, 70446, 3087401229
145, 780296, 165532, 159870, 149923, 155697, 74637, 74637, 3038446041
148, 778463, 171235, 156585, 146829, 160820, 71497, 71497, 1108198011
151, 782969, 166240, 161847, 152049, 156387, 73223, 73223, 1586927469
147, 776505, 155239, 168831, 158282, 145227, 74463, 74463, 893643529
146, 783995, 158350, 171532, 161543, 148974, 71798, 71798, 349021373
149, 777098, 170727, 155055, 145152, 160484, 72840, 72840, 2710282881
152, 782862, 158401, 170570, 160226, 148507, 72579, 72579, 65813299
150, 785741, 168278, 162967, 153230, 158798, 71234, 71234, 1409977273
155, 776242, 165781, 161051, 151133, 155247, 71515, 71515, 2012031341
154, 784986, 166522, 164260, 154452, 157084, 71334, 71334, 2723068391
153, 778881, 160055, 164611, 154528, 149765, 74961, 74961, 443027971
156, 779065, 166655, 160030, 150240, 156478, 72831, 72831, 4245700849
157, 777099, 165948, 159347, 149073, 155793, 73469, 73469, 2179536076
158, 777426, 169777, 154725, 145229, 159487, 74104, 74104, 217911301
159, 784353, 165033, 157698, 147954, 155178, 79245, 79245, 3091592577
160, 781244, 167077, 160764, 150540, 156921, 72971, 72971, 3143367361
161, 778589, 165287, 162716, 152432, 155416, 71369, 71369, 1494194194
164, 779370, 162477, 164643, 154341, 152579, 72665, 72665, 1291503986
162, 778125, 174609, 152599, 142966, 164463, 71744, 71744, 3169578471
163, 779744, 160115, 165168, 155091, 149610, 74880, 74880, 858006135
166, 777584, 153444, 174811, 164496, 143775, 70529, 70529, 3244895315
165, 779788, 167552, 158574, 148671, 156989, 74001, 74001, 1760992572
168, 783255, 162052, 162067, 152179, 151945, 77506, 77506, 329627771
167, 781202, 158992, 168756, 159002, 149022, 72715, 72715, 3003308204
169, 780107, 162393, 163600, 153610, 152360, 74072, 74072, 3720375530
170, 782102, 163057, 165007, 155568, 153262, 72604, 72604, 3429546096
171, 782995, 159671, 169636, 158890, 150258, 72270, 72270, 1711904285
172, 781046, 158113, 172790, 162478, 148141, 69762, 69762, 3387335418
173, 780754, 170463, 156591, 146795, 159741, 73582, 73582, 2766456802
175, 778933, 165110, 161348, 151327, 155116, 73016, 73016, 3961304271
177, 781712, 144570, 186733, 176232, 134993, 69592, 69592, 3974743315
174, 780845, 164734, 160621, 150892, 154882, 74858, 74858, 2146458329
176, 777847, 175416, 154636, 144783, 165436, 68788, 68788, 3360011775
178, 779210, 157688, 168198, 158023, 147989, 73656, 73656, 3731853100
179, 779124, 154662, 172270, 162022, 144782, 72694, 72694, 3390238508
180, 781087, 168061, 158284, 148578, 157714, 74225, 74225, 3515299936
181, 777621, 153797, 171384, 161218, 144228, 73497, 73497, 3085020150
182, 780517, 161896, 164889, 154996, 151548, 73594, 73594, 4041531648
184, 784006, 156201, 173813, 163851, 146631, 71755, 71755, 751542566
183, 780536, 156132, 168438, 158283, 146659, 75512, 75512, 1198417884
185, 778542, 153642, 173187, 162634, 143803, 72638, 72638, 1262224513
186, 779818, 171830, 157326, 147153, 161587, 70961, 70961, 1969325353
187, 780782, 178237, 151073, 141699, 168283, 70745, 70745, 3669359014
188, 779709, 158786, 165213, 155102, 148630, 75989, 75989, 709293785
189, 778491, 170734, 157094, 147359, 160538, 71383, 71383, 3411987028
190, 783292, 164358, 161946, 151869, 154515, 75302, 75302, 1727558975
191, 781698, 166156, 162270, 152513, 156231, 72264, 72264, 4254302846
193, 783064, 164112, 160515, 150802, 154115, 76760, 76760, 4284424207
192, 783450, 161474, 167274, 157283, 151841, 72789, 72789, 3340623177
195, 782268, 185923, 145413, 135928, 175570, 69717, 69717, 1235119628
196, 780040, 163658, 161717, 151653, 153706, 74653, 74653, 2620871491
194, 781551, 168651, 159665, 149808, 158357, 72535, 72535, 1455089779
197, 778866, 167762, 154009, 144298, 157261, 77768, 77768, 2409237114
198, 784829, 164829, 163818, 153653, 155265, 73632, 73632, 483098857
200, 776756, 160705, 164823, 154558, 151516, 72577, 72577, 3324345275
201, 777293, 165859, 156227, 146356, 155589, 76631, 76631, 4228629406
199, 781089, 149087, 173878, 163216, 139214, 77847, 77847, 1929476360
202, 780407, 149241, 174908, 164659, 139779, 75910, 75910, 4198739025
204, 781466, 171740, 155786, 146539, 161513, 72944, 72944, 753952955
203, 780923, 174917, 155735, 146297, 164430, 69772, 69772, 1863062144
205, 779785, 148488, 179553, 169287, 138747, 71855, 71855, 1153096470
207, 778025, 177812, 151851, 141910, 167272, 69590, 69590, 433174056
206, 776719, 160359, 165242, 154777, 150263, 73039, 73039, 1887710909
209, 777303, 150122, 173617, 163331, 140683, 74775, 74775, 280415818
208, 778068, 162306, 164579, 154421, 152312, 72225, 72225, 3770866738
210, 782164, 159978, 169668, 159965, 149837, 71358, 71358, 4190532434
211, 781722, 169705, 153308, 143724, 159775, 77605, 77605, 742415675
212, 782075, 161841, 164676, 154847, 151911, 74400, 74400, 1029564299
213, 778766, 174632, 152330, 142296, 164514, 72497, 72497, 487160972
214, 784478, 164032, 166016, 156377, 154327, 71863, 71863, 3343670460
218, 782863, 184102, 143625, 134468, 173798, 73435, 73435, 3540626665
217, 780338, 159244, 168159, 157904, 149213, 72909, 72909, 3458811840
216, 780726, 163816, 164032, 154202, 153866, 72405, 72405, 369018055
219, 783726, 178675, 152209, 142788, 168522, 70766, 70766, 1385930416
215, 782419, 156512, 170592, 160662, 146817, 73918, 73918, 2634933196
221, 779342, 163787, 161277, 150907, 153743, 74814, 74814, 1383501937
220, 784450, 161126, 170660, 160990, 151282, 70196, 70196, 2681226948
223, 785223, 169066, 160726, 151067, 159026, 72669, 72669, 1952347762
222, 779847, 176378, 150446, 140712, 166235, 73038, 73038, 1288225879
225, 780290, 165061, 160922, 151085, 155022, 74100, 74100, 607762078
224, 784986, 172936, 157376, 147779, 162821, 72037, 72037, 646053692
226, 780620, 166618, 165824, 156236, 156224, 67859, 67859, 1176918644
227, 780044, 171195, 156851, 147188, 160682, 72064, 72064, 466723276
228, 778422, 176338, 149240, 139535, 165775, 73767, 73767, 1389923844
230, 785182, 170278, 160911, 151267, 160328, 71199, 71199, 1956250352
229, 783287, 162554, 167524, 157677, 152924, 71304, 71304, 2281129019
233, 780919, 188768, 140826, 131491, 178260, 70787, 70787, 2792967613
231, 779400, 160020, 165620, 155570, 150224, 73983, 73983, 1964460965
234, 774529, 177652, 149636, 139629, 167024, 70294, 70294, 3660964895
232, 776542, 152496, 170576, 160119, 142239, 75556, 75556, 2615460398
235, 783843, 156800, 171023, 161022, 147154, 73922, 73922, 3928030194
236, 779909, 179239, 148702, 139020, 168760, 72094, 72094, 501265467
237, 782331, 161708, 168437, 158726, 151774, 70843, 70843, 1942374316
239, 779279, 163729, 164062, 153706, 154064, 71859, 71859, 4219623967
238, 783725, 160068, 172438, 162536, 150179, 69252, 69252, 3716063513
241, 783024, 140086, 187414, 176657, 130789, 74039, 74039, 4020623514
240, 777821, 160828, 163149, 153351, 150675, 74909, 74909, 975884180
242, 782752, 168288, 159436, 149619, 158377, 73516, 73516, 370465510
243, 783151, 162773, 165414, 155314, 152988, 73331, 73331, 840064183
244, 777399, 159681, 165802, 155564, 149512, 73420, 73420, 2906065691
245, 781055, 165729, 161786, 151895, 155895, 72875, 72875, 1472820055
246, 779664, 169839, 157408, 147329, 159756, 72666, 72666, 4233277608
248, 781419, 168970, 159920, 150170, 159011, 71674, 71674, 3182895944
250, 779891, 165636, 162273, 152114, 155734, 72067, 72067, 1285822178
249, 784276, 169197, 163896, 154172, 159285, 68863, 68863, 3506832717
247, 778173, 153583, 172438, 162025, 143839, 73144, 73144, 3103975265
251, 781025, 168421, 158755, 149190, 158017, 73321, 73321, 2244951485
252, 782729, 165068, 163087, 153077, 155175, 73161, 73161, 52313371
254, 776480, 164149, 160204, 150271, 153654, 74101, 74101, 2963626690
255, 782687, 175608, 153394, 143915, 165328, 72221, 72221, 2885001923
253, 783700, 153383, 173657, 163628, 143980, 74526, 74526, 121535328
257, 775268, 163151, 164908, 154228, 153015, 69983, 69983, 3126509037
258, 784228, 165559, 165740, 155149, 155622, 71079, 71079, 990796843
256, 782657, 166044, 160094, 149987, 156622, 74955, 74955, 1091118737
259, 779712, 163760, 165981, 155736, 154197, 70019, 70019, 3424703894
261, 777747, 162878, 165616, 155748, 152895, 70305, 70305, 3755775233
260, 780359, 167360, 159886, 149963, 157434, 72858, 72858, 3929001482
262, 783453, 170420, 161885, 152033, 160359, 69378, 69378, 3247792699
264, 778382, 173007, 155563, 145429, 162717, 70833, 70833, 826791567
265, 780647, 154204, 172774, 162510, 144629, 73265, 73265, 1712076728
263, 783200, 177218, 146811, 137397, 166984, 77395, 77395, 2516381372
266, 784537, 181686, 148558, 139469, 172022, 71401, 71401, 578127485
267, 777651, 160429, 164514, 154399, 150415, 73947, 73947, 506869213
268, 782239, 169044, 159451, 149878, 159118, 72374, 72374, 2714866243
269, 780884, 163774, 164064, 154122, 153980, 72472, 72472, 3228304347
271, 776305, 169911, 155081, 145288, 159499, 73263, 73263, 842701524
270, 780164, 172146, 158507, 148855, 162128, 69264, 69264, 3446462727
272, 778170, 162117, 165140, 155404, 151979, 71765, 71765, 3878441179
273, 779950, 156545, 173506, 163466, 146713, 69860, 69860, 1950700469
274, 778049, 157389, 168892, 158563, 147363, 72921, 72921, 3442926644
275, 779575, 172964, 152776, 143165, 162798, 73936, 73936, 4229887361
277, 782485, 146197, 176591, 166139, 136948, 78305, 78305, 3292259523
276, 780667, 169741, 158127, 148702, 160019, 72039, 72039, 3822011679
279, 781934, 154033, 175722, 165547, 144796, 70918, 70918, 4055725780
278, 781374, 162771, 163410, 153557, 152862, 74387, 74387, 311842628
280, 778300, 161236, 163334, 153266, 151336, 74564, 74564, 2124889124
281, 778386, 144968, 182075, 171418, 135387, 72269, 72269, 1575493544
283, 781988, 161800, 164825, 155143, 152148, 74036, 74036, 3692161791
282, 779925, 147391, 177241, 166630, 137643, 75510, 75510, 4164821895
286, 781396, 165178, 163139, 152960, 155149, 72485, 72485, 1747060884
284, 782554, 167571, 162900, 153039, 157874, 70585, 70585, 3051314263
285, 781016, 167083, 161528, 151373, 157000, 72016, 72016, 2378611466
289, 780299, 176020, 152684, 142978, 166185, 71216, 71216, 545364694
287, 782017, 162085, 165370, 154977, 151831, 73877, 73877, 2708618887
288, 780271, 176065, 153576, 143858, 165818, 70477, 70477, 3199160740
290, 782662, 158307, 169674, 160111, 148658, 72956, 72956, 2289218110
292, 779586, 159148, 166831, 156920, 149199, 73744, 73744, 901203679
293, 782021, 168767, 160558, 150476, 159226, 71497, 71497, 390720451
294, 781205, 171833, 156927, 147213, 161870, 71681, 71681, 2209129263
291, 781958, 157306, 167970, 158190, 147526, 75483, 75483, 2172102647
295, 780942, 151456, 177027, 166746, 141961, 71876, 71876, 432702974
296, 782368, 175727, 153665, 144576, 165860, 71270, 71270, 2419070759
297, 782335, 164210, 164862, 154715, 154358, 72095, 72095, 1715706637
298, 780527, 167206, 161910, 152145, 156824, 71221, 71221, 2850046134
300, 778132, 152422, 172293, 162304, 142541, 74286, 74286, 1702331407
299, 781015, 160232, 163448, 153479, 150660, 76598, 76598, 2869750170
301, 779225, 175894, 151747, 142351, 165265, 71984, 71984, 2547481852
302, 780536, 151880, 168110, 158004, 141982, 80280, 80280, 1240328347
303, 779743, 177383, 149821, 139891, 166782, 72933, 72933, 1276308261
304, 779561, 162120, 164893, 154647, 151935, 72983, 72983, 1090008561
305, 779292, 144898, 179566, 168716, 135910, 75101, 75101, 3568058135
308, 780059, 151689, 174140, 163911, 141929, 74195, 74195, 1926815151
306, 776646, 156177, 166117, 156071, 146371, 75955, 75955, 1521726011
307, 780097, 161035, 163751, 153963, 151102, 75123, 75123, 2058826157
310, 782466, 171188, 156295, 146958, 161269, 73378, 73378, 1588451403
309, 782054, 180383, 149602, 140051, 169996, 71011, 71011, 3181764397
311, 782266, 148444, 177788, 167003, 138833, 75099, 75099, 3728973300
312, 780755, 153299, 172208, 162408, 143670, 74585, 74585, 2140359852
313, 782670, 158159, 170376, 160258, 148229, 72824, 72824, 3598641905
314, 780657, 169644, 156694, 146862, 159719, 73869, 73869, 487704056
315, 777674, 160116, 166428, 156079, 150003, 72524, 72524, 2423130868
316, 782544, 177816, 153394, 143450, 167456, 70214, 70214, 3465969149
317, 778376, 173440, 154382, 144322, 163138, 71547, 71547, 1262237262
318, 782218, 176908, 153280, 143859, 166749, 70711, 70711, 3410977796
319, 780286, 169680, 161845, 151978, 159179, 68802, 68802, 3657543047
320, 781673, 166397, 161882, 151900, 156344, 72575, 72575, 563836345
321, 782359, 173176, 158618, 148506, 163061, 69499, 69499, 3751690008
322, 781817, 160027, 166629, 156564, 150305, 74146, 74146, 3832265644
323, 782190, 172998, 155896, 146140, 162588, 72284, 72284, 2400162772
324, 779388, 177218, 152373, 142770, 166877, 70075, 70075, 4173776844
325, 777953, 153907, 171842, 161193, 143737, 73637, 73637, 3918045121
326, 782232, 165380, 163337, 153711, 155266, 72269, 72269, 2944888316
328, 780158, 152539, 177255, 167038, 142696, 70315, 70315, 3448666269
329, 780244, 163933, 165288, 155405, 153926, 70846, 70846, 1449193322
327, 781681, 169127, 158246, 148721, 159491, 73048, 73048, 2382618891
330, 780944, 164358, 163326, 153934, 153748, 72789, 72789, 1231151062
331, 781928, 171011, 158951, 149319, 161141, 70753, 70753, 3124168993
332, 784575, 150535, 178797, 168787, 140996, 72730, 72730, 3910349272
333, 782060, 158343, 167500, 157588, 148431, 75099, 75099, 4259344034
336, 784343, 170243, 159240, 149779, 160227, 72427, 72427, 3998622810
334, 779178, 160584, 166279, 156242, 150737, 72668, 72668, 1990316612
335, 780883, 150158, 173906, 163817, 140544, 76229, 76229, 200310261
337, 780290, 156813, 171476, 161163, 147208, 71815, 71815, 1615128932
338, 780884, 165167, 160520, 150634, 155035, 74764, 74764, 2605585134
340, 778519, 167551, 162538, 152283, 157219, 69464, 69464, 1090779982
339, 780775, 173266, 156393, 146498, 163272, 70673, 70673, 1251754810
341, 781440, 160814, 166280, 155946, 150822, 73789, 73789, 2137540927
342, 779945, 161592, 166600, 156399, 151558, 71898, 71898, 26016098
343, 777419, 159768, 164980, 154581, 149730, 74180, 74180, 30880791
344, 782441, 169291, 160062, 150473, 159073, 71771, 71771, 1639936696
345, 785223, 163407, 166539, 156958, 153697, 72311, 72311, 2479715933
346, 776204, 163065, 164927, 154930, 152926, 70178, 70178, 450470117
349, 780024, 156924, 171423, 161242, 146923, 71756, 71756, 1704657282
347, 782302, 163859, 162549, 152501, 153867, 74763, 74763, 1364729978
348, 783321, 181991, 145189, 135757, 171580, 74402, 74402, 3345800324
352, 782699, 154987, 175656, 165424, 145348, 70642, 70642, 116164526
351, 785863, 175704, 154186, 144416, 165759, 72899, 72899, 1592688479
350, 781378, 156828, 166550, 156735, 146565, 77350, 77350, 1620592936
353, 786048, 170020, 159967, 150467, 159772, 72911, 72911, 349860453
356, 780915, 152378, 173052, 163227, 142630, 74814, 74814, 767075137
355, 780914, 176005, 149995, 140599, 165631, 74342, 74342, 919835063
354, 779878, 170358, 157373, 147465, 160208, 72237, 72237, 1252309936
357, 782846, 152666, 175346, 164869, 142659, 73653, 73653, 4202954728
358, 781175, 158949, 170134, 160244, 149256, 71296, 71296, 75435785
359, 782586, 173839, 154617, 145270, 163756, 72552, 72552, 3764078898
360, 780473, 159337, 169136, 158728, 149550, 71861, 71861, 1949383992
362, 781429, 175433, 155323, 145647, 165068, 69979, 69979, 2267602012
361, 784374, 164567, 161589, 152113, 154989, 75558, 75558, 300549702
363, 778812, 165946, 164302, 153923, 155961, 69340, 69340, 2920516138
365, 783359, 175703, 152922, 143463, 165689, 72791, 72791, 2421740120
364, 779015, 171345, 154114, 144287, 161019, 74125, 74125, 767823359
366, 779963, 163735, 165050, 154864, 154152, 71081, 71081, 3331666778
368, 783829, 156144, 172646, 162476, 146463, 73050, 73050, 3874850211
367, 779384, 162124, 164615, 154561, 152334, 72875, 72875, 2210790463
370, 779400, 163207, 165542, 155394, 152983, 71137, 71137, 65275805
371, 780774, 173520, 155725, 145720, 163423, 71193, 71193, 183361727
369, 777694, 167864, 159672, 149444, 157610, 71552, 71552, 2490047325
372, 781609, 151014, 175417, 165089, 141745, 74172, 74172, 2932585474
374, 778576, 158185, 169597, 158913, 148169, 71856, 71856, 713529138
373, 780065, 160330, 167082, 157201, 150428, 72512, 72512, 1053153417
375, 780202, 172736, 155969, 145879, 162706, 71456, 71456, 3768926343
376, 780555, 170764, 155138, 145159, 160844, 74325, 74325, 3300980016
377, 781277, 172812, 153041, 143302, 162698, 74712, 74712, 4100126863
378, 779107, 162582, 164200, 153892, 152539, 72947, 72947, 2677020173
380, 781932, 166580, 161180, 151647, 156319, 73103, 73103, 124578584
379, 780841, 157431, 169044, 158532, 147670, 74082, 74082, 1901217836
381, 783055, 177037, 154761, 145104, 166903, 69625, 69625, 1030705878
383, 778713, 155181, 171611, 161548, 145339, 72517, 72517, 1417539117
382, 778210, 169354, 155471, 145721, 158816, 74424, 74424, 2448745507
384, 782905, 173302, 153784, 144203, 163466, 74075, 74075, 2938208541
386, 782373, 151557, 176800, 166799, 142079, 72569, 72569, 2440640749
385, 783625, 162654, 166057, 156134, 152518, 73131, 73131, 14345002
387, 778507, 171717, 152966, 143229, 161567, 74514, 74514, 3908238748
389, 783575, 172546, 154994, 145162, 162801, 74036, 74036, 2293974011
390, 782250, 155308, 171082, 161038, 145846, 74488, 74488, 1991480847
388, 782053, 180258, 150785, 141402, 170046, 69781, 69781, 3465603656
391, 778630, 160834, 162143, 151991, 151388, 76137, 76137, 3228032488
392, 780586, 172595, 152423, 143141, 162541, 74943, 74943, 2338138359
393, 782371, 162862, 165596, 155712, 153059, 72571, 72571, 1575156831
394, 777535, 173969, 150586, 140529, 163935, 74258, 74258, 1543991422
396, 778244, 158152, 169068, 159232, 148304, 71744, 71744, 1752901525
395, 781419, 170665, 156611, 146589, 160756, 73399, 73399, 557771925
397, 782334, 157117, 170667, 160345, 147711, 73247, 73247, 256002738
399, 782197, 159629, 168982, 158902, 149650, 72517, 72517, 3240378895
398, 778596, 173940, 151705, 141849, 163742, 73680, 73680, 1648777482
400, 780806, 153320, 167628, 157312, 143600, 79473, 79473, 4008950153
401, 780749, 162815, 166473, 156036, 152817, 71304, 71304, 2897740610
404, 784644, 173109, 155272, 145703, 163312, 73624, 73624, 410624894
403, 780752, 157136, 173399, 163340, 147503, 69687, 69687, 3518565966
405, 779028, 163634, 160100, 150211, 153541, 75771, 75771, 909506154
402, 783168, 171011, 159155, 149218, 161248, 71268, 71268, 3306827688
406, 781558, 156688, 170424, 160148, 146962, 73668, 73668, 2293313474
407, 782105, 170698, 159118, 149435, 160660, 71097, 71097, 1850674609
408, 786665, 178683, 153893, 144487, 168440, 70581, 70581, 3434510361
409, 783451, 168083, 163894, 153978, 157926, 69785, 69785, 3459989039
411, 777609, 173122, 154986, 145028, 162769, 70852, 70852, 1021745653
410, 784502, 163088, 167428, 157316, 153458, 71606, 71606, 2826321301
412, 783076, 160568, 168486, 158380, 150502, 72570, 72570, 905440046
413, 779368, 149262, 178387, 168195, 139540, 71992, 71992, 881539048
414, 780555, 166126, 161982, 152071, 155980, 72198, 72198, 3255776173
415, 780241, 154403, 175933, 165212, 144723, 69985, 69985, 1644908193
417, 779414, 160168, 171113, 160859, 150336, 68469, 68469, 1353831130
416, 779731, 153576, 172902, 162796, 143769, 73344, 73344, 1508603504
418, 772592, 161592, 162979, 152641, 151122, 72129, 72129, 3612369802
420, 778845, 185082, 145644, 136052, 174051, 69008, 69008, 4286866738
421, 778774, 169833, 160902, 151033, 159804, 68601, 68601, 4146592228
422, 781373, 177415, 149036, 139496, 167022, 74202, 74202, 3254754994
423, 781093, 170200, 159436, 149293, 160026, 71069, 71069, 2351186636
419, 780759, 165992, 162862, 152978, 156155, 71386, 71386, 3030199354
424, 777288, 162025, 164162, 154147, 151862, 72546, 72546, 3942511881
427, 776114, 178449, 145437, 135516, 168204, 74254, 74254, 3561687749
425, 782622, 173239, 153468, 144166, 162719, 74515, 74515, 139440928
426, 783909, 172958, 153300, 143791, 162948, 75456, 75456, 2300098775
428, 784419, 145383, 184481, 173912, 136113, 72265, 72265, 1240472270
429, 780111, 166173, 163672, 153738, 155898, 70315, 70315, 1453523733
431, 782944, 161296, 165853, 155689, 151536, 74285, 74285, 3458918740
430, 777113, 170402, 156380, 146354, 160217, 71880, 71880, 3894956043
433, 783583, 152885, 173463, 163314, 143187, 75367, 75367, 2020808308
432, 781794, 180416, 146733, 136901, 170046, 73849, 73849, 1153864477
434, 781883, 155385, 172585, 162412, 145443, 73029, 73029, 3669479400
436, 782968, 170279, 164292, 154526, 159877, 66997, 66997, 1688203764
435, 781426, 156853, 168630, 158289, 147184, 75235, 75235, 3886681189
437, 779650, 171711, 157131, 147142, 161154, 71256, 71256, 3148673750
438, 783034, 160655, 168033, 157797, 151001, 72774, 72774, 36845510
439, 776972, 154442, 172490, 161949, 144491, 71800, 71800, 2953657159
440, 778227, 158913, 164026, 154315, 148683, 76145, 76145, 2241241363
442, 780973, 165258, 164155, 153902, 154906, 71376, 71376, 3788013083
443, 778928, 175030, 150300, 140637, 165095, 73933, 73933, 1329636854
441, 783416, 163543, 162778, 153031, 153798, 75133, 75133, 1450070002
444, 784723, 157838, 170436, 160510, 148055, 73942, 73942, 2161816158
445, 779952, 171092, 160828, 150572, 161060, 68200, 68200, 1632157569
446, 782184, 153156, 174001, 163950, 143023, 74027, 74027, 2114197955
447, 782408, 163445, 169663, 159879, 153617, 67902, 67902, 3676203638
448, 781834, 168852, 162172, 151973, 158869, 69984, 69984, 352212542
450, 779953, 169172, 158204, 148189, 158976, 72706, 72706, 3915150793
451, 778265, 172281, 157031, 146929, 161710, 70157, 70157, 418167169
449, 784271, 160735, 167090, 157239, 150735, 74236, 74236, 649669425
452, 782122, 163131, 163167, 153088, 153406, 74665, 74665, 1435280407
453, 778134, 169528, 155506, 145236, 159204, 74330, 74330, 110402135
454, 780529, 158617, 166797, 156573, 148882, 74830, 74830, 3788742976
456, 782780, 166440, 164154, 154034, 156574, 70789, 70789, 2532028404
455, 781360, 169348, 159295, 149485, 158996, 72118, 72118, 18131625
457, 782234, 169954, 158207, 148547, 160038, 72744, 72744, 920500160
459, 779410, 154492, 168852, 158842, 144886, 76169, 76169, 14388827
458, 774951, 161562, 166716, 156129, 150990, 69777, 69777, 1987080006
461, 778262, 149227, 178080, 167825, 139222, 71954, 71954, 3166598000
460, 779877, 153313, 171788, 161785, 143625, 74683, 74683, 1784126870
463, 779828, 160604, 169089, 159090, 151113, 69966, 69966, 628662773
462, 783089, 168225, 162171, 152464, 158327, 70951, 70951, 274391677
464, 783458, 159635, 168282, 157969, 149988, 73792, 73792, 3241929866
465, 781744, 173883, 156658, 146952, 163249, 70501, 70501, 4164563625
467, 780147, 153449, 174746, 164385, 143463, 72052, 72052, 1512325896
468, 781547, 174675, 154057, 144394, 164439, 71991, 71991, 1033320285
466, 785440, 157693, 172316, 161909, 148134, 72694, 72694, 1257072015
469, 778007, 158531, 165175, 154997, 148672, 75316, 75316, 1785055938
470, 779327, 165102, 163653, 153822, 154838, 70956, 70956, 1667740521
472, 781942, 169700, 160243, 150250, 159807, 70971, 70971, 2334421355
471, 781219, 167239, 160034, 150178, 157364, 73202, 73202, 1962484082
473, 780298, 162576, 162169, 152514, 152721, 75159, 75159, 983967076
474, 785082, 176550, 153052, 143814, 166260, 72703, 72703, 1374709724
475, 782215, 182370, 146310, 136835, 171852, 72424, 72424, 3284506747
476, 781282, 167822, 161744, 151773, 157679, 71132, 71132, 915300849
479, 778640, 165228, 161675, 151942, 154807, 72494, 72494, 2809121000
477, 778542, 156179, 169722, 159731, 146372, 73269, 73269, 1649052625
478, 778419, 172220, 157059, 147302, 161976, 69931, 69931, 2512288086
480, 782297, 149344, 178011, 167888, 139642, 73706, 73706, 178929496
481, 779272, 171490, 154123, 144453, 161254, 73976, 73976, 1706518994
483, 782216, 147532, 180883, 170830, 137909, 72531, 72531, 3020720031
482, 780293, 158725, 168495, 158422, 148807, 72922, 72922, 3543254025
484, 781852, 166903, 162076, 152112, 156953, 71904, 71904, 1847652111
485, 781634, 155588, 168464, 158445, 145959, 76589, 76589, 3310809283
486, 778451, 171057, 157316, 147350, 160802, 70963, 70963, 3765578919
488, 781661, 158324, 169958, 159753, 148622, 72502, 72502, 182120096
489, 779313, 163171, 168040, 157881, 153129, 68546, 68546, 3619311687
490, 780581, 169991, 154736, 144881, 160153, 75410, 75410, 2920603812
491, 778840, 161023, 169135, 158895, 151027, 69380, 69380, 1072910596
487, 784305, 162794, 165385, 155849, 153351, 73463, 73463, 418610077
492, 782063, 156725, 169353, 159357, 147006, 74811, 74811, 3924763442
494, 778426, 162410, 162372, 152049, 152341, 74627, 74627, 2252410985
493, 785295, 156715, 173848, 164092, 147152, 71744, 71744, 2752394677
496, 780834, 165839, 162377, 152747, 155673, 72099, 72099, 2271339991
497, 781445, 147596, 178956, 168430, 137569, 74447, 74447, 4124407273
495, 783853, 168456, 161756, 152111, 158776, 71377, 71377, 3174666460
499, 781149, 163790, 166302, 156534, 153583, 70470, 70470, 609340138
498, 779801, 169332, 155619, 145451, 159135, 75132, 75132, 2236143742
501, 779479, 167235, 158833, 148881, 156872, 73829, 73829, 4160192194
500, 784128, 173904, 154751, 145122, 164015, 73168, 73168, 991109110
502, 784942, 176897, 147452, 138255, 166528, 77905, 77905, 1040168918
504, 783635, 162425, 168608, 158980, 152904, 70359, 70359, 2863946309
506, 780051, 156521, 170182, 160261, 146641, 73223, 73223, 299619684
503, 781392, 160028, 168566, 158182, 150240, 72188, 72188, 875293100
505, 781729, 171965, 156175, 146725, 161956, 72454, 72454, 2273901676
507, 784011, 146179, 182449, 171805, 137012, 73283, 73283, 4106780977
508, 778593, 151172, 172864, 162536, 141457, 75282, 75282, 824990860
511, 783018, 166040, 161931, 152147, 156164, 73368, 73368, 618815055
510, 789313, 162871, 171626, 162323, 153103, 69695, 69695, 1485915726
512, 781196, 178348, 149773, 140335, 167448, 72646, 72646, 3941628270
509, 782474, 166738, 161613, 152023, 156926, 72587, 72587, 1407217250
513, 779549, 161317, 162486, 152199, 151477, 76035, 76035, 1316031457
514, 781597, 164182, 164637, 154875, 154587, 71658, 71658, 1792875049
516, 780544, 165319, 163298, 153073, 155270, 71792, 71792, 113020617
515, 780330, 154718, 172809, 162201, 144894, 72854, 72854, 963520990
517, 781358, 166042, 161376, 151931, 155769, 73120, 73120, 1136976640
518, 783433, 166676, 163283, 153455, 156845, 71587, 71587, 657376693
523, 778901, 162886, 163283, 153468, 152826, 73219, 73219, 3984586280
519, 778854, 171321, 151448, 141746, 161215, 76562, 76562, 4136992904
522, 780020, 148298, 179255, 168916, 138845, 72353, 72353, 4287773408
521, 783080, 169563, 158977, 149480, 159604, 72728, 72728, 1220362575
520, 782413, 154088, 174736, 164827, 143998, 72382, 72382, 2195164305
524, 779567, 151908, 177018, 166835, 142284, 70761, 70761, 1563988276
529, 778400, 165962, 158728, 148831, 155957, 74461, 74461, 4149135716
528, 780152, 164312, 163432, 153624, 154422, 72181, 72181, 652018658
527, 781884, 171123, 161014, 151535, 160952, 68630, 68630, 2724154207
526, 780358, 156050, 171466, 161146, 146092, 72802, 72802, 3955867188
525, 782401, 157958, 171597, 161608, 148502, 71368, 71368, 366607303
531, 776594, 156894, 170415, 160079, 147166, 71020, 71020, 2205416166
533, 781519, 165402, 161836, 151909, 155358, 73507, 73507, 2617823141
532, 783161, 167885, 161257, 151726, 158009, 72142, 72142, 3615924183
530, 781691, 169498, 162345, 152217, 159401, 69115, 69115, 2259322260
534, 782339, 157212, 170562, 160052, 147241, 73636, 73636, 3053602499
535, 784596, 170454, 161189, 151236, 160659, 70529, 70529, 400287932
539, 776023, 161247, 165210, 155178, 151192, 71598, 71598, 1164675312
536, 783996, 170522, 156229, 146725, 160388, 75066, 75066, 3398411037
538, 782177, 168379, 159226, 149564, 157746, 73631, 73631, 2438031981
537, 781525, 155671, 171872, 161417, 145977, 73294, 73294, 1032575137
540, 779241, 163450, 166729, 156411, 153383, 69634, 69634, 2292253653
543, 779026, 162976, 162755, 152814, 152709, 73886, 73886, 944667334
541, 783083, 176440, 152857, 143445, 166211, 72065, 72065, 2429314809
542, 781050, 169765, 160296, 150406, 159569, 70507, 70507, 3793836091
544, 783759, 176977, 153817, 144551, 166642, 70886, 70886, 4134246524
548, 783062, 158450, 168286, 158363, 148947, 74508, 74508, 1143566577
546, 777698, 165243, 159269, 149272, 155120, 74397, 74397, 2733091887
549, 778275, 182158, 143508, 133767, 171644, 73599, 73599, 4143439323
545, 782354, 171591, 157750, 147707, 161576, 71865, 71865, 1231849832
547, 780945, 173570, 154855, 144986, 163416, 72059, 72059, 4277095548
550, 780918, 155101, 172191, 161963, 145359, 73152, 73152, 2339694160
552, 784377, 159799, 172182, 162119, 150319, 69979, 69979, 277071312
551, 784208, 163583, 166919, 157154, 153668, 71442, 71442, 1413975121
555, 782647, 176586, 149404, 140008, 166029, 75310, 75310, 3904906398
554, 778284, 168530, 160845, 150879, 158014, 70008, 70008, 3768043203
553, 781439, 156662, 169717, 159816, 146896, 74174, 74174, 2548203861
556, 782361, 178918, 146909, 137339, 168603, 75296, 75296, 2575890025
557, 783731, 162563, 161751, 152056, 153053, 77154, 77154, 3349138394
559, 780541, 173022, 152081, 141945, 163401, 75046, 75046, 450844043
558, 779701, 170868, 157379, 147236, 160654, 71782, 71782, 3532780863
560, 778588, 177365, 148762, 139266, 167217, 72989, 72989, 1631558977
562, 781705, 156380, 163431, 153303, 146577, 81007, 81007, 1282481085
561, 780179, 156871, 169529, 159302, 147459, 73509, 73509, 3167381355
565, 781090, 153782, 176067, 165706, 143759, 70888, 70888, 2566449758
563, 778956, 156187, 170165, 159835, 146265, 73252, 73252, 3370887529
566, 784372, 167028, 163519, 153859, 156986, 71490, 71490, 3714047511
564, 779156, 169045, 158873, 148955, 158809, 71737, 71737, 2263042608
568, 775860, 158511, 164059, 154006, 148192, 75546, 75546, 1755398937
569, 779748, 171667, 153808, 143786, 161485, 74501, 74501, 2999325225
567, 780795, 166545, 160884, 150927, 156637, 72901, 72901, 681004546
570, 781560, 156952, 170009, 159914, 147515, 73585, 73585, 158120750
571, 783517, 160803, 167327, 157259, 151434, 73347, 73347, 2488761390
573, 779048, 158669, 167192, 156918, 148813, 73728, 73728, 510365012
572, 782213, 155905, 169334, 159516, 146434, 75512, 75512, 2477846802
576, 779184, 169655, 159952, 150026, 159175, 70188, 70188, 2924396105
577, 780019, 157442, 168733, 158696, 147710, 73719, 73719, 4255136619
575, 786821, 170680, 158930, 149425, 160814, 73486, 73486, 1910771036
578, 780183, 154236, 173451, 163305, 144287, 72452, 72452, 1748345589
574, 783155, 159863, 170045, 160052, 150007, 71594, 71594, 4173770298
580, 782339, 160946, 165975, 155944, 151226, 74124, 74124, 2328121056
579, 781165, 166272, 160585, 150940, 156506, 73431, 73431, 2783771140
582, 778054, 168425, 161892, 151780, 158371, 68793, 68793, 3000747711
583, 779700, 163677, 166422, 156373, 153674, 69777, 69777, 3278943092
581, 778162, 175190, 150612, 141058, 165030, 73136, 73136, 308557392
585, 776827, 170340, 157456, 147459, 159720, 70926, 70926, 907899870
584, 778608, 168900, 159652, 149771, 158617, 70834, 70834, 82452516
586, 777302, 157177, 169464, 159532, 147405, 71862, 71862, 3279922398
587, 777899, 151595, 174305, 163562, 141947, 73245, 73245, 3486999384
588, 779669, 165293, 161703, 151902, 155307, 72732, 72732, 2793950534
589, 777062, 146887, 177656, 166751, 137350, 74209, 74209, 3789557466
590, 781196, 173468, 155177, 145678, 163381, 71746, 71746, 2025255825
591, 781944, 177138, 150811, 141185, 166584, 73113, 73113, 4102264295
593, 782549, 154482, 173468, 163683, 144704, 73106, 73106, 3553748055
594, 781378, 176327, 154268, 144352, 165975, 70228, 70228, 3211894034
592, 783175, 164558, 164058, 153788, 154567, 73102, 73102, 1490827717
595, 778239, 155293, 168682, 158703, 145331, 75115, 75115, 315869898
596, 780607, 175836, 152080, 142693, 165328, 72335, 72335, 1264352815
599, 778979, 166931, 159061, 149416, 156629, 73471, 73471, 29208176
600, 779790, 157266, 170505, 160117, 147636, 72133, 72133, 3064670697
597, 775306, 163373, 159717, 149485, 153243, 74744, 74744, 3298333581
598, 784585, 176850, 151666, 142147, 166854, 73534, 73534, 3789045886
601, 775413, 166726, 158311, 148088, 156316, 72986, 72986, 928770886
602, 783035, 164234, 164212, 154349, 154290, 72975, 72975, 3530021025
603, 778988, 166620, 158928, 148965, 156725, 73875, 73875, 384751339
604, 780807, 169568, 155522, 145996, 159731, 74995, 74995, 1417220278
605, 779167, 163030, 166485, 157027, 152841, 69892, 69892, 1389411122
607, 779138, 165115, 162629, 152488, 155322, 71792, 71792, 300158150
608, 776638, 171204, 152285, 142494, 160713, 74971, 74971, 4129566385
606, 780512, 159456, 167718, 157668, 149646, 73012, 73012, 3502105022
609, 783011, 166203, 161120, 151393, 156255, 74020, 74020, 1304868095
610, 783165, 176148, 154511, 145167, 166121, 70609, 70609, 1885676067
611, 782163, 169396, 163664, 153590, 159649, 67932, 67932, 1706918596
612, 782757, 166476, 159015, 149199, 156921, 75573, 75573, 870045401
613, 783467, 149469, 177402, 166736, 140070, 74895, 74895, 1355488812
616, 781397, 158502, 167983, 157769, 148891, 74126, 74126, 559076230
618, 779978, 167285, 158680, 148934, 157315, 73882, 73882, 2462305531
615, 784057, 151315, 177306, 167074, 141864, 73249, 73249, 1812193846
617, 779521, 147311, 178829, 168262, 138049, 73535, 73535, 1965735516
614, 782336, 161151, 163578, 153401, 151500, 76353, 76353, 3198649968
619, 776982, 168053, 159010, 148540, 157767, 71806, 71806, 3373708552
620, 784009, 174373, 153893, 144541, 164596, 73303, 73303, 2861988937
621, 783619, 162216, 167147, 157203, 152507, 72273, 72273, 2461614754
623, 781815, 170622, 154366, 144466, 160955, 75703, 75703, 4146460967
624, 781156, 156983, 167904, 157800, 147109, 75680, 75680, 241553893
622, 784464, 163226, 165035, 154911, 153358, 73967, 73967, 602096017
625, 785623, 172344, 155187, 145574, 162074, 75222, 75222, 2218073593
627, 781752, 168659, 159663, 149826, 158426, 72589, 72589, 2002953000
626, 783326, 144991, 182596, 172238, 135773, 73864, 73864, 1274270526
629, 780888, 166493, 161949, 151993, 156471, 71991, 71991, 1590506310
630, 783149, 155456, 172366, 162433, 146172, 73361, 73361, 705383638
628, 779176, 147603, 180791, 170491, 138321, 70985, 70985, 3549015239
632, 779224, 155090, 171608, 161108, 145192, 73113, 73113, 3942375286
631, 779988, 175822, 151161, 141734, 165343, 72964, 72964, 1612268985
635, 780476, 170615, 159145, 148955, 160667, 70547, 70547, 212773019
634, 780652, 171969, 155953, 145886, 161914, 72465, 72465, 2843635078
637, 781690, 172178, 155046, 145470, 161786, 73605, 73605, 1104463554
633, 776275, 158283, 170079, 159323, 148036, 70277, 70277, 811374862
636, 785061, 168944, 162853, 153264, 159308, 70346, 70346, 1543404250
640, 781179, 165486, 162593, 152800, 155376, 72462, 72462, 2060789102
638, 782823, 172981, 156701, 146688, 162933, 71760, 71760, 2589126351
639, 781188, 173344, 155936, 146473, 162987, 71224, 71224, 938508187
641, 777164, 163612, 161664, 151345, 153445, 73549, 73549, 1671161949
644, 781969, 168065, 157472, 147534, 157762, 75568, 75568, 688003652
642, 781213, 159276, 168069, 157847, 149563, 73229, 73229, 1223850527
645, 785260, 165974, 164811, 154918, 156201, 71678, 71678, 1180569280
647, 782115, 176727, 151887, 142195, 166576, 72365, 72365, 3477728174
646, 778121, 158873, 165210, 155097, 148931, 75005, 75005, 3954260597
643, 781814, 179075, 150181, 140911, 168201, 71723, 71723, 2893131598
651, 779534, 160627, 166790, 156448, 150413, 72628, 72628, 4033327225
648, 782814, 172541, 155973, 146236, 162392, 72836, 72836, 3778819251
650, 784055, 152579, 181323, 171053, 142584, 68258, 68258, 3405779889
649, 781245, 161108, 167377, 157614, 151342, 71902, 71902, 1223297738
653, 780400, 164427, 164494, 154673, 154648, 71079, 71079, 2630749070
652, 782340, 154656, 171650, 161742, 144946, 74673, 74673, 36792312
655, 778451, 169165, 155989, 146281, 159414, 73801, 73801, 3017319942
656, 776526, 169886, 157425, 147509, 159488, 71109, 71109, 3878981421
654, 780114, 160617, 166044, 155920, 150703, 73415, 73415, 3204410581
657, 783325, 175318, 154169, 144634, 165506, 71849, 71849, 2109684671
659, 782774, 146108, 182086, 171974, 137004, 72801, 72801, 3988874456
658, 783246, 172931, 157535, 147812, 162382, 71293, 71293, 4171825165
663, 777520, 166802, 156445, 146394, 156329, 75775, 75775, 2927180987
661, 784618, 157530, 174125, 163915, 148002, 70523, 70523, 2703246221
660, 782887, 168937, 158018, 148420, 159130, 74191, 74191, 164609992
662, 782123, 155873, 171120, 160787, 146449, 73947, 73947, 3401731792
665, 781143, 176498, 151846, 142511, 166090, 72099, 72099, 1209734048
664, 780927, 171432, 159075, 149752, 161216, 69726, 69726, 661026427
668, 778073, 161910, 163457, 153305, 151855, 73773, 73773, 2285426701
666, 782705, 162429, 166248, 156407, 152729, 72446, 72446, 3175173517
669, 777333, 161333, 166773, 156385, 151228, 70807, 70807, 3035498655
667, 781079, 161385, 168469, 158387, 151210, 70814, 70814, 3304752043
672, 779822, 153293, 169307, 159199, 143705, 77159, 77159, 262995633
673, 782207, 151172, 180123, 169749, 141441, 69861, 69861, 304435299
671, 783469, 169118, 162083, 152291, 159315, 70331, 70331, 1969667935
670, 778295, 159530, 166979, 156717, 149469, 72800, 72800, 1162407772
675, 783677, 172457, 153812, 144312, 161968, 75564, 75564, 1675153456
676, 780255, 160215, 169564, 159733, 150073, 70335, 70335, 2408255787
677, 782921, 156681, 172370, 162237, 146637, 72498, 72498, 203231849
678, 780415, 169982, 153445, 143594, 159954, 76720, 76720, 1353661501
674, 780970, 157288, 164348, 154701, 147773, 78430, 78430, 2294582069
679, 781801, 172365, 157622, 148064, 162050, 70850, 70850, 2589737012
680, 780234, 150610, 176281, 165976, 141217, 73075, 73075, 2455967665
683, 779580, 156115, 168373, 157823, 146493, 75388, 75388, 3038107610
682, 780188, 154691, 169955, 159729, 144663, 75575, 75575, 3044399436
681, 783741, 177609, 154329, 144459, 167404, 69970, 69970, 2035441353
685, 782393, 170989, 156990, 147428, 160520, 73233, 73233, 1433385906
684, 781664, 158853, 169185, 159016, 149016, 72797, 72797, 2453356313
686, 782644, 170073, 159197, 149535, 160105, 71867, 71867, 1364632898
687, 783242, 176583, 153297, 143900, 165896, 71783, 71783, 2675074047
688, 783855, 158535, 170393, 160584, 148819, 72762, 72762, 2876746415
689, 783765, 177445, 151686, 142192, 167560, 72441, 72441, 532655493
690, 780016, 159067, 173062, 162797, 148930, 68080, 68080, 466561052
691, 781285, 168730, 156393, 146907, 158785, 75235, 75235, 1647583748
692, 783380, 165809, 164379, 154766, 155550, 71438, 71438, 270064155
693, 783767, 160965, 168223, 158517, 151282, 72390, 72390, 720961221
694, 783233, 162577, 163830, 153985, 152477, 75182, 75182, 3134873388
695, 781567, 156219, 169639, 159625, 146860, 74612, 74612, 3429559803
697, 774473, 166642, 162361, 152163, 155853, 68727, 68727, 2783000577
696, 781841, 144430, 182739, 172294, 135266, 73556, 73556, 2223103981
699, 783404, 162577, 166586, 156866, 152779, 72298, 72298, 3938922143
698, 778861, 159171, 168774, 158988, 149008, 71460, 71460, 1975941841
701, 783673, 161631, 169602, 159920, 151530, 70495, 70495, 1061491615
702, 776066, 167898, 155486, 146097, 157601, 74492, 74492, 671017368
703, 776224, 175294, 151067, 140905, 164406, 72276, 72276, 3449807495
704, 781275, 152113, 177373, 166910, 142081, 71399, 71399, 3536397228
700, 783063, 146845, 180352, 169834, 137632, 74200, 74200, 4126162758
706, 780017, 157893, 171583, 161469, 147960, 70556, 70556, 1085523564
705, 779357, 146662, 179641, 169270, 136868, 73458, 73458, 1527600473
707, 778954, 175652, 151055, 141458, 165229, 72780, 72780, 3113061537
709, 777346, 158133, 167111, 156978, 148162, 73481, 73481, 843588496
708, 782206, 148821, 172898, 162446, 139595, 79223, 79223, 2994054325
710, 779682, 162378, 165240, 155133, 152357, 72287, 72287, 3237584793
711, 778318, 173703, 152095, 142229, 163517, 73387, 73387, 3918236749
714, 776567, 152454, 168142, 158324, 142485, 77581, 77581, 2499767449
712, 779398, 160090, 163321, 153358, 150119, 76255, 76255, 2252111015
715, 779947, 164255, 160148, 149985, 154209, 75675, 75675, 1278052097
717, 779205, 168356, 159136, 149134, 158273, 72153, 72153, 817790522
713, 784895, 155774, 174941, 165355, 145969, 71428, 71428, 2793985482
716, 780235, 153875, 166243, 155828, 144169, 80060, 80060, 3551838152
720, 781964, 174187, 155835, 146340, 163864, 70869, 70869, 3488148907
718, 783298, 155958, 176581, 166988, 145819, 68976, 68976, 68880588
721, 785314, 169880, 163164, 153240, 160026, 69502, 69502, 79471155
722, 776913, 169214, 157642, 147405, 159294, 71679, 71679, 548128347
719, 777909, 171064, 154835, 144915, 161103, 72996, 72996, 2251552695
723, 780693, 166434, 161381, 151531, 156353, 72497, 72497, 4132476707
726, 781650, 150254, 175453, 164977, 140742, 75112, 75112, 1959763538
724, 779089, 162964, 166116, 155889, 152784, 70668, 70668, 1958261336
725, 778117, 185680, 144367, 134662, 174748, 69330, 69330, 3831895387
729, 780591, 163573, 165377, 155268, 153519, 71427, 71427, 2522873959
728, 779936, 163782, 165016, 154735, 153619, 71392, 71392, 1480416966
727, 781623, 154910, 171812, 161698, 144779, 74212, 74212, 3962748535
730, 782708, 174273, 152250, 142813, 164014, 74679, 74679, 2470970227
731, 783283, 167642, 155740, 146163, 157514, 78112, 78112, 999006401
732, 782333, 158524, 169231, 159184, 148770, 73312, 73312, 3921114843
733, 778935, 158258, 169585, 158993, 148043, 72028, 72028, 4191308686
737, 781274, 162876, 162836, 152935, 152545, 75041, 75041, 3280309984
734, 782461, 181106, 152041, 142427, 170949, 67969, 67969, 702700411
736, 780806, 170102, 155994, 146050, 159800, 74430, 74430, 1666617880
735, 783476, 162289, 163979, 153649, 152531, 75514, 75514, 2770161656
738, 778208, 161144, 164076, 154060, 151064, 73932, 73932, 1456691382
739, 784203, 172070, 157784, 148012, 162175, 72081, 72081, 2653167242
740, 777850, 159167, 168259, 157881, 149147, 71698, 71698, 2196381328
741, 780894, 147302, 179651, 169305, 137976, 73330, 73330, 3252599709
742, 780030, 172544, 158025, 148244, 161395, 69911, 69911, 2394415116
743, 782766, 166843, 162032, 152262, 156925, 72352, 72352, 1066911923
744, 781803, 158062, 172460, 162258, 148125, 70449, 70449, 2903584772
745, 783550, 165768, 167859, 157667, 155926, 68165, 68165, 2011064192
747, 779537, 167122, 161366, 151085, 156936, 71514, 71514, 2708102124
748, 778819, 164448, 159839, 149960, 154842, 74865, 74865, 1564695431
746, 783893, 173509, 156870, 147204, 163126, 71592, 71592, 3081640658
749, 781077, 160148, 166185, 155879, 150255, 74305, 74305, 617627403
751, 778863, 173738, 153734, 143928, 163033, 72215, 72215, 2982359729
753, 778855, 164725, 163785, 153776, 154651, 70959, 70959, 4239768107
752, 781201, 176130, 154751, 144906, 165934, 69740, 69740, 2282542422
750, 781962, 167805, 158402, 148478, 157571, 74853, 74853, 463433998
757, 782172, 167285, 156670, 146796, 157219, 77101, 77101, 1334696910
756, 782864, 174935, 149850, 140311, 164710, 76529, 76529, 352507890
755, 782938, 159468, 172748, 162849, 149709, 69082, 69082, 304643237
754, 783579, 148958, 179229, 168927, 139757, 73354, 73354, 3623531634
758, 782345, 149896, 178495, 168154, 140238, 72781, 72781, 2441047949
759, 780470, 171631, 155201, 145764, 161246, 73314, 73314, 3063311858
760, 781705, 172026, 160906, 150679, 161674, 68210, 68210, 4259141224
761, 782897, 171877, 157193, 147426, 161383, 72509, 72509, 2635462214
762, 777908, 172015, 156410, 146637, 161700, 70573, 70573, 2530858663
763, 782737, 163172, 161184, 151302, 153453, 76813, 76813, 2278291876
764, 778785, 142458, 184195, 173472, 132994, 72833, 72833, 10401332
765, 780337, 160470, 169107, 159017, 150975, 70384, 70384, 67991540
766, 783528, 173540, 156431, 146763, 163414, 71690, 71690, 277335512
768, 782202, 169693, 158551, 148949, 159501, 72754, 72754, 395598147
767, 780186, 152694, 175637, 165325, 143042, 71744, 71744, 3756808411
770, 784034, 158409, 170584, 160529, 149354, 72579, 72579, 829050731
773, 783574, 160976, 167256, 157551, 150943, 73424, 73424, 3687679264
769, 782328, 161881, 166055, 156087, 152383, 72961, 72961, 3291074155
772, 776244, 170844, 154706, 144807, 160339, 72774, 72774, 1009129733
774, 781996, 149152, 178369, 168342, 139537, 73298, 73298, 1745098087
771, 783944, 155727, 168945, 158934, 146120, 77109, 77109, 3435163788
775, 780770, 165015, 160919, 151153, 154907, 74388, 74388, 1767448280
777, 778361, 170225, 155897, 146032, 160397, 72905, 72905, 267089261
776, 778755, 155703, 171981, 161943, 145940, 71594, 71594, 2946603423
778, 777225, 177196, 150814, 141110, 166903, 70601, 70601, 56253751
779, 779932, 162945, 168098, 157794, 152901, 69097, 69097, 1301689063
781, 781692, 171570, 154639, 145514, 161365, 74302, 74302, 3838231268
780, 777717, 159086, 161328, 151373, 149188, 78371, 78371, 3639546875
783, 779414, 163365, 166244, 156377, 153428, 70000, 70000, 463137282
782, 785058, 160340, 169760, 160065, 150703, 72095, 72095, 1513238452
784, 780606, 155320, 171319, 161161, 145598, 73604, 73604, 2542710162
785, 781135, 153224, 176634, 166394, 143515, 70684, 70684, 583398553
787, 778537, 166678, 162600, 152548, 156789, 69961, 69961, 3615468085
786, 786774, 157172, 177266, 167056, 147872, 68704, 68704, 726334174
788, 782310, 156177, 170754, 160863, 146540, 73988, 73988, 2635412063
789, 782486, 163646, 162801, 152656, 153447, 74968, 74968, 821130599
790, 780575, 174880, 150184, 140631, 164636, 75122, 75122, 4086624579
793, 779216, 151076, 174264, 163512, 141520, 74422, 74422, 3498043369
791, 778431, 160398, 165625, 155185, 150233, 73495, 73495, 548730462
792, 779605, 176719, 152458, 142678, 166422, 70664, 70664, 418193653
794, 781473, 171203, 157698, 147981, 160813, 71889, 71889, 191411777
795, 781031, 155838, 171641, 161805, 146019, 72864, 72864, 2687793380
796, 781231, 174918, 154159, 144300, 164604, 71625, 71625, 3353780312
797, 780620, 160171, 168864, 158809, 150268, 71254, 71254, 914012266
798, 778270, 171594, 152754, 143333, 160935, 74827, 74827, 1443931037
799, 776910, 170086, 152881, 143062, 159345, 75768, 75768, 2568719213
800, 783560, 155607, 171231, 161293, 146149, 74640, 74640, 3839861361
802, 777268, 155919, 170275, 159457, 145699, 72959, 72959, 489551019
801, 774063, 167295, 156190, 146445, 156801, 73666, 73666, 2169023546
803, 782804, 166303, 165964, 155827, 156168, 69271, 69271, 82192613
804, 778210, 166078, 160713, 150529, 155928, 72481, 72481, 1309064607
805, 779064, 166654, 158469, 148571, 156112, 74629, 74629, 3502922319
806, 781730, 157810, 168956, 158981, 147995, 73994, 73994, 1958385996
807, 782084, 171153, 157095, 147399, 160815, 72811, 72811, 4101994990
808, 781131, 152930, 176044, 165734, 143591, 71416, 71416, 3917250427
811, 776941, 162751, 160534, 150554, 152722, 75190, 75190, 198954829
810, 781138, 159091, 168060, 158185, 149282, 73260, 73260, 602087896
809, 784690, 174295, 155539, 146233, 163839, 72392, 72392, 2587962634
812, 782827, 167179, 157485, 147568, 157445, 76575, 76575, 3203572463
813, 779460, 181271, 144174, 134628, 170739, 74324, 74324, 3534516415
814, 781324, 170204, 156252, 146577, 160489, 73901, 73901, 456194501
815, 777647, 166944, 159839, 149884, 156614, 72183, 72183, 3754123976
816, 782996, 176941, 152441, 142999, 166861, 71877, 71877, 4047314552
817, 780132, 168226, 157579, 147803, 158172, 74176, 74176, 59740782
818, 777631, 152564, 174792, 164047, 142902, 71663, 71663, 3968299532
819, 782028, 173873, 149474, 139669, 163816, 77598, 77598, 4250401321
820, 781533, 161587, 168110, 157926, 151666, 71122, 71122, 4142511255
822, 776462, 164463, 163532, 153169, 154496, 70401, 70401, 29178643
821, 781352, 171061, 157350, 147530, 160683, 72364, 72364, 3223458805
824, 778112, 163024, 163932, 154319, 152935, 71951, 71951, 2223564660
823, 782956, 172161, 155968, 146392, 161751, 73342, 73342, 3294991890
826, 780470, 176303, 153070, 143459, 166396, 70621, 70621, 506235614
828, 783179, 156694, 171264, 161600, 147183, 73219, 73219, 316958050
827, 782476, 168153, 162456, 152341, 158696, 70415, 70415, 2141881827
825, 779567, 164569, 161331, 151610, 154331, 73863, 73863, 884659912
829, 778357, 165728, 161214, 151491, 155684, 72120, 72120, 2279471138
830, 783455, 175060, 152812, 143221, 164878, 73742, 73742, 2605419814
831, 779405, 167803, 160530, 150828, 157780, 71232, 71232, 828830572
832, 782447, 178949, 149473, 140091, 168414, 72760, 72760, 283920904
834, 782807, 163020, 165483, 155416, 152652, 73118, 73118, 3256355735
833, 783222, 162708, 169427, 159248, 153031, 69404, 69404, 1817262997
835, 780875, 147837, 179214, 168435, 138235, 73577, 73577, 260362442
838, 781203, 165011, 161746, 151779, 154857, 73905, 73905, 2894808357
836, 780738, 169856, 160850, 150734, 159630, 69834, 69834, 2884343214
837, 783143, 169830, 154942, 145331, 160114, 76463, 76463, 3555141586
839, 781534, 175727, 156059, 145866, 165514, 69184, 69184, 1230858509
840, 785163, 171209, 160028, 150322, 161576, 71014, 71014, 1495782772
842, 782186, 171103, 161186, 151632, 160345, 68960, 68960, 1164101647
843, 780749, 161640, 167201, 157371, 151593, 71472, 71472, 3124177742
841, 785239, 163230, 161462, 151535, 153658, 77677, 77677, 1904557008
844, 778603, 151339, 172336, 161670, 141754, 75752, 75752, 2958243700
845, 786022, 144155, 183438, 173415, 135430, 74792, 74792, 3830356154
846, 780520, 163432, 165643, 155355, 153480, 71305, 71305, 4232722537
847, 779921, 154789, 169556, 159664, 145102, 75405, 75405, 1664605951
848, 782864, 160450, 168598, 159018, 150466, 72166, 72166, 719964848
849, 776800, 180424, 148318, 138571, 170047, 69720, 69720, 789559856
851, 782554, 166828, 160356, 150319, 156929, 74061, 74061, 3746667219
850, 779208, 146601, 185172, 174384, 137077, 67987, 67987, 3777890164
852, 779782, 176480, 150582, 140710, 166120, 72945, 72945, 4205040959
853, 780974, 156541, 171386, 161123, 146606, 72659, 72659, 591111809
854, 777749, 155540, 172580, 162254, 145495, 70940, 70940, 3832063452
856, 784500, 155525, 171118, 161480, 145641, 75368, 75368, 2546288627
857, 780614, 166599, 159347, 149245, 156997, 74213, 74213, 3081543216
855, 781857, 148288, 175547, 165216, 138784, 77011, 77011, 4214738039
860, 781872, 160944, 166855, 156946, 150937, 73095, 73095, 669549963
858, 779472, 174207, 155652, 145695, 163920, 69999, 69999, 210370121
859, 778553, 168722, 160144, 150372, 158381, 70467, 70467, 1651253463
861, 782195, 174047, 161020, 151115, 163427, 66293, 66293, 309545698
863, 783109, 144785, 182590, 172015, 135497, 74111, 74111, 1866510133
862, 779132, 164061, 164032, 153969, 154030, 71520, 71520, 2275618049
864, 780936, 154124, 171637, 161250, 144331, 74797, 74797, 1805701952
866, 781518, 174087, 154534, 144784, 163857, 72128, 72128, 395551349
867, 783053, 149537, 180606, 170416, 140096, 71199, 71199, 3138470306
865, 785173, 165341, 164566, 154933, 155433, 72450, 72450, 477227802
869, 779328, 152862, 178012, 167368, 143530, 68778, 68778, 2518295124
868, 779774, 169661, 159382, 149630, 159647, 70727, 70727, 1046750845
870, 779927, 172383, 152262, 142176, 162062, 75522, 75522, 2056102785
872, 781567, 166288, 162735, 152758, 156392, 71697, 71697, 3278198708
877, 781148, 151621, 177634, 167328, 142249, 71158, 71158, 2328776171
873, 781239, 166210, 162204, 152511, 156228, 72043, 72043, 4189607377
871, 785093, 165682, 165121, 155403, 155973, 71457, 71457, 4150229576
876, 782582, 164886, 166365, 156159, 154992, 70090, 70090, 2831051091
874, 783598, 169591, 161504, 152147, 159604, 70376, 70376, 246278851
875, 778674, 169806, 158211, 148425, 160170, 71031, 71031, 1409690122
878, 783267, 161386, 167971, 157888, 151794, 72114, 72114, 2507720986
879, 780396, 166685, 161394, 151317, 156824, 72088, 72088, 3719257017
880, 783377, 155867, 170394, 160651, 146401, 75032, 75032, 3273377586
881, 779785, 173662, 149379, 139915, 163253, 76788, 76788, 3788787050
882, 782817, 170809, 154475, 145243, 161030, 75630, 75630, 2559281833
883, 779267, 156364, 171445, 161488, 146678, 71646, 71646, 3387092672
884, 781579, 169202, 157925, 148249, 159283, 73460, 73460, 3651300716
885, 785814, 171191, 156205, 146767, 161251, 75200, 75200, 1971320489
887, 781595, 153525, 173976, 164046, 143972, 73038, 73038, 3821275843
886, 780042, 165338, 160154, 150526, 154968, 74528, 74528, 4233727744
888, 780054, 169481, 156545, 146682, 159414, 73966, 73966, 3327471006
889, 781760, 157012, 169991, 160081, 146878, 73899, 73899, 3548319720
890, 781462, 167700, 156909, 147097, 157386, 76185, 76185, 833668280
891, 785275, 162214, 170764, 160350, 152955, 69496, 69496, 1490215023
893, 781301, 156612, 174369, 164112, 147030, 69589, 69589, 768141994
892, 778569, 159518, 164898, 155247, 149250, 74828, 74828, 1561281317
894, 782673, 171434, 158462, 149144, 161069, 71282, 71282, 2397527260
895, 783415, 167149, 162809, 153208, 157021, 71614, 71614, 2319238014
896, 780541, 150218, 177880, 167342, 140807, 72147, 72147, 3862760087
898, 785367, 163719, 166614, 156790, 153988, 72128, 72128, 116871695
897, 783074, 161868, 167110, 157101, 151901, 72547, 72547, 628183909
899, 780540, 143165, 177980, 167628, 133499, 79134, 79134, 437498467
900, 780722, 174024, 156143, 146374, 163585, 70298, 70298, 428636848
901, 783175, 167944, 163131, 153158, 157796, 70573, 70573, 3585644710
903, 783291, 157550, 166503, 156560, 148036, 77321, 77321, 635853576
904, 776806, 147892, 173606, 163311, 138489, 76754, 76754, 1395343002
902, 782767, 157033, 166701, 156529, 147238, 77633, 77633, 29227037
905, 781790, 166343, 160324, 150602, 156443, 74039, 74039, 4212493437
906, 783117, 157383, 172126, 161887, 147637, 72042, 72042, 1544877090
907, 780521, 167013, 159257, 149216, 156871, 74082, 74082, 918571254
909, 782954, 156020, 172182, 162224, 146448, 73040, 73040, 4050939677
908, 780188, 167604, 159151, 149226, 157613, 73297, 73297, 2637810483
910, 781470, 159614, 169813, 159983, 149626, 71217, 71217, 3563768874
911, 777672, 158337, 167301, 156669, 148839, 73263, 73263, 1193452982
914, 777819, 148866, 179592, 169091, 138892, 70689, 70689, 1446235810
913, 784287, 158527, 166803, 157520, 148895, 76271, 76271, 3667958711
912, 782181, 173132, 158447, 148439, 162801, 69681, 69681, 2923729919
915, 780997, 170457, 160966, 150957, 160197, 69210, 69210, 1403472189
916, 783331, 150191, 177919, 167701, 140510, 73505, 73505, 1436120399
917, 780082, 149569, 179869, 169396, 140206, 70521, 70521, 1151058735
920, 781942, 156558, 170245, 160172, 146797, 74085, 74085, 143891431
918, 784378, 162900, 167629, 157830, 153207, 71406, 71406, 588600709
921, 780083, 180809, 147150, 137533, 170407, 72092, 72092, 2651280554
919, 779492, 161274, 167209, 157402, 151509, 71049, 71049, 1781648639
922, 778820, 151721, 173404, 163250, 142351, 74047, 74047, 3808292023
923, 781337, 157926, 171145, 161092, 148170, 71502, 71502, 2095624992
927, 775066, 164774, 161155, 150695, 154780, 71831, 71831, 199317949
926, 783774, 157915, 172367, 162406, 147904, 71591, 71591, 1780664968
924, 785771, 152836, 178641, 168245, 143193, 71428, 71428, 3748540326
928, 778747, 164157, 163153, 153238, 153745, 72227, 72227, 670268476
925, 780535, 157674, 169223, 159464, 147700, 73237, 73237, 2646914537
930, 782986, 162302, 166753, 157229, 152454, 72124, 72124, 275706596
929, 783199, 175636, 155712, 146366, 166039, 69723, 69723, 2978308377
932, 782635, 168936, 158566, 148536, 158893, 73852, 73852, 2025603202
931, 783323, 157051, 170016, 159752, 147288, 74608, 74608, 2596692432
933, 786589, 170846, 157706, 147856, 161199, 74491, 74491, 2339040687
935, 780736, 161327, 165168, 155229, 151254, 73879, 73879, 2613054431
934, 783641, 160180, 168528, 158491, 150654, 72894, 72894, 1834167775
936, 781139, 151197, 177523, 167363, 141672, 71692, 71692, 1635214987
937, 779708, 151968, 172470, 162245, 142603, 75211, 75211, 2970470539
938, 783453, 168425, 162205, 152401, 158802, 70810, 70810, 4168828344
940, 780842, 166046, 160505, 150778, 156035, 73739, 73739, 3506246507
939, 783478, 168623, 158413, 148880, 158532, 74515, 74515, 2723404938
944, 775679, 164141, 162258, 152172, 153776, 71666, 71666, 707643756
942, 781246, 159981, 168118, 158199, 150152, 72398, 72398, 4163232446
941, 778138, 167528, 157760, 147929, 156997, 73962, 73962, 4011069880
943, 779845, 172115, 159226, 149130, 161966, 68704, 68704, 1007958590
945, 780837, 162096, 165956, 156331, 151996, 72229, 72229, 4279606469
947, 776039, 158320, 168248, 157960, 147987, 71762, 71762, 3388584900
948, 781320, 163773, 165397, 155756, 154002, 71196, 71196, 625297855
946, 783370, 159935, 169334, 159211, 150254, 72318, 72318, 2628269662
950, 783742, 153123, 174105, 163920, 143520, 74537, 74537, 3423407608
949, 780756, 153101, 176307, 165967, 143621, 70880, 70880, 2335771859
951, 781419, 173757, 155908, 146434, 163700, 70810, 70810, 2706641014
953, 785042, 164715, 168929, 158831, 154899, 68834, 68834, 2130234941
952, 782431, 171761, 151719, 142010, 161403, 77769, 77769, 3616772018
954, 779626, 174585, 157737, 147951, 164277, 67538, 67538, 1246618844
957, 781226, 155817, 172015, 161909, 146353, 72566, 72566, 2469631675
956, 784090, 159173, 173528, 163232, 149721, 69218, 69218, 421607380
955, 782407, 161842, 167538, 157780, 152001, 71623, 71623, 1285057662
958, 781701, 162930, 167060, 157007, 153040, 70832, 70832, 1169686574
960, 782122, 159643, 173056, 162958, 149763, 68351, 68351, 3570072596
961, 778838, 159380, 172029, 161225, 149112, 68546, 68546, 2709936604
962, 778860, 166849, 157757, 148106, 156776, 74686, 74686, 740714669
963, 779294, 174175, 152355, 142703, 163705, 73178, 73178, 410908086
959, 783438, 168759, 160707, 151123, 158761, 72044, 72044, 3609861464
964, 783601, 163099, 167387, 157751, 153184, 71090, 71090, 3984292009
965, 782604, 161666, 169557, 159271, 152448, 69831, 69831, 1611692303
966, 779829, 171176, 153963, 144091, 160789, 74905, 74905, 3950732257
967, 778952, 165467, 164252, 154485, 155118, 69815, 69815, 2920945996
968, 783861, 168574, 162816, 152924, 158687, 70430, 70430, 120761360
970, 780292, 153370, 175714, 165419, 143659, 71065, 71065, 1741782588
969, 781684, 156176, 171550, 161494, 146590, 72937, 72937, 3816810394
974, 781159, 153495, 171868, 161381, 144315, 75050, 75050, 2694680655
971, 777629, 156600, 167894, 157464, 146463, 74604, 74604, 2324536291
972, 778390, 163887, 159562, 149541, 153816, 75792, 75792, 1384570918
975, 782076, 156759, 167427, 157218, 146900, 76886, 76886, 3716666078
973, 778353, 158940, 165490, 155297, 149128, 74749, 74749, 3853204567
976, 780513, 161835, 165007, 154981, 152080, 73305, 73305, 2632524943
978, 778011, 165597, 162604, 152298, 155428, 71042, 71042, 1570355362
977, 782532, 150408, 179458, 168998, 140778, 71445, 71445, 4229660677
980, 783808, 178899, 146846, 137122, 168707, 76117, 76117, 1202166642
979, 784620, 174150, 157357, 147777, 164058, 70639, 70639, 817229790
981, 780973, 157707, 171317, 160840, 148141, 71484, 71484, 2994205613
982, 779893, 164450, 162243, 152056, 154540, 73302, 73302, 4073122392
983, 783991, 173336, 156179, 146557, 163115, 72402, 72402, 2534417276
984, 780526, 151822, 173710, 163433, 142549, 74506, 74506, 3671870218
986, 782528, 174896, 153664, 143806, 164622, 72770, 72770, 2199258622
985, 780352, 164194, 155946, 146015, 154137, 80030, 80030, 3805060455
987, 780442, 161234, 166662, 156677, 151061, 72404, 72404, 2783324072
991, 779582, 159988, 165391, 155548, 149767, 74444, 74444, 2004508986
988, 779492, 153291, 169962, 159952, 143583, 76352, 76352, 1821616727
989, 781464, 159528, 170778, 160264, 149588, 70653, 70653, 1854403398
990, 780273, 164078, 160907, 150685, 154029, 75287, 75287, 955197238
993, 781687, 169862, 161380, 151390, 160027, 69514, 69514, 1940118803
994, 777787, 163442, 162053, 152354, 153296, 73321, 73321, 3697932793
992, 780220, 169158, 157949, 147827, 159376, 72955, 72955, 2227212848
995, 782085, 151365, 175660, 165186, 141976, 73949, 73949, 2581837640
999, 778666, 158204, 166239, 156058, 148517, 74824, 74824, 3132385579
997, 781822, 175421, 153312, 143548, 165173, 72184, 72184, 2083721707
996, 781792, 156233, 172138, 162206, 146449, 72383, 72383, 1606876580
998, 783705, 167927, 159681, 149905, 157986, 74103, 74103, 1831513044
