sample_id, N_LCC, N_A_1_LCC, N_B_1_LCC, N_A_0_LCC, N_B_0_LCC, N_A_*_LCC, N_B_*_LCC, seed
13, 2945628, 1066, 1457917, 1455836, 737, 15036, 15036, 385572954
2, 2941006, 1159, 1455121, 1453560, 796, 15185, 15185, 387307638
3, 2947489, 1179, 1457870, 1456970, 818, 15326, 15326, 2745810201
0, 2940460, 1155, 1453895, 1452962, 832, 15808, 15808, 889502455
6, 2942312, 1455498, 1255, 874, 1454173, 15256, 15256, 3237098953
1, 2942224, 1071, 1455952, 1455173, 716, 14656, 14656, 4051186774
9, 2943360, 1124, 1456005, 1455448, 781, 15001, 15001, 3541657426
4, 2941700, 1455393, 1128, 759, 1454266, 15077, 15077, 2438625422
8, 2939267, 1453918, 1197, 823, 1453359, 14985, 14985, 1393643925
10, 2943808, 1177, 1455391, 1455057, 831, 15676, 15676, 2971627979
15, 2946029, 1150, 1457654, 1456835, 796, 14797, 14797, 130595281
20, 2943870, 1304, 1455997, 1454959, 908, 15351, 15351, 2066915515
18, 2946362, 1345, 1457349, 1456359, 945, 15182, 15182, 458335288
12, 2944312, 1250, 1456651, 1456000, 881, 14765, 14765, 1931698180
22, 2942408, 1193, 1455481, 1454233, 861, 15320, 15320, 1565572946
5, 2947647, 1458416, 1011, 711, 1456875, 15317, 15317, 2627362310
11, 2944395, 1456809, 1099, 764, 1455837, 14943, 14943, 137027343
16, 2941508, 1455260, 1166, 813, 1454717, 14776, 14776, 1795059229
19, 2940687, 1454630, 1157, 816, 1453798, 15143, 15143, 2348771339
21, 2939095, 1141, 1453176, 1452677, 795, 15653, 15653, 1080993125
24, 2941365, 1455265, 1199, 860, 1453809, 15116, 15116, 3409739191
7, 2945082, 1456236, 1192, 823, 1455785, 15523, 15523, 773121308
14, 2941628, 1454901, 1249, 876, 1454058, 15272, 15272, 1673696913
17, 2942615, 1058, 1456279, 1455045, 737, 14748, 14748, 1061251687
23, 2945790, 1457456, 1173, 856, 1456225, 15040, 15040, 4280906464
26, 2936016, 1452169, 1281, 897, 1451083, 15293, 15293, 953993141
27, 2948203, 1458983, 994, 664, 1458178, 14692, 14692, 905113092
29, 2943771, 1267, 1455670, 1455084, 918, 15416, 15416, 268894615
28, 2940837, 1025, 1454554, 1453962, 728, 15284, 15284, 3914483686
31, 2944224, 1075, 1456654, 1455589, 724, 15091, 15091, 3635838846
25, 2939310, 1453539, 1296, 913, 1452778, 15392, 15392, 915013883
32, 2945226, 1041, 1457018, 1456314, 711, 15071, 15071, 189529951
34, 2942203, 1455450, 1138, 784, 1454187, 15322, 15322, 2084965491
38, 2941515, 1321, 1454845, 1454043, 942, 15182, 15182, 1923796101
36, 2939775, 1454294, 1083, 733, 1452933, 15366, 15366, 81749100
35, 2950278, 1459572, 1149, 796, 1458773, 14994, 14994, 1840244602
37, 2939602, 1454305, 992, 688, 1453057, 15280, 15280, 2877868989
45, 2939090, 1034, 1454216, 1452925, 727, 15094, 15094, 3396661268
40, 2939110, 1454094, 1099, 768, 1453033, 15058, 15058, 1621664070
33, 2943237, 1153, 1456154, 1455343, 799, 14894, 14894, 751577505
30, 2946051, 1457480, 1121, 778, 1456910, 14881, 14881, 3732792440
41, 2943466, 1455905, 1203, 849, 1455221, 15144, 15144, 1192475673
44, 2949265, 1246, 1458852, 1458466, 883, 14909, 14909, 2818898188
43, 2945087, 1456764, 1001, 685, 1455979, 15329, 15329, 3975779933
46, 2934676, 1451035, 1169, 838, 1450440, 15597, 15597, 2470747816
48, 2940925, 1300, 1454732, 1453720, 931, 15121, 15121, 835943212
47, 2938502, 1452707, 1243, 868, 1452246, 15719, 15719, 24790812
50, 2944080, 1122, 1456684, 1456064, 766, 14722, 14722, 3368487140
53, 2943528, 1136, 1456734, 1455567, 773, 14659, 14659, 1889309307
51, 2944051, 1230, 1456310, 1455580, 867, 15032, 15032, 1264839325
55, 2940196, 1118, 1454052, 1452853, 743, 15715, 15715, 1232911285
39, 2941982, 1454621, 1206, 853, 1453932, 15685, 15685, 902707871
42, 2949075, 1459461, 1052, 702, 1458608, 14626, 14626, 4209187737
56, 2938444, 1453386, 1111, 756, 1452607, 15292, 15292, 348475394
52, 2945573, 1457287, 1270, 905, 1456391, 14860, 14860, 2251034268
60, 2942989, 1173, 1455359, 1454217, 812, 15714, 15714, 1101147569
59, 2941969, 1228, 1455015, 1454481, 853, 15196, 15196, 2229902560
49, 2942248, 1455113, 1070, 743, 1454386, 15468, 15468, 843810366
62, 2944881, 1047, 1457437, 1456665, 736, 14498, 14498, 4002508335
64, 2939811, 1219, 1453817, 1452779, 842, 15577, 15577, 207420924
57, 2941625, 1455052, 968, 641, 1454624, 15170, 15170, 257851776
61, 2940389, 1216, 1453921, 1453328, 854, 15535, 15535, 1758505367
67, 2940498, 1307, 1455168, 1453623, 938, 14731, 14731, 243994301
58, 2938611, 1102, 1453639, 1452576, 776, 15259, 15259, 114424245
65, 2942959, 1311, 1454973, 1454498, 933, 15622, 15622, 3290122478
70, 2943263, 1041, 1456532, 1454543, 717, 15215, 15215, 1796002608
66, 2939508, 1453731, 1256, 878, 1453155, 15244, 15244, 3236164284
54, 2938297, 1171, 1452704, 1452314, 806, 15651, 15651, 4063529661
71, 2943454, 1316, 1455431, 1454629, 980, 15549, 15549, 3730044365
74, 2938860, 1453448, 1190, 852, 1452558, 15406, 15406, 1576163458
63, 2940440, 1454007, 1152, 797, 1453290, 15597, 15597, 4030911424
76, 2945518, 1079, 1456954, 1456346, 733, 15203, 15203, 3857851129
69, 2939173, 1453200, 1203, 833, 1452545, 15696, 15696, 3489725011
72, 2943571, 1455552, 1156, 820, 1455125, 15459, 15459, 3077685342
68, 2943460, 1456826, 1137, 786, 1455117, 14797, 14797, 2414918572
77, 2939018, 1453820, 1086, 739, 1452731, 15321, 15321, 1174716535
79, 2945140, 1114, 1456628, 1455890, 780, 15364, 15364, 1490708736
78, 2946498, 1457664, 1219, 837, 1456728, 15025, 15025, 3931641338
80, 2939004, 1453792, 1019, 696, 1453189, 15154, 15154, 3517621567
82, 2943546, 1456208, 1210, 868, 1455292, 14984, 14984, 3159317224
84, 2935839, 1210, 1451971, 1450814, 834, 15505, 15505, 3036546422
85, 2943479, 1179, 1456124, 1454898, 850, 15214, 15214, 590561693
89, 2940502, 1263, 1454555, 1453376, 894, 15207, 15207, 2366280163
83, 2941972, 1455287, 1280, 930, 1454481, 14997, 14997, 739126086
75, 2942172, 1455450, 1053, 712, 1454881, 15038, 15038, 2094975925
73, 2940904, 1454891, 1109, 790, 1454482, 14816, 14816, 3489326566
90, 2942981, 1455761, 1115, 777, 1454950, 15189, 15189, 4260612212
86, 2936087, 1452058, 1021, 693, 1451525, 15395, 15395, 2745418338
87, 2939809, 1453897, 1080, 757, 1453437, 15319, 15319, 2322143920
91, 2940309, 1454184, 1188, 822, 1453751, 15182, 15182, 853958987
95, 2939453, 1453810, 1154, 815, 1453174, 15250, 15250, 2270134006
81, 2945806, 1456687, 1188, 829, 1456268, 15417, 15417, 2457089080
99, 2950826, 1106, 1460182, 1459455, 763, 14660, 14660, 1402269145
93, 2942658, 1455454, 1128, 778, 1454868, 15215, 15215, 1108492551
94, 2942511, 1455305, 1163, 819, 1454916, 15154, 15154, 1329575266
100, 2937495, 1011, 1452624, 1452031, 697, 15566, 15566, 4117919811
88, 2944484, 1456456, 1164, 788, 1456010, 15033, 15033, 453258134
102, 2943584, 1162, 1456525, 1455353, 834, 14855, 14855, 1979230795
92, 2945209, 1457240, 1117, 778, 1456450, 14812, 14812, 890456014
104, 2938927, 1366, 1453570, 1452392, 997, 15301, 15301, 2179090685
98, 2939831, 1170, 1454018, 1453651, 810, 15091, 15091, 3017340072
101, 2948557, 1458435, 1093, 778, 1457993, 15129, 15129, 2327802715
96, 2936543, 1170, 1452429, 1451889, 833, 15111, 15111, 3485046957
103, 2938969, 1453763, 1093, 756, 1453133, 15112, 15112, 827603963
105, 2941048, 1225, 1454473, 1453644, 842, 15432, 15432, 2770482852
107, 2942073, 1092, 1455572, 1454581, 720, 15054, 15054, 3971312321
106, 2943705, 1456464, 1256, 867, 1454988, 15065, 15065, 3195268330
110, 2940928, 1228, 1455225, 1453165, 876, 15217, 15217, 1230133863
97, 2942636, 1455459, 1246, 875, 1454604, 15226, 15226, 1720460031
113, 2941583, 1129, 1455038, 1454070, 774, 15286, 15286, 3795016672
116, 2947473, 1170, 1458051, 1457057, 841, 15177, 15177, 2743056979
117, 2939106, 1017, 1453683, 1453003, 693, 15355, 15355, 718097284
112, 2935955, 1451859, 1132, 796, 1451390, 15389, 15389, 3654887619
118, 2942452, 1154, 1455717, 1454986, 819, 14888, 14888, 1132343850
114, 2945956, 1457747, 1206, 855, 1456576, 14786, 14786, 3407579188
111, 2941007, 1454723, 978, 643, 1454175, 15244, 15244, 500709625
109, 2939398, 1034, 1454802, 1453331, 727, 14752, 14752, 2596514661
121, 2943825, 1456045, 1265, 881, 1455312, 15161, 15161, 2798199630
123, 2941649, 1157, 1454781, 1453717, 796, 15599, 15599, 2235808737
119, 2940417, 1454635, 1094, 770, 1453926, 14996, 14996, 2327459195
122, 2944618, 1457031, 1120, 777, 1455784, 14953, 14953, 2835867762
115, 2942048, 1151, 1455280, 1454003, 810, 15402, 15402, 1384751278
128, 2940902, 1089, 1454730, 1453371, 732, 15490, 15490, 2077019498
108, 2939868, 1454016, 1131, 784, 1453319, 15309, 15309, 1005326113
125, 2942191, 1054, 1455121, 1454349, 707, 15480, 15480, 1764825927
120, 2936661, 1452460, 1401, 999, 1451195, 15303, 15303, 992970602
126, 2942680, 1455016, 1428, 1011, 1453987, 15619, 15619, 1508449570
124, 2939455, 1453297, 1261, 892, 1452833, 15586, 15586, 132702778
129, 2944005, 1456991, 1110, 755, 1455285, 14932, 14932, 595044481
134, 2937333, 1256, 1453144, 1451865, 876, 15096, 15096, 1973981914
127, 2939276, 1453068, 1321, 922, 1452683, 15641, 15641, 926790893
132, 2941005, 1454861, 1143, 771, 1453968, 15131, 15131, 2920289049
131, 2938740, 1452909, 1237, 860, 1452236, 15749, 15749, 1841324914
137, 2942337, 1172, 1455417, 1454720, 824, 15102, 15102, 249181193
136, 2943637, 1213, 1455751, 1455217, 848, 15304, 15304, 1849183497
135, 2948310, 974, 1458602, 1457977, 663, 15047, 15047, 2002136989
133, 2945866, 1457175, 975, 668, 1456760, 15144, 15144, 3686295661
142, 2944525, 1275, 1455853, 1455351, 906, 15570, 15570, 737239932
138, 2943492, 1094, 1455491, 1454923, 738, 15623, 15623, 1058608773
141, 2946769, 1458297, 1050, 698, 1457036, 14844, 14844, 277285947
143, 2942693, 1455888, 1156, 803, 1455088, 14879, 14879, 3217773895
130, 2942066, 1454673, 1203, 848, 1454060, 15641, 15641, 1760704231
147, 2938467, 1042, 1453820, 1452700, 733, 15086, 15086, 2723570399
146, 2937133, 1156, 1452452, 1451604, 801, 15560, 15560, 2064769641
149, 2946681, 1458245, 1020, 701, 1456993, 14861, 14861, 3786955742
144, 2945307, 1456769, 1068, 715, 1456379, 15188, 15188, 1259209103
140, 2949696, 1459356, 1131, 776, 1458413, 15010, 15010, 1004450428
145, 2940482, 1454229, 1111, 750, 1453814, 15289, 15289, 2695057259
153, 2945526, 1144, 1457415, 1456314, 799, 14927, 14927, 4087193359
155, 2947986, 1458724, 1007, 684, 1457425, 15073, 15073, 3926844738
139, 2942288, 1250, 1454937, 1454571, 872, 15329, 15329, 3749498256
148, 2942834, 1174, 1455783, 1454900, 805, 15086, 15086, 3393816460
154, 2947771, 1457842, 1221, 870, 1457404, 15217, 15217, 2452567874
150, 2940958, 996, 1455625, 1453768, 679, 14945, 14945, 4074865352
160, 2945048, 964, 1457338, 1456091, 661, 14997, 14997, 469221879
163, 2939671, 1267, 1454029, 1452752, 909, 15357, 15357, 1802121883
157, 2942471, 1455150, 1192, 846, 1454603, 15340, 15340, 1809285133
162, 2938044, 1453625, 1170, 798, 1451697, 15377, 15377, 1797905040
151, 2945848, 1457283, 1098, 763, 1456504, 15100, 15100, 3877854032
152, 2941277, 1453965, 1276, 920, 1453454, 15831, 15831, 2018539552
156, 2942499, 1182, 1455622, 1455193, 808, 14847, 14847, 1370187859
167, 2943745, 1077, 1455911, 1455150, 739, 15434, 15434, 3730915271
158, 2949816, 1012, 1459067, 1458386, 687, 15332, 15332, 2705251102
168, 2944952, 1155, 1457247, 1456615, 799, 14568, 14568, 931654720
170, 2938659, 1172, 1453875, 1452015, 835, 15381, 15381, 2686149995
164, 2943251, 1456081, 1339, 973, 1455600, 14629, 14629, 2024699443
159, 2937379, 1230, 1452795, 1452163, 875, 15158, 15158, 3242579940
161, 2943618, 1289, 1456242, 1454963, 920, 15102, 15102, 4209766028
166, 2946901, 1058, 1458095, 1456915, 741, 15046, 15046, 2372730614
165, 2940847, 1303, 1454096, 1453739, 915, 15397, 15397, 1492831523
179, 2941782, 1033, 1455756, 1454345, 764, 14942, 14942, 3316050423
171, 2940654, 1258, 1454226, 1453792, 890, 15244, 15244, 2340471412
174, 2942964, 1456502, 1004, 668, 1454666, 15062, 15062, 1356924201
172, 2939871, 1454264, 1126, 759, 1453746, 14988, 14988, 2599014548
175, 2941852, 1455875, 1144, 795, 1454124, 14957, 14957, 290194701
178, 2942489, 1455227, 1165, 822, 1454435, 15420, 15420, 4246863739
169, 2941500, 1454691, 1360, 984, 1453471, 15497, 15497, 2122538739
180, 2941661, 1455032, 1181, 816, 1454192, 15220, 15220, 2662608826
181, 2939512, 1149, 1453451, 1452759, 795, 15679, 15679, 2687065903
173, 2946052, 1108, 1457730, 1457130, 752, 14666, 14666, 1454649275
183, 2949535, 1069, 1459392, 1458460, 736, 14939, 14939, 3977823670
185, 2940349, 1332, 1453903, 1453343, 929, 15421, 15421, 3312792099
176, 2937795, 985, 1453116, 1452335, 667, 15346, 15346, 2311367661
188, 2949863, 1236, 1459762, 1458190, 911, 14882, 14882, 1433711459
177, 2946931, 1029, 1457731, 1457357, 700, 15057, 15057, 2839761004
184, 2942032, 1455342, 1076, 700, 1454316, 15299, 15299, 831598598
187, 2939922, 1453968, 1181, 811, 1452602, 15680, 15680, 3068596820
190, 2941372, 1078, 1455096, 1454110, 742, 15173, 15173, 326392269
191, 2942086, 873, 1456440, 1454518, 575, 14840, 14840, 3708146669
186, 2935995, 1452113, 1072, 744, 1451452, 15307, 15307, 3536451331
189, 2941990, 1455426, 1239, 881, 1454080, 15182, 15182, 1565410716
193, 2940560, 1455078, 1045, 709, 1453516, 15106, 15106, 3498926826
194, 2941715, 1456046, 948, 642, 1454275, 14902, 14902, 3234028313
182, 2938357, 1076, 1453246, 1452747, 720, 15284, 15284, 1347684838
200, 2944892, 970, 1457425, 1456504, 645, 14674, 14674, 3138938550
198, 2947080, 1458568, 1195, 859, 1456902, 14778, 14778, 135452157
202, 2941751, 1455308, 1164, 810, 1454021, 15224, 15224, 4231552516
196, 2941493, 1454129, 1259, 854, 1453437, 15907, 15907, 691332785
201, 2943956, 1456426, 1047, 710, 1455591, 15091, 15091, 3344360645
206, 2946972, 1458138, 1290, 908, 1456300, 15168, 15168, 2918294249
209, 2948822, 1144, 1459096, 1457846, 814, 14961, 14961, 4115107224
192, 2945974, 1457254, 1088, 717, 1456507, 15204, 15204, 2979391693
205, 2941818, 1454709, 1300, 911, 1454084, 15407, 15407, 3805374306
197, 2942812, 1097, 1455421, 1454537, 761, 15498, 15498, 2418516068
208, 2943680, 1456520, 947, 654, 1456037, 14761, 14761, 518799482
199, 2941777, 1455722, 1096, 751, 1454586, 14811, 14811, 2457773381
195, 2942510, 1455133, 1237, 868, 1454722, 15275, 15275, 235695575
211, 2943610, 995, 1456086, 1455440, 645, 15222, 15222, 2571808128
204, 2940660, 1454518, 1046, 707, 1452873, 15758, 15758, 3249024050
214, 2940430, 1176, 1454316, 1453359, 817, 15381, 15381, 2852174285
203, 2936844, 1452267, 1265, 911, 1451819, 15291, 15291, 294592767
207, 2940129, 1023, 1454275, 1453806, 695, 15165, 15165, 2950630541
212, 2944308, 1456102, 1117, 778, 1455629, 15341, 15341, 1632221351
217, 2942305, 1455676, 967, 647, 1454687, 15164, 15164, 2513027998
210, 2947761, 1126, 1458743, 1457543, 775, 14787, 14787, 1125346686
218, 2947786, 935, 1458427, 1457857, 615, 14976, 14976, 1511969698
216, 2943832, 1456400, 1108, 759, 1455621, 14972, 14972, 3331936054
221, 2939872, 1373, 1454152, 1452647, 996, 15352, 15352, 1564982864
219, 2940796, 1201, 1453887, 1453409, 863, 15718, 15718, 1257719309
213, 2941403, 1454788, 1403, 1018, 1453878, 15158, 15158, 3329512664
222, 2937271, 1452694, 1176, 805, 1451772, 15412, 15412, 2885173152
224, 2942952, 1455693, 1088, 742, 1454967, 15231, 15231, 1066475502
223, 2935671, 1282, 1451384, 1450929, 900, 15588, 15588, 2732782263
232, 2939218, 1144, 1454219, 1453346, 765, 14872, 14872, 2649818261
226, 2940531, 1200, 1454380, 1453652, 843, 15228, 15228, 2049845319
229, 2947327, 1458282, 1102, 759, 1457172, 15006, 15006, 3492183793
228, 2938632, 1453062, 1349, 955, 1452260, 15503, 15503, 969893309
220, 2942679, 1455158, 1226, 850, 1454723, 15361, 15361, 2034496851
230, 2939331, 1453767, 1120, 791, 1452877, 15388, 15388, 2180006361
215, 2941903, 1455250, 993, 657, 1454721, 15141, 15141, 1379514539
225, 2934585, 1450853, 1471, 1059, 1450284, 15459, 15459, 2999463411
227, 2948256, 1458618, 1049, 726, 1458205, 14829, 14829, 2607937859
233, 2944130, 1456914, 1217, 867, 1455230, 14951, 14951, 2976227348
237, 2944590, 1213, 1457192, 1455541, 880, 14882, 14882, 1887262962
231, 2940598, 1454879, 1122, 768, 1454067, 14881, 14881, 122227901
241, 2942864, 950, 1455803, 1454748, 617, 15373, 15373, 2085777977
234, 2944534, 1456704, 1067, 721, 1456172, 14935, 14935, 1145046876
236, 2943413, 1456308, 1026, 697, 1455430, 14976, 14976, 3554338747
243, 2940582, 1454956, 1052, 716, 1453572, 15143, 15143, 2692383658
239, 2939150, 1453650, 1194, 837, 1453241, 15114, 15114, 1192704507
245, 2945069, 1456717, 1273, 917, 1456254, 14954, 14954, 3465362285
242, 2947836, 1038, 1458017, 1457558, 699, 15262, 15262, 1368086184
244, 2943850, 1455962, 1147, 778, 1455527, 15218, 15218, 2728272788
235, 2951013, 1033, 1459886, 1459419, 679, 14998, 14998, 1333191140
248, 2942311, 1109, 1455235, 1454624, 749, 15297, 15297, 1041346074
247, 2937378, 1272, 1452604, 1452237, 895, 15185, 15185, 1058321669
240, 2947504, 1001, 1457998, 1457441, 700, 15182, 15182, 3720356710
238, 2946720, 1154, 1457391, 1456931, 778, 15233, 15233, 124580919
255, 2939763, 1177, 1454129, 1453092, 817, 15274, 15274, 1722984898
252, 2940785, 1454415, 1204, 839, 1453779, 15274, 15274, 639581440
254, 2939033, 1453639, 1291, 903, 1452276, 15462, 15462, 2819405911
257, 2939068, 1169, 1453576, 1452963, 804, 15278, 15278, 3371433192
246, 2946016, 1457380, 1077, 751, 1456356, 15226, 15226, 3698663255
260, 2946248, 1157, 1457338, 1456563, 820, 15185, 15185, 3269828567
253, 2939421, 1453510, 1255, 909, 1452601, 15573, 15573, 1165361113
250, 2942254, 1311, 1454967, 1454248, 928, 15400, 15400, 2868817564
258, 2942224, 1455939, 1059, 726, 1454986, 14757, 14757, 1876031979
251, 2948269, 1458924, 912, 596, 1458283, 14777, 14777, 757055809
249, 2941667, 1455270, 1115, 799, 1454533, 14975, 14975, 1054055432
259, 2940562, 1454294, 1116, 752, 1453588, 15406, 15406, 614238830
261, 2941336, 1230, 1454577, 1454006, 859, 15332, 15332, 2611923169
262, 2947893, 976, 1459545, 1458453, 647, 14136, 14136, 2646538017
256, 2942072, 1112, 1455177, 1453786, 761, 15618, 15618, 730285228
264, 2940111, 1208, 1454358, 1453410, 833, 15151, 15151, 2088796205
263, 2939947, 1152, 1454306, 1453365, 806, 15159, 15159, 2754487875
268, 2938092, 1041, 1453083, 1452245, 711, 15506, 15506, 2231747760
266, 2946644, 1459169, 1030, 686, 1456843, 14458, 14458, 356937307
269, 2939486, 1454105, 1273, 919, 1452501, 15344, 15344, 70742976
272, 2939405, 1454207, 1226, 863, 1452723, 15193, 15193, 3766197356
271, 2942184, 1455668, 1156, 800, 1454180, 15190, 15190, 3268922409
277, 2942240, 1104, 1455677, 1454702, 765, 14996, 14996, 3102926921
265, 2937609, 1032, 1453878, 1452515, 706, 14739, 14739, 2469760566
275, 2941774, 1455113, 1115, 768, 1454164, 15307, 15307, 2691635905
274, 2932442, 1449625, 1298, 923, 1448794, 15901, 15901, 950398054
270, 2941460, 1225, 1455078, 1454297, 862, 14999, 14999, 900634781
279, 2941303, 1455434, 1038, 717, 1454382, 14866, 14866, 3845228879
282, 2939377, 1013, 1454405, 1452973, 712, 15137, 15137, 3424445641
280, 2942570, 1455338, 1114, 748, 1454666, 15352, 15352, 4135919101
267, 2941456, 1454649, 1095, 753, 1454047, 15456, 15456, 2873518359
283, 2944966, 1000, 1457114, 1456313, 679, 14930, 14930, 3839740611
287, 2944810, 1172, 1456765, 1455390, 821, 15331, 15331, 739022800
284, 2946801, 1065, 1457907, 1457161, 730, 14969, 14969, 2934980537
281, 2945065, 1264, 1456098, 1455635, 908, 15580, 15580, 572355898
276, 2941368, 1268, 1454770, 1454174, 912, 15122, 15122, 412117364
273, 2941490, 1142, 1454932, 1454417, 801, 15099, 15099, 697414858
278, 2939907, 1158, 1453982, 1452987, 806, 15487, 15487, 1242353292
285, 2943451, 1226, 1455640, 1455094, 877, 15307, 15307, 2651667353
286, 2945062, 1456810, 1278, 883, 1455851, 15120, 15120, 3354739646
292, 2941831, 1072, 1456217, 1454739, 743, 14530, 14530, 4202933151
294, 2941660, 1242, 1455180, 1454113, 881, 15122, 15122, 1644071275
291, 2936164, 1169, 1451542, 1451086, 831, 15768, 15768, 3548333038
295, 2938633, 1095, 1453136, 1452667, 773, 15481, 15481, 932566534
293, 2940858, 1350, 1453872, 1453387, 983, 15633, 15633, 430565837
297, 2946231, 1457500, 1132, 787, 1456686, 15063, 15063, 366593397
298, 2944268, 1457243, 1027, 697, 1455263, 15019, 15019, 1063810188
299, 2943250, 1455988, 1144, 789, 1454717, 15306, 15306, 3224126044
296, 2939483, 1453905, 1076, 762, 1452984, 15378, 15378, 2764940340
303, 2941987, 1015, 1456036, 1454903, 649, 14692, 14692, 349382966
288, 2948014, 1458778, 1201, 830, 1457699, 14753, 14753, 1084677087
290, 2946581, 1457552, 1014, 692, 1456859, 15232, 15232, 2813384815
289, 2940481, 1454393, 1186, 822, 1454024, 15028, 15028, 2320158658
300, 2946284, 1134, 1457410, 1456306, 776, 15329, 15329, 2695905228
306, 2941250, 1130, 1455068, 1454304, 784, 14982, 14982, 242833295
312, 2939136, 1244, 1453754, 1452501, 879, 15379, 15379, 1159515036
310, 2938972, 1367, 1452969, 1452429, 977, 15615, 15615, 167122271
301, 2940723, 1454594, 1178, 824, 1453793, 15167, 15167, 2909624775
304, 2941441, 884, 1455029, 1454506, 578, 15222, 15222, 2365318176
309, 2940126, 1454335, 1009, 678, 1453680, 15212, 15212, 1444166545
302, 2950338, 1459094, 1171, 813, 1458456, 15402, 15402, 1288838653
311, 2944434, 1456235, 1147, 801, 1455821, 15215, 15215, 2724809460
314, 2943534, 1112, 1455985, 1455365, 766, 15153, 15153, 1647613086
313, 2939583, 1160, 1453195, 1452785, 811, 15816, 15816, 1632205389
308, 2936961, 1451938, 1211, 839, 1451503, 15735, 15735, 2088469252
317, 2948317, 1118, 1458758, 1457782, 773, 14943, 14943, 1098663918
316, 2944040, 1456247, 1246, 858, 1454843, 15423, 15423, 2415586255
305, 2942773, 1455371, 1291, 903, 1454898, 15155, 15155, 2624562172
307, 2946251, 885, 1457672, 1457230, 584, 14940, 14940, 92436999
315, 2943753, 1456134, 1088, 762, 1455351, 15209, 15209, 4233248569
321, 2948729, 1094, 1459107, 1458183, 757, 14794, 14794, 1948203678
318, 2941545, 1455151, 1115, 790, 1454657, 14916, 14916, 4116125356
327, 2947134, 1099, 1458734, 1457229, 742, 14665, 14665, 792295248
325, 2940847, 1015, 1455139, 1454101, 666, 14963, 14963, 282458799
323, 2946764, 1057, 1457759, 1457378, 726, 14922, 14922, 2223147846
329, 2942594, 1147, 1455376, 1454897, 774, 15200, 15200, 2434339435
320, 2938698, 1079, 1453889, 1452900, 750, 15040, 15040, 4199746380
331, 2940328, 1454400, 1268, 899, 1452901, 15430, 15430, 647204205
330, 2945301, 1456892, 1145, 801, 1456363, 15050, 15050, 2103721279
319, 2946122, 1457771, 1027, 704, 1457272, 14674, 14674, 1911837376
332, 2945769, 1457149, 1155, 811, 1456662, 14996, 14996, 3522316004
326, 2939074, 1453215, 1137, 779, 1452701, 15621, 15621, 2257163245
322, 2945600, 1457275, 1143, 773, 1456509, 14950, 14950, 1561188678
335, 2941393, 1454855, 1295, 894, 1453729, 15310, 15310, 652209768
324, 2944245, 1456103, 1307, 936, 1455179, 15360, 15360, 413001894
338, 2941079, 1231, 1454757, 1454014, 871, 15103, 15103, 226898518
333, 2943871, 1165, 1456021, 1454828, 837, 15510, 15510, 2959514517
341, 2940355, 1117, 1454826, 1453633, 777, 15001, 15001, 612181854
328, 2944964, 1456888, 1063, 737, 1456152, 15062, 15062, 4243003524
339, 2944333, 1456621, 1173, 811, 1455692, 15018, 15018, 1486894024
342, 2939047, 1066, 1453934, 1452860, 713, 15237, 15237, 581876428
343, 2937141, 1186, 1452313, 1451561, 833, 15624, 15624, 2663251779
334, 2946251, 1458116, 1010, 705, 1456482, 14969, 14969, 3784820622
345, 2943981, 1043, 1456739, 1455553, 722, 14962, 14962, 2257586505
344, 2939304, 1453484, 1080, 728, 1452990, 15511, 15511, 745995625
349, 2945122, 1019, 1457380, 1456258, 687, 14889, 14889, 3867617680
348, 2939175, 1111, 1453768, 1452495, 779, 15511, 15511, 2922503204
337, 2946409, 1013, 1457982, 1457418, 710, 14643, 14643, 1229034165
336, 2942015, 1187, 1455053, 1454680, 849, 15123, 15123, 2255530895
340, 2938481, 1049, 1453711, 1453100, 715, 14953, 14953, 2536867516
350, 2943275, 1456286, 1113, 785, 1454941, 15075, 15075, 1833159746
353, 2949367, 1139, 1459399, 1458316, 787, 14863, 14863, 1426799870
347, 2944714, 1456322, 1233, 874, 1455627, 15329, 15329, 2217972645
356, 2939177, 1097, 1454127, 1452946, 755, 15126, 15126, 2471652579
352, 2947650, 1457989, 1268, 915, 1457382, 15048, 15048, 3818824403
354, 2945422, 1456624, 1014, 688, 1456138, 15479, 15479, 306037646
358, 2938961, 1051, 1453221, 1452744, 715, 15615, 15615, 2505343320
363, 2946299, 1155, 1458087, 1456474, 811, 14886, 14886, 4216786152
346, 2940687, 1454204, 1208, 820, 1453823, 15316, 15316, 2371701091
359, 2942613, 1455801, 1244, 891, 1454941, 14868, 14868, 2636021182
357, 2943608, 1455653, 1065, 732, 1455084, 15537, 15537, 2540490009
355, 2941156, 1454130, 1257, 895, 1453752, 15561, 15561, 3651132161
364, 2944308, 1105, 1456481, 1455631, 767, 15162, 15162, 483352867
362, 2944021, 1455891, 1152, 801, 1455385, 15396, 15396, 3002782467
351, 2947101, 1457820, 1222, 844, 1457327, 14944, 14944, 218695176
369, 2935662, 1211, 1452049, 1450969, 829, 15302, 15302, 1642634530
368, 2944212, 1456956, 1103, 776, 1455809, 14784, 14784, 2314440535
370, 2936579, 1044, 1452657, 1451561, 719, 15299, 15299, 2281859121
360, 2938056, 1173, 1452843, 1452353, 805, 15441, 15441, 3322216640
371, 2944081, 1245, 1456124, 1455132, 888, 15346, 15346, 1597268357
367, 2944995, 1456358, 1392, 994, 1455717, 15267, 15267, 90804074
361, 2942457, 1455977, 1027, 688, 1454767, 14999, 14999, 3377175274
374, 2949334, 1459018, 1057, 718, 1458185, 15178, 15178, 3585179695
373, 2940211, 1454845, 981, 662, 1453609, 15057, 15057, 1099797229
366, 2943530, 1456033, 1196, 822, 1455673, 14903, 14903, 1153987810
365, 2942296, 1186, 1455059, 1454391, 820, 15420, 15420, 635816515
372, 2941750, 1455639, 1158, 819, 1455096, 14519, 14519, 3962850372
383, 2944240, 1018, 1456834, 1455442, 682, 15132, 15132, 2532194039
382, 2943043, 1340, 1455975, 1454559, 963, 15103, 15103, 1700411979
380, 2945692, 1115, 1457352, 1456575, 768, 14941, 14941, 3294027692
379, 2944459, 1078, 1456936, 1456300, 715, 14715, 14715, 210101178
377, 2941796, 1065, 1454958, 1454531, 730, 15256, 15256, 3412881678
378, 2938153, 1452930, 1184, 799, 1452112, 15564, 15564, 2107479742
385, 2943544, 1258, 1456027, 1454885, 908, 15233, 15233, 1234313081
381, 2946858, 1458440, 1025, 704, 1457305, 14692, 14692, 2536514879
387, 2944839, 990, 1457001, 1456003, 667, 15089, 15089, 4155222923
386, 2940384, 1140, 1454020, 1453519, 815, 15445, 15445, 3021966139
389, 2942793, 1316, 1455581, 1454194, 954, 15374, 15374, 2637740919
388, 2938795, 1190, 1453624, 1453033, 840, 15054, 15054, 276779868
390, 2940664, 1172, 1455007, 1453667, 816, 15001, 15001, 34726365
376, 2939335, 1453087, 1315, 941, 1452686, 15653, 15653, 3794724482
375, 2936614, 1272, 1451872, 1451409, 909, 15576, 15576, 1542438554
384, 2940874, 1319, 1454517, 1453697, 891, 15225, 15225, 2852258048
391, 2943587, 1456682, 954, 624, 1456333, 14497, 14497, 2557433582
392, 2942638, 1132, 1455156, 1454780, 780, 15395, 15395, 2140653681
397, 2943337, 1145, 1456029, 1455023, 804, 15168, 15168, 2927448439
398, 2945720, 1457774, 1101, 757, 1456370, 14859, 14859, 3775615929
402, 2944622, 1064, 1456774, 1456026, 746, 15006, 15006, 2024387629
400, 2941580, 1262, 1454911, 1454136, 893, 15189, 15189, 1632694973
399, 2940128, 1454335, 1107, 744, 1453680, 15131, 15131, 2431237654
393, 2936215, 1452551, 1236, 862, 1450944, 15311, 15311, 2979811836
394, 2945599, 1233, 1456897, 1456446, 883, 15070, 15070, 532175335
401, 2941638, 1300, 1454609, 1454085, 930, 15357, 15357, 3531697664
404, 2943653, 1114, 1456389, 1455528, 760, 14931, 14931, 71765188
407, 2940395, 1122, 1454555, 1453725, 791, 15101, 15101, 2436451636
396, 2940724, 1073, 1454276, 1453891, 716, 15384, 15384, 4293084306
395, 2942545, 1226, 1455155, 1454530, 846, 15394, 15394, 3373815609
405, 2941277, 1198, 1454567, 1454007, 831, 15337, 15337, 3168950067
403, 2938925, 1453334, 1179, 803, 1452819, 15395, 15395, 2431629022
408, 2944469, 1457308, 993, 661, 1455899, 14804, 14804, 1403147675
409, 2940652, 1454117, 1269, 884, 1453462, 15460, 15460, 704764731
410, 2943916, 1456570, 1162, 819, 1455421, 14972, 14972, 713192822
420, 2947263, 1044, 1459037, 1457159, 729, 14647, 14647, 3490950207
417, 2943136, 1456187, 913, 631, 1455111, 15147, 15147, 1411772938
415, 2943164, 1124, 1455602, 1455037, 791, 15305, 15305, 83305387
418, 2940917, 1196, 1454692, 1453931, 838, 15130, 15130, 2240238679
406, 2942498, 1298, 1455116, 1454670, 958, 15228, 15228, 3795027952
416, 2941098, 1454887, 1124, 761, 1453756, 15285, 15285, 165501214
414, 2940181, 1106, 1455331, 1452795, 757, 15096, 15096, 1213698238
422, 2939697, 1082, 1453940, 1453047, 746, 15441, 15441, 542121002
421, 2942185, 1455388, 1166, 812, 1454805, 15007, 15007, 2233290549
424, 2947647, 1182, 1458620, 1457049, 834, 14981, 14981, 154776833
423, 2944250, 1456722, 1157, 809, 1455158, 15202, 15202, 3287047694
427, 2944004, 1096, 1456858, 1455365, 777, 14954, 14954, 625450919
411, 2941423, 1454984, 1244, 859, 1454072, 15132, 15132, 1437278389
426, 2940703, 1217, 1454612, 1453616, 838, 15210, 15210, 1855684586
412, 2945898, 1458129, 1087, 765, 1456937, 14490, 14490, 1853359340
413, 2943298, 1455269, 1066, 726, 1454761, 15738, 15738, 1991664437
428, 2941770, 1454712, 1327, 948, 1453833, 15475, 15475, 504993992
434, 2937242, 1157, 1452576, 1451569, 806, 15567, 15567, 2828203339
432, 2947384, 1148, 1458129, 1457015, 782, 15155, 15155, 4059254135
430, 2945161, 1220, 1456662, 1456257, 826, 15098, 15098, 2207042302
425, 2943140, 1128, 1455814, 1455035, 759, 15202, 15202, 724109338
431, 2944707, 1456648, 1143, 793, 1455733, 15195, 15195, 2289717585
419, 2941298, 1454433, 1265, 888, 1454050, 15331, 15331, 1958807181
429, 2944261, 1456687, 1042, 729, 1456219, 14792, 14792, 1569899760
436, 2944511, 1300, 1455740, 1455365, 938, 15584, 15584, 3864944585
435, 2939483, 1143, 1453528, 1453164, 794, 15427, 15427, 1230619845
441, 2941518, 1140, 1455512, 1454391, 773, 14851, 14851, 132647958
439, 2941468, 1454513, 1310, 929, 1454002, 15357, 15357, 4147183691
440, 2945833, 1457446, 1121, 771, 1456655, 14920, 14920, 2150180453
438, 2939678, 1198, 1454482, 1453266, 816, 14958, 14958, 2982772379
445, 2943674, 1286, 1456129, 1455269, 946, 15022, 15022, 892476610
442, 2940762, 1454899, 1144, 765, 1453794, 15080, 15080, 1711760545
433, 2941042, 1454832, 995, 673, 1453930, 15306, 15306, 3944440485
437, 2941070, 1123, 1454518, 1453723, 776, 15465, 15465, 200566702
443, 2939010, 1453613, 1222, 861, 1452742, 15286, 15286, 1110579451
444, 2941135, 1454727, 1206, 848, 1454138, 15108, 15108, 967807177
448, 2942781, 1181, 1455439, 1455051, 820, 15145, 15145, 3552039886
456, 2941315, 1081, 1455703, 1453549, 736, 15123, 15123, 681654369
451, 2937731, 1452727, 1166, 852, 1452148, 15419, 15419, 1183486009
450, 2940437, 1097, 1454013, 1453537, 752, 15519, 15519, 1881285694
447, 2941656, 1455300, 1041, 712, 1454477, 15063, 15063, 3813169318
457, 2944585, 1134, 1456236, 1455640, 777, 15399, 15399, 2615188549
452, 2947936, 1458062, 1028, 694, 1457716, 15218, 15218, 1240054684
446, 2943172, 1040, 1455860, 1455332, 698, 15121, 15121, 259372721
460, 2945074, 1133, 1457230, 1456335, 784, 14796, 14796, 814327602
453, 2947938, 963, 1459113, 1458181, 639, 14521, 14521, 2987130775
449, 2946551, 1457774, 1148, 822, 1456695, 15056, 15056, 1752885670
459, 2944558, 1140, 1456933, 1455288, 801, 15198, 15198, 463383913
462, 2947597, 1458507, 1215, 865, 1457908, 14551, 14551, 1252816423
465, 2938784, 1453654, 1198, 821, 1452655, 15228, 15228, 4044606984
454, 2943449, 1455668, 1144, 795, 1454782, 15530, 15530, 1332543241
464, 2942979, 1455784, 1140, 799, 1454786, 15235, 15235, 884248517
463, 2937458, 1452218, 1453, 1051, 1451606, 15565, 15565, 2498598130
458, 2945519, 1457246, 1088, 747, 1456630, 14904, 14904, 2054883770
455, 2941127, 1454539, 1088, 720, 1453866, 15457, 15457, 863314488
470, 2945245, 1197, 1457011, 1456370, 833, 14917, 14917, 4081766041
468, 2942917, 1455743, 1065, 735, 1455026, 15174, 15174, 373666297
472, 2943754, 915, 1456311, 1455433, 607, 15244, 15244, 4098008019
461, 2941405, 1243, 1454367, 1454014, 839, 15471, 15471, 2482399278
466, 2942377, 1116, 1455904, 1455123, 760, 14737, 14737, 2030830805
474, 2941048, 1455341, 1017, 680, 1454164, 14923, 14923, 478370256
480, 2944715, 1004, 1457422, 1456507, 658, 14562, 14562, 2457338125
467, 2943050, 1455418, 1337, 935, 1454632, 15364, 15364, 2655707966
478, 2942883, 1455858, 1088, 737, 1455168, 15016, 15016, 2582146295
476, 2943621, 1246, 1455723, 1455376, 892, 15192, 15192, 1621601597
479, 2941481, 1455737, 1052, 708, 1454070, 14957, 14957, 3372421501
484, 2940678, 1204, 1454853, 1453358, 863, 15200, 15200, 488224396
471, 2941253, 1456042, 1125, 795, 1453755, 14768, 14768, 165334640
482, 2944027, 1015, 1456300, 1455682, 702, 15164, 15164, 311210197
481, 2946199, 1457593, 1155, 818, 1456457, 15088, 15088, 3347524529
469, 2946802, 1457542, 1130, 783, 1457185, 15081, 15081, 2100019152
475, 2946866, 1094, 1457724, 1457008, 754, 15143, 15143, 3465643555
473, 2942312, 1455399, 1229, 855, 1454555, 15137, 15137, 1429288047
483, 2939526, 1001, 1454110, 1453467, 678, 15135, 15135, 2204401187
477, 2937987, 1162, 1453180, 1452248, 819, 15289, 15289, 1361975993
485, 2945527, 1100, 1456890, 1456308, 779, 15225, 15225, 4008385660
486, 2947348, 1267, 1457650, 1457064, 903, 15232, 15232, 1873406051
491, 2943840, 1117, 1456683, 1454813, 801, 15213, 15213, 4025690040
492, 2949042, 1158, 1459149, 1458405, 790, 14770, 14770, 3040137385
490, 2946327, 1457848, 1108, 750, 1456829, 14896, 14896, 1950968129
487, 2943723, 1456146, 1103, 768, 1455730, 14988, 14988, 2256751876
498, 2941290, 1184, 1455218, 1454073, 843, 14986, 14986, 1003291146
488, 2938492, 1238, 1453118, 1452307, 861, 15484, 15484, 502177910
497, 2946096, 1069, 1457861, 1457104, 712, 14675, 14675, 551176111
500, 2941570, 1294, 1454840, 1454050, 922, 15232, 15232, 530616367
494, 2935491, 1451215, 1199, 819, 1450318, 15970, 15970, 2966599054
499, 2941772, 1455302, 1054, 734, 1454358, 15162, 15162, 1874487150
493, 2947530, 1457934, 1079, 732, 1457553, 15116, 15116, 1257432096
495, 2940746, 1454329, 1223, 853, 1453915, 15213, 15213, 2169039206
489, 2941530, 1455402, 1150, 790, 1453996, 15096, 15096, 4227882069
502, 2942250, 1455473, 1196, 817, 1454182, 15291, 15291, 2307648258
501, 2938978, 1453553, 1181, 816, 1452830, 15299, 15299, 652631726
507, 2943066, 1168, 1455984, 1454589, 839, 15243, 15243, 1298772046
503, 2941987, 1235, 1455075, 1454606, 857, 15107, 15107, 1370128044
504, 2945163, 1456797, 1066, 713, 1456399, 15094, 15094, 544129113
496, 2944901, 1456763, 1026, 686, 1455842, 15292, 15292, 778521022
506, 2944221, 1456142, 1320, 942, 1455525, 15146, 15146, 2557492571
505, 2941873, 1455136, 1176, 810, 1454529, 15111, 15111, 2182553110
514, 2941172, 1144, 1454613, 1453822, 791, 15401, 15401, 1528760834
512, 2940446, 1454738, 1144, 795, 1453831, 14969, 14969, 2321492757
513, 2940410, 1454471, 1146, 795, 1453956, 15021, 15021, 4194304926
515, 2943319, 1455881, 989, 675, 1455410, 15182, 15182, 3543034349
509, 2950459, 951, 1460027, 1459085, 650, 14873, 14873, 3545228460
518, 2942295, 1121, 1455618, 1454604, 754, 15099, 15099, 2766725681
516, 2946506, 1244, 1457528, 1457028, 884, 14911, 14911, 2359123206
517, 2944482, 1456612, 1151, 800, 1456003, 14958, 14958, 3958092943
508, 2940784, 1454613, 1054, 707, 1453780, 15315, 15315, 500046273
511, 2943110, 1132, 1455957, 1455432, 795, 14897, 14897, 1578889383
519, 2952968, 1461158, 1098, 746, 1460456, 14755, 14755, 574139738
522, 2942805, 1117, 1455850, 1455264, 766, 14904, 14904, 2105954142
523, 2941223, 1455100, 1065, 744, 1453876, 15219, 15219, 1797904063
510, 2940497, 1454329, 1139, 786, 1453737, 15253, 15253, 2776296622
521, 2943503, 1456584, 869, 598, 1455658, 14897, 14897, 240631723
524, 2944851, 1008, 1457296, 1455943, 692, 14956, 14956, 2976873383
529, 2941718, 1150, 1455373, 1454290, 829, 15038, 15038, 3944368425
526, 2942099, 1455295, 1154, 819, 1454347, 15242, 15242, 4250673116
531, 2943583, 1154, 1456829, 1455381, 829, 14695, 14695, 1826802734
528, 2941902, 1455693, 977, 679, 1454713, 14920, 14920, 3212955269
527, 2939276, 1313, 1453522, 1453140, 937, 15182, 15182, 4025951719
525, 2941440, 1455155, 1062, 730, 1454323, 15085, 15085, 2974212385
520, 2941860, 1455351, 1179, 840, 1454834, 14828, 14828, 1816000012
533, 2946610, 1457918, 1129, 758, 1456955, 14925, 14925, 2175874510
536, 2941432, 1344, 1454021, 1453356, 953, 15879, 15879, 941731403
538, 2945729, 1457445, 1065, 723, 1456640, 14928, 14928, 1308214473
540, 2940805, 1455098, 1109, 766, 1453582, 15125, 15125, 2983323174
534, 2938509, 1167, 1453527, 1452381, 826, 15304, 15304, 2520603368
537, 2941408, 1454909, 1082, 759, 1454328, 15165, 15165, 840331885
530, 2942481, 1266, 1455179, 1454641, 889, 15253, 15253, 1633735753
543, 2945188, 989, 1457113, 1456362, 654, 15035, 15035, 3588273824
542, 2945604, 1115, 1456964, 1456240, 767, 15259, 15259, 2904198735
545, 2942092, 1188, 1456190, 1454364, 830, 14760, 14760, 3941440063
532, 2938988, 1200, 1453482, 1452558, 832, 15458, 15458, 3823354554
535, 2947290, 1457716, 1090, 787, 1457107, 15295, 15295, 3377890250
544, 2939465, 1454026, 1107, 793, 1453027, 15256, 15256, 989275060
546, 2942363, 1048, 1455580, 1454998, 725, 15006, 15006, 224863864
549, 2947085, 1056, 1458487, 1457626, 716, 14600, 14600, 3643320141
548, 2948445, 1458917, 1031, 707, 1458350, 14720, 14720, 463520481
541, 2945193, 1457295, 1113, 761, 1456300, 14862, 14862, 3328476492
547, 2935873, 1452119, 1256, 884, 1451246, 15184, 15184, 929873595
552, 2943870, 1119, 1455856, 1455354, 739, 15401, 15401, 3814906806
539, 2945859, 1457457, 989, 682, 1456837, 14947, 14947, 1736848533
554, 2944919, 1162, 1456563, 1455738, 796, 15330, 15330, 998594252
551, 2940938, 1454973, 1093, 750, 1453578, 15272, 15272, 2468197476
557, 2942192, 1107, 1455690, 1454468, 765, 15081, 15081, 3945223261
553, 2934417, 1214, 1451407, 1450019, 875, 15451, 15451, 2474181733
550, 2943815, 1455875, 1271, 865, 1455478, 15163, 15163, 3737166412
555, 2945134, 1456750, 1291, 925, 1456310, 14929, 14929, 2193933420
560, 2947038, 1040, 1457902, 1457113, 723, 15130, 15130, 502618069
566, 2947099, 1018, 1457998, 1456846, 699, 15269, 15269, 2071703369
563, 2943605, 1456344, 1083, 738, 1455112, 15164, 15164, 3446704678
564, 2939270, 1453573, 1169, 814, 1452782, 15466, 15466, 3555670295
556, 2937918, 1453093, 1233, 863, 1451807, 15461, 15461, 82865983
567, 2940563, 1454546, 1230, 834, 1454025, 14964, 14964, 1156923432
569, 2945637, 1014, 1457452, 1456783, 706, 14841, 14841, 2307895832
571, 2940960, 1210, 1455047, 1453680, 849, 15087, 15087, 2352645101
558, 2942315, 1259, 1455349, 1454883, 892, 14966, 14966, 1451104079
568, 2942040, 1455168, 1245, 881, 1454330, 15208, 15208, 725907375
559, 2942997, 1011, 1455375, 1454674, 673, 15632, 15632, 1930259727
562, 2946253, 1081, 1457802, 1456844, 720, 14903, 14903, 439624174
561, 2945993, 1457736, 1059, 719, 1456473, 15003, 15003, 3836594247
573, 2944909, 1457152, 1139, 790, 1456082, 14873, 14873, 2673810852
565, 2940542, 1454671, 1246, 883, 1453554, 15094, 15094, 2957149730
575, 2939861, 1045, 1454345, 1453620, 709, 15071, 15071, 3718485593
572, 2943678, 1455666, 1195, 812, 1455269, 15368, 15368, 3780785343
576, 2945857, 1193, 1457200, 1456574, 822, 15034, 15034, 3036129293
570, 2942226, 998, 1455580, 1454629, 669, 15175, 15175, 3066868870
577, 2944934, 1456289, 1271, 918, 1455724, 15366, 15366, 2306115740
578, 2936692, 1092, 1452205, 1451844, 737, 15407, 15407, 5601457
585, 2945157, 1305, 1456895, 1455570, 917, 15235, 15235, 1836006036
579, 2944286, 1455949, 1092, 740, 1455371, 15567, 15567, 2149197912
582, 2938530, 1453146, 1260, 877, 1452655, 15296, 15296, 3638318687
583, 2939203, 1071, 1454100, 1453509, 727, 14898, 14898, 4267670320
574, 2941762, 1455744, 1176, 802, 1454600, 14720, 14720, 1729817937
588, 2945063, 1457175, 1011, 694, 1455591, 15296, 15296, 1646093602
587, 2944786, 1456860, 877, 595, 1456076, 15189, 15189, 1286715653
590, 2941390, 893, 1455647, 1453802, 580, 15234, 15234, 3701985685
586, 2945525, 1457286, 1076, 745, 1456642, 14888, 14888, 458466700
595, 2940146, 1244, 1454029, 1452574, 857, 15721, 15721, 3272036214
591, 2942598, 1185, 1455577, 1454896, 826, 15057, 15057, 2976641905
592, 2940315, 1454505, 962, 662, 1453374, 15406, 15406, 4057826249
581, 2943038, 1455150, 1212, 847, 1454565, 15632, 15632, 31006067
589, 2943748, 1015, 1456764, 1454494, 695, 15390, 15390, 348394020
580, 2942765, 1455316, 1136, 798, 1454649, 15433, 15433, 2111944591
594, 2941260, 1454795, 1303, 890, 1453610, 15331, 15331, 3462631454
584, 2947338, 1457981, 1262, 875, 1457596, 14812, 14812, 2155037821
593, 2943001, 1455733, 1113, 766, 1455277, 15056, 15056, 17706796
599, 2944323, 1456849, 1252, 892, 1455456, 14937, 14937, 1637119058
598, 2946152, 1458039, 1006, 678, 1457299, 14565, 14565, 35775883
603, 2941075, 1154, 1455443, 1453879, 819, 14890, 14890, 2645129516
600, 2936164, 1076, 1451631, 1450730, 741, 15993, 15993, 3620235573
601, 2945950, 1458183, 999, 675, 1456255, 14919, 14919, 294940581
597, 2944208, 1456241, 1180, 815, 1455518, 15227, 15227, 168065771
596, 2940408, 1454502, 1200, 847, 1453399, 15230, 15230, 4032529018
605, 2934893, 1375, 1451058, 1450535, 971, 15477, 15477, 3845153612
604, 2943337, 1235, 1455672, 1455276, 898, 15128, 15128, 3481333855
602, 2949383, 1458942, 1250, 911, 1458542, 14869, 14869, 3937031521
608, 2942177, 1455163, 1172, 824, 1454670, 15174, 15174, 1735723455
611, 2940468, 1263, 1454395, 1453698, 876, 15118, 15118, 2216996447
610, 2944497, 1230, 1456387, 1455801, 873, 15103, 15103, 1408840329
614, 2940156, 1454560, 1114, 756, 1453376, 15175, 15175, 662127901
607, 2943132, 1455828, 1128, 799, 1455481, 14948, 14948, 1141679532
616, 2944405, 1227, 1456111, 1455276, 863, 15464, 15464, 2951739323
606, 2939231, 1174, 1453509, 1453101, 827, 15310, 15310, 2596742441
613, 2943677, 1455966, 1038, 726, 1455231, 15358, 15358, 3772607810
619, 2944265, 1067, 1456836, 1455745, 737, 14940, 14940, 2780374317
621, 2943754, 1456475, 1109, 735, 1455429, 15003, 15003, 521895989
620, 2940469, 1454308, 1196, 879, 1453770, 15158, 15158, 3337171343
615, 2942470, 1306, 1454852, 1453867, 931, 15757, 15757, 3050829607
617, 2943876, 1455872, 1287, 903, 1455014, 15400, 15400, 3848119460
609, 2941770, 1455142, 1027, 690, 1454795, 15058, 15058, 2482713407
625, 2947714, 1367, 1458271, 1457447, 1009, 14810, 14810, 1497980384
612, 2939392, 971, 1453884, 1453545, 642, 15175, 15175, 2152958538
622, 2936852, 1452561, 1157, 775, 1451901, 15229, 15229, 3116658978
628, 2940825, 997, 1455142, 1453607, 681, 15199, 15199, 3692102643
618, 2938859, 1287, 1453603, 1452427, 898, 15322, 15322, 2715252085
627, 2942103, 1456268, 1154, 793, 1454390, 14749, 14749, 1159293846
630, 2946018, 1207, 1458067, 1456247, 809, 14844, 14844, 2709484619
626, 2940788, 1454227, 1282, 908, 1453541, 15415, 15415, 3179590298
633, 2942681, 1186, 1456094, 1454765, 818, 14909, 14909, 1635663241
624, 2939910, 1453028, 1299, 915, 1452688, 15990, 15990, 490122393
623, 2938676, 1453283, 1277, 942, 1452592, 15291, 15291, 1112241650
629, 2944159, 1074, 1456173, 1455523, 737, 15326, 15326, 1678114361
631, 2939166, 1368, 1453417, 1452651, 952, 15389, 15389, 1057922125
634, 2941214, 1095, 1454920, 1454438, 747, 15007, 15007, 3494684522
636, 2942694, 1455660, 1375, 1012, 1454643, 15002, 15002, 9011556
639, 2942375, 1172, 1455505, 1454511, 847, 15170, 15170, 2704141995
641, 2936917, 1453099, 1092, 746, 1451284, 15348, 15348, 1930113100
637, 2945585, 1237, 1456998, 1456576, 896, 14939, 14939, 1972419392
645, 2942944, 1455915, 1229, 887, 1454751, 15081, 15081, 1563102286
632, 2938230, 1150, 1453166, 1452265, 783, 15433, 15433, 743114971
640, 2942006, 1455125, 1095, 744, 1454532, 15255, 15255, 3523208885
638, 2934497, 1185, 1451817, 1450444, 819, 15116, 15116, 3811305
646, 2942702, 1455583, 1019, 678, 1454710, 15356, 15356, 671431349
635, 2942665, 1325, 1455802, 1454743, 941, 14927, 14927, 405206490
647, 2944335, 1456515, 1176, 831, 1455341, 15236, 15236, 112276773
643, 2942750, 1324, 1455964, 1454224, 940, 15149, 15149, 698095241
654, 2940046, 1161, 1454908, 1453467, 820, 14845, 14845, 1873146853
652, 2946647, 1210, 1457380, 1456977, 826, 15127, 15127, 1284191956
644, 2945043, 1456816, 1033, 682, 1456120, 15196, 15196, 3038873673
657, 2945567, 1084, 1457813, 1456753, 745, 14586, 14586, 3360031653
656, 2940222, 1453984, 1335, 955, 1452930, 15509, 15509, 4238289973
649, 2939527, 1100, 1454302, 1452977, 766, 15191, 15191, 2157359152
642, 2940683, 1232, 1453964, 1453531, 858, 15549, 15549, 2766089677
655, 2943092, 1024, 1455807, 1455391, 700, 15085, 15085, 2923308056
653, 2942583, 1455169, 1126, 778, 1454814, 15348, 15348, 500650102
648, 2942988, 1456014, 1353, 968, 1454505, 15074, 15074, 3005074376
651, 2940824, 1454117, 1166, 806, 1453739, 15498, 15498, 563790079
659, 2940977, 1076, 1454546, 1453961, 720, 15337, 15337, 2339095901
662, 2945177, 1080, 1456864, 1456283, 734, 15108, 15108, 2693601018
664, 2943270, 1455766, 1172, 803, 1454673, 15428, 15428, 894818927
650, 2940790, 1454167, 1293, 926, 1453656, 15374, 15374, 3842456389
658, 2947473, 1081, 1458067, 1457042, 737, 15273, 15273, 1114775352
663, 2942996, 955, 1455729, 1455217, 655, 15220, 15220, 638957015
660, 2941618, 1455162, 1285, 919, 1454050, 15101, 15101, 605293310
671, 2939117, 1303, 1453042, 1452516, 924, 15666, 15666, 506649672
668, 2948439, 1032, 1078, 725, 690, 1472457, 1472457, 679635843
661, 2942194, 1401, 1454716, 1454346, 1031, 15350, 15350, 153189756
673, 2946849, 1457667, 1083, 755, 1457158, 15093, 15093, 2881807823
666, 2945082, 1456729, 1155, 797, 1455875, 15263, 15263, 376624865
665, 2945247, 1222, 1456506, 1456055, 856, 15304, 15304, 596444053
676, 2935665, 1067, 1451842, 1451381, 729, 15323, 15323, 1450368134
667, 2945930, 1457494, 1166, 796, 1456586, 14944, 14944, 2484542843
669, 2939544, 1207, 1453911, 1453251, 823, 15176, 15176, 675251996
675, 2941861, 1455123, 1181, 844, 1454475, 15119, 15119, 369878524
678, 2944130, 949, 1456510, 1455901, 642, 15064, 15064, 2335978325
674, 2946941, 1109, 1458508, 1457286, 770, 14634, 14634, 3773544564
672, 2941657, 1122, 1454867, 1454411, 791, 15233, 15233, 3041486067
670, 2940984, 1454778, 1189, 831, 1454124, 15031, 15031, 2104119316
684, 2936389, 1023, 1452735, 1450967, 708, 15478, 15478, 2551748698
682, 2944712, 1214, 1457144, 1456134, 846, 14687, 14687, 2143070325
677, 2940867, 1454256, 1199, 848, 1453408, 15578, 15578, 2872510850
681, 2944382, 1148, 1456220, 1455447, 795, 15386, 15386, 3276426339
683, 2939639, 1454045, 1174, 815, 1453281, 15162, 15162, 562645240
688, 2939779, 1164, 1453957, 1453109, 813, 15368, 15368, 1786982483
686, 2941336, 1091, 1455102, 1454602, 793, 14874, 14874, 429545848
694, 2940446, 1279, 1454065, 1452934, 880, 15644, 15644, 660579144
692, 2939198, 1454108, 1181, 796, 1453303, 14905, 14905, 2470112290
679, 2941464, 1454963, 1191, 827, 1454253, 15115, 15115, 196029832
695, 2939230, 1453774, 1292, 916, 1452480, 15384, 15384, 403286406
696, 2950638, 1460352, 1066, 731, 1459247, 14621, 14621, 3494467214
680, 2950297, 1459705, 1168, 802, 1458968, 14827, 14827, 1422392084
697, 2941048, 1455240, 1011, 677, 1453742, 15189, 15189, 2603800317
687, 2942948, 1008, 1456306, 1455066, 678, 14945, 14945, 227728408
689, 2943326, 1020, 1456974, 1455290, 700, 14671, 14671, 1302005027
685, 2945756, 1456885, 1184, 818, 1456133, 15368, 15368, 2479819603
691, 2934656, 1211, 1451795, 1450260, 852, 15269, 15269, 3056496032
690, 2942571, 1134, 1455876, 1454845, 780, 14968, 14968, 1956182577
693, 2943037, 1096, 1456306, 1454984, 767, 14942, 14942, 1986866633
699, 2938765, 1453695, 1113, 761, 1452860, 15168, 15168, 3000910531
698, 2945142, 1457538, 838, 568, 1456634, 14782, 14782, 3742133447
702, 2941778, 1213, 1455547, 1453761, 821, 15218, 15218, 4049316915
700, 2942866, 1455848, 1071, 734, 1454803, 15205, 15205, 2955311864
701, 2937486, 1312, 1452702, 1451604, 926, 15471, 15471, 301182772
706, 2944885, 1229, 1456913, 1455300, 875, 15284, 15284, 1541112160
704, 2938388, 1231, 1453753, 1452397, 841, 15083, 15083, 3549948873
707, 2942813, 1234, 1455795, 1455114, 868, 14901, 14901, 683719842
703, 2947054, 1457735, 1229, 887, 1457209, 14997, 14997, 4118374948
705, 2943111, 1456273, 1138, 784, 1455520, 14698, 14698, 4224654486
708, 2943997, 1456443, 1220, 860, 1455396, 15039, 15039, 1180591066
709, 2938055, 1452620, 1191, 825, 1451877, 15771, 15771, 3672462543
712, 2945130, 1161, 1456874, 1456077, 826, 15096, 15096, 2663492940
716, 2936779, 991, 1452689, 1451837, 672, 15295, 15295, 3367398405
717, 2945878, 1047, 1457421, 1456656, 720, 15017, 15017, 772532974
710, 2943757, 1188, 1455873, 1455491, 829, 15188, 15188, 3634153023
713, 2947099, 1457954, 1127, 795, 1457151, 15036, 15036, 2912256476
722, 2945933, 1360, 1457154, 1456165, 964, 15145, 15145, 3392932030
718, 2938756, 1453596, 1001, 671, 1452990, 15249, 15249, 4091586711
719, 2941705, 1454913, 1166, 816, 1453802, 15504, 15504, 4248871170
720, 2940649, 1453692, 1425, 1019, 1453125, 15694, 15694, 1908883263
721, 2943510, 1455929, 1124, 773, 1455022, 15331, 15331, 3260799353
714, 2942487, 1257, 1455214, 1454699, 869, 15224, 15224, 3434233916
723, 2942527, 1456079, 1219, 865, 1454584, 14890, 14890, 1758318698
711, 2946199, 1457735, 1091, 741, 1457310, 14661, 14661, 821314567
715, 2940543, 1454424, 1096, 761, 1453390, 15436, 15436, 58415732
726, 2950634, 1460310, 1072, 747, 1459157, 14674, 14674, 1689459479
725, 2942633, 1455192, 1240, 865, 1454330, 15503, 15503, 1998037536
729, 2940538, 1097, 1454688, 1453528, 755, 15235, 15235, 2192495579
736, 2943376, 1081, 1456912, 1455232, 749, 14701, 14701, 606306887
724, 2943376, 1456033, 1142, 782, 1455615, 14902, 14902, 2541383043
727, 2942729, 1264, 1455737, 1454815, 907, 15003, 15003, 4232631026
728, 2945228, 1457074, 1031, 688, 1456713, 14861, 14861, 2699264953
733, 2938934, 1121, 1453808, 1453248, 753, 15002, 15002, 1597892060
730, 2944131, 1456354, 1097, 737, 1455701, 15121, 15121, 3848572431
732, 2944773, 1456555, 946, 614, 1456138, 15260, 15260, 1726706315
739, 2948152, 1458036, 1186, 819, 1457601, 15255, 15255, 237778855
731, 2940438, 1455232, 1054, 707, 1453267, 15089, 15089, 3845773773
737, 2938066, 1452974, 1096, 749, 1452385, 15431, 15431, 3091412354
740, 2944499, 1456594, 978, 654, 1455987, 15143, 15143, 634605204
741, 2944735, 1034, 1456573, 1456143, 703, 15141, 15141, 3813158150
738, 2943291, 1455648, 1155, 783, 1455205, 15250, 15250, 2741442859
734, 2940607, 1454467, 1284, 909, 1453433, 15257, 15257, 3363908924
742, 2944898, 1456928, 1115, 779, 1455944, 15066, 15066, 520067566
735, 2940711, 1454931, 1117, 767, 1454104, 14896, 14896, 2903493925
747, 2939525, 1454319, 1219, 856, 1452981, 15075, 15075, 3979823155
743, 2936513, 1452477, 1106, 757, 1451819, 15177, 15177, 1384182887
750, 2939119, 1278, 1453828, 1452728, 909, 15188, 15188, 172415428
746, 2943536, 1455522, 1135, 791, 1455098, 15495, 15495, 3759665420
754, 2936159, 1241, 1451987, 1451016, 855, 15530, 15530, 1855648106
744, 2941943, 1455282, 1192, 819, 1454784, 14933, 14933, 3252701485
753, 2940954, 1454798, 1098, 771, 1453625, 15331, 15331, 3219942301
749, 2940531, 1153, 1454103, 1453749, 784, 15371, 15371, 4201094152
752, 2940547, 1454667, 1061, 718, 1453663, 15219, 15219, 2822714630
756, 2940513, 1135, 1454510, 1453520, 790, 15279, 15279, 4094607434
751, 2940084, 1454342, 1100, 773, 1453229, 15320, 15320, 1807216688
755, 2942778, 1082, 1454952, 1454523, 743, 15739, 15739, 4205036996
758, 2940882, 1038, 1455086, 1454243, 703, 14906, 14906, 861677410
745, 2938799, 1453266, 1133, 796, 1452478, 15563, 15563, 2314099540
748, 2945743, 1196, 1457075, 1456567, 865, 15020, 15020, 2540970230
760, 2941850, 1456226, 1041, 718, 1454835, 14515, 14515, 2719772398
759, 2943771, 1044, 1456681, 1456117, 741, 14594, 14594, 2359233362
762, 2939437, 1273, 1453503, 1453041, 876, 15372, 15372, 1340579588
764, 2938669, 1453861, 1171, 812, 1452089, 15368, 15368, 2070700224
763, 2939335, 1453625, 1277, 915, 1452096, 15711, 15711, 1189931173
757, 2940557, 1455204, 1232, 863, 1453024, 15117, 15117, 741601583
765, 2948314, 1459005, 1108, 774, 1457739, 14844, 14844, 3572432762
770, 2942438, 1231, 1455684, 1454566, 865, 15046, 15046, 883491202
771, 2942985, 1216, 1455318, 1454729, 832, 15445, 15445, 595563345
772, 2946201, 1457849, 1146, 810, 1456702, 14847, 14847, 3872920835
768, 2943806, 1456295, 1263, 895, 1455887, 14733, 14733, 3889843246
767, 2942310, 1455595, 1090, 765, 1454844, 15008, 15008, 3641516551
773, 2946504, 1457254, 1160, 821, 1456251, 15509, 15509, 3130768770
774, 2944060, 1456960, 1113, 770, 1455139, 15039, 15039, 817658299
779, 2945657, 1368, 1457415, 1455507, 1007, 15180, 15180, 809407571
761, 2941367, 1455234, 1115, 753, 1454205, 15030, 15030, 3117764077
778, 2939315, 926, 1454183, 1453670, 614, 14961, 14961, 1214048083
766, 2947851, 1458785, 1119, 770, 1457745, 14716, 14716, 1292716812
777, 2943631, 1456555, 963, 636, 1456109, 14684, 14684, 1866105505
769, 2938570, 1453044, 1278, 888, 1452192, 15584, 15584, 4108362182
784, 2939587, 1169, 1454505, 1452681, 804, 15214, 15214, 2122232720
780, 2940207, 1032, 1454048, 1453656, 685, 15393, 15393, 1979955705
775, 2945188, 1131, 1457111, 1456054, 784, 15054, 15054, 2761780828
783, 2936495, 1132, 1452068, 1451399, 792, 15552, 15552, 3922105467
776, 2938233, 1452910, 1130, 782, 1451981, 15715, 15715, 2274923295
789, 2940500, 1454813, 1228, 843, 1453726, 14945, 14945, 4224849414
791, 2941630, 1062, 1455367, 1454599, 720, 14941, 14941, 26478951
785, 2945369, 1119, 1457167, 1456705, 778, 14800, 14800, 4080360023
782, 2944577, 1456579, 1224, 843, 1456219, 14856, 14856, 3233985887
788, 2945479, 1457194, 1023, 683, 1456447, 15066, 15066, 137543001
793, 2942305, 1204, 1456125, 1454771, 857, 14674, 14674, 548492565
781, 2942664, 1509, 1454816, 1454119, 1118, 15551, 15551, 3082129573
792, 2943165, 1189, 1455833, 1454778, 839, 15263, 15263, 3307340292
795, 2940765, 1102, 1455491, 1453696, 766, 14855, 14855, 1846967129
787, 2946401, 1108, 1457471, 1456987, 765, 15035, 15035, 3242390470
794, 2944545, 1456886, 1211, 861, 1456093, 14747, 14747, 3769184481
799, 2938691, 1201, 1453541, 1452038, 837, 15537, 15537, 1484544012
801, 2936461, 1211, 1451825, 1450974, 869, 15791, 15791, 385169213
804, 2940333, 1244, 1454415, 1453587, 889, 15099, 15099, 2218442356
796, 2944376, 1456442, 1186, 818, 1455724, 15103, 15103, 3334534272
798, 2946986, 985, 1458343, 1457753, 659, 14623, 14623, 3997962182
802, 2943935, 1021, 1456606, 1455949, 701, 14829, 14829, 1279586276
790, 2946925, 1457715, 1047, 703, 1457200, 15130, 15130, 4285992999
786, 2940983, 1454417, 1132, 787, 1453781, 15433, 15433, 2406226932
806, 2939684, 1454072, 1044, 701, 1453273, 15297, 15297, 2335502779
805, 2937073, 1452526, 1166, 793, 1451508, 15540, 15540, 2594169804
807, 2937928, 1453483, 1129, 793, 1452357, 15083, 15083, 3081410937
797, 2942382, 1455586, 1221, 846, 1454633, 15048, 15048, 3700062141
810, 2945751, 1082, 1457915, 1456827, 735, 14596, 14596, 979667081
814, 2942639, 1197, 1455982, 1454280, 846, 15167, 15167, 824502720
808, 2938761, 1107, 1453206, 1452636, 754, 15529, 15529, 1648902465
803, 2941953, 1272, 1455331, 1454277, 897, 15088, 15088, 4130120832
811, 2939623, 1453917, 1189, 820, 1453311, 15193, 15193, 2512463516
800, 2938405, 1453278, 1109, 755, 1452807, 15228, 15228, 2531726352
815, 2939452, 1454060, 1127, 784, 1453029, 15226, 15226, 1877946396
816, 2938963, 1453859, 1035, 675, 1452506, 15444, 15444, 3584262107
813, 2941758, 1118, 1455017, 1454367, 788, 15234, 15234, 1148724779
821, 2939878, 1234, 1453686, 1452710, 866, 15691, 15691, 3670361376
817, 2947427, 1458864, 1115, 783, 1457553, 14556, 14556, 2638945858
809, 2939897, 1454321, 1379, 987, 1452734, 15238, 15238, 3541115039
820, 2941562, 1153, 1454418, 1453910, 797, 15642, 15642, 3658066280
822, 2943757, 1075, 1455882, 1455463, 733, 15302, 15302, 1082878186
812, 2948369, 1459101, 1023, 696, 1458099, 14725, 14725, 1604953726
826, 2941491, 1014, 1455782, 1454073, 682, 14970, 14970, 1051745132
823, 2941951, 1454932, 1354, 940, 1454141, 15292, 15292, 2076729374
825, 2937858, 1131, 1452890, 1452349, 778, 15355, 15355, 3406644855
818, 2938098, 1113, 1452789, 1451998, 802, 15698, 15698, 3490273376
830, 2938089, 1215, 1453105, 1451819, 846, 15552, 15552, 2487865503
827, 2939053, 1454546, 1271, 885, 1452235, 15058, 15058, 1499221434
824, 2939101, 1453324, 1140, 783, 1452898, 15478, 15478, 1967666986
819, 2944586, 1456838, 1132, 796, 1455472, 15174, 15174, 3481376836
833, 2941937, 1088, 1455355, 1454111, 755, 15314, 15314, 2799231064
828, 2948385, 1458390, 1069, 747, 1457823, 15178, 15178, 2592006573
832, 2943736, 1456025, 1133, 787, 1455105, 15343, 15343, 2998815635
837, 2946775, 1046, 1457903, 1457091, 713, 15011, 15011, 910011725
841, 2941977, 1169, 1455955, 1453937, 810, 15053, 15053, 3886922152
835, 2940039, 1454904, 1151, 812, 1453698, 14737, 14737, 21782145
829, 2944103, 1239, 1455856, 1455518, 888, 15301, 15301, 3477123820
834, 2939940, 1453888, 1340, 958, 1453270, 15242, 15242, 3681288361
838, 2946512, 1159, 1457200, 1456739, 802, 15306, 15306, 3092899328
839, 2943636, 956, 1456376, 1455796, 624, 14942, 14942, 2947347799
843, 2944545, 1217, 1456641, 1456036, 871, 14890, 14890, 3721949187
842, 2941913, 1454979, 1263, 889, 1453890, 15446, 15446, 3855697004
831, 2941636, 1178, 1454664, 1454263, 803, 15364, 15364, 2540630375
836, 2950845, 1133, 1459843, 1459164, 815, 14945, 14945, 2687618926
846, 2938569, 1453759, 1436, 1029, 1451747, 15299, 15299, 912083673
849, 2942498, 1455843, 1085, 751, 1455239, 14790, 14790, 3881282294
850, 2938934, 1177, 1452968, 1452582, 837, 15685, 15685, 3470058680
847, 2944527, 1456304, 1188, 811, 1455726, 15249, 15249, 1655617547
844, 2947045, 1181, 1458127, 1457303, 838, 14798, 14798, 536756859
854, 2941463, 1167, 1454737, 1454017, 808, 15367, 15367, 267734194
840, 2940589, 1137, 1454513, 1454096, 779, 15032, 15032, 1711795091
845, 2941139, 1256, 1454373, 1453628, 900, 15491, 15491, 1277046492
856, 2943294, 1255, 1455806, 1454806, 879, 15274, 15274, 2411070333
855, 2944463, 1140, 1456611, 1456023, 777, 14956, 14956, 1039690311
851, 2939895, 1453551, 1231, 860, 1453097, 15578, 15578, 2684867898
848, 2941931, 1231, 1454745, 1454049, 876, 15515, 15515, 624754381
852, 2943322, 1019, 1456782, 1455119, 672, 14865, 14865, 1173647657
853, 2939514, 1129, 1453900, 1453041, 774, 15335, 15335, 3086732789
866, 2940154, 1015, 1453811, 1453201, 681, 15723, 15723, 621491086
865, 2945942, 972, 1457345, 1456965, 656, 15002, 15002, 649830927
862, 2942514, 1455661, 1131, 770, 1454798, 15077, 15077, 789254802
867, 2946523, 1457896, 1080, 742, 1457017, 14894, 14894, 2950225408
863, 2947140, 1458467, 1041, 710, 1457850, 14536, 14536, 311442564
860, 2941028, 1096, 1454074, 1453720, 760, 15689, 15689, 1703208604
858, 2947465, 1457799, 1218, 871, 1457293, 15142, 15142, 3363828017
857, 2937743, 1183, 1452398, 1451872, 826, 15732, 15732, 1795283265
859, 2941498, 1310, 1454756, 1454097, 933, 15201, 15201, 258593244
870, 2938011, 1188, 1453263, 1452551, 817, 15096, 15096, 4080642287
869, 2936706, 1452229, 1144, 793, 1451756, 15392, 15392, 2625634321
864, 2941629, 1210, 1455102, 1454259, 872, 15093, 15093, 1995098245
871, 2939464, 940, 1454334, 1453243, 617, 15165, 15165, 2161832820
873, 2949685, 903, 1459975, 1458768, 599, 14720, 14720, 3521270662
861, 2946480, 1457188, 1317, 965, 1456436, 15287, 15287, 2834854971
868, 2942150, 1285, 1455298, 1454253, 912, 15201, 15201, 1422081981
879, 2942254, 1348, 1455597, 1454534, 985, 14895, 14895, 1033144773
878, 2939204, 1498, 1453269, 1452742, 1095, 15300, 15300, 215520644
884, 2942428, 1186, 1455668, 1453957, 839, 15389, 15389, 3353152675
875, 2938176, 1453299, 1115, 766, 1452602, 15197, 15197, 1718211003
885, 2944773, 1097, 1457029, 1455724, 747, 15088, 15088, 2500058337
883, 2946074, 1086, 1457665, 1456953, 732, 14819, 14819, 3066142561
872, 2938130, 1277, 1452813, 1451711, 913, 15708, 15708, 2723476944
880, 2939985, 927, 1454607, 1454180, 609, 14831, 14831, 2508321594
876, 2944524, 1456962, 1195, 848, 1456615, 14452, 14452, 3600211046
874, 2937662, 1091, 1453232, 1452172, 761, 15203, 15203, 2728940103
888, 2937013, 1116, 1452664, 1451233, 790, 15605, 15605, 3363582644
887, 2943976, 1132, 1456019, 1455164, 777, 15442, 15442, 2713133911
881, 2942005, 1455360, 1055, 714, 1454014, 15431, 15431, 3583697684
882, 2941474, 1266, 1454814, 1454433, 887, 15037, 15037, 3315681730
886, 2934958, 1451544, 1129, 768, 1451107, 15205, 15205, 1344565084
877, 2942244, 1218, 1455065, 1454483, 854, 15312, 15312, 2608230286
889, 2942549, 1455455, 1126, 804, 1454672, 15246, 15246, 746656706
893, 2947991, 1458405, 1265, 911, 1457306, 15052, 15052, 3589591557
895, 2943985, 1456536, 1146, 787, 1455310, 15103, 15103, 1895160174
890, 2945018, 1456854, 1235, 858, 1455775, 15148, 15148, 1630562024
894, 2940403, 1454512, 1100, 759, 1453546, 15243, 15243, 616578644
896, 2938477, 1193, 1453087, 1452594, 839, 15382, 15382, 1584603097
902, 2943034, 1457073, 1073, 752, 1455428, 14354, 14354, 517012688
891, 2946800, 879, 1458280, 1457611, 588, 14721, 14721, 3051507509
901, 2940209, 1454172, 1274, 904, 1453389, 15235, 15235, 2346137066
899, 2944676, 1456637, 1073, 732, 1455726, 15254, 15254, 789198924
898, 2946891, 1457576, 1133, 773, 1457205, 15102, 15102, 3370499916
904, 2946151, 1110, 1457569, 1456717, 775, 14990, 14990, 3384806767
892, 2945757, 1457342, 1143, 802, 1456492, 14989, 14989, 659689491
903, 2938690, 1225, 1453060, 1452235, 860, 15655, 15655, 2154638541
906, 2939092, 1454474, 1078, 740, 1452346, 15227, 15227, 4196678039
905, 2946443, 1457837, 1155, 802, 1456885, 14882, 14882, 154084974
900, 2939384, 1297, 1452987, 1452282, 898, 15960, 15960, 929055274
907, 2945898, 1456711, 1269, 922, 1456210, 15393, 15393, 1806096432
910, 2941828, 1194, 1455077, 1454081, 852, 15312, 15312, 4027568402
915, 2941048, 1190, 1454212, 1453274, 832, 15770, 15770, 3276881804
897, 2946114, 1457389, 1043, 699, 1457045, 14969, 14969, 2898573965
911, 2947070, 1458235, 1133, 781, 1457305, 14808, 14808, 3531513107
909, 2947677, 1458476, 1043, 706, 1457860, 14796, 14796, 2414735642
918, 2940936, 1157, 1454893, 1453315, 801, 15385, 15385, 1483055505
916, 2944760, 1279, 1455996, 1455565, 890, 15515, 15515, 392892773
917, 2943588, 958, 1456105, 1455436, 647, 15221, 15221, 2425074192
908, 2942621, 1262, 1455495, 1454495, 887, 15241, 15241, 1039837644
920, 2944432, 1074, 1456646, 1455139, 723, 15425, 15425, 134766806
912, 2939262, 1159, 1454145, 1452894, 792, 15136, 15136, 911858811
921, 2942702, 1019, 1455604, 1455005, 692, 15191, 15191, 1295419907
914, 2942315, 1179, 1455136, 1454222, 838, 15470, 15470, 2554851567
923, 2940530, 1455015, 1068, 748, 1454179, 14760, 14760, 2315830602
925, 2943768, 1456481, 1188, 831, 1455122, 15073, 15073, 3543859319
913, 2945943, 1457445, 890, 600, 1456762, 15123, 15123, 120418253
919, 2942928, 1068, 1456263, 1454744, 725, 15064, 15064, 74261528
928, 2940847, 1296, 1454446, 1453933, 922, 15125, 15125, 2582363804
931, 2940691, 1279, 1454856, 1453431, 937, 15094, 15094, 2521621551
927, 2939501, 1237, 1453663, 1453206, 897, 15249, 15249, 2291790082
932, 2944619, 1457186, 1066, 721, 1455594, 15026, 15026, 4266036589
933, 2943738, 1235, 1456047, 1455527, 877, 15026, 15026, 1183288563
922, 2942346, 1200, 1455091, 1454350, 843, 15431, 15431, 1017389478
924, 2942664, 1163, 1455866, 1454139, 804, 15346, 15346, 3738064423
936, 2943383, 1042, 1455988, 1454737, 674, 15471, 15471, 1801641995
937, 2938545, 1094, 1453016, 1452380, 731, 15662, 15662, 2268557352
942, 2947132, 1084, 1458248, 1456967, 747, 15043, 15043, 1840336079
926, 2940514, 1453855, 1307, 924, 1453458, 15485, 15485, 2376674763
938, 2941165, 1454517, 1204, 839, 1453785, 15410, 15410, 1878676201
929, 2942688, 1455866, 1248, 882, 1454918, 14887, 14887, 2860933301
930, 2942433, 1455161, 1136, 796, 1454502, 15419, 15419, 2975637680
934, 2950542, 1459876, 1120, 758, 1459516, 14636, 14636, 2481422095
940, 2938343, 1073, 1453768, 1453099, 725, 14839, 14839, 144849144
941, 2943245, 1206, 1455717, 1455231, 843, 15124, 15124, 2265095058
943, 2946103, 1458072, 1099, 757, 1456543, 14816, 14816, 2889984473
946, 2946927, 1153, 1457773, 1456625, 792, 15292, 15292, 1688580408
935, 2942332, 1050, 1455918, 1455308, 714, 14671, 14671, 1475077911
945, 2944876, 1456729, 1222, 868, 1455975, 15041, 15041, 2952483206
939, 2945471, 1081, 1457547, 1456248, 755, 14920, 14920, 2462971337
949, 2938825, 1026, 1453899, 1452634, 720, 15273, 15273, 1078683826
944, 2938495, 1453331, 1077, 735, 1452910, 15221, 15221, 1758212641
950, 2944307, 1237, 1455998, 1454793, 889, 15695, 15695, 1245566208
953, 2943458, 1287, 1455758, 1455090, 917, 15203, 15203, 2717569555
952, 2946374, 1184, 1457656, 1457139, 833, 14781, 14781, 247178933
951, 2943383, 1456665, 1084, 755, 1455597, 14641, 14641, 1950100548
947, 2939559, 1454158, 1180, 826, 1453285, 15055, 15055, 464851547
957, 2943525, 1457102, 1146, 785, 1455142, 14675, 14675, 4156285463
954, 2942484, 1455302, 1167, 800, 1454893, 15161, 15161, 4057003801
959, 2941155, 1146, 1455133, 1454386, 806, 14842, 14842, 2893664493
956, 2939468, 1453463, 1266, 879, 1452466, 15697, 15697, 4014489054
958, 2936894, 1452276, 1105, 783, 1451590, 15570, 15570, 2393608416
963, 2946310, 1057, 1457699, 1456568, 704, 15141, 15141, 2987563673
964, 2936777, 1214, 1452908, 1451282, 845, 15264, 15264, 2802008070
961, 2944331, 1057, 1456485, 1455760, 723, 15153, 15153, 2633592557
962, 2940812, 1044, 1454166, 1453596, 730, 15638, 15638, 2078983581
948, 2942459, 1455708, 1164, 806, 1454733, 15024, 15024, 1202312462
955, 2941624, 1455521, 1104, 751, 1454434, 14907, 14907, 3917186007
966, 2948142, 1458723, 1084, 740, 1457191, 15202, 15202, 2868986172
969, 2944297, 1049, 1456905, 1456323, 728, 14646, 14646, 374826565
965, 2943981, 1456500, 880, 571, 1455742, 15144, 15144, 1816972834
968, 2942589, 1455270, 1234, 870, 1454597, 15309, 15309, 3618135949
967, 2943776, 1456349, 1099, 768, 1455606, 14977, 14977, 169220113
960, 2941124, 1455212, 1148, 783, 1454299, 14841, 14841, 766109100
970, 2942254, 1456147, 1108, 763, 1454894, 14671, 14671, 262139044
972, 2941303, 1454801, 1250, 895, 1453845, 15256, 15256, 2840325267
979, 2939929, 1323, 1453999, 1452850, 923, 15417, 15417, 1138407937
977, 2944472, 1455927, 1217, 817, 1455425, 15543, 15543, 2710694343
978, 2940727, 1454920, 1071, 723, 1454355, 14829, 14829, 308023061
980, 2944731, 1135, 1456560, 1455743, 759, 15267, 15267, 476368922
983, 2946733, 1176, 1458013, 1456472, 788, 15142, 15142, 42682068
981, 2942566, 1102, 1455493, 1454697, 752, 15261, 15261, 2839857109
984, 2939852, 1117, 1454458, 1453777, 762, 14869, 14869, 1622301374
976, 2942318, 1118, 1455538, 1454774, 774, 15057, 15057, 3399736133
975, 2941821, 1346, 1454832, 1454311, 970, 15181, 15181, 385048728
971, 2942862, 1456264, 1113, 770, 1454957, 14879, 14879, 18890292
974, 2943265, 1170, 1455719, 1455248, 780, 15174, 15174, 1487177280
982, 2943215, 1455953, 1106, 767, 1455527, 14931, 14931, 2772520408
973, 2941360, 1455161, 996, 677, 1454476, 15025, 15025, 3340263892
989, 2941339, 1086, 1455573, 1453775, 765, 15070, 15070, 942876620
985, 2941724, 1454758, 1149, 798, 1454065, 15477, 15477, 4146634367
993, 2941469, 1033, 1455285, 1454444, 719, 14994, 14994, 3415428309
996, 2942657, 1081, 1455786, 1454581, 741, 15234, 15234, 172935343
991, 2939474, 1012, 1453719, 1453256, 701, 15393, 15393, 4069948502
986, 2936066, 1067, 1452040, 1451577, 704, 15339, 15339, 1807275838
987, 2942417, 1455481, 1098, 748, 1454910, 15090, 15090, 1217911399
992, 2949560, 1146, 1459322, 1458599, 805, 14844, 14844, 2498933367
995, 2941942, 1455108, 1082, 746, 1454136, 15435, 15435, 4262084269
994, 2943785, 1455930, 1078, 721, 1455182, 15437, 15437, 2922481437
990, 2943458, 1455574, 1256, 896, 1455184, 15274, 15274, 3954421753
999, 2943912, 1159, 1456326, 1455165, 816, 15223, 15223, 3549739410
998, 2943569, 1097, 1456056, 1455154, 762, 15250, 15250, 1605923917
988, 2944035, 1262, 1002, 686, 897, 1470094, 1470094, 2273957377
997, 2939584, 1454028, 968, 661, 1453175, 15376, 15376, 740888822
