sample_id, N_LCC, N_A_1_LCC, N_B_1_LCC, N_A_0_LCC, N_B_0_LCC, N_A_*_LCC, N_B_*_LCC, seed
7, 2064760, 443934, 488342, 484915, 440403, 103583, 103583, 869513777
11, 2065251, 416632, 485163, 481773, 413401, 134141, 134141, 1666986778
1, 2065447, 470677, 441302, 438025, 467359, 124042, 124042, 1089803485
8, 2066361, 467531, 454387, 450996, 464211, 114618, 114618, 319031607
6, 2066256, 524032, 400520, 397262, 520594, 111924, 111924, 1525823729
5, 2067937, 497832, 423005, 419822, 494408, 116435, 116435, 293550720
2, 2066310, 412199, 502766, 499316, 409149, 121440, 121440, 1144489539
4, 2066536, 428599, 489381, 485931, 425343, 118641, 118641, 2299475194
9, 2063332, 447929, 452090, 448864, 444551, 134949, 134949, 3056053766
0, 2064568, 474811, 432210, 428993, 471416, 128569, 128569, 934658652
10, 2066985, 519923, 388194, 385282, 516618, 128484, 128484, 1731672741
3, 2066925, 519951, 396572, 393364, 516636, 120201, 120201, 59348095
13, 2065607, 356426, 555125, 551498, 353492, 124533, 124533, 1292160400
15, 2066719, 424448, 503535, 500385, 421335, 108508, 108508, 1845340423
12, 2061718, 485706, 418447, 415085, 482100, 130190, 130190, 3531054619
14, 2067120, 485283, 422344, 419231, 482086, 129088, 129088, 3125464352
19, 2068579, 403770, 529198, 525741, 400736, 104567, 104567, 1442988803
18, 2067550, 471564, 428978, 425883, 468249, 136438, 136438, 2141756561
16, 2068146, 489713, 412093, 409296, 486222, 135411, 135411, 3184204188
20, 2065525, 465500, 457512, 454211, 462056, 113123, 113123, 429041450
21, 2062042, 486886, 427823, 424689, 483580, 119532, 119532, 2248419759
17, 2066545, 448164, 459944, 456733, 445124, 128290, 128290, 1888176153
22, 2067581, 396918, 507495, 504036, 393938, 132597, 132597, 962919727
23, 2065475, 405218, 519381, 515851, 402133, 111446, 111446, 2871337402
26, 2067308, 446656, 473565, 470093, 443430, 116782, 116782, 1496427538
27, 2062544, 435756, 464157, 460898, 432395, 134669, 134669, 1311857440
25, 2067658, 473348, 454356, 451187, 469997, 109385, 109385, 245837125
24, 2068306, 517777, 419532, 416597, 514358, 100021, 100021, 2642975611
28, 2066189, 405061, 507615, 504159, 401882, 123736, 123736, 1995008656
30, 2063588, 472001, 443217, 439859, 468561, 119975, 119975, 2331164716
29, 2064873, 455781, 468137, 464784, 452529, 111821, 111821, 3224053135
32, 2061367, 351225, 559375, 555525, 348410, 123416, 123416, 2424717086
33, 2064381, 466419, 448326, 444916, 463106, 120807, 120807, 4080699346
31, 2066462, 422412, 478619, 475348, 418979, 135552, 135552, 6362735
35, 2067557, 454472, 470654, 467384, 451251, 111898, 111898, 2461688830
34, 2063500, 479372, 434482, 431152, 475754, 121370, 121370, 2541355074
36, 2064823, 435775, 452159, 448791, 432718, 147690, 147690, 3976200750
37, 2065346, 455107, 470783, 467331, 451831, 110147, 110147, 2375851027
39, 2068912, 510245, 412989, 409978, 506736, 114482, 114482, 1124365234
38, 2067537, 484688, 437085, 434041, 481371, 115176, 115176, 4126393969
43, 2067749, 495909, 417981, 414697, 492526, 123318, 123318, 3634731861
44, 2068036, 489234, 431499, 428441, 486018, 116422, 116422, 1326244887
40, 2067164, 449048, 466705, 463541, 446252, 120809, 120809, 3333171828
45, 2062003, 414371, 500061, 496411, 411270, 119945, 119945, 433298963
41, 2066054, 447218, 469174, 465976, 443608, 120039, 120039, 1454560778
42, 2065676, 401439, 513795, 510289, 398347, 120903, 120903, 3779148681
46, 2064794, 382488, 538169, 534660, 379397, 115040, 115040, 2369225265
47, 2065899, 464559, 458003, 454657, 461324, 113678, 113678, 1789719037
48, 2068796, 443809, 475874, 472552, 440289, 118136, 118136, 335264744
49, 2065774, 443570, 480958, 477838, 440406, 111501, 111501, 2048780355
50, 2063984, 432821, 485195, 481961, 429633, 117187, 117187, 2037035483
51, 2065786, 452763, 456738, 453538, 449481, 126633, 126633, 565318025
54, 2064076, 451735, 456902, 453411, 448176, 126926, 126926, 3423887723
56, 2065036, 455033, 477773, 474219, 451687, 103162, 103162, 2524530936
53, 2066069, 426930, 488080, 484751, 423816, 121246, 121246, 126235444
52, 2065870, 503956, 419830, 416837, 500413, 112417, 112417, 1448107473
55, 2066459, 482939, 435130, 431874, 479554, 118481, 118481, 2939197606
57, 2065061, 464743, 455355, 452143, 461374, 115723, 115723, 753183052
58, 2069885, 458703, 482256, 478880, 455496, 97275, 97275, 3426348254
59, 2061224, 416269, 494262, 490718, 412931, 123522, 123522, 4260296249
61, 2067681, 425635, 487250, 484003, 422353, 124220, 124220, 451118332
60, 2064331, 514824, 409652, 406259, 511324, 111136, 111136, 323987965
62, 2065109, 439563, 491088, 487832, 436180, 105223, 105223, 3088509821
63, 2066994, 438606, 482319, 479041, 435404, 115812, 115812, 1582211998
65, 2066580, 528615, 394748, 391671, 525030, 113258, 113258, 2815948560
64, 2066287, 398265, 519901, 516364, 395243, 118257, 118257, 582941493
66, 2066951, 447527, 460663, 457405, 444238, 128559, 128559, 2333057659
69, 2064472, 451032, 465300, 461835, 447905, 119200, 119200, 4101673573
67, 2064973, 431485, 490460, 487129, 428295, 113802, 113802, 1674855594
68, 2069024, 445117, 477319, 474151, 441747, 115345, 115345, 1666422319
70, 2067487, 456544, 447084, 444055, 453194, 133305, 133305, 159440228
71, 2064374, 460809, 439847, 436543, 457481, 134847, 134847, 3815740487
73, 2064164, 422106, 500754, 497274, 419104, 112463, 112463, 4067392822
72, 2067090, 449599, 470116, 466957, 446252, 117083, 117083, 3993002086
74, 2068817, 464721, 460000, 456767, 461237, 113046, 113046, 2436699509
75, 2064812, 526434, 405860, 402797, 523153, 103284, 103284, 4253268341
78, 2067292, 377416, 541592, 538178, 374498, 117804, 117804, 1447871237
79, 2068361, 470620, 437498, 434499, 467324, 129210, 129210, 771603963
76, 2065053, 364847, 553902, 550501, 361925, 116939, 116939, 301207104
77, 2063797, 394033, 506766, 503293, 390969, 134368, 134368, 1886092530
80, 2068065, 489944, 431075, 428007, 486731, 116154, 116154, 3866890036
81, 2067889, 466430, 450357, 447332, 462854, 120458, 120458, 1125979751
82, 2062029, 506423, 426431, 423167, 502814, 101597, 101597, 637725257
84, 2064679, 407708, 501103, 497633, 404459, 126888, 126888, 2073966620
85, 2065239, 418499, 505023, 501504, 415179, 112517, 112517, 2645005736
83, 2062000, 521909, 392620, 389637, 518528, 119653, 119653, 737508899
88, 2066314, 403181, 508348, 504676, 400059, 125025, 125025, 1568923823
89, 2062878, 487013, 426487, 423397, 483525, 121228, 121228, 3732015373
87, 2065862, 487604, 419723, 416680, 484175, 128840, 128840, 3140015601
86, 2063640, 491061, 426785, 423664, 487838, 117146, 117146, 2151024556
90, 2067989, 461515, 441252, 438126, 458190, 134453, 134453, 3917317351
91, 2064434, 456760, 468412, 465220, 453408, 110317, 110317, 1468414627
93, 2064826, 492649, 417101, 413926, 489126, 126012, 126012, 3471146432
92, 2066914, 460254, 461892, 458679, 457145, 114472, 114472, 2206585128
94, 2064466, 465176, 449096, 445795, 461733, 121333, 121333, 1314225948
97, 2066120, 421407, 508456, 505031, 418244, 106491, 106491, 369075013
96, 2067223, 441119, 479617, 476205, 437934, 116174, 116174, 385503795
95, 2064976, 455117, 459973, 456433, 451841, 120806, 120806, 3747761807
102, 2064472, 459538, 442635, 439118, 456017, 133582, 133582, 288379351
99, 2068408, 512858, 406915, 403938, 509343, 117677, 117677, 1943898331
101, 2062987, 446388, 452603, 449532, 443376, 135544, 135544, 3498625451
98, 2065444, 513411, 403495, 400265, 509915, 119179, 119179, 1534631113
100, 2067000, 449989, 466206, 463112, 446509, 120592, 120592, 1257955472
103, 2067600, 401363, 510052, 506807, 398432, 125473, 125473, 1043077698
104, 2065692, 455734, 469841, 466464, 452583, 110535, 110535, 2754763183
105, 2064405, 481256, 418219, 415197, 477831, 135951, 135951, 2419802144
106, 2068220, 472432, 450947, 447977, 469056, 113904, 113904, 1032908621
107, 2064694, 390062, 525158, 521725, 386889, 120430, 120430, 540900692
109, 2066539, 430761, 497317, 493743, 427648, 108535, 108535, 3778097262
108, 2069563, 407620, 513758, 510373, 404588, 116612, 116612, 3895542058
110, 2066014, 485783, 452121, 448792, 482350, 98484, 98484, 3435173030
113, 2062383, 423453, 479934, 476503, 419995, 131249, 131249, 2825284078
112, 2062751, 502243, 405191, 401993, 498738, 127293, 127293, 1698974992
111, 2065425, 513650, 403962, 400688, 510257, 118434, 118434, 3824997033
114, 2066975, 477370, 450298, 447205, 474074, 109014, 109014, 2921893318
116, 2071079, 437056, 485342, 481963, 433890, 116414, 116414, 2138475648
115, 2068956, 488039, 448039, 444780, 485020, 101539, 101539, 2264656740
117, 2066208, 412982, 526286, 522809, 409733, 97199, 97199, 378771424
118, 2067842, 437014, 483779, 480549, 433928, 116286, 116286, 1225074181
120, 2064729, 396915, 518981, 515425, 393818, 119795, 119795, 816517261
119, 2063532, 498965, 429153, 426082, 495520, 106906, 106906, 4009045904
121, 2061547, 453643, 452844, 449465, 450357, 127619, 127619, 4024577452
122, 2068066, 458148, 467862, 464760, 455044, 111126, 111126, 376381818
125, 2066126, 413821, 506058, 502567, 410654, 116513, 116513, 702704921
123, 2066009, 422048, 501888, 498418, 418803, 112426, 112426, 1090365816
124, 2066328, 486266, 423253, 419768, 483179, 126931, 126931, 3728694640
127, 2067816, 446190, 483614, 480350, 443118, 107272, 107272, 3265025782
128, 2064270, 442376, 476421, 472987, 439264, 116611, 116611, 3887186254
126, 2064534, 485027, 423846, 420580, 481727, 126677, 126677, 1116543414
129, 2065624, 543403, 384607, 381730, 539888, 107998, 107998, 1412297325
131, 2064706, 467056, 458617, 455139, 463616, 110139, 110139, 3264836148
132, 2066974, 416359, 507037, 503938, 413094, 113273, 113273, 2058457620
130, 2066480, 469611, 442514, 439199, 466128, 124514, 124514, 402019016
133, 2064668, 458443, 460651, 457615, 455283, 116338, 116338, 1845579764
134, 2067223, 403238, 516760, 513180, 400011, 117017, 117017, 3718209528
135, 2062274, 434546, 463104, 459616, 431040, 136984, 136984, 3319534615
136, 2063723, 520299, 408915, 405724, 516813, 105986, 105986, 733124154
137, 2066238, 441742, 477491, 474335, 438540, 117065, 117065, 2342978526
139, 2062393, 461463, 452775, 449478, 458039, 120319, 120319, 1766503990
138, 2067560, 473609, 446624, 443595, 470354, 116689, 116689, 2978895948
141, 2065329, 395085, 528126, 524392, 391990, 112868, 112868, 652749932
140, 2064624, 446780, 481125, 478034, 443571, 107557, 107557, 741024126
142, 2067551, 503802, 407819, 404696, 500608, 125313, 125313, 3852090692
145, 2066576, 510577, 421482, 418271, 507080, 104583, 104583, 3563761132
143, 2065424, 487257, 425570, 422355, 483832, 123205, 123205, 1344824079
144, 2066204, 461922, 476406, 473034, 458594, 98124, 98124, 453093530
146, 2068261, 479468, 443848, 440620, 476073, 114126, 114126, 3754597505
148, 2064884, 437394, 467132, 463889, 434257, 131106, 131106, 1614119537
147, 2068016, 447743, 467843, 464635, 444689, 121553, 121553, 1916066961
150, 2066037, 432775, 496766, 493459, 429789, 106624, 106624, 320769099
149, 2064648, 483704, 445700, 442463, 480305, 106238, 106238, 3399763589
152, 2065469, 413940, 496695, 493427, 410753, 125327, 125327, 2834424065
151, 2066954, 381948, 538922, 535570, 378666, 115924, 115924, 2519976718
153, 2067762, 438917, 472177, 469058, 435966, 125822, 125822, 2927453372
155, 2065145, 408090, 511917, 508337, 404915, 115943, 115943, 2801926689
154, 2064584, 458389, 468123, 464759, 455029, 109142, 109142, 3253127905
157, 2067939, 519244, 408294, 405280, 515903, 109609, 109609, 1315322543
156, 2065606, 503736, 415335, 412082, 500273, 117090, 117090, 2816013405
159, 2063697, 506812, 418317, 415101, 503481, 109993, 109993, 1057452571
160, 2062191, 449340, 468721, 465448, 445876, 116403, 116403, 2642511173
158, 2067774, 475459, 449978, 446749, 472176, 111706, 111706, 2913329566
161, 2063322, 476623, 438400, 435165, 473068, 120033, 120033, 1962620417
164, 2065058, 493281, 431188, 428010, 489841, 111369, 111369, 2504277746
162, 2068566, 491107, 429095, 426040, 487660, 117332, 117332, 3460273994
163, 2066085, 485412, 444375, 441046, 482222, 106515, 106515, 3605798070
165, 2064556, 485324, 417398, 414137, 481841, 132928, 132928, 414974900
166, 2067315, 448740, 469274, 466116, 445619, 118783, 118783, 3553786520
167, 2065374, 445896, 458955, 455628, 442551, 131172, 131172, 3856511853
168, 2068354, 449421, 465875, 462599, 446351, 122054, 122054, 1524220959
170, 2067447, 503852, 436335, 433084, 500480, 96848, 96848, 1625045120
169, 2067743, 498734, 430764, 427639, 495314, 107646, 107646, 2575562679
173, 2065304, 473545, 450487, 447157, 470075, 112020, 112020, 4167559947
171, 2066534, 526169, 389379, 386207, 522499, 121140, 121140, 2434276099
172, 2067959, 402732, 489001, 485655, 399607, 145482, 145482, 2475960741
174, 2065170, 407909, 515159, 511683, 404841, 112789, 112789, 4169300903
175, 2066092, 394666, 510920, 507379, 391647, 130740, 130740, 1644715248
176, 2067463, 487594, 445474, 442324, 484095, 103988, 103988, 2857551459
177, 2064419, 432867, 482141, 478645, 429640, 120563, 120563, 2347892801
178, 2063923, 440959, 471027, 467499, 437888, 123275, 123275, 3534891689
179, 2064304, 392744, 509765, 506305, 389740, 132875, 132875, 86135705
180, 2066426, 420775, 502121, 498633, 417817, 113540, 113540, 3730019969
181, 2065208, 395242, 503961, 500315, 392170, 136760, 136760, 2660744035
185, 2063482, 365959, 560044, 556522, 362931, 109013, 109013, 2888875011
182, 2063788, 459532, 451189, 447945, 456232, 124445, 124445, 1003058380
183, 2067085, 407898, 504954, 501688, 404797, 123874, 123874, 989873278
184, 2065195, 429556, 498219, 494836, 426180, 108202, 108202, 1802793066
186, 2065186, 421452, 488505, 485178, 418121, 125965, 125965, 3779955101
187, 2065533, 477785, 432139, 428979, 474504, 126063, 126063, 3771055993
188, 2064429, 410979, 507093, 503565, 407882, 117455, 117455, 2787559950
189, 2064750, 542615, 378186, 375088, 538881, 114990, 114990, 1688910479
191, 2066320, 458531, 447852, 444589, 455050, 130149, 130149, 2369796307
190, 2065778, 445808, 480472, 477250, 442594, 109827, 109827, 2416467030
192, 2066575, 426319, 475556, 472183, 422995, 134761, 134761, 2245449504
193, 2063965, 472591, 441063, 437888, 469301, 121561, 121561, 274328909
194, 2069062, 459926, 473762, 470618, 456762, 103997, 103997, 2308165836
195, 2066395, 457706, 459300, 455981, 454344, 119532, 119532, 2072457373
198, 2067030, 505382, 404457, 401355, 502036, 126900, 126900, 2718161753
196, 2069608, 451271, 488972, 485753, 448062, 97775, 97775, 1011285289
197, 2066621, 467129, 444348, 441060, 463812, 125136, 125136, 3258524627
199, 2067095, 442319, 457981, 454969, 439134, 136346, 136346, 264667379
200, 2062751, 463749, 433776, 430619, 460431, 137088, 137088, 994311276
201, 2068748, 508718, 393092, 389981, 505177, 135890, 135890, 3550015907
203, 2067659, 505569, 417520, 414403, 502103, 114032, 114032, 3871757670
202, 2066685, 468507, 450310, 446998, 465140, 117865, 117865, 4134775617
204, 2065403, 359557, 543797, 540179, 356494, 132688, 132688, 1663759009
207, 2067587, 429393, 500866, 497346, 426276, 106853, 106853, 3705531249
206, 2069315, 427823, 489538, 486190, 424666, 120549, 120549, 1301480006
205, 2063849, 478987, 454354, 451250, 475652, 101803, 101803, 1790166415
209, 2064363, 425479, 473252, 469898, 422188, 136773, 136773, 1036886069
208, 2064738, 455177, 470421, 467305, 451707, 110064, 110064, 3245009005
212, 2064406, 435347, 485245, 481805, 432247, 114881, 114881, 2201267256
210, 2065806, 485642, 423295, 420055, 482500, 127157, 127157, 3367887581
211, 2064872, 521318, 397746, 394567, 517805, 116718, 116718, 1603198300
213, 2068387, 544641, 380867, 377712, 541199, 111984, 111984, 3772272317
214, 2064747, 507331, 403926, 400806, 504044, 124320, 124320, 1787841429
216, 2068364, 484418, 449378, 446325, 481131, 103556, 103556, 4133059912
215, 2065912, 501434, 416957, 413537, 498112, 117936, 117936, 1782522563
217, 2066360, 464479, 445398, 442148, 461073, 126631, 126631, 22480656
218, 2065813, 462657, 440706, 437348, 459400, 132851, 132851, 3145229969
219, 2064340, 479064, 437680, 434438, 475602, 118778, 118778, 2009498070
220, 2067219, 445126, 455511, 452405, 442091, 136043, 136043, 1213979303
221, 2068822, 464691, 460435, 457272, 461356, 112534, 112534, 4065234317
222, 2064751, 475793, 435521, 432304, 472541, 124296, 124296, 1838169602
223, 2067387, 448647, 460639, 457261, 445628, 127606, 127606, 2474588100
224, 2065118, 448690, 474565, 470993, 445520, 112675, 112675, 2033049393
225, 2065052, 473606, 448546, 445375, 470355, 113585, 113585, 168718946
226, 2066753, 513742, 415436, 412469, 510226, 107440, 107440, 3091294033
228, 2063637, 530862, 384917, 381819, 527369, 119335, 119335, 368787706
227, 2068718, 400047, 520862, 517445, 396918, 116723, 116723, 3897644735
229, 2070997, 497557, 438543, 435603, 494192, 102551, 102551, 1930815142
230, 2066574, 490376, 423083, 419971, 487262, 122941, 122941, 3876003109
232, 2068458, 413540, 515455, 512068, 410481, 108457, 108457, 1600409242
234, 2067905, 437072, 483877, 480444, 433802, 116355, 116355, 4035046922
233, 2064394, 429030, 472592, 469398, 425860, 133757, 133757, 433288083
235, 2065440, 466464, 456597, 453368, 463073, 112969, 112969, 1517795331
231, 2066339, 457035, 451250, 447654, 454052, 128174, 128174, 200618630
236, 2063481, 464243, 462316, 458926, 461020, 108488, 108488, 2318790216
237, 2065397, 448561, 451466, 448220, 445240, 135955, 135955, 2719840531
238, 2065946, 430982, 486662, 483506, 427678, 118559, 118559, 2276352375
239, 2068812, 464409, 457598, 454411, 461120, 115637, 115637, 2569047079
240, 2066281, 514981, 413756, 410662, 511430, 107726, 107726, 341077366
241, 2064726, 397948, 512860, 509358, 394792, 124884, 124884, 3624827717
243, 2065795, 401121, 524090, 520908, 397838, 110919, 110919, 2626483282
242, 2065239, 421020, 498906, 495794, 417681, 115919, 115919, 947009926
244, 2065428, 437117, 494586, 491093, 433886, 104373, 104373, 3711652129
246, 2063012, 477954, 443025, 439800, 474535, 113849, 113849, 602311720
245, 2067306, 447050, 474844, 471680, 443890, 114921, 114921, 677673899
247, 2065671, 453462, 446804, 443597, 450186, 135811, 135811, 787787946
248, 2067806, 491237, 431919, 428860, 487962, 113914, 113914, 1298804942
249, 2065992, 443320, 464332, 460852, 440102, 128693, 128693, 236876773
251, 2069582, 423252, 484395, 480979, 420076, 130440, 130440, 4049679557
250, 2066963, 522097, 395656, 392406, 518618, 119093, 119093, 2630538921
252, 2067625, 526167, 381650, 378615, 522539, 129327, 129327, 326926120
253, 2067700, 457388, 480470, 477146, 454074, 99311, 99311, 860405679
255, 2066696, 511202, 409605, 406644, 507921, 115662, 115662, 1713542067
254, 2066919, 514021, 409851, 406687, 510664, 112848, 112848, 2923637910
256, 2066677, 418583, 486793, 483586, 415501, 131107, 131107, 3542063257
257, 2067206, 431235, 490232, 486745, 428140, 115427, 115427, 2514779123
258, 2062235, 504703, 414203, 411008, 501115, 115603, 115603, 1809376505
259, 2064144, 446224, 468055, 464775, 442780, 121155, 121155, 1852781249
260, 2069611, 527519, 396269, 393247, 524184, 114196, 114196, 2653785432
261, 2065979, 493646, 415682, 412383, 490304, 126982, 126982, 3576027495
262, 2064792, 471164, 439802, 436818, 467646, 124681, 124681, 1510188540
263, 2066816, 426917, 500678, 497182, 423835, 109102, 109102, 1848407450
264, 2061962, 488416, 414413, 411186, 484917, 131515, 131515, 892241260
265, 2065960, 436445, 455255, 452033, 433257, 144485, 144485, 3237193466
267, 2066728, 442877, 486712, 483267, 439724, 107074, 107074, 3966582774
266, 2066609, 435022, 482114, 478823, 431850, 119400, 119400, 685134233
268, 2065968, 459616, 459558, 456123, 456271, 117200, 117200, 3766130249
269, 2067204, 502849, 419348, 416088, 499429, 114745, 114745, 2931012935
270, 2066243, 458426, 454561, 451331, 455243, 123341, 123341, 3877553862
271, 2066473, 471883, 438100, 435107, 468493, 126445, 126445, 817437827
272, 2066615, 424221, 486291, 483011, 421152, 125970, 125970, 1846862354
273, 2066863, 480530, 410656, 407353, 477232, 145546, 145546, 2700098095
275, 2065952, 404334, 524180, 520463, 401117, 107929, 107929, 671901527
274, 2065049, 487501, 436566, 433273, 484177, 111766, 111766, 942974036
276, 2063377, 502007, 427338, 424236, 498470, 105663, 105663, 2880378078
277, 2065633, 398362, 492883, 489261, 395341, 144893, 144893, 866504013
278, 2064641, 490566, 428784, 425601, 487182, 116254, 116254, 1054526153
279, 2064384, 408278, 513603, 510254, 405197, 113526, 113526, 257225444
280, 2065152, 448450, 480276, 476844, 445086, 107248, 107248, 1350230228
281, 2063925, 533657, 382144, 378969, 530213, 119471, 119471, 2386752206
282, 2064645, 467256, 408934, 405652, 463833, 159485, 159485, 3968022776
283, 2067362, 489708, 429661, 426582, 486439, 117486, 117486, 2158663688
284, 2065890, 553149, 359958, 356962, 549613, 123104, 123104, 1176245761
285, 2067463, 465150, 453732, 450583, 461968, 118015, 118015, 613583621
286, 2066335, 490989, 418056, 414824, 487558, 127454, 127454, 901097471
289, 2068081, 462207, 471350, 467941, 458891, 103846, 103846, 2775582428
288, 2067548, 505373, 421387, 418255, 502021, 110256, 110256, 2068979760
287, 2070000, 561106, 377432, 374482, 557878, 99551, 99551, 2169058731
291, 2062293, 444955, 467606, 464272, 441592, 121934, 121934, 3025885953
290, 2067248, 420883, 492001, 488873, 417883, 123804, 123804, 739495116
292, 2065567, 412480, 500622, 497123, 409470, 122936, 122936, 1872740208
293, 2060040, 366793, 533696, 529799, 363714, 133019, 133019, 4241895852
294, 2067493, 495538, 424522, 421321, 492242, 116935, 116935, 753678601
295, 2069034, 444995, 471413, 468038, 441952, 121318, 121318, 3822723396
296, 2065618, 490361, 418957, 415698, 487124, 126739, 126739, 1047261308
297, 2066200, 457780, 459047, 455694, 454647, 119516, 119516, 2390737802
299, 2067742, 470231, 445479, 442402, 466938, 121346, 121346, 4022171423
301, 2064669, 469374, 438624, 435474, 466147, 127525, 127525, 2421881759
298, 2068720, 412074, 496303, 493203, 408944, 129098, 129098, 2713952965
302, 2066162, 429048, 493262, 489969, 425703, 114090, 114090, 1237854802
300, 2067668, 435217, 476649, 473494, 432028, 125140, 125140, 2310896554
303, 2066329, 480750, 437239, 434112, 477508, 118360, 118360, 1176454082
305, 2063488, 396644, 500288, 496883, 393431, 138121, 138121, 1429192352
304, 2068673, 425546, 507590, 504309, 422456, 104386, 104386, 2083069341
306, 2065279, 438750, 488753, 485298, 435228, 108625, 108625, 4161269910
307, 2066980, 489281, 438932, 435704, 485939, 108562, 108562, 65310345
308, 2067529, 437204, 475349, 472088, 434106, 124391, 124391, 3719779075
309, 2064558, 473847, 450358, 447094, 470265, 111497, 111497, 2460640490
310, 2063140, 498531, 426431, 423152, 495002, 110012, 110012, 2347315730
311, 2065415, 508189, 415489, 412096, 504721, 112460, 112460, 2465192662
314, 2065993, 440931, 495456, 492099, 437535, 99986, 99986, 3746808721
313, 2064913, 407827, 515536, 512057, 404731, 112381, 112381, 4002397777
312, 2067407, 459177, 459666, 456476, 456054, 118017, 118017, 701178266
315, 2066622, 453817, 472220, 468922, 450503, 110580, 110580, 1035401656
317, 2065620, 467793, 453102, 449797, 464846, 115041, 115041, 2076359034
316, 2068253, 488266, 423641, 420489, 484977, 125440, 125440, 3832241689
319, 2065328, 442511, 473098, 469818, 439321, 120290, 120290, 133497035
318, 2064552, 516360, 407627, 404315, 512714, 111768, 111768, 1541395615
320, 2069771, 437213, 495474, 492094, 433930, 105530, 105530, 2837086335
321, 2066109, 464216, 458732, 455708, 460623, 113415, 113415, 651328552
322, 2067966, 498115, 433411, 430274, 494614, 105776, 105776, 419741728
323, 2065344, 425246, 493012, 489519, 422009, 117779, 117779, 684171683
325, 2067113, 403265, 509092, 505709, 399957, 124545, 124545, 1538820727
324, 2068050, 500457, 416206, 413072, 497033, 120641, 120641, 2698035185
327, 2063490, 448132, 475449, 472031, 444724, 111577, 111577, 4031331207
326, 2065939, 508869, 404807, 401682, 505729, 122426, 122426, 1384330255
330, 2067167, 537505, 384652, 381740, 533624, 114823, 114823, 939814008
329, 2069223, 433703, 492214, 488899, 430711, 111848, 111848, 715659889
328, 2063201, 442411, 472600, 469067, 439159, 119982, 119982, 1256237866
331, 2067331, 452254, 462973, 459827, 449029, 121624, 121624, 3103513402
332, 2067748, 511240, 407226, 404223, 508043, 118508, 118508, 1599497578
333, 2068565, 504064, 424842, 421545, 500744, 108685, 108685, 3399186831
334, 2068724, 466890, 463505, 460444, 463633, 107126, 107126, 2366364548
335, 2065227, 495139, 435861, 432844, 491961, 104711, 104711, 2725705769
337, 2063387, 446739, 484017, 480580, 443479, 104286, 104286, 1464953068
339, 2064439, 461377, 476035, 472704, 458113, 98105, 98105, 4056525440
338, 2067185, 400276, 512678, 509179, 397220, 123916, 123916, 3679883159
336, 2066423, 511063, 416921, 413718, 507687, 108517, 108517, 2440081407
341, 2066565, 457830, 448453, 445232, 454470, 130290, 130290, 2381387261
340, 2062987, 432228, 456029, 452497, 428919, 146657, 146657, 3965636168
343, 2065591, 426292, 477696, 474437, 422844, 132161, 132161, 1843509684
342, 2068929, 493555, 401429, 398510, 490173, 142631, 142631, 3456000593
344, 2066377, 484232, 442941, 439698, 480860, 109323, 109323, 2595980275
345, 2062298, 434805, 484052, 480468, 431643, 115665, 115665, 1338024151
346, 2065525, 450518, 465972, 462659, 447280, 119548, 119548, 2287184176
347, 2067600, 427922, 489223, 485907, 424606, 119971, 119971, 366390740
350, 2065160, 445855, 479245, 476042, 442660, 110679, 110679, 733021634
349, 2064816, 473899, 442786, 439332, 470355, 119222, 119222, 3010185517
348, 2065285, 512957, 396076, 392995, 509343, 126957, 126957, 4292167550
351, 2066061, 513699, 411493, 408466, 510141, 111131, 111131, 4241561223
352, 2066659, 445352, 477357, 474013, 442003, 113967, 113967, 467446025
353, 2067645, 473088, 450447, 447470, 470002, 113319, 113319, 4087923570
354, 2067946, 465578, 446862, 443713, 462403, 124695, 124695, 985032847
355, 2066824, 435462, 485571, 482130, 432147, 115757, 115757, 3350489706
356, 2066070, 436836, 497409, 493948, 433639, 102119, 102119, 3885115156
357, 2065746, 467543, 459629, 456366, 464178, 109015, 109015, 1921111771
358, 2063310, 484133, 440857, 437589, 480663, 110034, 110034, 3726983706
359, 2063250, 443188, 471736, 467946, 439750, 120315, 120315, 2658844808
360, 2065472, 445758, 457231, 453928, 442695, 132930, 132930, 2304753578
363, 2066339, 484532, 418580, 415511, 481182, 133267, 133267, 1859840235
361, 2063867, 444676, 486930, 483625, 441474, 103581, 103581, 26876980
362, 2063437, 479201, 439925, 436693, 475642, 115988, 115988, 2934517571
364, 2065961, 443329, 471968, 468491, 439987, 121093, 121093, 3098799624
365, 2064732, 465072, 439700, 436649, 461827, 130742, 130742, 606102867
367, 2065645, 381086, 543519, 539930, 378010, 111550, 111550, 1842632432
366, 2068299, 562832, 354465, 351371, 559515, 120058, 120058, 2060831460
368, 2065863, 506590, 423440, 420277, 503182, 106187, 106187, 2555705078
369, 2065591, 486967, 428251, 425070, 483545, 120879, 120879, 621249234
371, 2063361, 448107, 466549, 463096, 444769, 120420, 120420, 3951422777
370, 2067241, 420718, 493726, 490312, 417723, 122381, 122381, 1951368967
373, 2062303, 446834, 455283, 451974, 443580, 132316, 132316, 3390917174
374, 2066898, 468921, 441742, 438163, 465564, 126254, 126254, 3627037999
372, 2064559, 474662, 438522, 435354, 471191, 122415, 122415, 3468403299
375, 2065581, 476213, 447188, 443944, 472870, 112683, 112683, 4223800694
377, 2065149, 485449, 444403, 441108, 481765, 106212, 106212, 608410920
378, 2063224, 419664, 500838, 497353, 416213, 114578, 114578, 3695389091
376, 2065642, 417860, 497338, 493851, 414839, 120877, 120877, 956045126
379, 2069161, 450633, 476974, 473940, 447364, 110125, 110125, 2365416032
382, 2064531, 410345, 476767, 473553, 407156, 148355, 148355, 3691485696
381, 2066216, 438906, 471363, 468135, 435638, 126087, 126087, 3172349336
380, 2064947, 436244, 482568, 479353, 433044, 116869, 116869, 152779063
383, 2064765, 421448, 469058, 465595, 418122, 145271, 145271, 4183615813
385, 2068632, 463119, 450557, 447358, 459824, 123887, 123887, 2775366671
386, 2064506, 448590, 465069, 461870, 445185, 121896, 121896, 1594822740
387, 2065722, 460891, 452164, 449098, 457731, 122919, 122919, 457737593
384, 2066756, 507741, 416892, 413693, 504408, 112011, 112011, 1638142963
388, 2062747, 431908, 454985, 451615, 428435, 147902, 147902, 2803808651
389, 2067842, 439216, 463409, 460089, 435812, 134658, 134658, 890371619
390, 2063998, 461546, 481080, 477522, 458326, 92762, 92762, 1499127225
391, 2061913, 477077, 443429, 440103, 473842, 113731, 113731, 2319317873
394, 2066922, 438671, 484925, 481631, 435367, 113164, 113164, 2079558211
393, 2065685, 418098, 492990, 489772, 414991, 124917, 124917, 1300824907
392, 2063028, 482247, 416958, 413691, 478658, 135737, 135737, 927649526
395, 2065214, 477494, 434268, 430954, 474116, 124191, 124191, 3735598897
396, 2066664, 405708, 525991, 522495, 402606, 104932, 104932, 3275139033
397, 2064837, 478012, 439163, 435818, 474614, 118615, 118615, 3280440368
398, 2064399, 472311, 441234, 437980, 468946, 121964, 121964, 332383564
401, 2064856, 434346, 480844, 477426, 431116, 120562, 120562, 2787038794
399, 2066617, 500412, 427189, 423995, 497203, 108909, 108909, 348952673
400, 2063364, 485643, 426007, 423047, 482303, 123182, 123182, 3491634815
402, 2065770, 456496, 473418, 470247, 453299, 106155, 106155, 522405174
403, 2064121, 522125, 391785, 388607, 518576, 121514, 121514, 2499596426
405, 2063996, 500893, 379295, 376149, 497395, 155132, 155132, 66957478
404, 2068829, 447427, 480741, 477563, 444184, 109457, 109457, 2994551485
406, 2069107, 453108, 474429, 471172, 450058, 110170, 110170, 1742197294
409, 2065289, 476021, 457354, 453897, 472601, 102708, 102708, 1867873337
407, 2063171, 458221, 472086, 468742, 454932, 104595, 104595, 1164267861
410, 2065202, 505317, 407181, 403706, 501764, 123617, 123617, 857165986
408, 2066669, 460682, 461166, 457815, 457472, 114767, 114767, 1488522659
412, 2066077, 455815, 469683, 466421, 452496, 110831, 110831, 2687375702
413, 2065743, 409162, 525103, 521675, 405831, 101986, 101986, 1928014494
411, 2066588, 497674, 437788, 434691, 494071, 101182, 101182, 3860617089
414, 2066133, 469299, 452855, 449368, 466019, 114296, 114296, 291372961
416, 2064166, 439816, 474183, 470859, 436656, 121326, 121326, 4284444485
415, 2066592, 479840, 418116, 414932, 476642, 138531, 138531, 2114130746
417, 2062069, 493850, 433695, 430457, 490093, 106987, 106987, 1352885146
418, 2064672, 481716, 424065, 420911, 478320, 129830, 129830, 3752981300
421, 2067568, 490686, 400643, 397398, 487463, 145689, 145689, 1366599071
420, 2063850, 525246, 379714, 376728, 521524, 130319, 130319, 1120620913
424, 2064854, 453902, 476667, 473292, 450723, 105135, 105135, 851833868
419, 2067373, 479864, 421393, 418346, 476580, 135595, 135595, 3001124077
422, 2062883, 541419, 366739, 363429, 537868, 126714, 126714, 266098115
423, 2067220, 505800, 420262, 417327, 502505, 110663, 110663, 3145139950
425, 2069114, 478814, 458283, 455170, 475487, 100680, 100680, 1892754509
426, 2067296, 526764, 383726, 380601, 523387, 126409, 126409, 2322017176
427, 2064505, 437660, 474846, 471413, 434376, 123105, 123105, 3546117541
428, 2064562, 396901, 513762, 510190, 393655, 125027, 125027, 1440687566
429, 2070611, 535080, 399623, 396688, 532052, 103584, 103584, 2695230326
432, 2066132, 460130, 439643, 436415, 456584, 136680, 136680, 3227291051
434, 2066394, 497137, 424521, 421336, 493744, 114828, 114828, 1112003091
430, 2066262, 473595, 449593, 446352, 470138, 113292, 113292, 1548550349
431, 2066034, 522256, 401128, 397889, 518691, 113035, 113035, 3636959465
433, 2064055, 427359, 492077, 488441, 424202, 115988, 115988, 2423040419
435, 2065204, 521251, 401411, 398266, 517832, 113222, 113222, 328881957
437, 2064504, 456217, 459258, 455953, 452852, 120112, 120112, 428415323
436, 2066931, 415557, 513269, 510056, 412469, 107790, 107790, 3490031114
438, 2063555, 526496, 386910, 383732, 522853, 121782, 121782, 1567555212
439, 2069012, 451536, 463581, 460561, 448430, 122452, 122452, 1779143645
441, 2062102, 412798, 504860, 501370, 409560, 116757, 116757, 851490944
443, 2068931, 446108, 470593, 467495, 442779, 120978, 120978, 4061771341
442, 2065707, 432741, 486515, 483277, 429394, 116890, 116890, 1021285469
440, 2064390, 482078, 440236, 437044, 478616, 113208, 113208, 681520276
445, 2069273, 413010, 515325, 512281, 409963, 109347, 109347, 1179339540
446, 2067089, 409390, 511583, 508201, 406349, 115783, 115783, 281916647
444, 2063673, 498012, 422977, 419792, 494538, 114177, 114177, 3143314968
448, 2066807, 457477, 444893, 441861, 454190, 134193, 134193, 2455267482
449, 2063638, 413014, 501651, 498227, 409870, 120438, 120438, 3902257651
447, 2069197, 504860, 409229, 406358, 501598, 123576, 123576, 4189340140
450, 2066990, 417140, 517299, 513998, 414193, 102180, 102180, 3637785106
451, 2066465, 487439, 440861, 437710, 484107, 108174, 108174, 1760357179
453, 2064957, 468475, 437517, 434339, 465206, 129710, 129710, 1868240034
454, 2066774, 460470, 458088, 454687, 457279, 118125, 118125, 2639951048
452, 2063739, 536639, 386644, 383354, 533130, 111986, 111986, 2298185315
456, 2062009, 404196, 508463, 505019, 401169, 121581, 121581, 2228145134
455, 2069379, 434032, 470371, 467194, 430572, 133605, 133605, 4004470937
457, 2067385, 447513, 483391, 480143, 444222, 106058, 106058, 2565770470
458, 2066780, 461367, 458269, 455043, 458155, 116973, 116973, 107647747
459, 2064891, 503450, 412667, 409490, 499972, 119656, 119656, 1859280642
460, 2064022, 483577, 437518, 434166, 480209, 114276, 114276, 3877073645
461, 2065721, 474549, 449136, 445915, 471531, 112295, 112295, 60525279
462, 2066964, 486586, 447090, 443903, 483209, 103088, 103088, 2446582681
463, 2068130, 444946, 466182, 462907, 441735, 126180, 126180, 1849867976
466, 2067161, 404016, 526995, 523742, 400960, 105724, 105724, 1556715923
464, 2065050, 514673, 420914, 417754, 510981, 100364, 100364, 49860895
465, 2066935, 477280, 433049, 429911, 473789, 126453, 126453, 3746544247
467, 2067026, 461640, 458104, 454693, 458203, 117193, 117193, 3002528392
468, 2066563, 453993, 458388, 455092, 450872, 124109, 124109, 827212626
469, 2063290, 496656, 429986, 426697, 493713, 108119, 108119, 2596535149
471, 2066109, 462410, 447090, 444059, 458990, 126780, 126780, 2099585319
472, 2062829, 450553, 487598, 484084, 447086, 96754, 96754, 959725831
470, 2064600, 407889, 512431, 508931, 404719, 115315, 115315, 622526715
473, 2066215, 452017, 452509, 449429, 448830, 131715, 131715, 2215766316
474, 2065794, 471789, 440918, 437660, 468649, 123389, 123389, 1788621602
477, 2061836, 459274, 464839, 461419, 455904, 110200, 110200, 228961925
475, 2063248, 444523, 464782, 461504, 441371, 125534, 125534, 2028570070
476, 2065795, 499773, 411303, 408165, 496452, 125051, 125051, 2740403289
478, 2068204, 441307, 487425, 483868, 438274, 108665, 108665, 1323679524
480, 2062310, 470400, 452229, 449062, 466853, 111883, 111883, 1193224382
479, 2066646, 522453, 385997, 382927, 518997, 128136, 128136, 1106835306
482, 2066228, 442021, 466568, 463368, 438929, 127671, 127671, 3520765443
481, 2065478, 490537, 425992, 422867, 487076, 119503, 119503, 1086870873
484, 2063629, 453360, 458730, 455470, 449943, 123063, 123063, 1509052797
483, 2066937, 488605, 423086, 419977, 485237, 125016, 125016, 4170093573
485, 2063182, 430673, 497938, 494504, 427713, 106177, 106177, 3344730384
486, 2068286, 496304, 434361, 431074, 492987, 106780, 106780, 267765011
487, 2066504, 411216, 515147, 511670, 408087, 110192, 110192, 130593867
488, 2065950, 481094, 440572, 437592, 477970, 114361, 114361, 1815202695
489, 2064888, 434353, 475479, 471989, 431105, 125981, 125981, 1791524143
490, 2064907, 568413, 358193, 355040, 564637, 109312, 109312, 2226757884
491, 2066782, 400726, 537061, 533322, 397741, 98966, 98966, 2409206827
493, 2065064, 473408, 430107, 426722, 470153, 132337, 132337, 403513329
494, 2061603, 502607, 415528, 412430, 499122, 115958, 115958, 4145967880
492, 2067542, 448601, 443325, 440091, 445205, 145160, 145160, 2578594128
495, 2065494, 389876, 518860, 514976, 386756, 127513, 127513, 236299600
496, 2066330, 449505, 476369, 473023, 446501, 110466, 110466, 650159266
497, 2065601, 484995, 433786, 430666, 481618, 117268, 117268, 2959138441
498, 2066187, 454634, 484512, 480984, 451361, 97348, 97348, 2349447435
499, 2065385, 427372, 500429, 497090, 424184, 108155, 108155, 2153958219
500, 2065185, 438244, 486412, 482994, 434955, 111290, 111290, 128725122
501, 2068548, 477698, 436730, 433821, 474273, 123013, 123013, 2163488964
502, 2068086, 386590, 535187, 531683, 383442, 115592, 115592, 4093589345
503, 2066397, 465195, 459195, 455901, 461800, 112153, 112153, 4199998518
505, 2067696, 415735, 493088, 489801, 412594, 128239, 128239, 2971348427
506, 2063923, 460906, 460103, 456917, 457433, 114282, 114282, 3900856709
504, 2067752, 561135, 356405, 353285, 557581, 119673, 119673, 575177004
509, 2066919, 504195, 417106, 413967, 500781, 115435, 115435, 1798633908
508, 2064531, 529098, 379492, 376256, 525431, 127127, 127127, 1522181528
507, 2066384, 480606, 446743, 443403, 477410, 109111, 109111, 1528594752
511, 2065333, 471020, 456678, 453486, 468025, 108062, 108062, 3184518997
510, 2065980, 418939, 481756, 478333, 415896, 135528, 135528, 1310905356
512, 2064617, 450096, 478275, 474818, 446908, 107260, 107260, 4019810220
513, 2065477, 476448, 455638, 452588, 472985, 103909, 103909, 4187497861
514, 2064542, 468817, 451107, 447982, 465646, 115495, 115495, 624524569
515, 2065845, 456480, 461828, 458423, 453298, 117908, 117908, 4049928385
517, 2065141, 454879, 442485, 439287, 451274, 138608, 138608, 1882842882
516, 2066282, 502434, 417861, 414875, 498816, 116148, 116148, 2641148489
518, 2067584, 513942, 397264, 394181, 510585, 125806, 125806, 2149786460
519, 2063156, 429286, 482491, 478811, 425994, 123287, 123287, 493214029
520, 2065756, 468707, 447467, 444295, 465635, 119826, 119826, 1245130531
521, 2068212, 479325, 450733, 447643, 475701, 107405, 107405, 3282093405
523, 2063686, 471441, 441628, 438205, 468186, 122113, 122113, 3400038026
522, 2063977, 462861, 442621, 439477, 459628, 129695, 129695, 1671372191
525, 2065787, 456911, 460484, 457120, 453692, 118790, 118790, 1053826914
526, 2064585, 427856, 489771, 486572, 424578, 117904, 117904, 2562889155
524, 2065909, 553275, 353809, 350885, 549592, 129174, 129174, 3495514561
527, 2066847, 423948, 480467, 477149, 420837, 132223, 132223, 938599891
528, 2067842, 454976, 465696, 462544, 451540, 116543, 116543, 1904888739
529, 2063888, 541090, 374917, 371700, 537291, 119445, 119445, 4263380365
532, 2065813, 428652, 475648, 472254, 425477, 131891, 131891, 2094886203
530, 2068448, 485614, 452892, 449646, 482506, 98895, 98895, 2902057016
531, 2065345, 444457, 466369, 463214, 441109, 125098, 125098, 102408636
533, 2068050, 484996, 435910, 432574, 481466, 116552, 116552, 4234990143
534, 2066794, 410076, 497508, 493995, 406971, 129122, 129122, 2431826350
535, 2064915, 442008, 479983, 476644, 438700, 113790, 113790, 1482619850
538, 2063781, 464737, 445975, 442711, 461408, 124475, 124475, 2218795311
536, 2064259, 350248, 576906, 573057, 347386, 108331, 108331, 837478960
537, 2063766, 451668, 460625, 457380, 448551, 122771, 122771, 3034744190
540, 2064259, 475132, 431142, 427834, 471809, 129171, 129171, 631448478
539, 2065763, 448686, 464981, 461568, 445554, 122487, 122487, 3377894677
541, 2063826, 488992, 444169, 440667, 485698, 102150, 102150, 1035848598
542, 2064918, 406325, 509707, 506347, 403141, 119699, 119699, 2144437250
544, 2066984, 383305, 538735, 535387, 380199, 114679, 114679, 3664137860
543, 2064916, 464019, 469928, 466540, 460839, 101795, 101795, 2959800950
545, 2067423, 488032, 427267, 424052, 484510, 121781, 121781, 3824364349
546, 2064961, 447756, 451633, 448394, 444444, 136367, 136367, 2559820020
547, 2066243, 435949, 483921, 480692, 432837, 116422, 116422, 840138046
548, 2067182, 481001, 441801, 438863, 477735, 113891, 113891, 141612672
550, 2066409, 471495, 453274, 450067, 468085, 111744, 111744, 1905531947
549, 2067473, 499459, 423949, 420727, 496116, 113611, 113611, 1412456299
552, 2064277, 500614, 424946, 421856, 496997, 109932, 109932, 136346921
554, 2067092, 487350, 416149, 413071, 484030, 133246, 133246, 575170163
551, 2064484, 534310, 375695, 372769, 530914, 125398, 125398, 1382547185
553, 2064996, 464542, 437646, 434266, 460998, 133772, 133772, 1579157565
556, 2065260, 404073, 503895, 500516, 400994, 127891, 127891, 3501277355
555, 2068681, 464983, 440328, 437332, 461842, 132098, 132098, 3368631209
557, 2066176, 460027, 454095, 450807, 456461, 122393, 122393, 620331361
559, 2067571, 479069, 446728, 443803, 475811, 111080, 111080, 2071375790
558, 2066276, 407332, 507822, 504502, 404400, 121110, 121110, 4145442981
560, 2068468, 463204, 461834, 458563, 459979, 112444, 112444, 1044348981
561, 2065171, 445565, 477753, 474379, 442510, 112482, 112482, 3117030333
562, 2065932, 523424, 386394, 383359, 520129, 126313, 126313, 3502685104
563, 2066210, 505750, 420522, 417532, 502148, 110129, 110129, 406775633
566, 2069730, 405579, 507777, 504388, 402678, 124654, 124654, 4093225807
565, 2065909, 423338, 503339, 500146, 420044, 109521, 109521, 2983242050
564, 2064021, 482440, 435388, 432159, 478970, 117532, 117532, 1236990522
567, 2068256, 429495, 483792, 480405, 426236, 124164, 124164, 2161673368
569, 2066841, 413660, 508611, 505206, 410508, 114428, 114428, 2689042665
568, 2063471, 489683, 436065, 432486, 486249, 109494, 109494, 3090583914
571, 2066593, 430564, 490836, 487477, 427358, 115179, 115179, 485678382
572, 2065886, 419514, 516893, 513400, 416369, 99855, 99855, 377203430
570, 2065416, 452804, 464266, 461160, 449660, 118763, 118763, 2495745375
573, 2069100, 453094, 484468, 481183, 449935, 100210, 100210, 3378845037
574, 2066409, 424148, 482006, 478778, 421045, 130216, 130216, 2320193141
576, 2067083, 439515, 469805, 466535, 436226, 127501, 127501, 3503225425
577, 2065926, 436235, 466657, 463346, 433148, 133270, 133270, 3655191843
575, 2065115, 544392, 385620, 382518, 541075, 105755, 105755, 3186893887
578, 2067062, 376209, 549266, 545860, 373315, 111206, 111206, 3048494069
580, 2066941, 493035, 428153, 424949, 489570, 115617, 115617, 1890563966
579, 2063237, 457973, 436430, 432936, 454690, 140604, 140604, 108712991
581, 2065635, 475483, 451172, 447923, 472001, 109528, 109528, 1467682104
582, 2065552, 418194, 482164, 478658, 414822, 135857, 135857, 2965333474
585, 2065829, 448052, 484000, 480648, 444865, 104132, 104132, 2507049981
584, 2068239, 475950, 446586, 443402, 472735, 114783, 114783, 2230439766
583, 2064310, 478656, 444510, 441232, 475414, 112249, 112249, 415956041
589, 2065763, 462034, 455684, 452329, 458554, 118581, 118581, 1211384850
586, 2066415, 443422, 470345, 467216, 440248, 122592, 122592, 247044395
587, 2066306, 566480, 356728, 353735, 563009, 113177, 113177, 1255926000
588, 2066252, 512644, 398863, 395886, 509137, 124861, 124861, 1901980083
590, 2068091, 405181, 493434, 490141, 401983, 138676, 138676, 589118353
591, 2065603, 442470, 487021, 483736, 439038, 106669, 106669, 443235933
592, 2068729, 517303, 421402, 418319, 514041, 98832, 98832, 811478319
593, 2063737, 462980, 467077, 463599, 459781, 105150, 105150, 201249119
594, 2069450, 456974, 472412, 469155, 453745, 108582, 108582, 2726772740
595, 2064964, 427602, 486401, 483101, 424228, 121816, 121816, 1271720523
597, 2068143, 437882, 473904, 470594, 434675, 125544, 125544, 2909937387
596, 2063937, 415159, 507093, 503612, 412011, 113031, 113031, 716006707
598, 2066489, 472704, 459371, 455922, 469364, 104564, 104564, 3864043851
601, 2062267, 454128, 462253, 458972, 450736, 118089, 118089, 3068916893
602, 2065536, 397068, 521590, 517861, 394055, 117481, 117481, 977567693
600, 2068884, 432434, 479808, 476637, 429307, 125349, 125349, 3372682440
599, 2067407, 477909, 447433, 444345, 474850, 111435, 111435, 399079136
603, 2063780, 506034, 431063, 428057, 502702, 97962, 97962, 2855512145
604, 2066163, 506058, 424996, 421990, 502407, 105356, 105356, 901878929
605, 2070001, 425847, 494063, 490861, 423020, 118105, 118105, 2957436
606, 2063836, 460763, 455649, 452355, 457169, 118950, 118950, 2887671487
607, 2065040, 460526, 457650, 454392, 457092, 117690, 117690, 3644574249
609, 2068218, 426116, 504361, 501014, 422967, 106880, 106880, 41595850
610, 2064866, 513705, 413167, 409894, 510142, 108979, 108979, 3586424000
608, 2067164, 452110, 440019, 436649, 448686, 144850, 144850, 3279391013
611, 2066838, 456105, 456763, 453656, 452782, 123766, 123766, 2148016287
613, 2065741, 416702, 495187, 491847, 413675, 124165, 124165, 595289798
612, 2067136, 474609, 458889, 455670, 471354, 103307, 103307, 517841319
614, 2064999, 411627, 518979, 515235, 408458, 105350, 105350, 2380847546
615, 2063837, 434865, 480022, 476672, 431616, 120331, 120331, 3684251960
616, 2072215, 467809, 458269, 455252, 464409, 113238, 113238, 1166131587
617, 2062519, 448946, 479796, 476375, 445620, 105891, 105891, 460993899
620, 2066349, 509920, 424218, 421189, 506574, 102224, 102224, 2816321335
619, 2067736, 484559, 441501, 438628, 481180, 110934, 110934, 2207493923
622, 2064333, 468207, 451162, 447908, 464882, 116087, 116087, 1677113488
618, 2065700, 492214, 434853, 431520, 488733, 109190, 109190, 3004585847
621, 2066059, 415930, 472145, 468758, 412864, 148181, 148181, 4205594741
624, 2064190, 474383, 456778, 453509, 471084, 104218, 104218, 1142307681
623, 2065853, 438843, 472726, 469333, 435787, 124582, 124582, 612084752
625, 2066405, 377186, 533722, 530149, 374222, 125563, 125563, 3853093578
627, 2063617, 497853, 417620, 414329, 494355, 119730, 119730, 1920101142
626, 2068793, 416069, 525120, 521721, 413099, 96392, 96392, 2933082254
628, 2066285, 421104, 506056, 502457, 418038, 109315, 109315, 4132501466
629, 2066465, 465103, 462838, 459462, 461792, 108635, 108635, 3505054850
632, 2066809, 492966, 423074, 420019, 489602, 120574, 120574, 2330990456
630, 2068748, 486180, 431843, 428725, 482972, 119514, 119514, 4232086659
631, 2067477, 428600, 500064, 496791, 425660, 108181, 108181, 1472583660
635, 2068981, 462600, 456673, 453219, 459443, 118523, 118523, 353299851
633, 2069477, 449102, 501299, 497980, 445764, 87666, 87666, 643873337
636, 2068536, 394550, 540233, 536718, 391567, 102734, 102734, 1567969603
634, 2066966, 529184, 389352, 386550, 525480, 118200, 118200, 1040500581
637, 2065605, 495682, 428408, 425017, 492322, 112088, 112088, 1115984513
639, 2063918, 376363, 534471, 530874, 373238, 124486, 124486, 74931641
640, 2064865, 468647, 449391, 446215, 465268, 117672, 117672, 3786890839
641, 2066205, 455712, 453307, 449936, 452188, 127531, 127531, 3517822088
638, 2065326, 517572, 414073, 410920, 514231, 104265, 104265, 3201587584
642, 2063169, 411989, 499917, 496445, 408856, 122981, 122981, 818824836
644, 2067475, 420697, 486380, 483035, 417561, 129901, 129901, 1028324024
646, 2068588, 474912, 436678, 433286, 471796, 125958, 125958, 1480050042
643, 2065063, 454306, 462829, 459541, 450953, 118717, 118717, 2357300182
647, 2065177, 451649, 464973, 461974, 448471, 119055, 119055, 108889063
648, 2064642, 520627, 394210, 391075, 516960, 120885, 120885, 854031702
645, 2065610, 499258, 400690, 397716, 495868, 136039, 136039, 1368757720
649, 2067787, 501786, 426556, 423500, 498387, 108779, 108779, 2309445295
650, 2069006, 526013, 417758, 414728, 522609, 93949, 93949, 388703576
651, 2066768, 481018, 436224, 433216, 477770, 119270, 119270, 253767992
653, 2066010, 425809, 495699, 492207, 422849, 114723, 114723, 736155089
652, 2064132, 426148, 497837, 494337, 423196, 111307, 111307, 2795800547
654, 2069229, 496126, 440669, 437408, 492966, 101030, 101030, 754689193
658, 2066260, 456205, 463244, 459611, 452754, 117223, 117223, 3580352764
655, 2065141, 420311, 498519, 495113, 417134, 117032, 117032, 3918290869
662, 2064428, 501633, 410675, 407279, 498307, 123267, 123267, 1344357704
657, 2065594, 410209, 522186, 518936, 407185, 103539, 103539, 1789479115
659, 2066640, 454132, 438787, 435826, 450805, 143545, 143545, 3009146447
660, 2063536, 472307, 455431, 452073, 469095, 107315, 107315, 447154712
656, 2066442, 507809, 394828, 391850, 504359, 133798, 133798, 3316083090
663, 2064461, 454402, 472007, 468210, 451058, 109392, 109392, 2521582196
661, 2067607, 450520, 470847, 467825, 446965, 115725, 115725, 1479024001
664, 2067020, 465966, 473110, 469730, 462724, 97745, 97745, 1705625882
665, 2065962, 442353, 462746, 459541, 439080, 131121, 131121, 2586180459
666, 2066393, 486396, 435271, 432193, 483243, 114645, 114645, 15823883
667, 2064887, 448057, 473610, 470119, 444685, 114208, 114208, 2439669441
668, 2065253, 486036, 422197, 418949, 482567, 127752, 127752, 161860930
670, 2066284, 403507, 495033, 491609, 400293, 137921, 137921, 248141765
671, 2065959, 485724, 426496, 423075, 482268, 124198, 124198, 730317039
673, 2065725, 515997, 415042, 411841, 512611, 105117, 105117, 3350345127
669, 2068137, 404693, 513494, 510048, 401678, 119112, 119112, 1980534223
674, 2064925, 429841, 475135, 471519, 426472, 130979, 130979, 1873146746
672, 2064161, 450084, 469958, 466769, 446718, 115316, 115316, 2659598672
675, 2066838, 402776, 526156, 522655, 399871, 107690, 107690, 2429914650
676, 2067816, 403015, 515108, 512118, 399979, 118798, 118798, 3628633147
677, 2068680, 515626, 420653, 417519, 512102, 101390, 101390, 3301546489
678, 2065152, 448106, 454739, 451624, 444993, 132845, 132845, 802887969
680, 2064972, 412850, 511835, 508447, 409780, 111030, 111030, 2111984377
679, 2064311, 509558, 403074, 399869, 506122, 122844, 122844, 3492593654
681, 2065832, 461273, 466757, 463407, 457931, 108232, 108232, 3577138977
682, 2067372, 454176, 472218, 469071, 450981, 110463, 110463, 1539664058
683, 2067198, 470586, 458385, 454888, 467355, 107992, 107992, 3561890260
687, 2066144, 448263, 468634, 465480, 445069, 119349, 119349, 1151255554
685, 2064919, 413524, 504928, 501490, 410359, 117309, 117309, 2823746499
686, 2066224, 502251, 428172, 425074, 498827, 105950, 105950, 532326453
684, 2065938, 506411, 417587, 414585, 502963, 112196, 112196, 2628047676
688, 2068345, 461752, 472198, 468914, 458683, 103399, 103399, 3999412645
689, 2062878, 420618, 478155, 474609, 417490, 136003, 136003, 1132043846
690, 2065851, 434871, 478171, 474756, 431815, 123119, 123119, 476492501
692, 2067278, 396629, 499499, 496327, 393633, 140595, 140595, 2638698435
694, 2064792, 466841, 454114, 450759, 463756, 114661, 114661, 3540399568
695, 2064240, 526759, 407668, 404634, 523257, 100961, 100961, 1900783089
691, 2064895, 424129, 477620, 474275, 420865, 134003, 134003, 1443850005
693, 2064190, 479875, 440290, 437087, 476336, 115301, 115301, 2204410404
698, 2063741, 444475, 471124, 467787, 440985, 119685, 119685, 1962609402
697, 2065744, 507242, 406967, 403770, 503657, 122054, 122054, 1141609924
696, 2069465, 481312, 444897, 441622, 477922, 111856, 111856, 1957948134
699, 2066004, 494826, 432317, 429117, 491440, 109152, 109152, 441881791
700, 2063029, 431174, 482718, 479288, 427637, 121106, 121106, 1791093072
702, 2062814, 436093, 469131, 465676, 432746, 129584, 129584, 2151477698
701, 2064643, 442732, 490083, 486880, 439698, 102625, 102625, 3392989867
704, 2066348, 525189, 399152, 396085, 521466, 112228, 112228, 3646350509
705, 2065715, 486174, 439713, 436742, 482592, 110247, 110247, 823859963
708, 2066298, 409854, 505847, 502371, 406868, 120679, 120679, 3270416258
703, 2065880, 442462, 479079, 475898, 439243, 114599, 114599, 1796736414
706, 2065510, 476401, 446062, 442687, 472856, 113752, 113752, 1142635010
707, 2066799, 478870, 424158, 420944, 475349, 133739, 133739, 4258090166
709, 2066165, 479584, 430764, 427500, 476345, 125986, 125986, 3675671892
711, 2067443, 482479, 445970, 442662, 479310, 108511, 108511, 1675806444
710, 2068193, 472256, 464828, 461532, 468875, 100351, 100351, 4194284285
712, 2063116, 425158, 492495, 489132, 421927, 117202, 117202, 2844418160
714, 2066228, 475325, 452696, 449517, 471836, 108427, 108427, 773123455
713, 2064948, 465625, 459980, 456825, 462482, 110018, 110018, 3415227302
717, 2068662, 366465, 548861, 545360, 363570, 122203, 122203, 949587131
715, 2069237, 532502, 404787, 401675, 529075, 100599, 100599, 454802633
716, 2061047, 447840, 446657, 443329, 444613, 139304, 139304, 403221837
720, 2066683, 374722, 557469, 553781, 371667, 104522, 104522, 3314385437
719, 2065686, 450210, 459236, 455802, 446702, 126868, 126868, 3968534801
718, 2068417, 433082, 479305, 476139, 430009, 124941, 124941, 1766075010
722, 2066642, 459143, 464691, 461482, 455810, 112758, 112758, 173371194
724, 2063643, 460633, 453386, 449953, 457151, 121260, 121260, 806774235
721, 2065666, 560131, 365805, 362786, 556490, 110227, 110227, 798579490
723, 2065929, 478305, 446622, 443258, 475212, 111266, 111266, 2905134647
726, 2062994, 414208, 496758, 493408, 410988, 123816, 123816, 3008879064
725, 2065321, 458176, 458571, 455113, 454871, 119295, 119295, 2274727930
728, 2066420, 459238, 449461, 446121, 456000, 127800, 127800, 3965626238
727, 2065397, 449781, 467199, 463950, 446587, 118940, 118940, 2180720025
729, 2067408, 501624, 416519, 413376, 498045, 118922, 118922, 1916235399
732, 2067836, 425837, 499413, 496268, 422696, 111811, 111811, 2384559012
730, 2066895, 455338, 452107, 448699, 451999, 129376, 129376, 744914195
731, 2064421, 393313, 516323, 512812, 390113, 125930, 125930, 3229002622
733, 2065911, 448685, 450524, 447307, 445467, 136964, 136964, 3687966487
736, 2064440, 399056, 519736, 516184, 395802, 116831, 116831, 597898894
734, 2066536, 495454, 423183, 420075, 492214, 117805, 117805, 2182845084
735, 2066609, 446814, 481972, 478668, 443649, 107753, 107753, 2970631306
737, 2062374, 466618, 438497, 435052, 463223, 129492, 129492, 946838851
738, 2067974, 506744, 412091, 409010, 503165, 118482, 118482, 4200521575
739, 2068960, 471813, 448743, 445608, 468648, 117074, 117074, 2854224175
740, 2064880, 508207, 410892, 407666, 504819, 116648, 116648, 4236090152
741, 2065389, 486911, 434784, 431456, 483450, 114394, 114394, 1864247832
744, 2063398, 442697, 472713, 469229, 439665, 119547, 119547, 3591640703
742, 2067039, 554093, 364302, 361320, 550416, 118454, 118454, 1220402584
743, 2064979, 512329, 414142, 410871, 508819, 109409, 109409, 2073868378
747, 2068242, 392210, 547093, 543609, 389156, 98087, 98087, 1303100706
746, 2062365, 527364, 400617, 397442, 523976, 106483, 106483, 1127217740
745, 2064493, 388125, 513823, 510120, 385111, 133657, 133657, 4118434853
748, 2065559, 449480, 467315, 463809, 446189, 119383, 119383, 1321312850
749, 2063207, 471631, 456272, 452919, 467939, 107223, 107223, 241836049
750, 2063549, 447004, 465987, 462546, 443722, 122145, 122145, 2724063358
754, 2065691, 432704, 476019, 472657, 429477, 127417, 127417, 2031555115
753, 2065893, 416484, 502552, 499153, 413392, 117156, 117156, 1614324913
751, 2066114, 483674, 437788, 434516, 480322, 114907, 114907, 3420921543
752, 2066088, 416545, 487319, 484095, 413409, 132360, 132360, 3608318286
755, 2065481, 454712, 445840, 442843, 451512, 135287, 135287, 111553010
756, 2062306, 433580, 474679, 471359, 430010, 126339, 126339, 3185724200
757, 2068222, 425430, 493829, 490460, 422401, 118051, 118051, 2659745448
758, 2068020, 487684, 418654, 415504, 484254, 130962, 130962, 110756610
759, 2062549, 419265, 499540, 496054, 416100, 115795, 115795, 2077280548
760, 2066913, 526419, 396740, 393345, 522879, 113765, 113765, 2347728963
761, 2065952, 539177, 380062, 377000, 535635, 117039, 117039, 3210089717
762, 2067661, 450924, 460796, 457737, 447802, 125201, 125201, 990101051
763, 2066244, 444736, 481323, 477905, 441282, 110499, 110499, 2106989436
765, 2065479, 412409, 509328, 505736, 409316, 114345, 114345, 2771334087
766, 2063396, 449893, 466512, 463053, 446326, 118806, 118806, 2740805608
764, 2068986, 446062, 460365, 457152, 443045, 131181, 131181, 2487224084
769, 2066265, 449386, 447204, 443979, 446104, 139796, 139796, 247980979
768, 2066647, 470531, 434283, 430967, 467390, 131738, 131738, 2167521247
767, 2067742, 424818, 496127, 492807, 421632, 116179, 116179, 318715980
771, 2066153, 478444, 455147, 451945, 475127, 102745, 102745, 2080762487
770, 2063213, 499419, 411290, 408104, 495940, 124230, 124230, 1726443254
772, 2066267, 472366, 430475, 427103, 468961, 133681, 133681, 2620742338
775, 2064769, 419347, 505733, 502364, 415919, 110703, 110703, 3816564506
773, 2067387, 411800, 488137, 484829, 408805, 136908, 136908, 742674808
774, 2064757, 477559, 430490, 427281, 473981, 127723, 127723, 1261247363
776, 2065971, 453269, 485227, 481968, 450125, 97691, 97691, 2470301890
778, 2065697, 475007, 455926, 452682, 471598, 105242, 105242, 2906829034
777, 2065185, 451768, 462751, 459659, 448577, 121215, 121215, 1044485420
781, 2065413, 424425, 484840, 481399, 421431, 126659, 126659, 2543819683
780, 2062665, 441384, 471617, 468199, 438091, 121687, 121687, 2044278873
779, 2068091, 485252, 438615, 435351, 481995, 113439, 113439, 679878298
782, 2068728, 444091, 467311, 463966, 441008, 126176, 126176, 4178187827
783, 2067710, 479868, 461472, 458357, 476523, 95745, 95745, 3350087181
784, 2062022, 526445, 388813, 385792, 522886, 119043, 119043, 3272046556
786, 2064668, 417146, 496196, 492895, 413795, 122318, 122318, 809505756
785, 2062719, 485007, 447330, 444196, 481566, 102310, 102310, 4150300115
789, 2064891, 425733, 493180, 489519, 422703, 116878, 116878, 519711410
788, 2064997, 447546, 474667, 471279, 444455, 113525, 113525, 2985449072
787, 2065324, 437913, 491002, 487757, 434568, 107042, 107042, 3909880728
791, 2065191, 444544, 473868, 470522, 441273, 117492, 117492, 3482092197
792, 2063289, 556592, 342525, 339720, 552992, 135730, 135730, 945783927
790, 2066902, 525198, 374095, 371156, 521537, 137458, 137458, 345233104
793, 2063880, 468708, 442130, 438769, 465315, 124479, 124479, 3026487672
795, 2066866, 436601, 481669, 478248, 433318, 118515, 118515, 2815906993
794, 2064217, 451730, 466891, 463384, 448480, 116866, 116866, 2346137888
796, 2067978, 453729, 456609, 453525, 450305, 126905, 126905, 4213371259
798, 2066110, 464168, 451934, 448705, 460841, 120231, 120231, 1273242104
797, 2065814, 473122, 432396, 429040, 469854, 130701, 130701, 3132149412
800, 2065886, 377189, 528331, 524880, 374014, 130736, 130736, 3626199642
802, 2064832, 443748, 459403, 455974, 440509, 132599, 132599, 3068544747
801, 2066687, 428156, 495407, 492187, 424853, 113042, 113042, 856016524
804, 2064004, 462730, 449945, 446500, 459377, 122726, 122726, 1807347823
803, 2065930, 398359, 505780, 502273, 395284, 132117, 132117, 151160488
799, 2068340, 447525, 474294, 470908, 444153, 115730, 115730, 3003238798
805, 2067261, 441856, 472949, 469645, 438629, 122091, 122091, 262465832
806, 2066273, 400633, 521237, 517647, 397532, 114612, 114612, 310670586
808, 2063029, 453787, 453578, 450434, 450360, 127435, 127435, 3834197098
807, 2066994, 502772, 403658, 400553, 499263, 130374, 130374, 606226679
810, 2069086, 500749, 425523, 422262, 497480, 111536, 111536, 3334599462
809, 2065938, 488545, 423733, 420614, 484954, 124046, 124046, 3066224645
811, 2065626, 409016, 484514, 481028, 406036, 142516, 142516, 1104159263
814, 2063154, 423381, 491001, 487468, 420122, 120591, 120591, 1116058155
812, 2067393, 513706, 406409, 403293, 510385, 116800, 116800, 3023856524
813, 2063938, 522195, 391322, 388126, 518615, 121840, 121840, 3753990737
815, 2068770, 442290, 492786, 489568, 439032, 102547, 102547, 1985001848
816, 2064116, 488982, 424508, 421472, 485614, 121770, 121770, 1856336284
818, 2063281, 453378, 459168, 455826, 450071, 122419, 122419, 2249966420
817, 2067179, 595673, 330586, 327643, 592087, 110595, 110595, 3284125079
819, 2064339, 434746, 473895, 470558, 431550, 126795, 126795, 1915634097
820, 2065363, 479406, 448416, 445252, 476211, 108039, 108039, 3139700366
821, 2062953, 511913, 410431, 407012, 508063, 112767, 112767, 3400862113
822, 2066415, 437502, 482203, 479076, 434316, 116659, 116659, 461052094
823, 2067195, 447760, 471680, 468472, 444559, 117362, 117362, 2262948389
824, 2067856, 459547, 461485, 458018, 456352, 116227, 116227, 8798800
829, 2061556, 474318, 462997, 459547, 470894, 96900, 96900, 1268190394
827, 2067158, 424588, 500229, 496752, 421473, 112058, 112058, 1188107958
825, 2067182, 492093, 416974, 413839, 488878, 127699, 127699, 4090124505
828, 2068680, 435989, 493510, 490027, 432714, 108220, 108220, 244230777
826, 2069281, 544230, 375027, 371987, 540709, 118664, 118664, 191274696
831, 2063862, 452152, 470583, 467412, 449055, 112330, 112330, 63737384
830, 2067049, 521601, 410686, 407626, 518178, 104479, 104479, 2911715269
832, 2064763, 507761, 414273, 411108, 504483, 113569, 113569, 2351000840
833, 2067804, 418098, 478278, 474899, 414993, 140768, 140768, 3662788326
834, 2066589, 429040, 492744, 489423, 425856, 114763, 114763, 3309825911
836, 2066526, 455557, 466088, 462799, 452198, 114942, 114942, 3971592151
837, 2063307, 411353, 497805, 494580, 408231, 125669, 125669, 2891355037
835, 2065722, 481314, 448377, 445138, 478067, 106413, 106413, 86511124
839, 2068548, 471536, 442503, 439474, 468237, 123399, 123399, 372867857
838, 2063767, 534873, 393370, 390274, 531346, 106952, 106952, 1541470910
841, 2066614, 382965, 530363, 526495, 379943, 123424, 123424, 3491614625
840, 2065752, 421191, 494793, 491133, 417961, 120337, 120337, 2854937220
843, 2064773, 432632, 482605, 479259, 429461, 120408, 120408, 2542171810
842, 2064892, 476274, 440503, 437323, 472900, 118946, 118946, 2066969564
844, 2064065, 422065, 498582, 495242, 418556, 114810, 114810, 571102169
845, 2064920, 407280, 505127, 501647, 404166, 123350, 123350, 1263375688
846, 2064022, 490155, 442624, 439202, 486653, 102694, 102694, 1590126260
847, 2067432, 453821, 458920, 455714, 450713, 124132, 124132, 252971421
849, 2062453, 468136, 450068, 446733, 464564, 116476, 116476, 2608764021
850, 2065536, 432062, 473023, 469555, 428726, 131085, 131085, 280845502
848, 2065159, 480385, 442355, 439154, 477235, 113015, 113015, 1993632620
851, 2063010, 512547, 396882, 393863, 509046, 125336, 125336, 1935104062
852, 2064540, 435861, 487426, 484104, 432675, 112237, 112237, 3745082180
853, 2065075, 425346, 482758, 479333, 422076, 127781, 127781, 1930118524
854, 2067365, 441144, 484127, 480805, 438097, 111596, 111596, 1402674768
855, 2066377, 463790, 450589, 447418, 460580, 122000, 122000, 2104716343
856, 2067806, 462326, 438433, 435115, 459026, 136453, 136453, 2911976167
858, 2065542, 477571, 435694, 432468, 474367, 122721, 122721, 2461372958
857, 2067884, 556532, 374414, 371405, 552951, 106291, 106291, 1335147821
859, 2062820, 460495, 444182, 440750, 457225, 130084, 130084, 1045494312
860, 2065802, 427717, 471027, 467637, 424387, 137517, 137517, 1191256033
861, 2068639, 451763, 461853, 458469, 448494, 124030, 124030, 3833623771
862, 2065590, 435420, 492671, 489374, 432297, 107914, 107914, 2700237979
863, 2066936, 436912, 486421, 483270, 433791, 113271, 113271, 3926082959
864, 2066721, 387091, 535288, 531680, 384182, 114240, 114240, 1755789544
866, 2067984, 399440, 511083, 507751, 396374, 126668, 126668, 129435353
865, 2063834, 482273, 431613, 428128, 478870, 121475, 121475, 2563046970
867, 2063738, 407684, 516826, 513395, 404635, 110599, 110599, 3015071036
868, 2064925, 480331, 442226, 438973, 477017, 113189, 113189, 2812630803
869, 2063925, 520116, 411420, 408204, 516771, 103707, 103707, 3292597945
870, 2067046, 480616, 430239, 427190, 477251, 125875, 125875, 3913305122
875, 2065841, 398584, 528054, 524397, 395516, 109645, 109645, 3084558784
872, 2064473, 494987, 422168, 418979, 491611, 118364, 118364, 3370275798
874, 2066498, 430298, 496545, 493189, 427160, 109653, 109653, 4000520948
871, 2066301, 532652, 382783, 379637, 529027, 121101, 121101, 3561860381
873, 2066409, 411691, 503554, 500250, 408490, 121212, 121212, 3944956900
876, 2065728, 412309, 503702, 500262, 408949, 120253, 120253, 2320819044
878, 2066944, 431389, 483057, 479713, 428399, 122193, 122193, 44099777
877, 2065784, 480899, 432538, 429284, 477577, 122743, 122743, 1967228725
879, 2064247, 434429, 489536, 486011, 431173, 111549, 111549, 1433853023
880, 2061136, 445994, 477690, 474087, 442639, 110363, 110363, 2019903093
882, 2066383, 437602, 495409, 491970, 434192, 103605, 103605, 2780750822
881, 2067430, 510087, 402605, 399450, 506758, 124265, 124265, 3783783068
884, 2064397, 462194, 455729, 452654, 458980, 117420, 117420, 1009984583
883, 2062219, 496594, 432885, 429720, 493196, 104912, 104912, 1726941309
888, 2065920, 433187, 473329, 469992, 430036, 129688, 129688, 1141611216
887, 2065113, 437564, 486962, 483547, 434376, 111332, 111332, 1651530889
886, 2064699, 443949, 470764, 467401, 440769, 120908, 120908, 105177770
885, 2067769, 459453, 458864, 455658, 456034, 118880, 118880, 695855270
890, 2070232, 467435, 431304, 428315, 464058, 139560, 139560, 2008664000
891, 2062658, 529191, 397534, 394438, 525697, 107899, 107899, 3143397903
889, 2064012, 506246, 397640, 394495, 502807, 131412, 131412, 291722635
892, 2065006, 433397, 483889, 480670, 430008, 118521, 118521, 4275080950
893, 2067861, 441355, 451659, 448583, 438258, 144003, 144003, 512372027
894, 2066787, 512991, 417569, 414318, 509335, 106287, 106287, 3780466120
896, 2066652, 439106, 496237, 492874, 435973, 101231, 101231, 1512828615
898, 2066601, 462777, 473587, 470464, 459661, 100056, 100056, 41352139
895, 2067723, 513990, 408665, 405545, 510399, 114562, 114562, 3884741717
899, 2064031, 482422, 423879, 420848, 478954, 128964, 128964, 3704638390
900, 2066234, 485419, 421566, 418355, 481992, 129451, 129451, 4068236607
897, 2066460, 445232, 474766, 471552, 442084, 116413, 116413, 2430763892
901, 2066959, 489515, 435114, 431989, 486519, 111911, 111911, 3512672253
902, 2066870, 432837, 479809, 476293, 429559, 124186, 124186, 3155672482
903, 2064759, 468951, 453252, 450202, 465638, 113358, 113358, 2102458073
904, 2065755, 452999, 477913, 474490, 449637, 105358, 105358, 4129109753
905, 2064568, 430911, 475723, 472425, 427813, 128848, 128848, 647040402
906, 2063022, 414807, 478562, 475232, 411683, 141369, 141369, 1312361967
910, 2066279, 449731, 478825, 475601, 446634, 107744, 107744, 3634912271
907, 2065505, 485906, 426404, 423259, 482460, 123738, 123738, 271867206
909, 2065401, 493909, 421126, 418155, 490363, 120924, 120924, 585882374
908, 2066391, 444346, 462466, 459131, 441188, 129630, 129630, 1136410741
911, 2069228, 471654, 445779, 442847, 468424, 120262, 120262, 2064180425
913, 2063684, 478158, 442412, 439185, 474577, 114676, 114676, 2571484177
912, 2065955, 410237, 495039, 491540, 407131, 131004, 131004, 388869106
914, 2066036, 462591, 446074, 443039, 459342, 127495, 127495, 1200613261
915, 2066995, 538230, 390077, 386893, 534577, 108609, 108609, 1934518871
916, 2065473, 436850, 492457, 489120, 433606, 106720, 106720, 2445672704
917, 2063459, 482091, 424960, 421918, 478588, 127951, 127951, 2196530621
919, 2066670, 455931, 460532, 457394, 452561, 120126, 120126, 424398086
918, 2067905, 470889, 431967, 428679, 467806, 134282, 134282, 65206124
920, 2064285, 479213, 440897, 437756, 475719, 115350, 115350, 111732750
922, 2064257, 452224, 458408, 454815, 449010, 124900, 124900, 2199605887
923, 2066196, 431976, 491210, 487702, 428512, 113398, 113398, 4165392057
921, 2066173, 444896, 454416, 451179, 441734, 136974, 136974, 3735179149
924, 2064351, 414052, 498980, 495619, 410926, 122387, 122387, 4123397328
925, 2067629, 419594, 490637, 487276, 416626, 126748, 126748, 2063730067
926, 2065970, 506979, 416173, 412939, 503509, 113185, 113185, 3507529054
927, 2064714, 429556, 489510, 486391, 426305, 116476, 116476, 462117245
928, 2063890, 413523, 501375, 497603, 410359, 120515, 120515, 2368707735
929, 2066537, 451696, 465420, 462165, 448604, 119326, 119326, 2356751812
931, 2065466, 403249, 500509, 497188, 400238, 132141, 132141, 3597132094
930, 2063885, 461558, 448600, 445349, 458122, 125128, 125128, 3246817003
935, 2067788, 389796, 531071, 527667, 386680, 116287, 116287, 3187961628
932, 2066732, 566070, 336513, 333742, 562397, 134005, 134005, 816288404
933, 2069247, 500667, 421628, 418485, 497505, 115481, 115481, 1279282361
934, 2070312, 485639, 440794, 437791, 482324, 111882, 111882, 3286123795
937, 2064458, 454886, 475936, 472455, 451623, 104779, 104779, 3063039095
938, 2064768, 433093, 494447, 491119, 429869, 108120, 108120, 643271206
936, 2068234, 493560, 435321, 432274, 490161, 108459, 108459, 4115703958
939, 2065211, 407926, 518080, 514412, 404681, 110056, 110056, 975725099
940, 2064868, 421971, 492108, 488654, 418749, 121693, 121693, 146832171
941, 2066880, 413239, 501032, 497684, 410071, 122427, 122427, 933512207
944, 2067374, 418296, 513033, 509775, 415420, 105425, 105425, 109570843
943, 2067126, 446326, 484768, 481257, 443297, 105739, 105739, 3147771815
945, 2062785, 483081, 434601, 431336, 479599, 117084, 117084, 629474299
942, 2065513, 480237, 445022, 441688, 476832, 110867, 110867, 879968133
947, 2067076, 414275, 494350, 491001, 410996, 128227, 128227, 1667254081
946, 2064511, 501098, 428057, 424885, 497787, 106342, 106342, 3982899801
949, 2066894, 457345, 441678, 438389, 454156, 137663, 137663, 2530287629
948, 2065406, 429479, 483969, 480329, 426323, 122653, 122653, 3290154620
950, 2065157, 514190, 423835, 420859, 510595, 97839, 97839, 1161257382
951, 2066605, 455386, 469211, 465624, 452192, 112096, 112096, 496961977
952, 2067191, 450304, 461354, 458281, 446952, 125150, 125150, 3113942199
953, 2063830, 447265, 460160, 456845, 443844, 127858, 127858, 3973516844
954, 2065909, 506170, 421057, 417846, 502916, 108960, 108960, 739114030
956, 2068023, 504058, 410684, 407656, 500691, 122467, 122467, 1833152427
955, 2067901, 451946, 458108, 454861, 448466, 127260, 127260, 3612609939
957, 2067072, 404511, 502031, 498685, 401417, 130214, 130214, 2636335561
958, 2066616, 509504, 431641, 428478, 506027, 95483, 95483, 3415128237
959, 2063247, 407995, 511485, 507902, 404763, 115551, 115551, 612878477
960, 2066115, 506713, 416910, 413682, 503392, 112709, 112709, 1537520822
962, 2062238, 481812, 429091, 425834, 478409, 123546, 123546, 2737973437
961, 2065034, 456134, 438839, 435529, 452868, 140832, 140832, 1458355372
963, 2062781, 498686, 415758, 412438, 495191, 120354, 120354, 3106606635
964, 2066942, 438713, 478555, 475327, 435579, 119384, 119384, 2040988024
965, 2070796, 423017, 513517, 510302, 420058, 101951, 101951, 39179794
966, 2064668, 475027, 430928, 427797, 471584, 129666, 129666, 2715036075
970, 2066979, 434209, 488454, 485182, 431188, 113973, 113973, 882596425
968, 2067941, 508053, 412957, 409771, 504896, 116132, 116132, 3395659978
967, 2063287, 427968, 488069, 484748, 424776, 118863, 118863, 2590048474
969, 2064177, 419202, 488463, 485061, 415983, 127734, 127734, 2173539640
971, 2067983, 472442, 455964, 452903, 469184, 108745, 108745, 522710189
973, 2067142, 450689, 478225, 474845, 447431, 107976, 107976, 3944544977
972, 2064843, 459265, 457831, 454558, 455883, 118653, 118653, 2119975275
974, 2065719, 478701, 419686, 416675, 475355, 137651, 137651, 3144504568
975, 2066059, 443373, 486352, 483072, 439962, 106650, 106650, 2950430893
976, 2064536, 440031, 463844, 460593, 436740, 131664, 131664, 4256587086
978, 2066134, 431959, 496935, 493413, 429023, 107402, 107402, 2601289940
982, 2061616, 433083, 474972, 471502, 429897, 126081, 126081, 1075972508
979, 2066318, 422491, 481846, 478417, 419426, 132069, 132069, 933789548
981, 2069244, 484138, 450472, 447178, 480828, 103314, 103314, 2946047395
980, 2062421, 495551, 428611, 425395, 492150, 110357, 110357, 3764526726
977, 2062478, 430100, 496383, 492834, 426621, 108270, 108270, 1918211005
984, 2064802, 459092, 460911, 457709, 455420, 115835, 115835, 256156758
983, 2068694, 468984, 432503, 429243, 465540, 136212, 136212, 3413034488
985, 2065182, 501901, 401784, 398637, 498492, 132184, 132184, 1196725814
986, 2066232, 426493, 518005, 514624, 423432, 91839, 91839, 2760068594
988, 2064430, 451937, 477763, 474351, 448737, 105821, 105821, 779693089
987, 2064771, 489580, 424308, 421160, 486005, 121859, 121859, 3289742144
989, 2065929, 456798, 459119, 455754, 453396, 120431, 120431, 1571046633
990, 2061405, 480322, 437694, 434168, 476627, 116297, 116297, 3762412162
994, 2067501, 461073, 457822, 454521, 457635, 118225, 118225, 1012352752
992, 2064542, 471041, 453626, 450467, 467490, 110959, 110959, 3657820141
993, 2067622, 474606, 451210, 448106, 471438, 111131, 111131, 2743529451
991, 2064606, 440393, 467722, 464364, 437139, 127494, 127494, 939516120
995, 2066072, 467186, 439652, 436447, 463865, 129461, 129461, 458205630
996, 2067513, 433702, 486124, 482808, 430529, 117175, 117175, 4107133999
997, 2066587, 495668, 423330, 420295, 492374, 117460, 117460, 3857351800
998, 2063364, 477753, 445283, 442035, 474449, 111922, 111922, 3635570438
999, 2066541, 443118, 457712, 454551, 439790, 135685, 135685, 371212637
