sample_id, N_active, N_A_1, N_B_1, N_A_0, N_B_0, N_A_*, N_B_*, seed
13, 5069092, 2443538, 21866, 13002, 2432934, 78876, 78876, 672626674
2, 5079764, 22637, 2449087, 2439684, 13726, 77315, 77315, 2080791890
7, 5076887, 20803, 2450409, 2440545, 12052, 76539, 76539, 2563022651
5, 5070206, 2447085, 21926, 12997, 2435458, 76370, 76370, 4054622031
12, 5076163, 21378, 2448842, 2439092, 12699, 77076, 77076, 290973014
9, 5071998, 2449103, 20582, 11717, 2438432, 76082, 76082, 476056478
3, 5081977, 22373, 2449995, 2440886, 13431, 77646, 77646, 169972509
6, 5071907, 2445310, 21677, 12651, 2435355, 78457, 78457, 675564518
11, 5078907, 22125, 2449685, 2439938, 13361, 76899, 76899, 3968874487
1, 5087785, 21702, 2454220, 2444901, 12852, 77055, 77055, 3836995432
8, 5081990, 2453776, 19776, 11211, 2444447, 76390, 76390, 2494283370
10, 5077134, 2449025, 22227, 13410, 2439070, 76701, 76701, 931378410
0, 5077873, 20933, 2450302, 2441287, 12203, 76574, 76574, 1381196167
4, 5076668, 2448348, 22113, 13282, 2437525, 77700, 77700, 2323087557
14, 5079952, 2447582, 23203, 14350, 2438645, 78086, 78086, 1735813468
15, 5077022, 20727, 2449040, 2440126, 11939, 77595, 77595, 3652943183
17, 5066467, 21243, 2442643, 2432899, 12108, 78787, 78787, 3433345729
16, 5069559, 2446008, 21172, 12267, 2436742, 76685, 76685, 3503412062
28, 5079969, 19850, 2453775, 2443030, 11066, 76124, 76124, 651957743
25, 5075081, 22079, 2446950, 2436860, 13310, 77941, 77941, 4235031790
20, 5077758, 21179, 2448427, 2439155, 12455, 78271, 78271, 499483104
23, 5073883, 21302, 2447570, 2437576, 12237, 77599, 77599, 2689902675
24, 5079859, 22420, 2449166, 2439592, 13645, 77518, 77518, 3832558351
21, 5070106, 2447173, 21432, 12566, 2436823, 76056, 76056, 3605458766
19, 5071193, 2445811, 20273, 11341, 2436390, 78689, 78689, 1970629042
30, 5075943, 23232, 2446207, 2436538, 14344, 77811, 77811, 2857029392
26, 5074768, 2445787, 21669, 12813, 2436833, 78833, 78833, 3727932804
18, 5077334, 2451106, 20827, 12082, 2441909, 75705, 75705, 937591665
22, 5077702, 2447144, 21957, 13093, 2438218, 78645, 78645, 1385762327
29, 5075931, 2448107, 21648, 12696, 2438708, 77386, 77386, 246983430
27, 5083149, 2454524, 21269, 12496, 2445794, 74533, 74533, 1223665607
37, 5072490, 22001, 2447736, 2436977, 13014, 76381, 76381, 458229282
36, 5073839, 20935, 2447797, 2437773, 12214, 77560, 77560, 3348519069
34, 5071831, 21199, 2446511, 2436026, 12245, 77925, 77925, 3153028529
31, 5082890, 22232, 2450595, 2441665, 13286, 77556, 77556, 2562297954
38, 5076474, 22061, 2450306, 2440357, 13070, 75340, 75340, 2269519436
33, 5081390, 2450037, 22318, 13546, 2440711, 77389, 77389, 641569039
32, 5079710, 2450576, 22327, 13575, 2440022, 76605, 76605, 4050339823
35, 5075047, 2448933, 20929, 12118, 2439223, 76922, 76922, 1257850081
39, 5076280, 21625, 2448431, 2438593, 12811, 77410, 77410, 2813301988
41, 5074876, 2450027, 21093, 12448, 2439452, 75928, 75928, 3016370216
44, 5072145, 22663, 2444520, 2434498, 13712, 78376, 78376, 1041150561
45, 5079034, 21745, 2449926, 2440148, 13099, 77058, 77058, 86264034
43, 5073484, 22247, 2445241, 2436448, 13434, 78057, 78057, 2006204139
51, 5080121, 22551, 2447940, 2438613, 13857, 78580, 78580, 3974539789
50, 5073272, 19634, 2450027, 2440138, 10987, 76243, 76243, 3145237527
42, 5076766, 2448511, 21519, 12775, 2439805, 77078, 77078, 1868793445
47, 5071679, 2443727, 22497, 13593, 2434130, 78866, 78866, 1676219055
40, 5077400, 2451468, 21431, 12491, 2442618, 74696, 74696, 3040503591
49, 5076457, 23012, 2445134, 2436244, 14103, 78982, 78982, 2613787652
46, 5074925, 2446270, 22821, 13841, 2437209, 77392, 77392, 1736215583
52, 5072674, 20593, 2448320, 2438945, 11804, 76506, 76506, 797289302
57, 5081566, 19852, 2452731, 2443633, 11186, 77082, 77082, 2034616584
54, 5081722, 2452609, 20960, 12336, 2442529, 76644, 76644, 1989202130
53, 5077410, 2449533, 21496, 12674, 2440303, 76702, 76702, 2316066211
59, 5073490, 22643, 2446069, 2435822, 13832, 77562, 77562, 706461534
58, 5072920, 2447801, 21360, 12425, 2438464, 76435, 76435, 208507032
48, 5067782, 21704, 2443381, 2434443, 12558, 77848, 77848, 2416045179
60, 5073937, 21307, 2447756, 2438423, 12321, 77065, 77065, 2727534963
56, 5069184, 2444482, 21695, 12862, 2434539, 77803, 77803, 1843122704
62, 5072124, 2445881, 21756, 13048, 2435753, 77843, 77843, 946671116
61, 5064594, 2440920, 22103, 12943, 2430202, 79213, 79213, 896215225
63, 5067806, 2446378, 20555, 11657, 2436456, 76380, 76380, 3464100227
64, 5076028, 2448365, 21699, 12771, 2438293, 77450, 77450, 1891599125
55, 5073322, 2442880, 24298, 15308, 2433442, 78697, 78697, 2597011375
67, 5083925, 2454134, 21449, 12705, 2444379, 75629, 75629, 3618170159
66, 5083816, 2454387, 20253, 11657, 2445261, 76129, 76129, 2802494741
70, 5085952, 20374, 2455933, 2446230, 11671, 75872, 75872, 506169461
65, 5072445, 2446939, 20709, 11953, 2437784, 77530, 77530, 3388563976
76, 5074967, 21745, 2446998, 2436613, 12771, 78420, 78420, 3245907404
74, 5080359, 20891, 2452405, 2442373, 12230, 76230, 76230, 3756109834
75, 5078919, 21309, 2450392, 2440632, 12482, 77052, 77052, 77387156
77, 5084991, 20515, 2456327, 2446363, 11884, 74951, 74951, 3361082253
72, 5081608, 2454847, 21363, 12437, 2444329, 74316, 74316, 3507468961
73, 5080641, 20471, 2450306, 2441202, 11690, 78486, 78486, 3648473622
71, 5073525, 2449172, 20640, 11872, 2438651, 76595, 76595, 2394546643
68, 5068762, 2441953, 22902, 13949, 2431952, 79003, 79003, 4104900845
69, 5087299, 2456128, 21018, 12348, 2447065, 75370, 75370, 1392647218
81, 5082053, 20561, 2453359, 2443616, 11889, 76314, 76314, 1173786160
79, 5070942, 2444823, 22191, 13215, 2435637, 77538, 77538, 2649687715
78, 5081350, 2451259, 20672, 12064, 2441913, 77721, 77721, 2994262997
85, 5066761, 22130, 2442172, 2432413, 13308, 78369, 78369, 4139697610
82, 5082078, 20749, 2453548, 2443984, 11991, 75903, 75903, 2228231271
80, 5070062, 2438370, 24980, 16265, 2429017, 80715, 80715, 3959889263
88, 5072918, 19856, 2450859, 2440599, 11172, 75216, 75216, 2506971663
87, 5065306, 2443695, 21394, 12564, 2433383, 77135, 77135, 4208372872
86, 5074768, 2443186, 25183, 16408, 2434155, 77918, 77918, 2119465368
91, 5077221, 20959, 2450630, 2441002, 12164, 76233, 76233, 1434354731
83, 5078062, 2450875, 21225, 12568, 2441748, 75823, 75823, 2431660296
89, 5074461, 2447783, 21328, 12373, 2438747, 77115, 77115, 1136560993
84, 5082999, 2452007, 21579, 12813, 2442736, 76932, 76932, 1229133407
90, 5070626, 22985, 2443086, 2434042, 13955, 78279, 78279, 2228392218
100, 5070786, 21724, 2446917, 2435910, 12749, 76743, 76743, 4161506782
95, 5077073, 2447930, 22372, 13448, 2437333, 77995, 77995, 4252542087
93, 5083089, 2452137, 21493, 12752, 2442565, 77071, 77071, 2562203851
96, 5081041, 2447729, 23171, 14346, 2438355, 78720, 78720, 2292336089
102, 5067058, 21189, 2445815, 2435320, 12284, 76225, 76225, 782639865
92, 5065310, 22102, 2440286, 2431210, 13392, 79160, 79160, 4003572594
98, 5081705, 22300, 2449123, 2440105, 13777, 78200, 78200, 3106399384
97, 5074948, 2447925, 22515, 13746, 2438026, 76368, 76368, 876111152
94, 5082209, 2448203, 24236, 15495, 2438447, 77914, 77914, 351997441
101, 5082550, 2453700, 21619, 12772, 2443911, 75274, 75274, 1010652366
104, 5069770, 21022, 2445802, 2435296, 12238, 77706, 77706, 785293543
99, 5072343, 2444837, 22361, 13535, 2435214, 78198, 78198, 2636161153
106, 5082768, 21134, 2451984, 2442818, 12348, 77242, 77242, 881461503
108, 5084697, 20973, 2456113, 2445914, 12175, 74761, 74761, 1419291393
105, 5073517, 2447596, 20620, 11835, 2438036, 77715, 77715, 2706643452
107, 5073906, 22221, 2446051, 2436561, 13153, 77960, 77960, 2049918922
103, 5075162, 2451843, 20299, 11504, 2441136, 75190, 75190, 1033122851
116, 5082499, 20016, 2457551, 2445677, 11263, 73996, 73996, 532968655
111, 5066972, 21737, 2443598, 2434294, 12787, 77278, 77278, 1132533058
115, 5076715, 21761, 2448446, 2439323, 12871, 77157, 77157, 534664661
114, 5072781, 2446889, 21746, 12785, 2436959, 77201, 77201, 3483767394
109, 5074789, 2446305, 22668, 13916, 2437024, 77438, 77438, 1373950710
110, 5075045, 22308, 2446795, 2437821, 13423, 77349, 77349, 175543526
119, 5081880, 20778, 2453584, 2443177, 12219, 76061, 76061, 63551581
112, 5074060, 2448244, 20675, 11875, 2438878, 77194, 77194, 3875056767
120, 5074175, 23664, 2445529, 2435632, 14848, 77251, 77251, 3843711880
113, 5078438, 2447471, 22696, 13819, 2438534, 77959, 77959, 483914298
121, 5072544, 23138, 2444639, 2435206, 14195, 77683, 77683, 3057649138
123, 5072342, 21698, 2444917, 2435706, 12773, 78624, 78624, 3473579870
124, 5075787, 22560, 2448621, 2439117, 13767, 75861, 75861, 1627030351
118, 5071579, 21723, 2445820, 2436954, 12868, 77107, 77107, 4219203744
125, 5079595, 21515, 2451621, 2441902, 12833, 75862, 75862, 1651302801
127, 5074459, 21327, 2448213, 2438713, 12280, 76963, 76963, 2935235056
117, 5076517, 22092, 2447434, 2438812, 13183, 77498, 77498, 2930671705
122, 5079727, 2450056, 21374, 12555, 2441168, 77287, 77287, 2273714453
130, 5076382, 21238, 2450697, 2440346, 12359, 75871, 75871, 138480655
128, 5075496, 22406, 2447594, 2438072, 13520, 76952, 76952, 2373410985
129, 5072299, 22560, 2442861, 2433962, 13958, 79479, 79479, 364320951
131, 5087811, 2457977, 20002, 11559, 2447801, 75236, 75236, 2752479481
126, 5075659, 2448348, 21748, 12758, 2439315, 76745, 76745, 1887879943
133, 5078312, 22090, 2449162, 2440079, 13201, 76890, 76890, 1378836979
136, 5073303, 2450683, 19573, 10992, 2440569, 75743, 75743, 1231861099
135, 5071338, 24069, 2442183, 2432819, 15025, 78621, 78621, 4076471720
138, 5082756, 2452320, 21377, 12530, 2441969, 77280, 77280, 2722055168
137, 5065656, 22530, 2441966, 2432940, 13518, 77351, 77351, 3714464701
132, 5081238, 2452173, 20179, 11411, 2443143, 77166, 77166, 2794622033
134, 5070057, 2442456, 22625, 13582, 2433410, 78992, 78992, 1471021588
142, 5078039, 20064, 2451935, 2442828, 11390, 75911, 75911, 2437925984
139, 5073208, 21165, 2447807, 2438910, 12374, 76476, 76476, 2321724801
141, 5070853, 2443727, 23418, 14510, 2434514, 77342, 77342, 1961796984
140, 5076674, 2446604, 22105, 13153, 2437420, 78696, 78696, 2613831890
149, 5075758, 21116, 2451781, 2439633, 12384, 75422, 75422, 3668660630
143, 5075810, 2448327, 21724, 13177, 2438464, 77059, 77059, 885630697
145, 5080235, 2449909, 23284, 14431, 2439571, 76520, 76520, 2070401540
147, 5071218, 22674, 2444674, 2434827, 13685, 77679, 77679, 770622072
144, 5065949, 24078, 2437954, 2428615, 15112, 80095, 80095, 3864373970
146, 5071322, 2447079, 20760, 11954, 2437345, 77092, 77092, 3539589996
153, 5070006, 22795, 2442691, 2432888, 13764, 78934, 78934, 1251650215
150, 5075777, 2450855, 21098, 12282, 2440768, 75387, 75387, 1553823310
155, 5074290, 20999, 2449019, 2438732, 12222, 76659, 76659, 2606941113
148, 5077505, 2451148, 19680, 11085, 2441964, 76814, 76814, 536459674
154, 5070621, 2447322, 21404, 12427, 2435582, 76943, 76943, 4126599366
156, 5073899, 21006, 2448447, 2438520, 12162, 76882, 76882, 2074029768
157, 5074363, 24701, 2443577, 2433054, 15661, 78685, 78685, 1655237688
152, 5074300, 22010, 2446971, 2437823, 13100, 77198, 77198, 313777383
162, 5072471, 22290, 2447015, 2437181, 13531, 76227, 76227, 3078053800
159, 5065202, 2445101, 21097, 12201, 2434661, 76071, 76071, 4125204551
151, 5079812, 2449712, 21608, 12737, 2440659, 77548, 77548, 1004429014
164, 5076960, 23127, 2444932, 2435776, 14285, 79420, 79420, 112461618
160, 5065095, 2439370, 22467, 13482, 2429714, 80031, 80031, 3894250743
161, 5072554, 21534, 2444938, 2435794, 12316, 78986, 78986, 3731784495
168, 5079846, 20884, 2450481, 2440254, 12191, 78018, 78018, 3490793731
158, 5075394, 2447844, 21062, 12215, 2438891, 77691, 77691, 264348527
171, 5074150, 20959, 2448045, 2437871, 12213, 77531, 77531, 4045211001
165, 5071705, 2445848, 21960, 13056, 2435305, 77768, 77768, 2227736413
170, 5082357, 20758, 2453124, 2443571, 12150, 76377, 76377, 3671614014
169, 5073073, 20866, 2447385, 2438172, 11958, 77346, 77346, 1633873306
172, 5077731, 2451943, 20668, 12087, 2441363, 75835, 75835, 3646403576
166, 5073233, 2444915, 22429, 13350, 2435857, 78341, 78341, 2033329497
163, 5081866, 2451678, 21828, 12996, 2442912, 76226, 76226, 694340292
173, 5085052, 21196, 2453787, 2444795, 12334, 76470, 76470, 3227671204
167, 5080770, 2451243, 21149, 12480, 2441908, 76995, 76995, 3818781789
179, 5083197, 20954, 2454881, 2443827, 12201, 75667, 75667, 931219955
176, 5069363, 24123, 2440930, 2430133, 15023, 79577, 79577, 2633565666
177, 5078903, 22017, 2449430, 2439486, 12736, 77617, 77617, 3306930538
174, 5072590, 2446190, 21638, 12874, 2436066, 77911, 77911, 530507677
175, 5076803, 2449238, 21867, 13197, 2439461, 76520, 76520, 1470762691
184, 5080189, 22020, 2452813, 2442417, 13157, 74891, 74891, 206281911
181, 5080340, 20725, 2450297, 2440998, 11982, 78169, 78169, 3178945008
182, 5080569, 2451732, 21735, 13078, 2441468, 76278, 76278, 2573774629
180, 5079679, 22774, 2448488, 2439577, 13758, 77541, 77541, 3649357254
183, 5078566, 22845, 2448548, 2439479, 14128, 76783, 76783, 3606730074
185, 5074460, 20797, 2448553, 2439081, 12027, 77001, 77001, 1784639056
178, 5079654, 22277, 2449186, 2440413, 13492, 77143, 77143, 3762937762
189, 5080129, 22081, 2451381, 2441569, 13296, 75901, 75901, 689258740
186, 5075482, 2446025, 22365, 13357, 2435849, 78943, 78943, 910890106
192, 5074047, 2450406, 20965, 12091, 2438559, 76013, 76013, 4276699302
187, 5072871, 2446158, 21022, 12030, 2435935, 78863, 78863, 284681122
190, 5078038, 2449882, 20609, 12168, 2440421, 77479, 77479, 2125632935
191, 5074160, 2448124, 21353, 12424, 2437269, 77495, 77495, 2641044107
193, 5074937, 2446671, 21898, 13019, 2436427, 78461, 78461, 872464967
188, 5070767, 2444462, 22390, 13492, 2435579, 77422, 77422, 2954831508
196, 5076680, 23582, 2445814, 2436675, 14423, 78093, 78093, 3379397743
197, 5073566, 22813, 2444196, 2434655, 13940, 78981, 78981, 2143084567
201, 5079995, 21686, 2451086, 2441225, 12904, 76547, 76547, 914394530
198, 5076725, 2450194, 21575, 12804, 2439284, 76434, 76434, 132782832
194, 5071157, 2446651, 20745, 11979, 2436834, 77474, 77474, 3070506789
200, 5085140, 2453937, 21370, 12711, 2444060, 76531, 76531, 3397496680
202, 5074175, 23470, 2445342, 2435649, 14612, 77551, 77551, 90951533
195, 5071858, 2444126, 22498, 13555, 2435065, 78307, 78307, 622665012
203, 5080489, 2454080, 20579, 11883, 2444035, 74956, 74956, 2282195628
199, 5069351, 2445124, 21605, 12618, 2435680, 77162, 77162, 428171886
205, 5074913, 2447287, 21531, 12916, 2437069, 78055, 78055, 1355073564
210, 5078822, 21043, 2451489, 2441484, 12374, 76216, 76216, 3438484704
207, 5077639, 2452770, 19142, 10552, 2443091, 76042, 76042, 3845976148
206, 5077753, 2448049, 22113, 13315, 2438154, 78061, 78061, 2711305996
213, 5085353, 21769, 2455325, 2445589, 13042, 74814, 74814, 1069086113
204, 5072103, 2445074, 22526, 13808, 2435089, 77803, 77803, 1973359158
212, 5074788, 20849, 2446265, 2437238, 12030, 79203, 79203, 2454821432
208, 5077518, 2447920, 22658, 13847, 2439005, 77044, 77044, 1494506453
214, 5060565, 2436291, 24166, 15224, 2425984, 79450, 79450, 4202027217
211, 5077269, 20083, 2449235, 2439764, 11299, 78444, 78444, 1897297948
215, 5071147, 2447031, 21012, 12247, 2437147, 76855, 76855, 381557095
209, 5074955, 2446498, 22241, 13421, 2436799, 77998, 77998, 1509849934
217, 5067966, 2441298, 23702, 14324, 2431440, 78601, 78601, 2275805187
216, 5082539, 2451968, 21649, 13052, 2443170, 76350, 76350, 1757517117
219, 5078306, 2451608, 21222, 12476, 2441866, 75567, 75567, 2274063791
221, 5076382, 22696, 2447592, 2438307, 13771, 77008, 77008, 4175995609
226, 5079483, 21443, 2449767, 2440557, 12684, 77516, 77516, 1065539972
220, 5084416, 2452344, 22996, 14294, 2442548, 76117, 76117, 1009935063
228, 5071845, 21182, 2446411, 2436435, 12357, 77730, 77730, 2746425543
223, 5069159, 2445053, 21598, 12760, 2435592, 77078, 77078, 2780825587
218, 5080849, 2452130, 21490, 12743, 2443052, 75717, 75717, 2932770568
224, 5078117, 2450346, 21029, 12328, 2441004, 76705, 76705, 4114790638
229, 5077679, 23230, 2446404, 2437209, 14148, 78344, 78344, 12419625
225, 5066143, 21357, 2444183, 2434417, 12556, 76815, 76815, 3871659639
222, 5073781, 2448356, 21165, 12409, 2439311, 76270, 76270, 1217892881
227, 5067368, 2443853, 21557, 12607, 2434005, 77673, 77673, 2211344909
231, 5082652, 21364, 2451005, 2441910, 12641, 77866, 77866, 3992360022
232, 5071979, 21614, 2445850, 2436171, 12702, 77821, 77821, 3855860002
230, 5075911, 2447078, 22275, 13319, 2437037, 78101, 78101, 521733380
234, 5074082, 20176, 2448249, 2438934, 11293, 77715, 77715, 3385313423
233, 5076922, 2448799, 21811, 12921, 2438307, 77542, 77542, 3755933114
239, 5076991, 20438, 2452785, 2442724, 11600, 74722, 74722, 1375348335
237, 5081333, 23686, 2447836, 2438410, 14661, 78370, 78370, 3628829448
242, 5077986, 20888, 2452337, 2442373, 12180, 75104, 75104, 1578511889
243, 5079833, 20091, 2453566, 2442533, 11449, 76097, 76097, 1002225379
236, 5073657, 2447874, 21771, 13085, 2437323, 76802, 76802, 589584453
241, 5080558, 2450853, 21590, 12919, 2441352, 76922, 76922, 4149336914
244, 5079307, 20117, 2453272, 2443620, 11384, 75457, 75457, 4015349585
240, 5071519, 23157, 2443311, 2434311, 14162, 78289, 78289, 2431656521
235, 5071835, 2444911, 22298, 13341, 2435741, 77772, 77772, 3963440890
238, 5076630, 2448309, 21799, 13029, 2439305, 77094, 77094, 3484562865
245, 5073974, 2446038, 22153, 13271, 2436572, 77970, 77970, 2874055682
246, 5084695, 2456033, 20085, 11411, 2446454, 75356, 75356, 821666712
251, 5076695, 20731, 2451122, 2441075, 12033, 75867, 75867, 2858896208
253, 5077060, 21181, 2451065, 2440622, 12190, 76001, 76001, 990506206
249, 5078623, 19985, 2453763, 2444500, 11445, 74465, 74465, 3056630765
247, 5078905, 2451179, 21306, 12582, 2441816, 76011, 76011, 851613970
252, 5075200, 21217, 2449492, 2439286, 12529, 76338, 76338, 3587948892
250, 5074024, 21842, 2445495, 2436286, 12907, 78747, 78747, 77366268
257, 5072847, 20759, 2447872, 2438034, 11912, 77135, 77135, 3336609207
255, 5074736, 20773, 2447153, 2438239, 11955, 78308, 78308, 431919271
248, 5069785, 2443963, 20939, 12015, 2434970, 78949, 78949, 3547938252
256, 5077095, 19944, 2451198, 2442133, 11268, 76276, 76276, 1964298011
261, 5069427, 21397, 2445399, 2435243, 12486, 77451, 77451, 90483616
259, 5070671, 23974, 2441144, 2432015, 14852, 79343, 79343, 2410366784
254, 5074188, 2449334, 20395, 11753, 2439590, 76558, 76558, 2878406452
258, 5072959, 2445623, 22487, 13716, 2436263, 77435, 77435, 884159928
260, 5080151, 2453367, 20153, 11267, 2444096, 75634, 75634, 602076414
263, 5069860, 22446, 2445502, 2436062, 13482, 76184, 76184, 170793877
262, 5063007, 20384, 2443214, 2433954, 11523, 76966, 76966, 4125088391
264, 5074836, 2449367, 21492, 12790, 2439327, 75930, 75930, 3061655258
272, 5077020, 21068, 2448487, 2438050, 12275, 78570, 78570, 450518477
267, 5083945, 21856, 2452016, 2443156, 12967, 76975, 76975, 4096351647
265, 5074530, 2446227, 21828, 12796, 2436959, 78360, 78360, 3584619634
270, 5076674, 2449803, 20958, 12122, 2440131, 76830, 76830, 273100587
271, 5073508, 2448506, 22524, 13844, 2438080, 75277, 75277, 2990657102
269, 5072282, 22101, 2446045, 2436805, 13201, 77065, 77065, 642694838
268, 5077676, 2449494, 22069, 13236, 2440611, 76133, 76133, 4211357152
276, 5075294, 20895, 2449785, 2438838, 11902, 76937, 76937, 903914081
275, 5082128, 2453884, 21249, 12669, 2442960, 75683, 75683, 2436128147
277, 5076353, 19624, 2451129, 2441972, 10822, 76403, 76403, 3067163483
266, 5079533, 2450577, 20839, 12021, 2441718, 77189, 77189, 3537208139
274, 5068667, 2441088, 23096, 14046, 2431979, 79229, 79229, 3090864792
273, 5075897, 2447145, 22295, 13516, 2437655, 77643, 77643, 421214688
278, 5070593, 20742, 2447875, 2438271, 12033, 75836, 75836, 860020373
286, 5078097, 21718, 2449632, 2439639, 12826, 77141, 77141, 1566585351
279, 5076769, 22457, 2446889, 2437483, 13550, 78195, 78195, 2344063199
280, 5063492, 2440555, 21497, 12689, 2430517, 79117, 79117, 2563236395
282, 5066777, 2445438, 20514, 11807, 2436144, 76437, 76437, 1831195550
285, 5066609, 2440871, 22845, 13888, 2430869, 79068, 79068, 129276006
284, 5082993, 22581, 2452704, 2443024, 13820, 75432, 75432, 2087877368
283, 5069359, 2444938, 21403, 12531, 2435977, 77255, 77255, 945503406
281, 5070896, 2443560, 22466, 13487, 2433509, 78937, 78937, 1515151828
290, 5073519, 23904, 2444618, 2434768, 15039, 77595, 77595, 3718111940
289, 5074533, 2444335, 22376, 13465, 2435131, 79613, 79613, 3162831951
288, 5070759, 2445406, 22284, 13365, 2434336, 77684, 77684, 963866321
287, 5075418, 2447572, 21567, 12696, 2438319, 77632, 77632, 698999805
291, 5074988, 20875, 2448354, 2439144, 12113, 77251, 77251, 2644571133
295, 5074973, 22641, 2444824, 2435590, 13898, 79010, 79010, 3598212961
294, 5073072, 2443816, 23124, 14250, 2434160, 78861, 78861, 3089479997
292, 5072507, 2444015, 23551, 14681, 2434242, 78009, 78009, 297755984
293, 5073076, 21967, 2445126, 2435725, 13032, 78613, 78613, 1062335543
303, 5074449, 21236, 2449397, 2438368, 12364, 76542, 76542, 1405492121
297, 5077801, 20905, 2450089, 2440779, 12244, 76892, 76892, 3896524252
300, 5078202, 21220, 2449172, 2439811, 12445, 77777, 77777, 3616632269
299, 5079664, 21281, 2449213, 2440103, 12589, 78239, 78239, 3422516483
304, 5077427, 22337, 2449115, 2438734, 13451, 76895, 76895, 289925571
298, 5079451, 20854, 2448935, 2440042, 12228, 78696, 78696, 767606363
306, 5072011, 20770, 2449058, 2438548, 11945, 75845, 75845, 2602558103
296, 5066587, 2442102, 22365, 13473, 2431441, 78603, 78603, 1572085032
302, 5074562, 2450042, 20743, 11991, 2439878, 75954, 75954, 106483068
305, 5071625, 2446354, 21556, 12713, 2436196, 77403, 77403, 375018538
307, 5069401, 20662, 2445420, 2435701, 11922, 77848, 77848, 2950555595
301, 5069348, 2442174, 23078, 13744, 2433104, 78624, 78624, 1246237893
309, 5074852, 2448625, 22195, 13276, 2438326, 76215, 76215, 2426164586
315, 5076201, 21905, 2449484, 2439087, 13105, 76310, 76310, 1349681320
313, 5077884, 23107, 2449027, 2438116, 14276, 76679, 76679, 1288730666
308, 5072740, 21866, 2444692, 2435903, 12983, 78648, 78648, 3784819170
310, 5081980, 2450915, 21374, 12583, 2440790, 78159, 78159, 1515621806
311, 5076871, 21549, 2447612, 2438593, 12723, 78197, 78197, 3966210812
318, 5069855, 20255, 2447774, 2437405, 11533, 76444, 76444, 508552534
316, 5064791, 22841, 2440166, 2430653, 13887, 78622, 78622, 1477133636
314, 5070678, 2446057, 21635, 12787, 2435931, 77134, 77134, 3692184151
319, 5069211, 22221, 2443819, 2434191, 13420, 77780, 77780, 2769543429
321, 5076486, 22352, 2447852, 2438331, 13437, 77257, 77257, 2025167408
312, 5072515, 2449200, 20413, 11681, 2440019, 75601, 75601, 2824148518
325, 5082329, 21118, 2454135, 2442133, 12181, 76381, 76381, 2916965135
317, 5071082, 2445386, 21003, 12293, 2436332, 78034, 78034, 3427721394
320, 5074839, 2446215, 22780, 13891, 2435551, 78201, 78201, 336455967
323, 5079305, 2454206, 19705, 10999, 2443113, 75641, 75641, 2568045014
328, 5079515, 21553, 2451690, 2442386, 12718, 75584, 75584, 658698392
324, 5078110, 2448757, 21197, 12315, 2439495, 78173, 78173, 2558460257
332, 5077737, 19571, 2453390, 2443542, 10910, 75162, 75162, 747879247
322, 5073220, 2448243, 21161, 12386, 2439174, 76128, 76128, 3584662600
331, 5072805, 22725, 2444131, 2434001, 13644, 79152, 79152, 1263319435
333, 5075402, 2450533, 20444, 11852, 2438787, 76893, 76893, 4224935411
330, 5075757, 20547, 2448520, 2438652, 11672, 78183, 78183, 836702052
327, 5068107, 2446870, 20110, 11203, 2437216, 76354, 76354, 3195718967
334, 5076759, 22993, 2447857, 2437989, 13892, 77014, 77014, 734984313
326, 5074104, 2445007, 22357, 13641, 2436009, 78545, 78545, 3764013912
335, 5080050, 23320, 2448537, 2439051, 14446, 77348, 77348, 97920432
338, 5078323, 20487, 2451792, 2441370, 11802, 76436, 76436, 1860616542
329, 5071358, 22302, 2444676, 2435829, 13407, 77572, 77572, 1834916605
336, 5084615, 2456093, 20153, 11387, 2445682, 75650, 75650, 436554146
341, 5070199, 21421, 2446001, 2436139, 12634, 77002, 77002, 3136486096
339, 5076670, 2448539, 22348, 13454, 2438661, 76834, 76834, 387076870
348, 5074652, 21009, 2448969, 2438525, 12079, 77035, 77035, 744128943
340, 5073705, 2448282, 20447, 11504, 2438234, 77619, 77619, 600323279
337, 5067052, 2442675, 22848, 13803, 2433638, 77044, 77044, 440677227
345, 5078613, 22179, 2449859, 2440426, 13177, 76486, 76486, 1451752891
344, 5077666, 2447332, 23280, 14386, 2438150, 77259, 77259, 2347168664
347, 5066179, 2441521, 22167, 13073, 2431340, 79039, 79039, 3271068048
352, 5076138, 21549, 2448791, 2438823, 12503, 77236, 77236, 1750113483
343, 5074258, 2447819, 22141, 13380, 2438030, 76444, 76444, 707754044
346, 5080334, 2450156, 22457, 13673, 2440736, 76656, 76656, 3977629755
342, 5082579, 2452168, 20968, 12081, 2443324, 77019, 77019, 1151491250
349, 5078464, 2447514, 22448, 13498, 2438056, 78474, 78474, 448761514
350, 5072716, 2447690, 20834, 12036, 2437918, 77119, 77119, 2209755000
351, 5071049, 2446596, 22187, 13096, 2436894, 76138, 76138, 3535082447
353, 5078134, 21050, 2450516, 2441103, 12341, 76562, 76562, 1617947142
356, 5063787, 21762, 2441730, 2431783, 12760, 77876, 77876, 3582592835
355, 5078958, 2448747, 22575, 13767, 2439653, 77108, 77108, 2419110122
364, 5076248, 22179, 2448874, 2438588, 13395, 76606, 76606, 4144396617
362, 5064795, 21159, 2442214, 2432572, 12472, 78189, 78189, 3078087776
361, 5074857, 20647, 2449266, 2440018, 11840, 76543, 76543, 3465039387
358, 5078170, 21650, 2448231, 2439423, 12744, 78061, 78061, 3416546931
354, 5075920, 2447439, 22666, 13784, 2438189, 76921, 76921, 3383378022
360, 5078443, 21644, 2449582, 2440726, 12725, 76883, 76883, 2982175498
365, 5076990, 20704, 2449984, 2440352, 11818, 77066, 77066, 1815072547
357, 5074081, 2446104, 22793, 13876, 2435828, 77740, 77740, 638990485
359, 5068466, 2445908, 20618, 11659, 2436241, 77020, 77020, 1624608981
367, 5078031, 21634, 2450632, 2441457, 12696, 75806, 75806, 2375785619
363, 5071687, 2449178, 19852, 11071, 2439832, 75877, 75877, 4089660309
368, 5071992, 2447044, 21358, 12746, 2437850, 76497, 76497, 1801192403
369, 5068680, 2443113, 22549, 13615, 2432877, 78263, 78263, 1422471718
366, 5069894, 23584, 2442382, 2433348, 14692, 77944, 77944, 3643834905
370, 5070558, 22212, 2444861, 2435035, 13148, 77651, 77651, 3527418871
371, 5072989, 22447, 2444598, 2435208, 13752, 78492, 78492, 1345416739
373, 5075943, 20780, 2450276, 2440861, 11956, 76035, 76035, 2440262334
379, 5073365, 23258, 2445855, 2435638, 14434, 77090, 77090, 2830875565
377, 5075009, 20639, 2451276, 2441776, 11834, 74742, 74742, 1641802692
375, 5075503, 2449307, 20592, 11977, 2439689, 76969, 76969, 2585087404
372, 5072016, 2446836, 21544, 12746, 2437498, 76696, 76696, 4093488231
378, 5076466, 2447456, 21773, 12905, 2437968, 78182, 78182, 2744246829
376, 5082915, 2452837, 20688, 12089, 2443743, 76779, 76779, 569449664
374, 5068494, 2443501, 20756, 11898, 2434485, 78927, 78927, 555148801
380, 5071725, 2445581, 22137, 13269, 2435426, 77656, 77656, 4093239358
383, 5071272, 21629, 2446159, 2436397, 12673, 77207, 77207, 1640506407
384, 5072089, 21846, 2447651, 2437793, 12899, 75950, 75950, 2211792797
385, 5073363, 21504, 2446671, 2437581, 12443, 77582, 77582, 1610408223
387, 5079793, 22994, 2448408, 2438894, 14349, 77574, 77574, 2103955449
389, 5076709, 21644, 2451031, 2439802, 12782, 75725, 75725, 2855578737
386, 5072222, 23274, 2445244, 2436196, 14284, 76612, 76612, 3967562121
390, 5075101, 22805, 2444564, 2434881, 13883, 79484, 79484, 170911511
392, 5066690, 21462, 2443280, 2433013, 12485, 78225, 78225, 1139021602
381, 5080541, 2451882, 20915, 12337, 2441967, 76720, 76720, 3940651790
382, 5080703, 21394, 2450092, 2441335, 12672, 77605, 77605, 457525191
394, 5069030, 20998, 2444368, 2434311, 12253, 78550, 78550, 1350325012
393, 5073880, 22707, 2444873, 2435381, 13871, 78524, 78524, 751657507
388, 5076276, 2446724, 21779, 12835, 2437124, 78907, 78907, 572827909
391, 5080508, 2452765, 20376, 11638, 2443339, 76195, 76195, 3285151308
396, 5075322, 23032, 2446231, 2436287, 14244, 77764, 77764, 2612324242
397, 5064900, 21872, 2441578, 2431525, 12869, 78528, 78528, 3978980761
398, 5078078, 22081, 2448562, 2438012, 13229, 78097, 78097, 1878784627
405, 5087731, 20565, 2456925, 2446741, 11922, 75789, 75789, 3536353272
404, 5069808, 21130, 2444491, 2434496, 12245, 78723, 78723, 285868278
399, 5080584, 2450774, 19920, 11274, 2441498, 78559, 78559, 3153604993
400, 5073779, 21364, 2447171, 2438086, 12492, 77333, 77333, 3651578739
402, 5072934, 2447541, 21317, 12531, 2437241, 77152, 77152, 2415326150
406, 5076214, 2448116, 21861, 12956, 2437439, 77921, 77921, 2947173285
407, 5069335, 2442862, 23373, 14621, 2431741, 78369, 78369, 2622481727
403, 5072392, 2445363, 21681, 12820, 2436170, 78179, 78179, 232818496
395, 5079585, 2448886, 22624, 13792, 2440137, 77073, 77073, 2233795560
408, 5076444, 21348, 2448345, 2439171, 12520, 77530, 77530, 3466602676
401, 5071292, 2443889, 22205, 13108, 2434666, 78712, 78712, 1882602994
409, 5074283, 23132, 2444596, 2435697, 14350, 78254, 78254, 4232523771
410, 5067844, 21906, 2442922, 2433368, 13060, 78294, 78294, 1238889627
411, 5087173, 22646, 2453990, 2445128, 13765, 75822, 75822, 1738133414
415, 5071848, 24135, 2441483, 2431612, 15112, 79753, 79753, 1703689931
419, 5073590, 21570, 2446937, 2437099, 12644, 77670, 77670, 1618640568
413, 5077461, 2449314, 22108, 13219, 2439834, 76493, 76493, 2024943224
418, 5071652, 2444324, 22211, 13319, 2434902, 78448, 78448, 4112153658
414, 5081549, 2451387, 21630, 13049, 2441893, 76795, 76795, 1396943121
417, 5074943, 2447901, 20894, 12015, 2438283, 77925, 77925, 880100079
416, 5073200, 2445747, 22097, 13270, 2435996, 78045, 78045, 769398917
421, 5074294, 21462, 2448008, 2437793, 12575, 77228, 77228, 427860230
412, 5075100, 21472, 2444907, 2436149, 12600, 79986, 79986, 3490903453
425, 5074709, 21786, 2447424, 2438079, 12712, 77354, 77354, 2806334087
426, 5077763, 2451422, 21024, 12266, 2441501, 75775, 75775, 2746048882
423, 5077670, 21623, 2448605, 2439627, 12649, 77583, 77583, 1320305441
420, 5078616, 21566, 2448809, 2439960, 12915, 77683, 77683, 4090502777
433, 5087109, 22155, 2455708, 2445863, 13465, 74959, 74959, 3750201792
429, 5081460, 19509, 2455419, 2446317, 11009, 74603, 74603, 1795932428
427, 5076260, 2449244, 20657, 12005, 2440202, 77076, 77076, 4113316019
431, 5074587, 21606, 2447204, 2437375, 12762, 77820, 77820, 3706022465
422, 5086554, 2456181, 20807, 12025, 2447251, 75145, 75145, 1895960275
424, 5075189, 2449654, 21641, 12871, 2440757, 75133, 75133, 524620203
436, 5075662, 21226, 2449948, 2439613, 12439, 76218, 76218, 2835259942
428, 5071475, 2444740, 22127, 13200, 2435820, 77794, 77794, 4152682225
432, 5074742, 2448875, 20959, 12062, 2438718, 77064, 77064, 1767434117
430, 5073594, 22697, 2443034, 2433715, 13732, 80208, 80208, 3762356953
437, 5072961, 20598, 2448376, 2438420, 11761, 76903, 76903, 3426794384
435, 5072240, 20848, 2447086, 2437839, 11949, 77259, 77259, 3393716773
439, 5071433, 22182, 2446395, 2437184, 13418, 76127, 76127, 4034088110
440, 5081394, 2456501, 19908, 11375, 2444554, 74528, 74528, 1909602100
434, 5073151, 2444521, 23122, 14234, 2435500, 77887, 77887, 1694266551
444, 5078954, 21191, 2451275, 2441298, 12300, 76445, 76445, 3366955408
445, 5077648, 20414, 2451480, 2441817, 11689, 76124, 76124, 2925503740
446, 5075417, 21598, 2449213, 2439459, 12837, 76155, 76155, 2202504825
450, 5081414, 20739, 2453200, 2443600, 12021, 75927, 75927, 1980776757
443, 5080129, 2450727, 21318, 12437, 2441193, 77227, 77227, 4001767521
447, 5071649, 22388, 2445837, 2436341, 13479, 76802, 76802, 4173691706
441, 5073964, 2447734, 21913, 12893, 2438054, 76685, 76685, 2020873676
438, 5068278, 2443089, 21673, 12917, 2434023, 78288, 78288, 2012383993
448, 5075646, 2447799, 22190, 13494, 2438193, 76985, 76985, 158616484
452, 5077884, 2450581, 21711, 12757, 2439365, 76735, 76735, 139865242
442, 5072996, 21877, 2446245, 2437157, 12933, 77392, 77392, 1529326741
451, 5075170, 2448616, 20777, 12066, 2438801, 77455, 77455, 923501041
458, 5078886, 21054, 2451844, 2442056, 12284, 75824, 75824, 893481564
449, 5075213, 21558, 2447378, 2438445, 12874, 77479, 77479, 2357883837
454, 5077772, 2453061, 19351, 10821, 2442759, 75890, 75890, 1300650888
455, 5074930, 20616, 2449786, 2440045, 11979, 76252, 76252, 2399005068
456, 5075020, 2451330, 21396, 12797, 2439117, 75190, 75190, 1997407584
459, 5064652, 22809, 2441161, 2430475, 14009, 78099, 78099, 1962046125
453, 5076897, 21117, 2449472, 2440339, 12329, 76820, 76820, 848942280
457, 5078822, 2449195, 20883, 12006, 2439480, 78629, 78629, 1972204778
461, 5074067, 2447147, 22540, 13651, 2436173, 77278, 77278, 1387027543
465, 5063951, 2442463, 23043, 13836, 2431801, 76404, 76404, 3992522853
464, 5074738, 23224, 2446688, 2437282, 14444, 76550, 76550, 4215303798
462, 5073386, 2445953, 21594, 13001, 2436676, 78081, 78081, 3898474398
460, 5074924, 2446412, 22588, 13651, 2437571, 77351, 77351, 2638033270
463, 5076584, 2446850, 22502, 13719, 2437913, 77800, 77800, 1620627519
473, 5065443, 23673, 2440025, 2429620, 14653, 78736, 78736, 3244661801
469, 5068270, 2442876, 22493, 13279, 2432764, 78429, 78429, 1066521299
470, 5073938, 24330, 2443953, 2432925, 15310, 78710, 78710, 3341396704
467, 5078462, 2448690, 22398, 13607, 2439021, 77373, 77373, 4003322603
466, 5078819, 2450245, 20879, 12087, 2441232, 77188, 77188, 2241213558
471, 5080677, 20886, 2453712, 2444558, 12145, 74688, 74688, 2777381652
468, 5079099, 21816, 2449878, 2440862, 13115, 76714, 76714, 2723363919
475, 5080459, 21738, 2452456, 2441753, 12946, 75783, 75783, 809753011
476, 5080875, 19911, 2452293, 2442959, 11300, 77206, 77206, 2555399160
472, 5078571, 2451056, 20918, 12235, 2441310, 76526, 76526, 1398186939
474, 5074218, 2448517, 21330, 12429, 2439418, 76262, 76262, 4410774
478, 5073723, 20145, 2449464, 2439822, 11516, 76388, 76388, 2074884890
486, 5064492, 22132, 2440974, 2430512, 13140, 78867, 78867, 4022820928
482, 5072488, 20484, 2447861, 2437216, 11747, 77590, 77590, 4048726782
480, 5081897, 21171, 2451106, 2441891, 12191, 77769, 77769, 4065917128
489, 5069319, 22698, 2441857, 2432154, 13892, 79359, 79359, 889545893
488, 5072096, 23143, 2444850, 2435034, 14013, 77528, 77528, 412504208
484, 5072757, 22317, 2445534, 2436147, 13399, 77680, 77680, 4085646111
491, 5076092, 21661, 2449208, 2438535, 12934, 76877, 76877, 1924555296
487, 5072527, 2448030, 21067, 12351, 2435997, 77541, 77541, 4014720797
483, 5073988, 2447618, 21866, 12920, 2437990, 76797, 76797, 3931435725
477, 5075356, 2447080, 22374, 13579, 2437749, 77287, 77287, 3191097667
481, 5069437, 2443162, 22442, 13276, 2433261, 78648, 78648, 2018842932
485, 5077003, 2447122, 22520, 13664, 2436919, 78389, 78389, 2129489431
479, 5077646, 22465, 2448996, 2440169, 13600, 76208, 76208, 3230312942
490, 5073053, 2446357, 20826, 12031, 2437471, 78184, 78184, 4272444715
492, 5070999, 2446684, 20554, 11624, 2437579, 77279, 77279, 2396477746
500, 5076025, 21989, 2448043, 2438011, 13038, 77472, 77472, 3320089910
497, 5071092, 20139, 2447934, 2437731, 11336, 76976, 76976, 1921329744
494, 5071451, 2445563, 21916, 13014, 2435326, 77816, 77816, 1869402180
504, 5070976, 22237, 2445116, 2435023, 13188, 77706, 77706, 1546378766
493, 5080951, 2446529, 24453, 15426, 2437359, 78592, 78592, 1284323396
499, 5071617, 2444139, 22503, 13520, 2434931, 78262, 78262, 2901673893
498, 5069820, 2443851, 22127, 13315, 2433827, 78350, 78350, 1016816108
496, 5076852, 21270, 2448155, 2439086, 12369, 77986, 77986, 1003348850
505, 5068984, 2442059, 23414, 14539, 2432394, 78289, 78289, 1752526070
503, 5077276, 2449639, 20890, 12156, 2440813, 76889, 76889, 834644473
502, 5082854, 20864, 2452643, 2443977, 12130, 76620, 76620, 1802790270
501, 5075295, 2450002, 20321, 11456, 2441120, 76198, 76198, 1564317581
509, 5077049, 21443, 2448433, 2438660, 12603, 77955, 77955, 1637641141
495, 5076874, 2445865, 23532, 14549, 2437326, 77801, 77801, 68439859
510, 5073690, 21701, 2448732, 2439533, 12896, 75414, 75414, 848537379
507, 5078058, 2446700, 22268, 13488, 2437532, 79035, 79035, 3033131054
508, 5075255, 21819, 2447231, 2438263, 13052, 77445, 77445, 1254215244
511, 5078448, 2450760, 21196, 12514, 2441142, 76418, 76418, 163188694
515, 5079649, 20778, 2452065, 2441927, 12017, 76431, 76431, 1968991497
513, 5078806, 2452771, 20703, 11961, 2443125, 75123, 75123, 383279007
512, 5085728, 21452, 2454904, 2445457, 12963, 75476, 75476, 1981327816
516, 5071614, 21987, 2445570, 2435035, 13012, 78005, 78005, 1460047192
506, 5079506, 2448757, 21707, 12843, 2439745, 78227, 78227, 2574575501
517, 5067989, 22703, 2442774, 2433354, 13592, 77783, 77783, 1588672726
518, 5076262, 20510, 2450089, 2440193, 11666, 76902, 76902, 1430919466
514, 5076547, 2446066, 23598, 14759, 2436856, 77634, 77634, 3968936265
520, 5071832, 2444869, 23091, 14155, 2434019, 77849, 77849, 1070538469
522, 5068867, 20721, 2445194, 2435879, 11869, 77602, 77602, 623400507
519, 5070163, 2445781, 21656, 12752, 2436954, 76510, 76510, 1497636002
521, 5075166, 2449805, 21588, 12673, 2439762, 75669, 75669, 161724342
525, 5074598, 2445196, 22379, 13270, 2434685, 79534, 79534, 1703523684
523, 5081318, 2451854, 22264, 13506, 2441556, 76069, 76069, 3084591909
528, 5077473, 22368, 2447338, 2437329, 13576, 78431, 78431, 4009045384
531, 5081953, 21921, 2450968, 2441327, 12893, 77422, 77422, 1655933338
526, 5078565, 2451843, 20994, 12340, 2442536, 75426, 75426, 1043420373
524, 5069872, 21618, 2444055, 2434949, 12692, 78279, 78279, 546052524
530, 5074385, 2446304, 22297, 13400, 2436858, 77763, 77763, 2614695927
532, 5075428, 2449499, 21551, 12900, 2439172, 76153, 76153, 737690664
529, 5075087, 2449077, 21813, 12758, 2439351, 76044, 76044, 2352233851
533, 5077572, 20780, 2449429, 2439647, 12116, 77800, 77800, 3318029030
527, 5073851, 2448828, 21941, 13259, 2439485, 75169, 75169, 1007885084
534, 5083557, 2452562, 21818, 13038, 2442715, 76712, 76712, 666689041
537, 5079014, 2450130, 21579, 12729, 2439302, 77637, 77637, 712652564
538, 5072926, 20609, 2448748, 2438929, 11872, 76384, 76384, 3120728926
543, 5069041, 21485, 2444746, 2434463, 12919, 77714, 77714, 3821731099
535, 5074567, 2446436, 20436, 11700, 2437117, 79439, 79439, 167777081
536, 5068418, 20901, 2445820, 2436470, 12095, 76566, 76566, 3807645404
541, 5070627, 21685, 2445223, 2435582, 12699, 77719, 77719, 3437858799
542, 5072416, 20848, 2447950, 2438830, 12016, 76386, 76386, 484001284
544, 5074385, 22278, 2445611, 2436375, 13207, 78457, 78457, 3433545413
540, 5080299, 20265, 2451971, 2442895, 11296, 76936, 76936, 707763713
548, 5067661, 2445661, 20094, 11464, 2434794, 77824, 77824, 3567995118
549, 5071124, 21314, 2445734, 2435206, 12598, 78136, 78136, 2849805976
546, 5068629, 2445727, 21526, 12351, 2435935, 76545, 76545, 2217976500
550, 5067238, 22330, 2443672, 2433746, 13358, 77066, 77066, 233209444
555, 5075573, 22062, 2448360, 2437623, 13186, 77171, 77171, 2490153607
545, 5083699, 21866, 2451918, 2442675, 13236, 77002, 77002, 126155713
539, 5071655, 2444465, 22370, 13492, 2435436, 77946, 77946, 3493074215
551, 5074855, 2450086, 20706, 11856, 2439735, 76236, 76236, 2014377594
553, 5078214, 20702, 2450868, 2441579, 11803, 76631, 76631, 2090600557
547, 5063318, 2440391, 22030, 13142, 2430731, 78512, 78512, 3200720415
556, 5075485, 2445939, 22706, 13832, 2435608, 78700, 78700, 3651725409
552, 5085453, 2453053, 21154, 12519, 2443677, 77525, 77525, 4247476254
559, 5077661, 21357, 2451294, 2440731, 12549, 75865, 75865, 2321102281
554, 5067310, 2441258, 23124, 14029, 2431731, 78584, 78584, 3301427340
558, 5075071, 20582, 2449386, 2440031, 11848, 76612, 76612, 2565713171
561, 5076974, 19833, 2451450, 2441711, 11286, 76347, 76347, 1624117639
569, 5070812, 20873, 2448834, 2437535, 12064, 75753, 75753, 1719467267
568, 5068025, 23488, 2441536, 2430667, 14688, 78823, 78823, 1081574672
565, 5073989, 22043, 2446159, 2437086, 13195, 77753, 77753, 2600502407
564, 5074269, 22270, 2446103, 2436770, 13388, 77869, 77869, 169816304
563, 5073464, 2447848, 21132, 12227, 2438555, 76851, 76851, 2379165550
557, 5068155, 2444044, 22138, 13036, 2434093, 77422, 77422, 2919916193
560, 5075622, 2449114, 21281, 12367, 2439316, 76772, 76772, 334762472
562, 5073910, 2448823, 21185, 12243, 2438973, 76343, 76343, 3095902331
566, 5070269, 2446492, 21174, 12475, 2437104, 76512, 76512, 2441047213
567, 5078650, 24538, 2445759, 2436067, 15496, 78395, 78395, 1199565855
575, 5074721, 21270, 2449459, 2438826, 12452, 76357, 76357, 4032120014
571, 5082260, 21486, 2451143, 2442023, 12680, 77464, 77464, 4075384310
570, 5075746, 21651, 2449230, 2440207, 12910, 75874, 75874, 2665940992
578, 5079063, 20358, 2452670, 2441682, 11895, 76229, 76229, 1226497835
576, 5077890, 2450259, 20869, 12186, 2439622, 77477, 77477, 4111118024
583, 5067647, 21560, 2445222, 2435291, 12646, 76464, 76464, 1865637857
573, 5077421, 2448855, 22448, 13462, 2440060, 76298, 76298, 556200086
574, 5085052, 20875, 2454422, 2445816, 12175, 75882, 75882, 701333122
587, 5070276, 21978, 2446716, 2435667, 13125, 76395, 76395, 863786018
572, 5079355, 2448433, 21285, 12422, 2439575, 78820, 78820, 3302790554
579, 5070305, 2444049, 22101, 13184, 2434585, 78193, 78193, 987894540
585, 5076996, 2449138, 21346, 12602, 2439238, 77336, 77336, 2139527572
580, 5075226, 2444310, 23769, 14755, 2434962, 78715, 78715, 457363018
582, 5072370, 2446864, 21233, 12469, 2436590, 77607, 77607, 578382496
584, 5074082, 2446707, 21541, 12672, 2436620, 78271, 78271, 2938761042
577, 5079045, 2449643, 22258, 13369, 2440721, 76527, 76527, 1623308280
586, 5070818, 2443990, 23192, 14323, 2434671, 77321, 77321, 1736133713
588, 5080560, 22094, 2449971, 2439940, 13259, 77648, 77648, 2910841101
581, 5076009, 2446400, 23996, 15096, 2437121, 76698, 76698, 3821410403
589, 5082318, 20236, 2454072, 2445011, 11577, 75711, 75711, 3732651325
596, 5073186, 21753, 2445851, 2435813, 12933, 78418, 78418, 1702397447
591, 5064247, 2440320, 22237, 13433, 2430007, 79125, 79125, 243691370
592, 5077283, 25321, 2445236, 2436199, 16381, 77073, 77073, 3594882420
594, 5080591, 2450127, 22749, 13962, 2440319, 76717, 76717, 1751010095
597, 5078183, 2453613, 20792, 11982, 2443548, 74124, 74124, 4215034753
601, 5074462, 2447482, 21450, 12642, 2437410, 77739, 77739, 242718543
600, 5076221, 2449560, 22054, 13170, 2439097, 76170, 76170, 2975005686
599, 5073582, 22192, 2446922, 2437409, 13373, 76843, 76843, 574587443
593, 5070517, 2444817, 22303, 13395, 2435342, 77330, 77330, 4194598228
590, 5074295, 2446140, 22182, 13201, 2437132, 77820, 77820, 1265989204
598, 5080516, 2451606, 20703, 12019, 2442200, 76994, 76994, 659392554
595, 5071643, 2446790, 21506, 12492, 2436975, 76940, 76940, 1251633768
605, 5081193, 23938, 2448956, 2439082, 15027, 77095, 77095, 1992341305
604, 5074280, 22373, 2446077, 2437165, 13371, 77647, 77647, 734458917
602, 5067360, 2442699, 21695, 12701, 2433357, 78454, 78454, 3297903299
610, 5075267, 20467, 2450784, 2439928, 11830, 76129, 76129, 2212845849
609, 5076808, 21709, 2449553, 2439333, 12953, 76630, 76630, 3006550318
603, 5080010, 2449658, 21482, 12565, 2440937, 77684, 77684, 3801038896
606, 5071614, 25762, 2441647, 2432476, 16805, 77462, 77462, 4274612416
607, 5069433, 25339, 2438750, 2429407, 16325, 79806, 79806, 1480872818
612, 5070398, 2444409, 22820, 13780, 2434269, 77560, 77560, 79392424
614, 5075907, 2446998, 23176, 14081, 2436060, 77796, 77796, 1036520121
608, 5069987, 2445777, 20540, 11725, 2436045, 77950, 77950, 1058520633
617, 5071148, 21735, 2446165, 2436173, 12879, 77098, 77098, 359059243
621, 5066923, 20081, 2447766, 2436887, 11387, 75401, 75401, 1107523528
613, 5080000, 2449276, 21916, 13074, 2439656, 78039, 78039, 677635
611, 5083277, 2449740, 22896, 14260, 2440539, 77921, 77921, 2421909669
616, 5072387, 20689, 2448944, 2440181, 11993, 75290, 75290, 213298523
620, 5074772, 22352, 2445640, 2436242, 13300, 78619, 78619, 2788646358
622, 5076490, 20004, 2450723, 2440396, 11223, 77072, 77072, 4242285574
618, 5074187, 2446119, 22329, 13393, 2436990, 77678, 77678, 3265853340
615, 5073729, 2444449, 22865, 13908, 2435517, 78495, 78495, 3413539743
619, 5070870, 2447686, 20174, 11388, 2438072, 76775, 76775, 3556498029
624, 5076305, 22925, 2445685, 2436227, 13970, 78749, 78749, 938287439
629, 5080831, 21858, 2450852, 2441171, 12930, 77010, 77010, 3291945581
623, 5076691, 21435, 2449968, 2441091, 12603, 75797, 75797, 1182486421
625, 5077199, 22346, 2446389, 2437175, 13607, 78841, 78841, 1913670953
630, 5078080, 21298, 2449037, 2439398, 12451, 77948, 77948, 2034611853
631, 5078221, 2448969, 23656, 14862, 2438814, 75960, 75960, 4138045475
626, 5074526, 2448825, 20825, 11965, 2438887, 77012, 77012, 2953061544
628, 5068197, 2440305, 23200, 14103, 2431135, 79727, 79727, 3026589623
627, 5080776, 2453379, 20886, 12082, 2444189, 75120, 75120, 2721456963
634, 5075565, 2448792, 20158, 11181, 2439198, 78118, 78118, 1745562390
638, 5081200, 20036, 2451758, 2441294, 11376, 78368, 78368, 1359513842
632, 5075202, 2447608, 22413, 13505, 2438532, 76572, 76572, 2586909092
637, 5075800, 2447261, 21714, 12938, 2437177, 78355, 78355, 3159411228
633, 5079509, 2449177, 21798, 13064, 2439784, 77843, 77843, 1347763625
636, 5076547, 2449240, 21647, 12743, 2439761, 76578, 76578, 3152801604
635, 5079332, 2450053, 20891, 12104, 2440922, 77681, 77681, 4226717326
641, 5073784, 2448115, 21806, 12929, 2437422, 76756, 76756, 3292501371
639, 5083798, 20879, 2453707, 2444596, 12166, 76225, 76225, 4081001149
640, 5075486, 2442827, 24803, 15998, 2433288, 79285, 79285, 2933115193
643, 5075321, 2446049, 23858, 14962, 2436420, 77016, 77016, 1086625859
649, 5080822, 21537, 2452522, 2442181, 12510, 76036, 76036, 3025848366
653, 5082874, 20679, 2453055, 2443148, 12048, 76972, 76972, 1690033269
645, 5075701, 21380, 2447289, 2438383, 12307, 78171, 78171, 1951468413
646, 5075573, 2449056, 20735, 11950, 2439668, 77082, 77082, 908593014
648, 5077455, 2448073, 22307, 13453, 2437792, 77915, 77915, 2281093531
647, 5080123, 2452580, 20908, 12185, 2442280, 76085, 76085, 1067323256
654, 5087216, 2456055, 21110, 12378, 2445185, 76244, 76244, 369864752
650, 5072665, 20042, 2448409, 2439540, 11434, 76620, 76620, 379251119
642, 5066796, 2444699, 20346, 11526, 2435681, 77272, 77272, 1399698008
644, 5072843, 2446131, 21900, 13022, 2436860, 77465, 77465, 1587155086
655, 5078585, 20309, 2451781, 2441917, 11658, 76460, 76460, 799796036
651, 5076198, 21937, 2447194, 2438204, 12979, 77942, 77942, 3425110025
652, 5068746, 2444120, 22468, 13643, 2434625, 76945, 76945, 221476377
657, 5076171, 20641, 2448958, 2439385, 11967, 77610, 77610, 1939482151
658, 5078215, 21165, 2451167, 2440716, 12197, 76485, 76485, 1785925029
660, 5075926, 19835, 2451117, 2441127, 11311, 76268, 76268, 1170094902
661, 5076004, 22306, 2448433, 2439002, 13409, 76427, 76427, 244448198
659, 5076962, 19673, 2449405, 2439554, 11044, 78643, 78643, 672005161
663, 5076403, 22701, 2446977, 2436771, 13772, 78091, 78091, 2417445515
656, 5081544, 2450546, 21486, 12805, 2441249, 77729, 77729, 1465825903
664, 5072382, 23758, 2443526, 2433645, 14885, 78284, 78284, 2331510128
666, 5074186, 21471, 2449562, 2438811, 12576, 75883, 75883, 2005728792
665, 5075322, 21988, 2446763, 2437136, 13205, 78115, 78115, 1567207674
662, 5074880, 2447027, 22010, 13138, 2436743, 77981, 77981, 4110455179
668, 5074647, 22072, 2446840, 2436914, 13029, 77896, 77896, 14013456
667, 5077488, 2448394, 22255, 13449, 2438850, 77270, 77270, 1758860066
672, 5075545, 22048, 2448885, 2438747, 13139, 76363, 76363, 1741250437
673, 5065470, 22415, 2440956, 2431196, 13411, 78746, 78746, 1023644299
676, 5071070, 22134, 2445454, 2434530, 13232, 77860, 77860, 3176073313
669, 5074545, 20984, 2448050, 2439106, 12179, 77113, 77113, 2254518097
679, 5078493, 20660, 2452590, 2441300, 11921, 76011, 76011, 1499226128
675, 5071321, 22638, 2446084, 2436716, 13845, 76019, 76019, 1622421483
678, 5072204, 22150, 2445923, 2436528, 13177, 77213, 77213, 2170833487
670, 5072356, 21426, 2445380, 2436254, 12516, 78390, 78390, 2917037646
682, 5080187, 21434, 2451607, 2441641, 12453, 76526, 76526, 527632322
671, 5074117, 2446352, 22170, 13308, 2436869, 77709, 77709, 2889884159
681, 5074370, 2446079, 23003, 14144, 2435632, 77756, 77756, 3443386052
674, 5080825, 22069, 2450997, 2442037, 12994, 76364, 76364, 957841398
677, 5071629, 2447593, 20464, 11544, 2437824, 77102, 77102, 1279030719
683, 5075172, 2449235, 21342, 12469, 2439394, 76366, 76366, 807788602
687, 5075323, 23399, 2443399, 2433958, 14535, 80016, 80016, 4108914110
680, 5081145, 2453358, 19731, 11035, 2444059, 76481, 76481, 1786861207
692, 5079231, 22227, 2450125, 2439709, 13394, 76888, 76888, 1007213066
684, 5072025, 2445464, 22509, 13647, 2436077, 77164, 77164, 1568475776
685, 5076869, 2448068, 21891, 12832, 2438812, 77633, 77633, 433333942
690, 5074773, 22220, 2447695, 2438497, 13339, 76511, 76511, 2283994038
691, 5076439, 21905, 2447342, 2437946, 13102, 78072, 78072, 1389997380
689, 5069990, 21066, 2444971, 2435877, 12152, 77962, 77962, 908251855
696, 5079165, 20217, 2452474, 2442825, 11541, 76054, 76054, 3176032149
688, 5076525, 2449502, 21759, 13030, 2439966, 76134, 76134, 1805738121
695, 5070870, 2447910, 21176, 12247, 2438627, 75455, 75455, 2807207261
697, 5069737, 21406, 2445927, 2435700, 12484, 77110, 77110, 1776399040
686, 5079651, 2449334, 22292, 13442, 2440287, 77148, 77148, 1619172425
699, 5075109, 22794, 2446553, 2435315, 13851, 78298, 78298, 3471683652
693, 5076302, 20900, 2450594, 2441544, 11894, 75685, 75685, 644363909
694, 5080485, 20632, 2452527, 2443811, 11655, 75930, 75930, 564245962
698, 5071741, 2446848, 21884, 12841, 2435534, 77317, 77317, 3648638500
703, 5076829, 21427, 2448147, 2437891, 12586, 78389, 78389, 4180992136
701, 5076713, 23102, 2446812, 2437375, 14184, 77620, 77620, 3904003525
700, 5071826, 22714, 2442575, 2433259, 13880, 79699, 79699, 967404716
705, 5081083, 20432, 2453255, 2443105, 11633, 76329, 76329, 1382987890
710, 5072898, 21527, 2446906, 2437351, 12502, 77306, 77306, 1571872695
706, 5080090, 19827, 2453631, 2443844, 11082, 75853, 75853, 3145219979
702, 5074657, 2449500, 20795, 12000, 2440320, 76021, 76021, 3340190742
704, 5076085, 20380, 2448040, 2439198, 11583, 78442, 78442, 75586119
708, 5071668, 22792, 2443757, 2434613, 13896, 78305, 78305, 1828127554
712, 5064232, 22673, 2439858, 2430604, 13581, 78758, 78758, 522112583
711, 5074062, 2447378, 22351, 13277, 2436798, 77129, 77129, 2595125106
707, 5077107, 2445385, 22857, 13857, 2436150, 79429, 79429, 1278683692
713, 5082063, 21208, 2451444, 2442473, 12610, 77164, 77164, 2004835073
716, 5074735, 21617, 2447698, 2438735, 12743, 76971, 76971, 2854531741
717, 5069177, 21183, 2444650, 2435087, 12079, 78089, 78089, 3089091542
715, 5074538, 2445915, 22917, 13843, 2435959, 77952, 77952, 3366399971
709, 5070941, 2444837, 22158, 13379, 2435149, 77709, 77709, 1745569719
714, 5072660, 21362, 2446409, 2437076, 12595, 77609, 77609, 3833739900
722, 5078182, 20129, 2451629, 2441921, 11509, 76497, 76497, 798986797
720, 5069919, 2446455, 21519, 12629, 2436244, 76536, 76536, 535457843
721, 5078167, 20845, 2448002, 2438793, 11965, 79281, 79281, 1058239436
729, 5068377, 20725, 2448699, 2438020, 11855, 74539, 74539, 3474377697
723, 5071414, 2442803, 23834, 15006, 2433103, 78334, 78334, 3113922537
724, 5077143, 22237, 2447968, 2439116, 13420, 77201, 77201, 369137962
719, 5074298, 2446295, 20985, 11935, 2437347, 78868, 78868, 2982650995
727, 5073421, 2449288, 21617, 12734, 2438906, 75438, 75438, 1652686908
718, 5080478, 2448007, 22563, 13609, 2438831, 78734, 78734, 1831077758
725, 5073730, 23179, 2446905, 2437457, 14321, 75934, 75934, 2687616797
731, 5071208, 21277, 2446957, 2437567, 12379, 76514, 76514, 961446172
728, 5078233, 22980, 2446952, 2437986, 14135, 78090, 78090, 4072432246
726, 5075451, 2445952, 21503, 12739, 2437075, 79091, 79091, 1746381821
732, 5070123, 23008, 2445249, 2435799, 13985, 76041, 76041, 2826858938
737, 5070968, 23898, 2442398, 2431690, 14762, 79110, 79110, 2285492867
733, 5072399, 2447467, 21505, 12533, 2437656, 76619, 76619, 3070122167
730, 5086182, 2454778, 20493, 11787, 2446178, 76473, 76473, 4240624287
734, 5072142, 2445646, 21938, 12993, 2434843, 78361, 78361, 929809121
736, 5072175, 2446704, 22210, 13353, 2436188, 76860, 76860, 1975019997
738, 5065771, 2440253, 23911, 14998, 2429597, 78506, 78506, 1169802954
735, 5075600, 2446164, 22878, 13738, 2437270, 77775, 77775, 770068533
740, 5086619, 2458051, 19580, 10929, 2447491, 75284, 75284, 388270308
739, 5071188, 2444673, 22699, 13786, 2434778, 77626, 77626, 3232656200
741, 5076878, 22359, 2446718, 2438021, 13520, 78130, 78130, 2936171467
744, 5072327, 23035, 2444408, 2435189, 14127, 77784, 77784, 3968631274
742, 5083101, 2450958, 21768, 13029, 2441878, 77734, 77734, 3751862968
747, 5078751, 2447951, 21687, 12912, 2437881, 79160, 79160, 3059640259
743, 5076722, 2451036, 20231, 11476, 2441899, 76040, 76040, 650299635
749, 5071927, 2447899, 20848, 11813, 2437797, 76785, 76785, 1121624855
746, 5070014, 2445536, 20886, 11866, 2435764, 77981, 77981, 2614474547
745, 5068970, 2444616, 21719, 12748, 2435371, 77258, 77258, 1800178486
753, 5075152, 23277, 2445415, 2435554, 14296, 78305, 78305, 2548539769
751, 5074075, 19682, 2449001, 2439122, 10992, 77639, 77639, 3189058021
754, 5070111, 21130, 2445712, 2436179, 12390, 77350, 77350, 2987221277
750, 5079973, 2450035, 21851, 12923, 2440332, 77416, 77416, 133302747
760, 5074916, 22578, 2446562, 2436381, 13907, 77744, 77744, 482905734
748, 5071218, 2447030, 20779, 11959, 2437916, 76767, 76767, 2588643364
752, 5078390, 2450780, 20509, 11755, 2441446, 76950, 76950, 200993973
757, 5080174, 21784, 2451289, 2441440, 13037, 76312, 76312, 2452739369
755, 5076658, 2451316, 20771, 12034, 2441585, 75476, 75476, 2632227774
756, 5076984, 2451294, 20866, 12055, 2441579, 75595, 75595, 2099247355
765, 5081226, 20457, 2452385, 2441921, 11825, 77319, 77319, 2852466401
762, 5073289, 22125, 2445126, 2435567, 13365, 78553, 78553, 2243884337
758, 5070576, 2444763, 21761, 12791, 2435003, 78129, 78129, 2989697613
763, 5070172, 2439863, 25062, 16102, 2429471, 79837, 79837, 2728970107
764, 5078981, 23095, 2448922, 2439583, 14111, 76635, 76635, 2690140895
759, 5074430, 22409, 2444416, 2435559, 13368, 79339, 79339, 998713985
769, 5069511, 21873, 2444909, 2435320, 12985, 77212, 77212, 166067428
771, 5076430, 21133, 2447670, 2438108, 12307, 78606, 78606, 779387461
766, 5074572, 2446290, 22933, 13992, 2437169, 77094, 77094, 3599968729
772, 5068884, 21470, 2444864, 2435311, 12615, 77312, 77312, 2676799950
761, 5077790, 21788, 2447686, 2438798, 12950, 78284, 78284, 1678166985
767, 5080299, 2450816, 22403, 13499, 2441763, 75909, 75909, 11235215
768, 5082655, 2455484, 19665, 11041, 2445815, 75325, 75325, 3309372444
773, 5068992, 2445630, 21552, 12480, 2434902, 77214, 77214, 1177382146
774, 5075119, 23010, 2446845, 2437361, 14297, 76803, 76803, 3737291895
776, 5069959, 22159, 2445243, 2434316, 13203, 77519, 77519, 1393626443
778, 5079057, 20593, 2453247, 2443306, 11835, 75038, 75038, 3910158057
770, 5078460, 2449056, 22444, 13687, 2439699, 76787, 76787, 2613409628
777, 5068940, 23071, 2440907, 2431119, 14185, 79829, 79829, 858249092
775, 5064170, 20189, 2443081, 2433397, 11337, 78083, 78083, 1038433476
780, 5074527, 20652, 2450196, 2440282, 11855, 75771, 75771, 1429359405
781, 5087131, 20830, 2456777, 2447477, 12127, 74960, 74960, 2566992820
779, 5076733, 2450527, 21019, 12241, 2441336, 75805, 75805, 74117005
785, 5072886, 21101, 2447983, 2438072, 12214, 76758, 76758, 2577860867
787, 5073359, 22095, 2446926, 2437251, 13207, 76940, 76940, 682912031
786, 5072709, 22317, 2447307, 2437453, 13532, 76050, 76050, 3237061900
784, 5075631, 2449871, 20003, 11268, 2439371, 77559, 77559, 2657922091
783, 5062821, 2443048, 20638, 11875, 2433554, 76853, 76853, 997891651
788, 5074250, 22506, 2444829, 2435960, 13417, 78769, 78769, 1709944753
782, 5075276, 2449140, 21228, 12438, 2439468, 76501, 76501, 3066782035
792, 5087008, 20607, 2457080, 2447394, 11835, 75046, 75046, 4096581196
790, 5072133, 21456, 2446214, 2436546, 12603, 77657, 77657, 2122330331
789, 5076964, 2450457, 21140, 12354, 2440683, 76165, 76165, 348918595
794, 5078647, 2450702, 21236, 12469, 2440692, 76774, 76774, 4001532997
793, 5077062, 21746, 2448599, 2439151, 12938, 77314, 77314, 1187164782
791, 5074768, 2444592, 22422, 13448, 2435388, 79459, 79459, 3571305065
796, 5072646, 22823, 2444315, 2433444, 13974, 79045, 79045, 4001825294
802, 5075056, 20699, 2448791, 2438298, 11936, 77666, 77666, 1042962661
795, 5080592, 2452744, 20526, 11789, 2442741, 76396, 76396, 3728318950
797, 5078810, 2451857, 20391, 11542, 2442704, 76158, 76158, 1905462977
800, 5078606, 2453194, 21446, 12563, 2442703, 74350, 74350, 3968027840
798, 5082313, 2454319, 19967, 11287, 2444902, 75919, 75919, 3385388857
804, 5080269, 20551, 2450985, 2441580, 11655, 77749, 77749, 3073601245
811, 5073187, 20845, 2448268, 2437110, 12098, 77433, 77433, 470311797
799, 5075957, 2447132, 22000, 13201, 2437600, 78012, 78012, 2940914370
807, 5069953, 22145, 2443178, 2433822, 13212, 78798, 78798, 1777267713
810, 5078630, 22325, 2450245, 2440158, 13472, 76215, 76215, 442664620
808, 5073591, 22245, 2447192, 2437843, 13461, 76425, 76425, 2191070123
809, 5076525, 20877, 2449064, 2439693, 12075, 77408, 77408, 2524925128
805, 5081027, 2450813, 21173, 12321, 2441768, 77476, 77476, 3427657228
801, 5078274, 2446266, 23470, 14470, 2436780, 78644, 78644, 723161502
803, 5068559, 2441887, 23104, 14095, 2432531, 78471, 78471, 2696105570
806, 5074727, 2446596, 21924, 13311, 2436640, 78128, 78128, 4047041280
812, 5081777, 19813, 2454011, 2444357, 11192, 76202, 76202, 2858845619
819, 5074942, 20645, 2451343, 2440892, 11918, 75072, 75072, 1378680410
814, 5072372, 20634, 2446974, 2436737, 11857, 78085, 78085, 4161911312
813, 5083942, 2454360, 20581, 11937, 2444736, 76164, 76164, 1648192146
816, 5072896, 21412, 2446883, 2437457, 12408, 77368, 77368, 1347830874
820, 5073202, 2449081, 20216, 11433, 2438232, 77120, 77120, 17708588
826, 5073620, 22400, 2445299, 2435226, 13481, 78607, 78607, 2054103873
821, 5080465, 2454348, 20225, 11658, 2444046, 75094, 75094, 500532891
818, 5069435, 23193, 2441233, 2432006, 14185, 79409, 79409, 1886842150
815, 5076611, 2449186, 20873, 11982, 2440022, 77274, 77274, 2352128663
823, 5071263, 22462, 2444479, 2435123, 13539, 77830, 77830, 3379729047
825, 5071809, 20473, 2447523, 2438278, 11567, 76984, 76984, 2253001961
817, 5081499, 2453330, 20089, 11615, 2444047, 76209, 76209, 2824624929
828, 5081091, 21160, 2453591, 2443932, 12406, 75001, 75001, 958783421
827, 5078550, 21131, 2451499, 2442397, 12311, 75606, 75606, 2795961839
822, 5072846, 2446654, 21550, 12904, 2437342, 77198, 77198, 2375857169
824, 5075001, 2447671, 21670, 12897, 2438101, 77331, 77331, 2390481813
831, 5065089, 21155, 2444024, 2433141, 12193, 77288, 77288, 93029439
832, 5072768, 20369, 2448050, 2438540, 11407, 77201, 77201, 2625441536
835, 5072329, 20161, 2447816, 2437896, 11368, 77544, 77544, 1765787416
836, 5075764, 21103, 2449908, 2440574, 12189, 75995, 75995, 3010647405
834, 5076604, 2449382, 20929, 12061, 2439330, 77451, 77451, 4294674824
833, 5075405, 24142, 2442714, 2433769, 15266, 79757, 79757, 2628048834
843, 5084283, 19984, 2456467, 2446554, 11360, 74959, 74959, 3032083100
829, 5072691, 2448236, 21241, 12324, 2438404, 76243, 76243, 2315365645
840, 5067176, 2439789, 24966, 15650, 2430103, 78334, 78334, 2044313961
845, 5074448, 20610, 2450053, 2439123, 11826, 76418, 76418, 1244715738
837, 5071456, 2445423, 21724, 13029, 2436184, 77548, 77548, 3870663451
844, 5080750, 2449787, 22258, 13434, 2439957, 77657, 77657, 1026189290
846, 5077276, 22025, 2449911, 2439157, 13127, 76528, 76528, 480818209
841, 5073525, 2447731, 21159, 12218, 2438845, 76786, 76786, 3981434526
830, 5080727, 21595, 2451975, 2443073, 12620, 75732, 75732, 3109444001
839, 5073866, 2445689, 21511, 12318, 2437008, 78670, 78670, 1588488829
838, 5075130, 2447405, 21976, 13014, 2438149, 77293, 77293, 3811718863
848, 5077221, 21098, 2450152, 2440199, 12306, 76733, 76733, 2269722922
847, 5083518, 23197, 2451445, 2442294, 14278, 76152, 76152, 2607105962
842, 5082130, 2453479, 20703, 11954, 2443886, 76054, 76054, 2891307194
849, 5076278, 21874, 2447782, 2438749, 13137, 77368, 77368, 2607389893
852, 5076286, 21383, 2449436, 2439619, 12396, 76726, 76726, 3663676125
856, 5068881, 21994, 2443304, 2432625, 13094, 78932, 78932, 2134360372
851, 5074650, 21579, 2447225, 2438126, 12830, 77445, 77445, 1157584303
859, 5076130, 20805, 2448173, 2437921, 12085, 78573, 78573, 4274886308
853, 5078244, 20593, 2450659, 2441441, 11795, 76878, 76878, 3476843439
862, 5077892, 20808, 2451351, 2441518, 12083, 76066, 76066, 2936133367
850, 5081116, 2452370, 21436, 12627, 2443323, 75680, 75680, 3201370779
854, 5076662, 2448373, 21409, 12744, 2439010, 77563, 77563, 586052983
860, 5073274, 21018, 2449820, 2438969, 12221, 75623, 75623, 3444798405
863, 5075886, 2451313, 20919, 12214, 2439378, 76031, 76031, 1191333494
855, 5077150, 2447154, 22039, 13029, 2437914, 78507, 78507, 1669551618
857, 5068836, 2442581, 22972, 14104, 2432761, 78209, 78209, 582000288
858, 5076075, 2447581, 21809, 12860, 2438793, 77516, 77516, 318006173
864, 5073153, 2445676, 22629, 13593, 2436303, 77476, 77476, 2573241066
861, 5064456, 24379, 2438309, 2428974, 15292, 78751, 78751, 1280424742
866, 5076667, 21218, 2450632, 2440559, 12574, 75842, 75842, 3041900535
865, 5075748, 22382, 2444377, 2434888, 13605, 80248, 80248, 2016889178
872, 5072964, 21229, 2447252, 2437495, 12512, 77238, 77238, 1950733809
873, 5076473, 22031, 2448328, 2437983, 13205, 77463, 77463, 2143436762
871, 5082893, 21734, 2451719, 2441876, 12856, 77354, 77354, 1198913414
868, 5081893, 2450369, 21376, 12872, 2441144, 78066, 78066, 3200781323
867, 5065895, 2439723, 23639, 14620, 2429459, 79227, 79227, 3674287419
874, 5075784, 23688, 2444838, 2434848, 14610, 78900, 78900, 2908745354
870, 5082047, 2451588, 21373, 12592, 2442474, 77010, 77010, 508733295
875, 5083391, 2455445, 20239, 11591, 2445746, 75185, 75185, 2897533628
878, 5077199, 21908, 2448454, 2438735, 13118, 77492, 77492, 3300956380
876, 5073896, 2449055, 21124, 12296, 2438109, 76656, 76656, 4227193521
869, 5065416, 23434, 2440140, 2431124, 14590, 78064, 78064, 2771211383
881, 5070579, 20873, 2447882, 2437504, 11948, 76186, 76186, 2685713605
880, 5073784, 2449720, 20511, 11614, 2439851, 76044, 76044, 2190737836
885, 5084166, 20346, 2456082, 2445397, 11773, 75284, 75284, 1549679137
884, 5075390, 24136, 2445697, 2435068, 15357, 77566, 77566, 732182877
879, 5074116, 20488, 2448007, 2439131, 11576, 77457, 77457, 240754946
877, 5080202, 2449531, 22480, 13599, 2440510, 77041, 77041, 2193015928
882, 5064063, 2440529, 22138, 13191, 2430675, 78765, 78765, 1407825268
892, 5076587, 20197, 2451917, 2441275, 11596, 75801, 75801, 487032282
891, 5076493, 22214, 2448907, 2437606, 13318, 77224, 77224, 951597445
887, 5072027, 2445723, 22295, 13344, 2435513, 77576, 77576, 767049950
890, 5066079, 2444809, 20964, 12054, 2434104, 77074, 77074, 2329564448
894, 5069515, 22171, 2442854, 2433426, 13214, 78925, 78925, 674935554
888, 5078166, 22387, 2448530, 2439329, 13300, 77310, 77310, 3427199926
883, 5064448, 2438890, 24076, 15090, 2429692, 78350, 78350, 2854622658
886, 5081100, 2452944, 20375, 11671, 2443266, 76422, 76422, 3791327195
893, 5071659, 2444014, 22379, 13502, 2434306, 78729, 78729, 1115280956
889, 5075041, 2448496, 21712, 12691, 2439416, 76363, 76363, 630591613
896, 5081388, 2453126, 20882, 12146, 2443194, 76020, 76020, 1534112796
899, 5076431, 21348, 2449898, 2440207, 12636, 76171, 76171, 229586384
895, 5078106, 21349, 2448526, 2439646, 12571, 78007, 78007, 25585762
897, 5076671, 2451442, 20647, 11936, 2441398, 75624, 75624, 2809140311
901, 5071493, 21925, 2446307, 2436949, 12980, 76666, 76666, 1164425549
904, 5079820, 21392, 2451936, 2441554, 12602, 76168, 76168, 534750661
898, 5066709, 2441450, 23023, 13829, 2431229, 78589, 78589, 1583171847
900, 5065585, 2441254, 21606, 12863, 2431304, 79279, 79279, 3020478048
903, 5082333, 21390, 2454159, 2444696, 12636, 74726, 74726, 1487739861
907, 5065040, 21599, 2442178, 2432467, 12638, 78079, 78079, 1327693998
906, 5077076, 2451356, 20816, 11746, 2440412, 76373, 76373, 3200010693
902, 5074778, 2446264, 21869, 13025, 2436758, 78431, 78431, 132776419
909, 5076190, 21456, 2448355, 2438858, 12567, 77477, 77477, 3074586344
905, 5080116, 2448015, 24450, 15751, 2436856, 77522, 77522, 4276140857
910, 5066488, 22112, 2440434, 2431156, 13032, 79877, 79877, 46637714
915, 5072599, 22225, 2448610, 2437955, 13181, 75314, 75314, 105415369
916, 5072483, 21015, 2447598, 2437072, 12218, 77290, 77290, 877592859
914, 5081865, 2456239, 19765, 11129, 2445194, 74769, 74769, 1891193339
908, 5083565, 2454399, 20257, 11479, 2445470, 75980, 75980, 3586972044
917, 5077053, 2447156, 23293, 14463, 2435811, 78165, 78165, 514735137
911, 5069466, 2443558, 22391, 13347, 2433568, 78301, 78301, 4175038121
913, 5075831, 2449538, 21415, 12366, 2440102, 76205, 76205, 1191834762
912, 5070685, 2444733, 21833, 12790, 2435415, 77957, 77957, 85494018
919, 5077733, 2452869, 20650, 11863, 2441319, 75516, 75516, 3020738564
921, 5079160, 21995, 2450107, 2440498, 13276, 76642, 76642, 1577897795
920, 5071164, 21924, 2445690, 2436402, 12874, 77137, 77137, 3204034467
918, 5071690, 2443534, 23320, 14458, 2434282, 78048, 78048, 868308060
922, 5080960, 2450492, 22455, 13572, 2441019, 76711, 76711, 4005906219
923, 5082717, 21767, 2451604, 2442119, 13027, 77100, 77100, 3059922219
924, 5076429, 20457, 2450028, 2441052, 11748, 76572, 76572, 1968215060
930, 5075406, 21534, 2449075, 2439041, 12568, 76594, 76594, 1590439405
928, 5071254, 21689, 2444459, 2434786, 12750, 78785, 78785, 2940999345
934, 5078065, 21990, 2448756, 2438559, 12926, 77917, 77917, 3044842539
927, 5084497, 2453980, 21044, 12323, 2444388, 76381, 76381, 1911050375
929, 5076955, 21740, 2448606, 2439596, 12927, 77043, 77043, 3678542122
926, 5070374, 2442991, 23159, 14183, 2433611, 78215, 78215, 1456020195
931, 5076056, 2447808, 23068, 14086, 2438370, 76362, 76362, 1914803323
925, 5074084, 2445904, 22858, 13648, 2436608, 77533, 77533, 163978216
938, 5077217, 22503, 2448738, 2438887, 13657, 76716, 76716, 159131396
937, 5070343, 20115, 2447587, 2437658, 11367, 76808, 76808, 4194058853
933, 5073869, 2449015, 20962, 12157, 2438223, 76756, 76756, 2094999952
935, 5071603, 22401, 2445217, 2436072, 13411, 77251, 77251, 1146323171
932, 5078926, 2450516, 21700, 12759, 2441571, 76190, 76190, 157560817
943, 5071643, 22400, 2445568, 2435511, 13634, 77265, 77265, 1960873648
936, 5081817, 2450915, 22579, 13778, 2441287, 76629, 76629, 167617348
940, 5078447, 20410, 2451760, 2442548, 11847, 75941, 75941, 717662439
941, 5073413, 2448064, 21654, 12678, 2437653, 76682, 76682, 3071065064
939, 5074275, 21971, 2446185, 2437228, 13167, 77862, 77862, 1080141154
948, 5071846, 2448239, 20425, 11753, 2437441, 76994, 76994, 1024094415
944, 5074984, 2448893, 20792, 11944, 2439735, 76810, 76810, 868045001
947, 5073044, 2446674, 22121, 13299, 2437314, 76818, 76818, 852960302
942, 5073894, 2445427, 23114, 14273, 2436014, 77533, 77533, 2941302666
946, 5064851, 2443581, 21588, 12617, 2432697, 77184, 77184, 2109972998
945, 5075527, 2447798, 21685, 12846, 2438372, 77413, 77413, 3235140188
951, 5071662, 2444611, 22163, 13323, 2435097, 78234, 78234, 2619972136
953, 5078727, 22458, 2446188, 2437100, 13637, 79672, 79672, 2164035771
955, 5080365, 21052, 2451573, 2442226, 12210, 76652, 76652, 3869998505
949, 5077813, 2448049, 22549, 13558, 2439263, 77197, 77197, 2225063382
950, 5075612, 2445512, 23253, 14444, 2436575, 77914, 77914, 3399405754
952, 5078243, 2449801, 22280, 13613, 2440159, 76195, 76195, 2992040584
958, 5075793, 21500, 2448756, 2439447, 12816, 76637, 76637, 2727114794
956, 5077842, 2451141, 20809, 11876, 2441850, 76083, 76083, 777843545
954, 5080209, 21498, 2450000, 2441034, 12815, 77431, 77431, 2004661202
957, 5076713, 2448290, 21886, 12909, 2439192, 77218, 77218, 1574749797
964, 5073433, 21163, 2447824, 2438042, 12172, 77116, 77116, 4050593603
962, 5078612, 2450099, 21704, 12949, 2439484, 77188, 77188, 2664198517
959, 5068377, 2444950, 21523, 12511, 2434999, 77197, 77197, 1017981989
963, 5073263, 22405, 2445899, 2436439, 13370, 77575, 77575, 1484315415
961, 5071928, 2446745, 21899, 12932, 2437452, 76450, 76450, 2734394912
960, 5070119, 2445467, 20645, 11622, 2436389, 77998, 77998, 994146544
969, 5076266, 21182, 2449547, 2438491, 12354, 77346, 77346, 719278396
965, 5075394, 2445217, 23102, 14189, 2435760, 78563, 78563, 3030245459
966, 5063056, 2442220, 21097, 12149, 2432270, 77660, 77660, 1050826691
970, 5073608, 2447091, 22167, 13179, 2436951, 77110, 77110, 138850498
973, 5065034, 21277, 2443388, 2433562, 12289, 77259, 77259, 3870852928
972, 5075841, 21113, 2449345, 2439524, 12469, 76695, 76695, 4001197307
968, 5068209, 2445058, 22181, 13212, 2434168, 76795, 76795, 1474862207
974, 5073085, 20814, 2448043, 2438035, 11981, 77106, 77106, 158663278
977, 5074848, 23751, 2446024, 2435919, 14998, 77078, 77078, 757597285
967, 5076734, 2445464, 23431, 14613, 2435722, 78752, 78752, 1006533107
976, 5074510, 21658, 2447827, 2438410, 12847, 76884, 76884, 921278602
971, 5073495, 2444651, 22393, 13365, 2435074, 79006, 79006, 2840685213
978, 5083796, 20668, 2453962, 2444339, 12071, 76378, 76378, 514687799
975, 5083464, 2450424, 23147, 14311, 2441168, 77207, 77207, 2023107871
979, 5085388, 20730, 2453077, 2443955, 12048, 77789, 77789, 3354678528
980, 5070327, 2443688, 23063, 13941, 2433879, 77878, 77878, 4186888140
982, 5070532, 22614, 2443989, 2433374, 13587, 78484, 78484, 3511535608
981, 5074447, 2445493, 22451, 13612, 2435223, 78834, 78834, 773649925
986, 5074638, 2450015, 21395, 12505, 2439423, 75650, 75650, 1780872312
985, 5074231, 21063, 2446723, 2437051, 12118, 78638, 78638, 2949328627
987, 5079244, 20266, 2452624, 2443341, 11431, 75791, 75791, 162309057
983, 5067701, 22727, 2443513, 2433987, 13702, 76886, 76886, 899000733
992, 5081427, 23470, 2449638, 2440514, 14777, 76514, 76514, 3770002264
988, 5073319, 2444257, 22152, 13176, 2434120, 79807, 79807, 3205748878
989, 5076530, 2447516, 22944, 14027, 2437709, 77167, 77167, 1552919999
984, 5074605, 2445079, 22028, 13091, 2435951, 79228, 79228, 129539153
996, 5079713, 22392, 2449816, 2438917, 13672, 77458, 77458, 130793633
990, 5078026, 20575, 2450667, 2441622, 11812, 76675, 76675, 2879784974
994, 5076163, 2447774, 21696, 12867, 2437738, 78044, 78044, 1806181790
993, 5082217, 24038, 2449399, 2440365, 15493, 76461, 76461, 2376310481
991, 5081591, 2450633, 22664, 13966, 2441416, 76456, 76456, 2796281504
997, 5072449, 2445491, 23327, 14577, 2435538, 76758, 76758, 2740650092
995, 5075086, 2445955, 21451, 12692, 2437080, 78954, 78954, 1058611274
999, 5081000, 2452101, 21262, 12332, 2441911, 76697, 76697, 3839455796
998, 5070378, 2445183, 21864, 12758, 2435775, 77399, 77399, 961240611
