sample_id, N_active, N_A_1, N_B_1, N_A_0, N_B_0, N_A_*, N_B_*, seed
10, 1884937, 400847, 406788, 370918, 365206, 170589, 170589, 1904919273
9, 1881041, 387028, 417268, 380175, 352060, 172255, 172255, 3028272019
14, 1880822, 382345, 424570, 387755, 347750, 169201, 169201, 3638474938
1, 1882341, 377242, 428478, 391344, 341689, 171794, 171794, 1510336353
12, 1888219, 424067, 379340, 344918, 387836, 176029, 176029, 2399577525
15, 1881922, 412405, 390816, 354843, 376300, 173779, 173779, 1902343748
13, 1885202, 422635, 376928, 341590, 386229, 178910, 178910, 1190044253
7, 1887002, 409607, 395167, 359536, 373454, 174619, 174619, 282574044
2, 1882667, 383900, 419017, 382947, 349459, 173672, 173672, 2709020145
4, 1884473, 402829, 395990, 359947, 367113, 179297, 179297, 697361132
11, 1877466, 408384, 392419, 356534, 372337, 173896, 173896, 1203841908
8, 1887363, 413915, 389536, 354280, 377578, 176027, 176027, 1498829342
5, 1880807, 375010, 428432, 392134, 339721, 172755, 172755, 1444386585
6, 1882376, 400033, 402857, 366956, 364394, 174068, 174068, 362615914
3, 1877535, 394643, 408566, 372110, 359192, 171512, 171512, 1457148667
0, 1880575, 399559, 395941, 360160, 363529, 180693, 180693, 485687929
17, 1882823, 390768, 407039, 370866, 354876, 179637, 179637, 2491625690
16, 1885415, 395803, 410818, 374697, 359951, 172073, 172073, 2092828243
19, 1880680, 385984, 416301, 379584, 350621, 174095, 174095, 3611784895
22, 1881401, 412779, 388409, 352606, 376701, 175453, 175453, 3221940870
18, 1891066, 401187, 401381, 366487, 366065, 177973, 177973, 3429064734
21, 1883617, 401174, 407051, 370661, 364975, 169878, 169878, 3337609313
20, 1880282, 395431, 406565, 370762, 359098, 174213, 174213, 3124285882
24, 1887252, 400577, 405198, 369309, 365324, 173422, 173422, 4009002843
27, 1881045, 392453, 408553, 372338, 356501, 175600, 175600, 3764703308
25, 1874322, 374851, 422779, 384814, 339142, 176368, 176368, 1895877168
23, 1884921, 410473, 398688, 362619, 374613, 169264, 169264, 2640663462
28, 1880545, 403387, 399864, 363720, 366816, 173379, 173379, 1750790629
29, 1886214, 406649, 393722, 358222, 370739, 178441, 178441, 3544768302
26, 1881573, 403903, 396435, 360522, 367721, 176496, 176496, 1599856964
30, 1889147, 426132, 379060, 344090, 390553, 174656, 174656, 1203504466
31, 1883357, 430324, 373268, 338977, 393400, 173694, 173694, 2152602819
33, 1880862, 414629, 391627, 355773, 377769, 170532, 170532, 2611238884
34, 1887399, 401771, 400377, 364616, 366023, 177306, 177306, 920119520
36, 1885059, 385075, 415619, 379462, 349309, 177797, 177797, 3171946506
32, 1881949, 370551, 425367, 389109, 335628, 180647, 180647, 1555893936
37, 1882179, 391137, 414617, 378434, 355421, 171285, 171285, 3542508574
35, 1885061, 418690, 383698, 348514, 382757, 175701, 175701, 2313228858
40, 1880831, 386561, 415072, 378659, 350853, 174843, 174843, 3258845015
39, 1884513, 387379, 413199, 377193, 351932, 177405, 177405, 3325977143
41, 1879180, 418503, 381793, 346047, 382417, 175210, 175210, 2081203726
38, 1877743, 387117, 411964, 375018, 351584, 176030, 176030, 2676160976
45, 1883662, 407472, 396298, 359969, 372099, 173912, 173912, 853757430
46, 1877593, 396891, 404941, 368428, 360713, 173310, 173310, 2538402853
42, 1884261, 418071, 381425, 345734, 381755, 178638, 178638, 3500823079
44, 1884124, 410561, 399117, 363015, 374627, 168402, 168402, 1777659183
43, 1886236, 413534, 389189, 353613, 377880, 176010, 176010, 3991949178
47, 1881636, 376903, 422810, 386278, 342299, 176673, 176673, 2863739251
48, 1884229, 401384, 404414, 368797, 365498, 172068, 172068, 1892159263
49, 1880959, 407547, 394860, 359320, 371268, 173982, 173982, 2096737285
52, 1891435, 399148, 410945, 375280, 363980, 171041, 171041, 1115246755
50, 1887495, 399582, 400626, 365258, 363877, 179076, 179076, 1071996035
51, 1877000, 411052, 384872, 348577, 374425, 179037, 179037, 2119461078
53, 1885540, 420835, 379931, 344911, 384705, 177579, 177579, 3935078715
54, 1879691, 417360, 384067, 348001, 380961, 174651, 174651, 1946957476
56, 1884170, 391874, 409632, 373840, 356652, 176086, 176086, 1959488095
55, 1878910, 408716, 395152, 359500, 371878, 171832, 171832, 3107607532
57, 1881839, 416987, 384488, 348930, 381348, 175043, 175043, 3818738631
59, 1881564, 416754, 390103, 354396, 380013, 170149, 170149, 2685937806
61, 1878065, 398399, 401306, 365642, 362590, 175064, 175064, 3795307227
58, 1886743, 387915, 418661, 382311, 352542, 172657, 172657, 1034776173
62, 1879032, 393562, 404816, 368676, 357922, 177028, 177028, 3633978334
60, 1882895, 414225, 387474, 352451, 378345, 175200, 175200, 1983449619
63, 1888493, 398701, 409379, 373803, 363128, 171741, 171741, 2649049479
65, 1881774, 409390, 392395, 357032, 372699, 175129, 175129, 1723381275
64, 1887336, 408648, 394924, 359962, 372794, 175504, 175504, 1348610451
67, 1881808, 402337, 398264, 362386, 366289, 176266, 176266, 691143365
66, 1884731, 390890, 413197, 377513, 355475, 173828, 173828, 2019270487
68, 1875244, 389484, 408038, 371518, 352978, 176613, 176613, 535261695
69, 1881194, 393667, 403254, 367133, 357890, 179625, 179625, 124881571
70, 1880242, 415854, 385899, 350432, 379267, 174395, 174395, 1054872122
71, 1883241, 402868, 394298, 358019, 367262, 180397, 180397, 902865902
73, 1876545, 396753, 406234, 370084, 360600, 171437, 171437, 3997631099
72, 1879909, 411412, 387311, 351970, 374754, 177231, 177231, 2916098621
76, 1883306, 390745, 413243, 377842, 355210, 173133, 173133, 3629418053
74, 1884446, 403803, 402045, 366714, 367874, 172005, 172005, 2218429986
77, 1877344, 388087, 406154, 369844, 352235, 180512, 180512, 1957739605
75, 1882031, 384284, 417771, 380944, 349346, 174843, 174843, 2367333843
79, 1881786, 419082, 381097, 345667, 382500, 176720, 176720, 3679196048
78, 1877508, 409781, 383992, 347553, 373792, 181195, 181195, 1844487760
81, 1881922, 420793, 383454, 347867, 384626, 172591, 172591, 4013778484
80, 1881688, 408804, 395938, 360120, 372550, 172138, 172138, 1939430127
84, 1880281, 409923, 393523, 357101, 373206, 173264, 173264, 4130453207
83, 1885962, 402157, 407469, 371715, 366347, 169137, 169137, 778567863
82, 1881138, 405727, 396968, 360969, 369696, 173889, 173889, 3378893651
86, 1884538, 406480, 392267, 356760, 370587, 179222, 179222, 1432213730
88, 1878042, 379006, 421871, 385214, 343787, 174082, 174082, 99703233
85, 1880776, 421630, 378275, 342613, 384854, 176702, 176702, 3585920237
89, 1884298, 416515, 390574, 355021, 380234, 170977, 170977, 3896611395
87, 1880511, 382790, 419677, 382905, 347081, 174029, 174029, 687312185
91, 1883169, 393877, 406121, 370435, 358736, 177000, 177000, 672281012
90, 1882916, 396630, 404435, 368418, 360549, 176442, 176442, 750764076
93, 1882524, 377198, 423582, 387251, 342391, 176051, 176051, 16551547
95, 1886129, 420276, 387842, 353352, 384211, 170224, 170224, 1951716546
94, 1881409, 401463, 405282, 368911, 365331, 170211, 170211, 1844123307
92, 1877424, 397375, 406024, 369460, 360999, 171783, 171783, 2032146633
97, 1878448, 408362, 391326, 354967, 372023, 175885, 175885, 659828319
96, 1882010, 400138, 396151, 360320, 364287, 180557, 180557, 2939192488
99, 1886490, 396965, 407722, 372053, 361708, 174021, 174021, 99458211
98, 1877774, 392341, 409722, 373002, 355583, 173563, 173563, 1870156339
100, 1882101, 438480, 367661, 333319, 401553, 170544, 170544, 3937601015
101, 1880811, 414322, 386759, 351157, 377995, 175289, 175289, 440564530
102, 1890246, 424681, 378352, 343393, 389260, 177280, 177280, 2369528774
103, 1881021, 415070, 391498, 356425, 378172, 169928, 169928, 77742974
105, 1879588, 411439, 389865, 354093, 374703, 174744, 174744, 3365334582
104, 1882386, 402336, 398026, 363097, 366891, 176018, 176018, 2972737138
106, 1884808, 407019, 398182, 362403, 371344, 172930, 172930, 2483506352
108, 1881515, 403874, 397864, 362044, 367555, 175089, 175089, 626995887
107, 1881994, 416753, 384805, 349783, 379945, 175354, 175354, 3071405999
109, 1881098, 403779, 399205, 363372, 367562, 173590, 173590, 4230074546
110, 1880245, 386369, 420511, 383901, 351028, 169218, 169218, 619103892
113, 1886043, 391027, 408071, 372093, 356188, 179332, 179332, 1356299662
111, 1881520, 393492, 412848, 375787, 357505, 170944, 170944, 879402179
112, 1885299, 399835, 402272, 366825, 364607, 175880, 175880, 176318473
115, 1877183, 404702, 389139, 353404, 368138, 180900, 180900, 3105742062
116, 1882578, 410630, 384057, 348925, 373702, 182632, 182632, 2705012811
114, 1877889, 403689, 401962, 365738, 367478, 169511, 169511, 2616430599
117, 1879778, 396711, 402570, 366306, 360337, 176927, 176927, 2719054277
118, 1880552, 399277, 403546, 367052, 362997, 173840, 173840, 451489023
119, 1882074, 397053, 409644, 373773, 361724, 169940, 169940, 2987691171
120, 1880611, 396904, 403444, 367128, 360701, 176217, 176217, 1847973128
121, 1882786, 423395, 375176, 339796, 387557, 178431, 178431, 3450355381
124, 1877396, 391013, 411933, 374850, 354970, 172315, 172315, 3023823623
126, 1877795, 422837, 378655, 343306, 385819, 173589, 173589, 2771504712
122, 1877054, 387277, 413796, 377159, 351518, 173652, 173652, 307467041
125, 1880366, 386576, 409669, 372899, 351162, 180030, 180030, 2771486039
123, 1882575, 400649, 398945, 362682, 364997, 177651, 177651, 1341416456
128, 1879048, 397739, 401823, 365832, 360822, 176416, 176416, 3513666616
127, 1879302, 419112, 384585, 348974, 382785, 171923, 171923, 1555895251
129, 1879921, 386930, 411833, 375372, 351142, 177322, 177322, 557112173
130, 1881970, 388439, 414835, 377955, 353535, 173603, 173603, 1012448938
132, 1886273, 421278, 385920, 351232, 384877, 171483, 171483, 1404794118
131, 1882012, 395908, 407470, 370999, 359401, 174117, 174117, 3309260528
133, 1879495, 404015, 395268, 359794, 367578, 176420, 176420, 82238407
134, 1884267, 402908, 399002, 363621, 367160, 175788, 175788, 790270489
135, 1888781, 420857, 387052, 352028, 384580, 172132, 172132, 4139192191
137, 1883359, 367059, 438046, 400535, 332353, 172683, 172683, 3247677251
136, 1880602, 387239, 410956, 374666, 351759, 177991, 177991, 2243008550
138, 1885125, 393073, 407536, 371784, 357618, 177557, 177557, 3613641274
139, 1883572, 394262, 408656, 372403, 357937, 175157, 175157, 1269187811
141, 1881781, 386886, 416451, 379464, 351910, 173535, 173535, 2089346178
142, 1879845, 399020, 406800, 369549, 363372, 170552, 170552, 4144840821
140, 1885802, 403587, 399898, 364149, 367746, 175211, 175211, 1855378616
143, 1880730, 399639, 402626, 366363, 364280, 173911, 173911, 1963592953
146, 1878525, 377481, 420056, 382941, 342609, 177719, 177719, 2911297851
145, 1878255, 402922, 396293, 359542, 366890, 176304, 176304, 2867703229
144, 1881706, 391127, 415184, 378718, 355393, 170642, 170642, 1706879444
147, 1882470, 409811, 397396, 360971, 373904, 170194, 170194, 3260138580
148, 1882240, 383935, 421577, 384906, 349080, 171371, 171371, 3199690569
149, 1880489, 418482, 383305, 347906, 382276, 174260, 174260, 2608352363
150, 1879420, 401195, 404570, 368182, 364909, 170282, 170282, 3017907118
151, 1883464, 410789, 392600, 357668, 374085, 174161, 174161, 3371540102
152, 1887309, 408406, 396068, 360370, 372891, 174787, 174787, 516235894
153, 1885258, 384249, 419275, 383022, 349448, 174632, 174632, 2051714073
154, 1884766, 398841, 401156, 364843, 363582, 178172, 178172, 1675488873
155, 1879971, 395158, 411791, 375380, 359456, 169093, 169093, 1083497964
158, 1879562, 390884, 405764, 369385, 354989, 179270, 179270, 967572474
156, 1881058, 413428, 386624, 350717, 376709, 176790, 176790, 3700829289
157, 1876034, 412997, 383113, 347401, 376615, 177954, 177954, 3964049104
159, 1887943, 378629, 429073, 392600, 343503, 172069, 172069, 1747025716
161, 1877454, 409904, 390176, 353945, 374001, 174714, 174714, 6176285
160, 1879382, 409139, 390579, 354861, 373227, 175788, 175788, 147962829
163, 1886520, 412819, 391956, 356850, 377093, 173901, 173901, 435156887
162, 1884230, 403922, 397942, 362093, 367795, 176239, 176239, 2309714300
165, 1882766, 387963, 416155, 379213, 352115, 173660, 173660, 2564808782
164, 1883132, 407374, 392834, 357641, 371161, 177061, 177061, 2472899109
167, 1881219, 408466, 395545, 359971, 372565, 172336, 172336, 3743683724
169, 1880433, 404757, 397269, 361857, 368678, 173936, 173936, 1867389882
166, 1882952, 393635, 411213, 375161, 357857, 172543, 172543, 1063315645
168, 1885065, 413994, 388972, 353961, 377892, 175123, 175123, 1593344396
170, 1882674, 404732, 404542, 368290, 368156, 168477, 168477, 2253996635
173, 1885586, 413326, 393520, 357813, 377505, 171711, 171711, 885251502
171, 1883402, 405775, 402464, 365955, 369988, 169610, 169610, 242631756
172, 1883001, 402939, 402723, 367145, 366790, 171702, 171702, 651853982
174, 1878424, 380968, 418089, 381289, 345158, 176460, 176460, 3028977355
176, 1884342, 401745, 401591, 365375, 366621, 174505, 174505, 1826921212
177, 1881953, 400726, 406994, 370707, 364240, 169643, 169643, 4261130991
175, 1881744, 407561, 398817, 362138, 371404, 170912, 170912, 1656525426
179, 1884783, 402003, 395480, 359892, 366148, 180630, 180630, 3261203014
178, 1889030, 405783, 398077, 362883, 370607, 175840, 175840, 3911475144
180, 1881955, 385129, 418041, 381751, 349530, 173752, 173752, 3703136417
181, 1882461, 395795, 405593, 369870, 359987, 175608, 175608, 4122485375
182, 1880323, 408039, 395536, 359420, 371938, 172695, 172695, 2408668210
183, 1883029, 402913, 401423, 365274, 367303, 173058, 173058, 1446286280
184, 1879891, 387217, 413456, 376779, 351611, 175414, 175414, 127242086
185, 1881127, 381116, 426520, 389790, 346151, 168775, 168775, 3459208483
186, 1888033, 418255, 390447, 354894, 381835, 171301, 171301, 1921600415
187, 1883235, 394425, 409949, 373790, 358933, 173069, 173069, 4170425
188, 1884220, 411452, 388828, 352985, 375607, 177674, 177674, 2934973365
189, 1879524, 365874, 429875, 393085, 330332, 180179, 180179, 3898119675
191, 1880044, 403523, 403161, 367182, 367650, 169264, 169264, 3059644939
190, 1887335, 398224, 401891, 366216, 362212, 179396, 179396, 1425237835
192, 1891775, 394178, 410824, 375298, 359041, 176217, 176217, 3086643756
193, 1876850, 420032, 374437, 339471, 382962, 179974, 179974, 3277962715
194, 1884264, 386338, 419246, 383248, 350840, 172296, 172296, 4161996504
195, 1883833, 408459, 397878, 362295, 372113, 171544, 171544, 473602493
196, 1880638, 409427, 388878, 353379, 373214, 177870, 177870, 997438159
197, 1883395, 371754, 432308, 395309, 336570, 173727, 173727, 655854013
198, 1891767, 400731, 400885, 366158, 365493, 179250, 179250, 3053982971
199, 1885553, 413649, 391351, 355986, 377417, 173575, 173575, 3555649672
201, 1881990, 409939, 385268, 349644, 373347, 181896, 181896, 403209453
200, 1883144, 409507, 393561, 357675, 373057, 174672, 174672, 3355820310
202, 1883574, 406786, 397374, 361461, 370175, 173889, 173889, 1588714815
203, 1879729, 394084, 405792, 369578, 357749, 176263, 176263, 1747034695
204, 1883228, 404478, 398143, 362544, 367843, 175110, 175110, 449586988
206, 1876757, 406429, 399005, 363130, 369553, 169320, 169320, 3479538719
205, 1885135, 391627, 413884, 378146, 355940, 172769, 172769, 540105326
208, 1881312, 397532, 407449, 370694, 361563, 172037, 172037, 2774504929
210, 1881086, 405804, 389282, 353943, 370067, 180995, 180995, 3003255268
207, 1886227, 396211, 412060, 375522, 360786, 170824, 170824, 2718793792
209, 1884896, 418424, 381309, 345860, 382189, 178557, 178557, 3423662352
211, 1875729, 413581, 391242, 354608, 376222, 170038, 170038, 385873016
213, 1884939, 392071, 409728, 374491, 356957, 175846, 175846, 1857443530
212, 1885397, 409854, 395020, 359739, 373864, 173460, 173460, 90157718
214, 1881325, 396719, 405271, 369045, 361078, 174606, 174606, 85421890
215, 1879972, 393304, 403129, 366064, 357755, 179860, 179860, 1172815213
216, 1885402, 395974, 407645, 371921, 359884, 174989, 174989, 4106362277
217, 1884503, 404150, 397808, 362710, 368097, 175869, 175869, 2270260119
218, 1881020, 385874, 413218, 376514, 349860, 177777, 177777, 4191628433
219, 1878483, 405682, 401508, 365302, 369373, 168309, 168309, 2927677000
220, 1881385, 406386, 390055, 354668, 370392, 179942, 179942, 799828336
222, 1883064, 414270, 387722, 351984, 377978, 175555, 175555, 4206168611
221, 1885319, 373362, 429481, 393378, 338606, 175246, 175246, 1652542210
223, 1883683, 385159, 410765, 374848, 349723, 181594, 181594, 1704910824
225, 1888159, 408882, 395645, 361316, 373674, 174321, 174321, 2853665015
227, 1881464, 397264, 409059, 373833, 361120, 170094, 170094, 1902447435
224, 1883863, 393903, 408820, 373303, 357391, 175223, 175223, 4055504606
228, 1880341, 429886, 373851, 338215, 393063, 172663, 172663, 566461152
226, 1880084, 412780, 390985, 354404, 376805, 172555, 172555, 1856754659
229, 1886814, 383819, 427288, 391107, 348304, 168148, 168148, 3694883436
230, 1881498, 410647, 389320, 353904, 373987, 176820, 176820, 22201853
232, 1882579, 403692, 404121, 367764, 367966, 169518, 169518, 3949688643
231, 1881938, 371786, 428149, 391359, 336310, 177167, 177167, 640997533
233, 1884267, 411659, 394066, 358569, 375739, 172117, 172117, 76681703
234, 1875835, 383619, 425081, 387526, 348021, 165794, 165794, 3352028919
235, 1877304, 405723, 392766, 356399, 369392, 176512, 176512, 2387928220
236, 1885787, 412431, 386979, 352209, 376208, 178980, 178980, 2288879992
237, 1885091, 405118, 397230, 361823, 369442, 175739, 175739, 722092009
238, 1884846, 417201, 380791, 345982, 380454, 180209, 180209, 1037704921
239, 1889453, 426062, 376517, 341681, 390279, 177457, 177457, 1522905212
241, 1878902, 417472, 381598, 346273, 380915, 176322, 176322, 1857480746
240, 1885313, 408237, 398012, 362442, 372264, 172179, 172179, 4286234621
244, 1882778, 375806, 419034, 383162, 340054, 182361, 182361, 2660779887
243, 1883817, 403708, 398098, 362416, 367561, 176017, 176017, 1652922888
245, 1877168, 404683, 397291, 361567, 368451, 172588, 172588, 2041180414
242, 1880215, 411721, 387220, 351578, 375342, 177177, 177177, 3901663780
247, 1886489, 398864, 405650, 370156, 363091, 174364, 174364, 1585232405
246, 1881756, 406223, 395251, 360115, 369853, 175157, 175157, 2422883314
248, 1879568, 402842, 393321, 356960, 367025, 179710, 179710, 2879499622
249, 1884270, 404334, 400980, 365240, 368938, 172389, 172389, 3592865622
250, 1880219, 404440, 404678, 367842, 368077, 167591, 167591, 1186280575
252, 1884460, 398790, 404900, 369906, 362310, 174277, 174277, 3158282613
251, 1883160, 407395, 390341, 355026, 371274, 179562, 179562, 1392422347
253, 1883922, 387542, 414041, 377847, 352712, 175890, 175890, 2966470363
255, 1885834, 406659, 397320, 361124, 370621, 175055, 175055, 704385048
254, 1883726, 403481, 399471, 363478, 367202, 175047, 175047, 2206610263
256, 1883470, 424089, 382241, 347260, 387864, 171008, 171008, 1521701868
257, 1874908, 397039, 402355, 366016, 361024, 174237, 174237, 3349198905
258, 1882328, 408878, 394531, 358618, 371475, 174413, 174413, 4181611738
260, 1878824, 383965, 410626, 374156, 348187, 180945, 180945, 4026903147
259, 1882198, 403763, 400706, 364697, 367638, 172697, 172697, 3715435656
261, 1885499, 413485, 390751, 355518, 377251, 174247, 174247, 3355941512
264, 1879896, 396217, 407267, 370850, 359858, 172852, 172852, 1203863527
263, 1884163, 393043, 401604, 366014, 358018, 182742, 182742, 371641079
262, 1883399, 383715, 419315, 382805, 348050, 174757, 174757, 1346904591
265, 1883680, 386657, 413191, 377233, 351205, 177697, 177697, 3243814417
266, 1881569, 392400, 409116, 372807, 356592, 175327, 175327, 1238911365
268, 1882986, 394647, 403264, 367393, 358468, 179607, 179607, 3945638455
267, 1880639, 395176, 403266, 367105, 359136, 177978, 177978, 2489450316
269, 1880119, 405353, 393381, 357751, 369588, 177023, 177023, 2031244628
270, 1883860, 406691, 395706, 359800, 371545, 175059, 175059, 4032473486
272, 1879873, 376952, 425210, 387929, 341542, 174120, 174120, 2230867482
273, 1879963, 376671, 420970, 384778, 340932, 178306, 178306, 3208298203
271, 1884305, 402681, 400190, 365015, 366811, 174804, 174804, 3822530487
274, 1882329, 421620, 386501, 351207, 385097, 168952, 168952, 179791422
278, 1879299, 414032, 389774, 354166, 377727, 171800, 171800, 3690362299
275, 1889096, 404452, 401591, 366657, 368590, 173903, 173903, 4134664990
276, 1887312, 427226, 376731, 342421, 390010, 175462, 175462, 3481471118
279, 1884738, 400542, 401295, 365243, 364322, 176668, 176668, 3382437967
277, 1879266, 405038, 394740, 359079, 368841, 175784, 175784, 3985906426
280, 1881837, 406139, 395893, 359666, 370477, 174831, 174831, 2054044145
281, 1880464, 409470, 393447, 357215, 372700, 173816, 173816, 978371133
282, 1878217, 391914, 408544, 371488, 356351, 174960, 174960, 1197472764
283, 1881562, 401813, 396026, 359913, 366278, 178766, 178766, 193470959
284, 1886880, 399593, 404365, 368394, 363926, 175301, 175301, 1473866729
285, 1881462, 375800, 423050, 386387, 340379, 177923, 177923, 785704506
286, 1878348, 391637, 408893, 372805, 355715, 174649, 174649, 3528756456
287, 1886419, 384864, 416703, 381001, 349417, 177217, 177217, 214793432
289, 1884714, 381421, 421539, 385103, 346915, 174868, 174868, 1699194261
290, 1884531, 393410, 414403, 378560, 357646, 170256, 170256, 129557679
288, 1881525, 409220, 388630, 352953, 373128, 178797, 178797, 2733355202
293, 1882149, 401485, 404653, 369209, 365200, 170801, 170801, 1645107434
292, 1884424, 394086, 410046, 374090, 358012, 174095, 174095, 3312620914
291, 1876716, 394918, 404462, 368569, 358639, 175064, 175064, 1109199757
295, 1883480, 381337, 417371, 381167, 345607, 178999, 178999, 2247676679
294, 1878389, 388547, 409046, 372173, 352703, 177960, 177960, 3982553050
297, 1886004, 411628, 393506, 357763, 375867, 173620, 173620, 1254964594
296, 1884751, 377648, 422461, 386073, 342593, 177988, 177988, 2063448797
299, 1881768, 390381, 409073, 372848, 354630, 177418, 177418, 3519142447
298, 1884571, 419725, 380042, 344535, 383271, 178499, 178499, 2786919645
300, 1882735, 387276, 413563, 377324, 351964, 176304, 176304, 2896486787
301, 1881963, 398493, 407823, 371426, 363117, 170552, 170552, 8294794
302, 1885727, 403671, 402592, 366723, 368125, 172308, 172308, 148562526
303, 1881280, 401949, 402599, 367237, 364621, 172437, 172437, 2472078761
304, 1881747, 414774, 393012, 356697, 378072, 169596, 169596, 3713649962
305, 1880706, 408730, 395534, 359532, 372768, 172071, 172071, 123198136
306, 1886557, 406809, 394126, 358141, 370779, 178351, 178351, 3963872974
308, 1881822, 419786, 383108, 347535, 383257, 174068, 174068, 1179492372
307, 1882505, 405209, 394465, 358254, 368881, 177848, 177848, 917893863
309, 1880076, 410404, 391463, 354963, 373956, 174645, 174645, 1154502619
310, 1882256, 404390, 400323, 364592, 367453, 172749, 172749, 3394890723
311, 1886070, 389712, 415396, 378976, 354250, 173868, 173868, 755613498
313, 1881839, 388688, 409932, 373384, 352749, 178543, 178543, 1332953073
314, 1886402, 379524, 425195, 388710, 344927, 174023, 174023, 2109315563
312, 1884658, 413332, 386974, 351665, 377245, 177721, 177721, 4173807576
315, 1883110, 386682, 417989, 381404, 351395, 172820, 172820, 2898079573
316, 1879555, 407387, 392829, 357132, 371345, 175431, 175431, 873187106
317, 1881223, 401546, 395438, 359831, 365850, 179279, 179279, 820313707
319, 1885996, 412091, 391921, 356068, 375768, 175074, 175074, 3100241210
318, 1890051, 409324, 397954, 362663, 373866, 173122, 173122, 2625100007
320, 1878837, 418911, 381160, 345772, 382464, 175265, 175265, 3785554979
321, 1885253, 385897, 421898, 385818, 351034, 170303, 170303, 2078894877
324, 1878912, 395184, 406492, 370115, 359405, 173858, 173858, 2509133460
322, 1889382, 420225, 384443, 349779, 383879, 175528, 175528, 2781588474
323, 1887079, 396177, 404386, 368614, 360710, 178596, 178596, 2700029298
327, 1883038, 392223, 414631, 378048, 356526, 170805, 170805, 3940362128
326, 1886484, 401231, 400150, 364416, 365827, 177430, 177430, 3879105686
325, 1885467, 391131, 414243, 378962, 355523, 172804, 172804, 878106036
329, 1883992, 375271, 430853, 393962, 340194, 171856, 171856, 1661261070
328, 1879043, 395778, 405483, 368717, 359521, 174772, 174772, 1081547989
331, 1880607, 381346, 420250, 383646, 346063, 174651, 174651, 810668702
330, 1883981, 406715, 396563, 360428, 371137, 174569, 174569, 4229222178
332, 1881735, 402078, 403993, 367900, 366046, 170859, 170859, 507344058
333, 1882075, 395257, 406941, 370860, 359469, 174774, 174774, 240476496
334, 1882670, 423165, 375952, 340551, 386438, 178282, 178282, 480358648
335, 1879102, 413068, 385920, 350766, 376816, 176266, 176266, 2216891311
336, 1882463, 407417, 387573, 351916, 371305, 182126, 182126, 2076162001
337, 1882271, 413858, 386923, 350976, 377648, 176433, 176433, 2949984290
338, 1885396, 399500, 407396, 371651, 364285, 171282, 171282, 2701186736
341, 1876789, 405832, 390833, 355072, 368796, 178128, 178128, 2912138860
340, 1884375, 399873, 406426, 370100, 363870, 172053, 172053, 1591102329
342, 1882432, 411750, 389746, 354094, 375216, 175813, 175813, 3241335926
339, 1884479, 388803, 410794, 374657, 353091, 178567, 178567, 3179856811
345, 1883284, 393716, 409426, 373423, 358841, 173939, 173939, 2580808638
347, 1885490, 393561, 412011, 376168, 357864, 172943, 172943, 1273922917
344, 1890226, 397732, 401591, 366232, 362271, 181200, 181200, 3156114643
343, 1880879, 380968, 421083, 384891, 345487, 174225, 174225, 151761764
346, 1887813, 397670, 406153, 370210, 362230, 175775, 175775, 4158387630
349, 1884400, 401000, 401916, 365858, 365428, 175099, 175099, 209835428
348, 1881591, 414586, 386969, 351579, 379113, 174672, 174672, 663333180
350, 1882413, 382247, 421641, 384816, 347361, 173174, 173174, 397091287
351, 1884508, 416720, 389049, 353360, 380293, 172543, 172543, 3140036540
352, 1885902, 387315, 417810, 381510, 352261, 173503, 173503, 1129047948
353, 1885052, 400619, 409081, 373638, 364596, 168559, 168559, 76739548
356, 1881210, 406613, 391742, 355522, 370383, 178475, 178475, 4165276538
354, 1881673, 404346, 399099, 363161, 368181, 173443, 173443, 2458910139
355, 1887702, 390369, 413919, 377882, 355576, 174978, 174978, 3469077902
357, 1883103, 391049, 411025, 375135, 356272, 174811, 174811, 3562794168
361, 1886875, 426500, 377835, 342998, 390010, 174766, 174766, 3032426245
360, 1881991, 422166, 382234, 347127, 385252, 172606, 172606, 3699509435
359, 1885016, 398096, 403876, 367935, 362201, 176454, 176454, 543449606
362, 1889454, 399745, 408854, 373668, 364111, 171538, 171538, 3790843419
358, 1885645, 390859, 405956, 370060, 355800, 181485, 181485, 4773705
363, 1884540, 417259, 386973, 351987, 380489, 173916, 173916, 3834110589
365, 1884431, 397954, 402305, 366397, 361995, 177890, 177890, 2146483618
364, 1890132, 414037, 392258, 357018, 377593, 174613, 174613, 793407007
366, 1884507, 379893, 420590, 383978, 344722, 177662, 177662, 638566511
367, 1884733, 398284, 400511, 364377, 363393, 179084, 179084, 2311743472
368, 1889233, 395492, 405253, 369538, 360388, 179281, 179281, 2366327943
369, 1884342, 395104, 403430, 367194, 359756, 179429, 179429, 878075896
371, 1885981, 375320, 428881, 392573, 340335, 174436, 174436, 1899225026
372, 1885906, 377834, 429573, 393309, 343458, 170866, 170866, 2488204400
370, 1888108, 408242, 393479, 358314, 372931, 177571, 177571, 4034352342
373, 1885062, 410797, 396573, 360804, 374950, 170969, 170969, 1646177188
377, 1884680, 420880, 385695, 350125, 384670, 171655, 171655, 273630435
376, 1884353, 402950, 396007, 360155, 367823, 178709, 178709, 1046137107
374, 1885243, 420722, 381245, 346387, 385193, 175848, 175848, 3300489286
378, 1885381, 417851, 386665, 351353, 380840, 174336, 174336, 1644473205
379, 1882350, 403814, 396919, 361214, 367967, 176218, 176218, 537128211
375, 1883948, 409663, 392108, 355535, 373754, 176444, 176444, 3923864623
380, 1884801, 410379, 395097, 359983, 373776, 172783, 172783, 3344436672
381, 1880153, 422618, 381180, 345768, 386359, 172114, 172114, 1418169250
382, 1884695, 419236, 384158, 349099, 382704, 174749, 174749, 1864304592
383, 1878890, 401712, 395978, 360132, 366000, 177534, 177534, 2071399265
384, 1881316, 407936, 397946, 362221, 371379, 170917, 170917, 4025667235
385, 1882369, 392333, 409092, 372793, 356985, 175583, 175583, 4063443127
387, 1881714, 393379, 411087, 374943, 358019, 172143, 172143, 231790562
386, 1877966, 395261, 408607, 372508, 359350, 171120, 171120, 773311895
388, 1886690, 404924, 402428, 366289, 369421, 171814, 171814, 2209246589
389, 1888143, 392973, 414097, 378098, 357919, 172528, 172528, 800954535
390, 1886113, 408859, 388633, 353228, 373451, 180971, 180971, 2921632274
391, 1887021, 401128, 405044, 368691, 365696, 173231, 173231, 447262979
393, 1879997, 409978, 391030, 355577, 373208, 175102, 175102, 693311188
396, 1885002, 388911, 413523, 377957, 353651, 175480, 175480, 978404614
395, 1889718, 378900, 427274, 391741, 344245, 173779, 173779, 2742608079
392, 1883505, 436354, 367197, 332161, 399859, 173967, 173967, 1200258477
399, 1882190, 398155, 401774, 365957, 362006, 177149, 177149, 2911543054
398, 1884384, 398734, 403844, 368054, 363604, 175074, 175074, 1616850938
397, 1882924, 390473, 413521, 377039, 355337, 173277, 173277, 2981158048
394, 1888413, 372224, 428225, 392277, 337183, 179252, 179252, 812629991
401, 1886959, 386585, 417870, 381882, 350998, 174812, 174812, 2518477030
400, 1887268, 389661, 414399, 378597, 354251, 175180, 175180, 294647114
402, 1883365, 413682, 389547, 353784, 376998, 174677, 174677, 781950292
403, 1882139, 395226, 403052, 366900, 359423, 178769, 178769, 4043578234
404, 1877800, 417829, 378289, 342999, 381401, 178641, 178641, 1971840244
405, 1883260, 401281, 402501, 366577, 363747, 174577, 174577, 1556787035
406, 1878273, 401671, 399907, 363171, 365640, 173942, 173942, 1036088625
408, 1879776, 373126, 432248, 395595, 337675, 170566, 170566, 710058977
410, 1876170, 398224, 405060, 368469, 361589, 171414, 171414, 1498769939
407, 1880677, 410174, 393088, 357104, 374541, 172885, 172885, 3191245195
411, 1892146, 409804, 398968, 363573, 374253, 172774, 172774, 263982571
413, 1884233, 422863, 382737, 347873, 385948, 172406, 172406, 3994745328
409, 1881459, 396383, 406575, 370276, 360129, 174048, 174048, 534458117
414, 1880128, 378832, 426340, 389131, 343423, 171201, 171201, 671092970
412, 1881523, 391216, 404720, 368819, 355640, 180564, 180564, 3899221422
417, 1882705, 437391, 366531, 330963, 399448, 174186, 174186, 3447007446
415, 1882584, 388411, 415054, 378518, 353415, 173593, 173593, 10049858
416, 1885397, 388666, 412804, 376462, 353953, 176756, 176756, 2020738996
418, 1882159, 419639, 377112, 341642, 382802, 180482, 180482, 3651699243
419, 1878155, 389926, 408751, 372417, 354283, 176389, 176389, 1049101903
421, 1883265, 391144, 410765, 375220, 355284, 175426, 175426, 999691239
420, 1884219, 402420, 400423, 364173, 366673, 175265, 175265, 4079023441
422, 1882619, 407832, 394945, 359041, 371797, 174502, 174502, 2089264711
424, 1883575, 397131, 408127, 372116, 362491, 171855, 171855, 2545662488
425, 1883327, 415175, 394610, 358731, 378567, 168122, 168122, 214223145
423, 1886217, 387022, 415367, 378482, 351726, 176810, 176810, 2314943181
426, 1880853, 390487, 409915, 373420, 355183, 175924, 175924, 1550590323
429, 1887251, 399794, 407399, 371620, 364278, 172080, 172080, 769096420
427, 1881185, 393407, 407427, 370547, 357824, 175990, 175990, 2671175478
428, 1879898, 409807, 395498, 359743, 373776, 170537, 170537, 646048903
432, 1880617, 412552, 385117, 348812, 376010, 179063, 179063, 2170339961
433, 1880543, 383590, 417354, 381274, 347649, 175338, 175338, 2145783
430, 1884753, 399307, 406381, 370543, 363718, 172402, 172402, 596085204
431, 1882658, 413169, 388076, 352674, 376683, 176028, 176028, 2204342325
434, 1882748, 406702, 400875, 364970, 370347, 169927, 169927, 1727753802
435, 1882935, 395474, 409243, 373077, 359543, 172799, 172799, 659924501
436, 1879501, 374507, 422470, 385564, 339144, 178908, 178908, 3014183010
437, 1879665, 422857, 381977, 346773, 386256, 170901, 170901, 2612025405
438, 1876016, 407453, 392970, 357324, 370765, 173752, 173752, 695143889
440, 1884980, 405866, 401830, 365678, 370054, 170776, 170776, 1893618474
439, 1878527, 385071, 416279, 379703, 348694, 174390, 174390, 3189984065
441, 1883092, 382959, 421582, 385219, 347390, 172971, 172971, 3522494920
442, 1881289, 397567, 399260, 363791, 361285, 179693, 179693, 3187585851
443, 1880828, 396223, 401513, 364955, 360417, 178860, 178860, 2997944718
448, 1877537, 372939, 426504, 389562, 336814, 175859, 175859, 370160627
445, 1888699, 415207, 394178, 358714, 379902, 170349, 170349, 4214938690
447, 1887377, 399443, 403162, 367814, 364198, 176380, 176380, 260924598
449, 1876651, 395103, 403027, 366272, 358679, 176785, 176785, 4224074828
450, 1881048, 415495, 384592, 348910, 378431, 176810, 176810, 3608396007
444, 1877584, 421497, 379772, 343306, 384781, 174114, 174114, 2415349447
446, 1883133, 380244, 422860, 387366, 344411, 174126, 174126, 501178657
451, 1883117, 418705, 383213, 347317, 382602, 175640, 175640, 1804810991
452, 1878941, 409697, 391914, 355896, 373302, 174066, 174066, 175458460
453, 1884129, 424038, 379839, 345067, 387153, 174016, 174016, 2121113935
454, 1887716, 399096, 407234, 370862, 364034, 173245, 173245, 3807264008
457, 1882794, 387589, 411035, 374554, 351902, 178857, 178857, 2536000026
455, 1879884, 377593, 419598, 383227, 342346, 178560, 178560, 1129740014
459, 1887279, 387044, 418100, 382552, 352207, 173688, 173688, 1610275082
458, 1880442, 398801, 401155, 364733, 362465, 176644, 176644, 473287507
456, 1887291, 410658, 393384, 358161, 374860, 175114, 175114, 4020032120
460, 1881784, 405984, 400055, 364588, 370309, 170424, 170424, 3027743764
466, 1878971, 386152, 412363, 376432, 350178, 176923, 176923, 2745176395
465, 1884116, 406692, 393760, 357784, 370852, 177514, 177514, 1242552051
461, 1880465, 398730, 399961, 364500, 362946, 177164, 177164, 504452838
464, 1878724, 394134, 404696, 368556, 357868, 176735, 176735, 2743134750
462, 1884376, 418536, 377761, 343032, 382515, 181266, 181266, 870079780
467, 1887311, 379233, 427127, 391154, 343945, 172926, 172926, 3848015554
463, 1882037, 376209, 425043, 387914, 340955, 175958, 175958, 4116592370
468, 1882072, 387948, 408715, 372073, 352352, 180492, 180492, 1045802427
469, 1887731, 411262, 394128, 358635, 374956, 174375, 174375, 3836402156
470, 1886530, 411189, 395922, 360002, 375359, 172029, 172029, 1864213687
472, 1884869, 416886, 389268, 353979, 380390, 172173, 172173, 2889416095
471, 1874329, 427845, 366423, 330711, 391050, 179150, 179150, 1744277308
475, 1880718, 404491, 400125, 363784, 368612, 171853, 171853, 1128708662
476, 1881523, 434098, 365136, 330288, 397197, 177402, 177402, 617419977
474, 1884062, 399896, 401317, 365796, 364693, 176180, 176180, 2748108730
473, 1881354, 389007, 410570, 374074, 353543, 177080, 177080, 855042122
477, 1875888, 409699, 395994, 360026, 372575, 168797, 168797, 2883233744
481, 1878291, 394482, 404487, 368024, 358972, 176163, 176163, 825603542
480, 1885343, 427335, 379966, 344591, 390823, 171314, 171314, 1068123521
482, 1881883, 406938, 398417, 362609, 370761, 171579, 171579, 1392141302
479, 1888113, 389348, 417888, 382625, 353968, 172142, 172142, 551241646
478, 1890295, 407277, 398633, 362839, 371888, 174829, 174829, 1453593918
483, 1884145, 407779, 391623, 356258, 371763, 178361, 178361, 867121733
484, 1879124, 402489, 400559, 364467, 365789, 172910, 172910, 3013296388
485, 1883218, 427304, 372981, 337613, 390754, 177283, 177283, 1111141085
486, 1879311, 397763, 411255, 375215, 361442, 166818, 166818, 3979657225
487, 1885292, 405050, 398795, 362690, 369243, 174757, 174757, 1337799309
492, 1882022, 401114, 400015, 364759, 365056, 175539, 175539, 2569113295
488, 1879481, 396643, 405540, 369269, 360883, 173573, 173573, 704605043
491, 1881466, 399788, 397286, 361535, 363855, 179501, 179501, 1755050970
490, 1882583, 408242, 393461, 357612, 371712, 175778, 175778, 2104694960
489, 1887721, 413347, 394454, 359380, 378242, 171149, 171149, 4023944377
496, 1886277, 414669, 395610, 360425, 378235, 168669, 168669, 4229333917
495, 1883854, 383442, 422154, 385237, 348505, 172258, 172258, 2318107480
493, 1880603, 415273, 383679, 347678, 378721, 177626, 177626, 1459361909
494, 1884164, 403860, 395268, 359926, 367838, 178636, 178636, 3742205084
497, 1879511, 405468, 397266, 361488, 368851, 173219, 173219, 3706584615
498, 1882074, 416471, 384265, 348017, 379955, 176683, 176683, 3756945348
499, 1878912, 382568, 422957, 386314, 346387, 170343, 170343, 3722398134
500, 1884647, 398557, 402148, 366211, 362799, 177466, 177466, 1379069500
501, 1884191, 383061, 424942, 388243, 347655, 170145, 170145, 1235748197
502, 1883282, 372827, 434545, 397437, 337961, 170256, 170256, 2109345824
503, 1882913, 386924, 412595, 376527, 351581, 177643, 177643, 2484649699
504, 1881890, 412794, 384674, 349069, 376753, 179300, 179300, 1687022085
505, 1874575, 407096, 391238, 355220, 370581, 175220, 175220, 336605845
506, 1886419, 380389, 428914, 392409, 345197, 169755, 169755, 2026234245
508, 1874555, 414093, 379667, 343916, 376977, 179951, 179951, 1923176810
507, 1883639, 408237, 396225, 361086, 372235, 172928, 172928, 2029773371
509, 1878541, 407496, 392454, 356989, 371042, 175280, 175280, 528807145
510, 1883367, 407756, 396447, 361157, 371095, 173456, 173456, 1534076067
512, 1881804, 392008, 416316, 380022, 355998, 168730, 168730, 3824962428
511, 1884126, 402081, 408951, 373343, 366707, 166522, 166522, 3719124553
513, 1885537, 373217, 431413, 395109, 338202, 173798, 173798, 523888179
515, 1885694, 406199, 400337, 364467, 369427, 172632, 172632, 1185577649
517, 1882858, 392294, 408614, 372707, 356875, 176184, 176184, 1504335795
514, 1885385, 415976, 388398, 352584, 380271, 174078, 174078, 678377247
516, 1878231, 398970, 399946, 363904, 362551, 176430, 176430, 3810460452
518, 1880021, 417413, 385542, 349812, 380588, 173333, 173333, 81641569
519, 1880282, 401382, 398978, 363001, 365357, 175782, 175782, 2166319985
521, 1881901, 401453, 396844, 361366, 366092, 178073, 178073, 215177242
520, 1888375, 392534, 415708, 379688, 358089, 171178, 171178, 517006872
522, 1879730, 411501, 392264, 355876, 374727, 172681, 172681, 3583482249
524, 1881108, 428221, 377848, 342058, 391421, 170780, 170780, 2105438424
523, 1888886, 409569, 398137, 362760, 373946, 172237, 172237, 3344424050
525, 1882082, 381318, 422057, 385182, 346385, 173570, 173570, 2055433472
526, 1877490, 405323, 396173, 360314, 368258, 173711, 173711, 1362863857
527, 1885086, 385322, 421314, 385223, 350281, 171473, 171473, 1621818444
528, 1882768, 411931, 390271, 354310, 375990, 175133, 175133, 2700123468
529, 1880939, 413892, 383185, 347864, 377894, 179052, 179052, 403986440
531, 1880032, 409831, 393667, 357219, 373481, 172917, 172917, 3476482348
530, 1878733, 420101, 380901, 345606, 383475, 174325, 174325, 3508523417
533, 1883009, 414424, 384309, 348421, 377567, 179144, 179144, 2778370943
534, 1883363, 395289, 411973, 375705, 359086, 170655, 170655, 3536089774
532, 1880846, 397107, 409390, 373204, 360963, 170091, 170091, 523507978
535, 1885222, 407267, 394974, 359610, 371055, 176158, 176158, 1089827173
536, 1883869, 412249, 391434, 356212, 375230, 174372, 174372, 289193177
538, 1884509, 411076, 391130, 356365, 374992, 175473, 175473, 623819726
537, 1881431, 412749, 394763, 359610, 376431, 168939, 168939, 2053085350
539, 1885332, 385307, 421298, 384529, 349942, 172128, 172128, 3847419353
540, 1876903, 391892, 412102, 375770, 355419, 170860, 170860, 637134630
541, 1881992, 382133, 420819, 384864, 346816, 173680, 173680, 4000457179
542, 1886019, 399864, 404544, 368548, 364685, 174189, 174189, 3929258745
545, 1882332, 384722, 419231, 382608, 349283, 173244, 173244, 2032537987
543, 1885210, 409148, 391254, 355996, 373402, 177705, 177705, 2197881670
544, 1878847, 414695, 390819, 354881, 378202, 170125, 170125, 4019889069
546, 1885270, 405904, 397277, 361094, 371091, 174952, 174952, 1764415408
547, 1885936, 404402, 402157, 366016, 369295, 172033, 172033, 949872903
549, 1873072, 391552, 410488, 373551, 355191, 171145, 171145, 882017112
548, 1885783, 406555, 400422, 364474, 370512, 171910, 171910, 2018292898
550, 1882561, 408512, 392915, 356843, 373023, 175634, 175634, 3647206295
551, 1888183, 395711, 409807, 373557, 360334, 174387, 174387, 3231581339
552, 1886494, 402993, 402934, 366332, 367551, 173342, 173342, 2144528733
553, 1884077, 394643, 410538, 374439, 359389, 172534, 172534, 876760892
554, 1878674, 401382, 405670, 368530, 365476, 168808, 168808, 800773766
556, 1884810, 394848, 410474, 374265, 359527, 172848, 172848, 2717116587
555, 1885939, 409435, 392749, 357391, 373792, 176286, 176286, 2289661562
558, 1887144, 391948, 420635, 384292, 355935, 167167, 167167, 4091622883
557, 1885858, 422298, 382492, 347885, 386527, 173328, 173328, 1485879541
559, 1881242, 409707, 387327, 351043, 373577, 179794, 179794, 4016461994
560, 1884088, 398451, 410169, 373568, 362428, 169736, 169736, 1245495697
561, 1880141, 409388, 393248, 357466, 373181, 173429, 173429, 772090050
562, 1884112, 394117, 404401, 368826, 358912, 178928, 178928, 1941471570
565, 1874723, 396100, 405987, 369443, 359579, 171807, 171807, 2222412368
564, 1879643, 407599, 400437, 363924, 371845, 167919, 167919, 2352905445
566, 1879978, 404692, 400620, 364291, 368505, 170935, 170935, 1720566328
563, 1883142, 382090, 423763, 387347, 346250, 171846, 171846, 1244384087
567, 1878015, 388037, 413827, 376983, 352694, 173237, 173237, 3992791757
568, 1881585, 422894, 382151, 346473, 386393, 171837, 171837, 482280671
569, 1881746, 418968, 378811, 343543, 382452, 178986, 178986, 3010396050
570, 1884340, 385672, 418309, 382495, 349460, 174202, 174202, 155022464
571, 1880488, 386737, 418189, 381890, 351014, 171329, 171329, 1525132965
572, 1881814, 404668, 396941, 360667, 368514, 175512, 175512, 1474850927
573, 1877537, 408264, 388207, 352873, 371679, 178257, 178257, 1753950476
574, 1886382, 382620, 421747, 385875, 347044, 174548, 174548, 1760345770
577, 1886136, 402734, 399713, 363487, 367072, 176565, 176565, 2328146320
576, 1878908, 398077, 403536, 367022, 362231, 174021, 174021, 3788369137
575, 1890076, 406212, 400795, 365047, 370406, 173808, 173808, 2908658671
579, 1879618, 403492, 399368, 363503, 367665, 172795, 172795, 1922049655
580, 1878373, 385542, 416196, 379682, 350147, 173403, 173403, 1388224443
578, 1884890, 394140, 412245, 376293, 358286, 171963, 171963, 354197299
583, 1882559, 400881, 400370, 364808, 364988, 175756, 175756, 2674715341
581, 1880485, 408384, 390949, 355181, 371993, 176989, 176989, 3542257460
582, 1878558, 399257, 399817, 364139, 362607, 176369, 176369, 74122767
584, 1878020, 416783, 382724, 347155, 380300, 175529, 175529, 1431668429
585, 1877360, 401899, 402308, 366006, 366121, 170513, 170513, 3670839396
586, 1879777, 398797, 398105, 361849, 362954, 179036, 179036, 1401119645
587, 1881396, 403207, 393747, 357514, 366978, 179975, 179975, 1016292173
589, 1888484, 397320, 409743, 373833, 361744, 172922, 172922, 2236654313
588, 1882899, 392176, 417408, 380729, 356580, 168003, 168003, 3107205223
590, 1883615, 421913, 383953, 349124, 385645, 171490, 171490, 1077681636
593, 1885300, 400947, 411624, 375630, 365217, 165941, 165941, 3334338296
592, 1881725, 421997, 375868, 340299, 385417, 179072, 179072, 8946063
594, 1883254, 395996, 412172, 375819, 360981, 169143, 169143, 185474210
595, 1883188, 407869, 391233, 355319, 371661, 178553, 178553, 2202815067
596, 1883438, 389134, 412660, 376429, 354419, 175398, 175398, 1771646780
591, 1880669, 407787, 396990, 361610, 371986, 171148, 171148, 532490553
597, 1885639, 404380, 392082, 357244, 368909, 181512, 181512, 1402378917
598, 1884200, 408118, 398008, 361712, 372110, 172126, 172126, 3884292215
599, 1886944, 401670, 411153, 375223, 365378, 166760, 166760, 4037344014
601, 1880830, 411390, 389487, 353548, 375553, 175426, 175426, 2834479044
600, 1879243, 399028, 403380, 367652, 363595, 172794, 172794, 2239843896
602, 1882563, 424867, 374311, 339011, 388516, 177929, 177929, 2003034106
603, 1885043, 382268, 424828, 388199, 347002, 171373, 171373, 3072413196
604, 1876862, 389471, 409380, 371939, 354238, 175917, 175917, 4206615993
606, 1881193, 392049, 411604, 375412, 356438, 172845, 172845, 1799635443
605, 1880223, 388663, 415163, 378199, 353154, 172522, 172522, 2446040190
607, 1883295, 398843, 406180, 370242, 362556, 172737, 172737, 2890096830
609, 1878431, 384969, 410260, 372850, 349514, 180419, 180419, 1507093477
608, 1886202, 398557, 406062, 370657, 362978, 173974, 173974, 660410964
610, 1880807, 400089, 397661, 361780, 363817, 178730, 178730, 1277080992
612, 1887249, 404437, 404870, 368620, 368894, 170214, 170214, 2792236167
611, 1881575, 378918, 420755, 384613, 343919, 176685, 176685, 2897972183
614, 1879378, 403894, 394862, 358856, 368300, 176733, 176733, 3021433780
613, 1882971, 413237, 392069, 356693, 377260, 171856, 171856, 1775692351
615, 1881989, 390678, 407567, 371202, 354976, 178783, 178783, 1692213128
617, 1881896, 405781, 398485, 362377, 369719, 172767, 172767, 2116468908
618, 1883383, 400313, 397033, 361842, 364821, 179687, 179687, 2346638779
616, 1882479, 433698, 371470, 336518, 397039, 171877, 171877, 3815964253
619, 1883465, 410937, 389585, 353908, 374975, 177030, 177030, 779036641
620, 1884852, 410054, 395492, 359385, 373915, 173003, 173003, 3862488762
621, 1881617, 400700, 404154, 366935, 364792, 172518, 172518, 759902583
622, 1880119, 369808, 431249, 394413, 334895, 174877, 174877, 28483426
623, 1888049, 393664, 411135, 375471, 358109, 174835, 174835, 1236340729
624, 1876134, 393361, 405410, 368497, 357570, 175648, 175648, 2772758033
626, 1877131, 414589, 382050, 346156, 377836, 178250, 178250, 996278094
627, 1887082, 406638, 402061, 366589, 370446, 170674, 170674, 1322754703
625, 1886629, 411963, 393054, 357367, 375979, 174133, 174133, 3204103406
628, 1881251, 410398, 397966, 362594, 373395, 168449, 168449, 3858519423
631, 1884231, 406412, 400610, 364342, 370271, 171298, 171298, 844997972
629, 1880639, 401176, 396067, 360354, 365388, 178827, 178827, 4215665503
630, 1880378, 413080, 390392, 354219, 376419, 173134, 173134, 3270553757
634, 1884389, 398898, 405371, 369734, 363070, 173658, 173658, 2356813653
633, 1880939, 388555, 407235, 370875, 353824, 180225, 180225, 1481815313
635, 1880875, 424450, 382034, 345917, 387654, 170410, 170410, 1294497936
632, 1881730, 403456, 398675, 362126, 366961, 175256, 175256, 841717631
636, 1880026, 406785, 393507, 357467, 370389, 175939, 175939, 1193547414
637, 1881572, 387822, 416996, 379913, 352645, 172098, 172098, 391453357
638, 1883746, 396501, 409123, 373070, 360112, 172470, 172470, 3415657476
639, 1879867, 408740, 399628, 363352, 371425, 168361, 168361, 978300873
640, 1886364, 414541, 394918, 359215, 378644, 169523, 169523, 442965294
641, 1877082, 381865, 414202, 377291, 346956, 178384, 178384, 1845528982
644, 1880109, 410842, 392641, 356439, 374529, 172829, 172829, 2426719964
643, 1881019, 424863, 380415, 345225, 387896, 171310, 171310, 417670283
645, 1881265, 386316, 407439, 370862, 349746, 183451, 183451, 1924135370
642, 1878730, 383743, 414651, 378420, 348050, 176933, 176933, 1148656976
646, 1881981, 409822, 393788, 358616, 373549, 173103, 173103, 2892543578
647, 1886344, 382093, 420430, 384516, 346517, 176394, 176394, 3792522187
648, 1884061, 402064, 397445, 362228, 366554, 177885, 177885, 3793318463
649, 1879345, 365561, 437926, 401850, 330502, 171753, 171753, 3029212433
651, 1875501, 390251, 407776, 370905, 354305, 176132, 176132, 3896186107
650, 1882541, 404201, 397853, 362372, 368289, 174913, 174913, 1560819461
653, 1879326, 408697, 389650, 353985, 372060, 177467, 177467, 225262318
652, 1877564, 407304, 393131, 356783, 370676, 174835, 174835, 782995178
655, 1881666, 385595, 413688, 377508, 349847, 177514, 177514, 962792651
654, 1886227, 402434, 400770, 364440, 366815, 175884, 175884, 993904370
656, 1885785, 414120, 386006, 350081, 378570, 178504, 178504, 3334105535
657, 1881146, 401484, 404358, 368569, 366097, 170319, 170319, 3344495785
658, 1881832, 392925, 408707, 371844, 357814, 175271, 175271, 2237726995
659, 1885460, 409708, 395585, 360351, 373712, 173052, 173052, 2131257936
660, 1884147, 424602, 375053, 340605, 387591, 178148, 178148, 1170397954
661, 1878368, 394491, 413483, 377224, 357966, 167602, 167602, 619262163
663, 1882474, 392772, 408088, 372044, 357168, 176201, 176201, 953263178
664, 1881918, 380603, 425086, 388279, 345212, 171369, 171369, 1180882756
662, 1886446, 425099, 378223, 343517, 389269, 175169, 175169, 1527891
666, 1884231, 386551, 417945, 381893, 351310, 173266, 173266, 1362731278
668, 1878449, 415288, 387331, 351865, 378647, 172659, 172659, 1456128872
667, 1883627, 407717, 394855, 359196, 371961, 174949, 174949, 3786393516
665, 1882879, 402206, 395782, 360029, 366052, 179405, 179405, 1941339808
669, 1876281, 398680, 399368, 363213, 362908, 176056, 176056, 3878222412
671, 1885886, 401529, 401963, 366248, 365766, 175190, 175190, 1853361334
670, 1882421, 402213, 401528, 365555, 367315, 172905, 172905, 2526729431
672, 1879755, 409506, 389669, 354293, 373249, 176519, 176519, 4227621182
673, 1882984, 395469, 407366, 370671, 359418, 175030, 175030, 2838986453
674, 1877194, 387174, 409921, 373275, 351554, 177635, 177635, 2978382943
676, 1879384, 397725, 402904, 366242, 361125, 175694, 175694, 4010163425
675, 1878025, 415486, 391904, 356475, 378192, 167984, 167984, 1341061091
677, 1889811, 413291, 389069, 353884, 377601, 177983, 177983, 1366824770
681, 1885798, 396567, 407865, 372128, 361260, 173989, 173989, 2173443659
679, 1886076, 401242, 400766, 365084, 365078, 176953, 176953, 2041410981
680, 1883249, 389491, 412467, 376170, 353971, 175575, 175575, 495210550
678, 1881223, 420932, 383500, 348273, 384060, 172229, 172229, 3584335392
683, 1885020, 407265, 401543, 365969, 371095, 169574, 169574, 309054228
684, 1888019, 390570, 411639, 376179, 355517, 177057, 177057, 935735867
685, 1877314, 393861, 411275, 375141, 357703, 169667, 169667, 2220415776
682, 1883906, 417533, 386592, 351140, 381343, 173649, 173649, 1301499959
687, 1886357, 376910, 426501, 390878, 341876, 175096, 175096, 499616156
686, 1880656, 409158, 396512, 361243, 372387, 170678, 170678, 2916726722
688, 1887252, 401555, 406582, 371143, 365414, 171279, 171279, 302586420
689, 1885289, 385905, 418637, 382007, 350504, 174118, 174118, 4036989514
690, 1884775, 408774, 393575, 358344, 372494, 175794, 175794, 3537613065
691, 1883362, 391354, 412388, 376093, 355879, 173824, 173824, 444982267
693, 1878657, 412319, 385768, 350028, 375892, 177325, 177325, 3776306046
692, 1882512, 399995, 403549, 367519, 363779, 173835, 173835, 395435198
694, 1885417, 392553, 409433, 373026, 357413, 176496, 176496, 1414584706
695, 1882277, 409699, 394396, 358728, 373392, 173031, 173031, 1259075920
697, 1877657, 401653, 400012, 363280, 365424, 173644, 173644, 3926174061
696, 1882200, 405637, 392142, 356522, 369663, 179118, 179118, 4214278847
699, 1883799, 395587, 402829, 367312, 360387, 178842, 178842, 3261704026
698, 1878874, 392532, 410330, 374689, 356269, 172527, 172527, 905260420
700, 1883955, 394167, 405751, 369192, 358611, 178117, 178117, 2947288726
701, 1880898, 401004, 401383, 365246, 364471, 174397, 174397, 4056437920
702, 1882316, 377543, 423353, 386964, 342926, 175765, 175765, 1005418846
703, 1887875, 392148, 412132, 376032, 356197, 175683, 175683, 2011382283
705, 1881729, 400565, 398334, 362041, 364801, 177994, 177994, 2335417700
704, 1883305, 401354, 401096, 364541, 365362, 175476, 175476, 4238914414
706, 1883289, 422565, 375081, 339668, 386437, 179769, 179769, 367846277
707, 1884557, 388575, 409529, 373424, 353135, 179947, 179947, 1030992415
709, 1875100, 392934, 402091, 365775, 356704, 178798, 178798, 1408538980
708, 1883918, 406752, 397165, 361394, 370439, 174084, 174084, 606500651
710, 1884583, 399960, 404365, 368564, 363510, 174092, 174092, 3661604018
711, 1882466, 396602, 405132, 368855, 361005, 175436, 175436, 2438488673
712, 1882330, 372653, 430385, 393088, 338110, 174047, 174047, 924159196
713, 1883459, 398793, 399695, 363839, 363322, 178905, 178905, 1859513675
716, 1877970, 403661, 391171, 354989, 367797, 180176, 180176, 1854904484
714, 1885067, 396304, 405540, 369945, 361042, 176118, 176118, 1342993916
715, 1886160, 402097, 397983, 362156, 366906, 178509, 178509, 717274796
719, 1878760, 388263, 417333, 381114, 352892, 169579, 169579, 3274904487
717, 1889348, 401174, 403007, 367797, 365256, 176057, 176057, 1024123058
718, 1881722, 375793, 425845, 389328, 340110, 175323, 175323, 1596102767
720, 1884339, 390839, 407012, 371126, 355510, 179926, 179926, 613190610
721, 1879365, 404672, 402152, 365500, 368569, 169236, 169236, 4024897636
722, 1877344, 370450, 434224, 397129, 335267, 170137, 170137, 194018104
723, 1885858, 423271, 382722, 347498, 387149, 172609, 172609, 1421419176
724, 1881386, 384519, 420198, 384129, 349478, 171531, 171531, 2640205543
726, 1883877, 397388, 406045, 370402, 361972, 174035, 174035, 2283615484
725, 1880388, 391654, 407531, 371293, 355694, 177108, 177108, 2113193007
727, 1878861, 399107, 400212, 364051, 363573, 175959, 175959, 1864777724
728, 1884139, 420207, 381804, 346564, 383424, 176070, 176070, 401286107
729, 1881857, 413144, 387394, 351206, 377353, 176380, 176380, 3743460911
734, 1881414, 381510, 421284, 384052, 346064, 174252, 174252, 326857797
731, 1886554, 405902, 394057, 359255, 369468, 178936, 178936, 3839234328
735, 1882614, 401560, 402450, 366596, 365652, 173178, 173178, 3231975026
732, 1882460, 404880, 400521, 364498, 368559, 172001, 172001, 1035351698
730, 1880673, 413807, 388701, 352878, 377897, 173695, 173695, 2135976722
733, 1879506, 390930, 408025, 371301, 354980, 177135, 177135, 4223538314
736, 1882624, 384480, 414678, 378304, 349350, 177906, 177906, 1082915127
737, 1882254, 419999, 372562, 337499, 383444, 184375, 184375, 1703229390
738, 1883697, 413836, 388716, 353040, 377325, 175390, 175390, 1596634170
739, 1881049, 405454, 399664, 363298, 369265, 171684, 171684, 677843215
741, 1887367, 393510, 413763, 378059, 358527, 171754, 171754, 206531116
742, 1881498, 405785, 397469, 361148, 369914, 173591, 173591, 1772998081
740, 1881330, 407075, 395702, 359784, 370645, 174062, 174062, 133348954
743, 1876706, 418770, 380149, 343668, 381887, 176116, 176116, 1099218236
745, 1882367, 401243, 400939, 364926, 365267, 174996, 174996, 486584977
744, 1884264, 386500, 408365, 371970, 351407, 183011, 183011, 2777835794
746, 1881701, 416162, 387058, 351497, 380094, 173445, 173445, 2930457002
749, 1888392, 404656, 402580, 366973, 369653, 172265, 172265, 249153762
751, 1880435, 386681, 418693, 382059, 350686, 171158, 171158, 130660602
748, 1879719, 394892, 409647, 373426, 358336, 171709, 171709, 2373138407
747, 1881735, 384800, 412805, 376075, 350145, 178955, 178955, 538177410
753, 1883780, 392954, 409438, 373140, 356942, 175653, 175653, 3087564816
750, 1880786, 406563, 393710, 358198, 370185, 176065, 176065, 3236362045
752, 1880394, 376904, 421324, 385544, 341552, 177535, 177535, 1350725027
754, 1880584, 396592, 399705, 364019, 360440, 179914, 179914, 2326201065
755, 1884885, 395257, 411830, 375223, 359601, 171487, 171487, 337823777
756, 1885815, 399948, 406086, 369362, 364827, 172796, 172796, 3591076665
757, 1878125, 400902, 401512, 365684, 365127, 172450, 172450, 2159144862
758, 1880228, 399921, 397926, 362259, 364320, 177901, 177901, 1168180460
760, 1887923, 405497, 405210, 369233, 370263, 168860, 168860, 2408510285
761, 1881729, 399029, 400370, 364058, 363450, 177411, 177411, 1983693518
759, 1884760, 402364, 402466, 366607, 365937, 173693, 173693, 2624882279
762, 1889778, 413043, 396621, 361167, 377487, 170730, 170730, 3846952154
765, 1881770, 385630, 415579, 379242, 349651, 175834, 175834, 3399436377
763, 1879421, 379884, 425517, 388421, 344251, 170674, 170674, 1098354872
764, 1881881, 400518, 396340, 360667, 364978, 179689, 179689, 3487959883
768, 1878441, 401888, 406212, 369770, 365983, 167294, 167294, 115658413
769, 1883112, 383312, 415794, 379463, 348261, 178141, 178141, 3631683635
767, 1877123, 409650, 386113, 350550, 373244, 178783, 178783, 574764578
766, 1882078, 412876, 382579, 347183, 376066, 181687, 181687, 2208029560
770, 1880794, 391868, 406540, 370440, 356204, 177871, 177871, 3956959350
771, 1879819, 401955, 395639, 358851, 365460, 178957, 178957, 2321640700
772, 1886105, 396561, 402037, 366187, 361568, 179876, 179876, 1677437491
773, 1872742, 397201, 403332, 367242, 360753, 172107, 172107, 2207607846
774, 1884350, 404656, 401632, 365539, 368195, 172164, 172164, 928538945
777, 1885644, 399994, 403853, 367658, 364671, 174734, 174734, 480091692
776, 1882082, 404013, 398262, 362307, 367726, 174887, 174887, 3627335785
778, 1883910, 394665, 407586, 371789, 358630, 175620, 175620, 718513202
779, 1879271, 404128, 400149, 363420, 367878, 171848, 171848, 3857805634
775, 1884664, 403825, 397538, 360886, 368353, 177031, 177031, 460778198
780, 1884143, 399823, 406882, 369954, 363704, 171890, 171890, 3090907949
781, 1879255, 405313, 395298, 359666, 369034, 174972, 174972, 2437411705
785, 1887378, 408953, 394897, 359135, 373299, 175547, 175547, 3646339821
782, 1889099, 410604, 396984, 361576, 374807, 172564, 172564, 823969719
784, 1889173, 406453, 397447, 361381, 370784, 176554, 176554, 526998083
786, 1887507, 398992, 401164, 365379, 363662, 179155, 179155, 2297208897
783, 1880659, 410006, 390546, 354706, 373665, 175868, 175868, 90264256
787, 1879081, 389978, 409746, 373149, 353930, 176139, 176139, 690291578
788, 1881040, 384143, 416036, 379340, 348427, 176547, 176547, 1447968021
789, 1880350, 380735, 423982, 386566, 345577, 171745, 171745, 2924236535
790, 1881938, 404870, 398995, 363768, 368275, 173015, 173015, 2481579743
792, 1885920, 413303, 390075, 354884, 377202, 175228, 175228, 2416805342
791, 1883030, 417268, 384353, 349402, 381077, 175465, 175465, 3193550268
796, 1881212, 403067, 398534, 362266, 366869, 175238, 175238, 90420111
794, 1887434, 414596, 391168, 356416, 378220, 173517, 173517, 1431547570
793, 1883821, 385599, 415709, 379894, 350327, 176146, 176146, 2051935774
798, 1881555, 390190, 412766, 376277, 353942, 174190, 174190, 2296040809
795, 1885117, 402739, 400234, 365047, 366789, 175154, 175154, 1121045805
797, 1889008, 395366, 413034, 376999, 360043, 171783, 171783, 618202369
799, 1877279, 406908, 392379, 356871, 370299, 175411, 175411, 303405274
801, 1886396, 394965, 405550, 370199, 359326, 178178, 178178, 1856638581
800, 1880842, 399682, 404633, 368495, 363490, 172271, 172271, 4063130218
802, 1884333, 390946, 407838, 371216, 355243, 179545, 179545, 4090577451
803, 1884899, 389659, 416519, 380166, 354085, 172235, 172235, 1869798483
805, 1877854, 420315, 383955, 348208, 383706, 170835, 170835, 3925019673
804, 1889275, 371027, 434094, 397902, 337326, 174463, 174463, 3948750121
806, 1879205, 399654, 405748, 369003, 363018, 170891, 170891, 1775114872
807, 1888395, 399006, 405360, 369843, 363616, 175285, 175285, 930896166
808, 1885982, 389057, 420869, 384873, 353357, 168913, 168913, 3370234473
809, 1878214, 395550, 406443, 369337, 359886, 173499, 173499, 3153644739
810, 1884065, 408358, 394349, 358339, 372467, 175276, 175276, 1742869785
812, 1887883, 413927, 389661, 354245, 377522, 176264, 176264, 2340794498
813, 1884601, 385664, 419885, 383235, 350349, 172734, 172734, 1826645065
811, 1880215, 419807, 377034, 342012, 383498, 178932, 178932, 821376934
814, 1886044, 402548, 404225, 368934, 367147, 171595, 171595, 13215066
818, 1879510, 430468, 373579, 338155, 393372, 171968, 171968, 2930336348
817, 1879285, 400241, 405200, 369171, 364061, 170306, 170306, 4257870343
815, 1882066, 399103, 403705, 367901, 362705, 174326, 174326, 345011960
816, 1881609, 398033, 408075, 372246, 362855, 170200, 170200, 2209168861
819, 1882235, 395591, 405152, 369601, 360003, 175944, 175944, 1077809315
820, 1881603, 406321, 388610, 352657, 370229, 181893, 181893, 3851353298
821, 1883316, 388579, 418366, 381639, 353546, 170593, 170593, 669052107
822, 1879443, 390249, 413564, 376784, 354518, 172164, 172164, 1336918144
823, 1882606, 397498, 407153, 371072, 360847, 173018, 173018, 377993457
825, 1884294, 394157, 410911, 375474, 358084, 172834, 172834, 1163008281
824, 1881561, 389936, 414050, 378364, 353661, 172775, 172775, 2924460340
826, 1885825, 410649, 390204, 354750, 374248, 177987, 177987, 56844417
829, 1884166, 420692, 379152, 344183, 383659, 178240, 178240, 109428508
827, 1884789, 418531, 387586, 352008, 382906, 171879, 171879, 1836069331
828, 1886565, 407937, 396780, 361316, 371424, 174554, 174554, 1785524473
830, 1882685, 410075, 392307, 356419, 373848, 175018, 175018, 3514965747
832, 1885248, 408012, 397405, 361904, 372423, 172752, 172752, 4276343054
831, 1886109, 399637, 405656, 370222, 363284, 173655, 173655, 3239323070
834, 1884480, 404440, 397140, 362305, 368605, 175995, 175995, 2613674781
833, 1888927, 405459, 407701, 372662, 369311, 166897, 166897, 2726551342
836, 1883677, 409554, 388461, 353017, 373455, 179595, 179595, 4108147552
835, 1878886, 400373, 401979, 365040, 364514, 173490, 173490, 61895956
837, 1883763, 392083, 416137, 380137, 355578, 169914, 169914, 358240973
838, 1882210, 404171, 396220, 360751, 367650, 176709, 176709, 1605084184
839, 1886823, 412060, 398149, 362398, 376028, 169094, 169094, 990750461
841, 1885031, 434466, 370858, 335710, 397939, 173029, 173029, 1249879788
840, 1884543, 393354, 404208, 368150, 357567, 180632, 180632, 3573676686
843, 1878344, 405697, 404502, 368161, 369654, 165165, 165165, 3811487962
842, 1882824, 402785, 401962, 366122, 366883, 172536, 172536, 3412294116
844, 1883177, 413348, 390376, 355201, 376490, 173881, 173881, 3883294419
846, 1880869, 393015, 406880, 370363, 357209, 176701, 176701, 1571188809
847, 1877871, 406286, 397211, 360307, 370083, 171992, 171992, 1224874718
845, 1885460, 416055, 384844, 349471, 380190, 177450, 177450, 316473049
848, 1886526, 396261, 402374, 366956, 361573, 179681, 179681, 1120135025
849, 1879832, 397720, 402977, 367122, 361993, 175010, 175010, 4099564917
851, 1882273, 404283, 396285, 360806, 368711, 176094, 176094, 1568512037
854, 1879996, 375324, 428842, 392289, 339399, 172071, 172071, 1854411678
852, 1886215, 435088, 377293, 341772, 398968, 166547, 166547, 4203932250
853, 1884659, 378425, 423599, 387145, 343284, 176103, 176103, 885280424
850, 1883348, 401794, 396962, 360517, 365845, 179115, 179115, 1511375253
855, 1885702, 388872, 417606, 381499, 353599, 172063, 172063, 994444666
856, 1891030, 407487, 394109, 358672, 371916, 179423, 179423, 2802539881
857, 1879631, 402663, 392015, 356148, 366895, 180955, 180955, 2223954691
858, 1881251, 400020, 396286, 360282, 363903, 180380, 180380, 3277687275
859, 1879814, 388100, 416520, 379450, 353212, 171266, 171266, 1780008630
860, 1879554, 386932, 408907, 372678, 351687, 179675, 179675, 3878581971
863, 1880197, 402007, 401436, 365631, 365779, 172672, 172672, 1072430399
861, 1879606, 402970, 402099, 365644, 366737, 171078, 171078, 314389052
862, 1879344, 416032, 382909, 347276, 380127, 176500, 176500, 594390782
864, 1879478, 399119, 399313, 362761, 363255, 177515, 177515, 1039953186
865, 1882899, 409254, 391997, 356861, 373347, 175720, 175720, 4096465067
866, 1881269, 390456, 412423, 376405, 355099, 173443, 173443, 2953177148
868, 1880126, 409820, 394066, 357886, 373076, 172639, 172639, 2966063436
870, 1889567, 409908, 390072, 354463, 374150, 180487, 180487, 1577445736
867, 1879303, 396753, 403935, 368018, 360221, 175188, 175188, 3561739365
871, 1878362, 413165, 390838, 355033, 377282, 171022, 171022, 3889813204
869, 1885525, 419869, 380831, 346062, 384317, 177223, 177223, 2734878436
872, 1889333, 403945, 402761, 367242, 368571, 173407, 173407, 3197634881
873, 1886638, 411733, 396793, 360999, 374991, 171061, 171061, 4258742
875, 1884025, 393016, 409651, 373809, 357473, 175038, 175038, 1444377251
874, 1883004, 403413, 397329, 361889, 367191, 176591, 176591, 889645347
876, 1885342, 390394, 413280, 377099, 354987, 174791, 174791, 3771743380
877, 1889816, 402595, 400586, 365282, 366899, 177227, 177227, 743853129
879, 1878304, 397306, 405923, 368916, 362005, 172077, 172077, 2907137713
878, 1880204, 387537, 413996, 377962, 351841, 174434, 174434, 40988856
881, 1883261, 421246, 390181, 354336, 384384, 166557, 166557, 1603598249
880, 1880681, 391926, 406575, 370335, 355765, 178040, 178040, 3773877079
884, 1883731, 406551, 395546, 359998, 370452, 175592, 175592, 1488957595
882, 1878254, 394337, 407277, 370886, 357854, 173950, 173950, 4039987547
885, 1884076, 400032, 401512, 366151, 364513, 175934, 175934, 393389662
883, 1878613, 389451, 409990, 374072, 353448, 175826, 175826, 2624850571
886, 1889104, 408630, 392595, 357395, 372576, 178954, 178954, 3626818807
888, 1878363, 388432, 409392, 372535, 352052, 177976, 177976, 2237516944
887, 1884006, 402248, 397176, 361872, 365994, 178358, 178358, 871719933
889, 1882479, 379900, 421913, 384939, 344831, 175448, 175448, 2240310440
890, 1878605, 392262, 413784, 377717, 355872, 169485, 169485, 3551222636
891, 1879168, 404710, 400079, 364146, 367719, 171257, 171257, 437049504
892, 1878445, 407350, 397024, 360983, 370632, 171228, 171228, 2259506127
893, 1887150, 415884, 389068, 354796, 379604, 173899, 173899, 630425523
894, 1882508, 411917, 389598, 354343, 375930, 175360, 175360, 694189725
896, 1880781, 404542, 396336, 360113, 368874, 175458, 175458, 643142490
897, 1884587, 386162, 415538, 379294, 350983, 176305, 176305, 1353170609
895, 1886664, 401113, 407656, 371574, 366183, 170069, 170069, 2126699678
900, 1885862, 427724, 378514, 343148, 391464, 172506, 172506, 1630835747
901, 1884107, 408336, 390663, 355279, 371465, 179182, 179182, 730809211
899, 1880038, 382542, 413405, 377242, 347111, 179869, 179869, 3051675390
898, 1885935, 409141, 392429, 356760, 374065, 176770, 176770, 3454138245
902, 1885352, 404771, 401453, 366388, 369442, 171649, 171649, 2842322653
903, 1883434, 397926, 407058, 371071, 361643, 172868, 172868, 1186637769
905, 1885034, 414368, 393332, 357537, 378377, 170710, 170710, 3665784667
904, 1881919, 421836, 381310, 345672, 385307, 173897, 173897, 4016535634
906, 1876669, 402431, 397546, 361423, 366277, 174496, 174496, 637359874
907, 1883477, 389996, 407826, 371497, 354302, 179928, 179928, 1910776071
908, 1887477, 392455, 416549, 379474, 357427, 170786, 170786, 1786489460
909, 1874893, 398765, 402507, 366577, 362078, 172483, 172483, 2489600280
910, 1883136, 406905, 398128, 362201, 370976, 172463, 172463, 1199149951
913, 1880131, 404774, 400211, 363940, 368710, 171248, 171248, 3003319492
911, 1885498, 405690, 393625, 358211, 370292, 178840, 178840, 2885603892
912, 1879116, 404486, 392433, 356799, 368296, 178551, 178551, 326784496
917, 1878791, 400885, 403874, 367316, 363964, 171376, 171376, 3844554122
915, 1886459, 414135, 393630, 357485, 378533, 171338, 171338, 2112348362
916, 1883048, 414199, 383719, 348895, 378419, 178908, 178908, 1052754138
919, 1879379, 403221, 400658, 364044, 366868, 172294, 172294, 532399132
921, 1874819, 414332, 388397, 352365, 377183, 171271, 171271, 920511309
914, 1886722, 403966, 398698, 363374, 368526, 176079, 176079, 3858722670
920, 1880010, 400364, 404915, 369375, 363730, 170813, 170813, 1123671162
918, 1880656, 408184, 399772, 363887, 371673, 168570, 168570, 6809745
924, 1877187, 403800, 393318, 356677, 367540, 177926, 177926, 1958873516
922, 1886225, 381537, 421548, 385570, 346396, 175587, 175587, 2077284890
923, 1880218, 400307, 393302, 357465, 364516, 182314, 182314, 1900209694
925, 1877851, 411816, 385376, 349698, 375735, 177613, 177613, 3260284517
926, 1883802, 399778, 403720, 368096, 363498, 174355, 174355, 3476020947
927, 1882250, 409033, 396110, 360328, 373115, 171832, 171832, 2473611213
930, 1886384, 386909, 417065, 381680, 351028, 174851, 174851, 3738034374
931, 1882262, 371397, 427687, 390858, 336034, 178143, 178143, 2540537457
928, 1881756, 399160, 403289, 366517, 363658, 174566, 174566, 1591420160
929, 1880715, 398922, 400304, 363896, 362801, 177396, 177396, 2266220764
933, 1886770, 382796, 416311, 380511, 347722, 179715, 179715, 1230310417
932, 1883978, 400608, 405346, 369623, 364893, 171754, 171754, 2033924186
934, 1883029, 395655, 409534, 373600, 359710, 172265, 172265, 783685989
936, 1879819, 409072, 392704, 356974, 373513, 173778, 173778, 2474965207
937, 1890270, 395429, 415702, 380027, 359912, 169600, 169600, 156863712
935, 1877566, 404833, 390684, 354566, 368237, 179623, 179623, 2561200990
938, 1884025, 403717, 402196, 365992, 367452, 172334, 172334, 553118645
940, 1883641, 404551, 395976, 359724, 369062, 177164, 177164, 530127578
939, 1885952, 401074, 409047, 372939, 365458, 168717, 168717, 21735262
941, 1881389, 421970, 383992, 348788, 384945, 170847, 170847, 2781157293
942, 1885275, 416404, 386133, 350503, 379829, 176203, 176203, 2136515436
943, 1882192, 412900, 385433, 349690, 376529, 178820, 178820, 3336964751
945, 1885507, 397789, 404655, 368870, 362223, 175985, 175985, 483171630
944, 1884900, 396837, 405840, 369652, 361729, 175421, 175421, 1509973006
946, 1883395, 404693, 398556, 363112, 368858, 174088, 174088, 1591431448
948, 1887867, 396240, 409114, 373366, 361629, 173759, 173759, 2569304217
949, 1883169, 386336, 417028, 380641, 351312, 173926, 173926, 932403369
947, 1881974, 409226, 392376, 357238, 373138, 174998, 174998, 1132164487
951, 1881614, 402918, 400354, 364070, 367698, 173287, 173287, 1558758425
950, 1879758, 404897, 397576, 362091, 368490, 173352, 173352, 3650819509
953, 1882560, 398321, 406002, 370431, 362482, 172662, 172662, 49927574
954, 1879732, 406020, 392636, 357228, 369316, 177266, 177266, 3339410962
955, 1880002, 403414, 400120, 363763, 367831, 172437, 172437, 1764230460
952, 1878764, 409737, 394277, 357578, 373378, 171897, 171897, 1429210288
956, 1881534, 384319, 418987, 382049, 348539, 173820, 173820, 14581586
957, 1881275, 372430, 429351, 393590, 337578, 174163, 174163, 1729143065
958, 1890883, 392860, 415161, 379569, 357973, 172660, 172660, 681333266
959, 1885352, 409942, 393671, 357740, 374141, 174929, 174929, 1036369606
960, 1880835, 411516, 393254, 357022, 375091, 171976, 171976, 2708754753
961, 1882546, 406427, 394346, 358901, 370240, 176316, 176316, 2010110358
963, 1880477, 393927, 408087, 371465, 357848, 174575, 174575, 1030130375
962, 1881614, 383298, 419869, 383318, 347755, 173687, 173687, 505674272
967, 1884147, 397226, 405041, 368576, 361324, 175990, 175990, 1508788235
966, 1882499, 423260, 380247, 344959, 387301, 173366, 173366, 630454473
964, 1883716, 400730, 399255, 363443, 365306, 177491, 177491, 3789888602
965, 1883525, 405361, 398689, 363235, 369402, 173419, 173419, 1120809411
968, 1883958, 395212, 406242, 370039, 360003, 176231, 176231, 4033698483
969, 1886574, 400018, 405190, 369751, 364549, 173533, 173533, 2655631596
970, 1882030, 379865, 419000, 382826, 344467, 177936, 177936, 1374575269
972, 1884897, 388854, 406832, 370480, 353551, 182590, 182590, 2424656807
971, 1885338, 413959, 391860, 355844, 378099, 172788, 172788, 728514987
973, 1878019, 415833, 388502, 353091, 378817, 170888, 170888, 911055479
974, 1886440, 383099, 420190, 383563, 347974, 175807, 175807, 3386632862
975, 1881604, 396370, 404860, 369088, 360822, 175232, 175232, 495056286
976, 1889697, 410510, 402163, 366782, 374882, 167680, 167680, 2402666424
977, 1880207, 401123, 398321, 362916, 365279, 176284, 176284, 1466706141
978, 1877791, 381357, 423004, 385938, 346068, 170712, 170712, 3528748967
980, 1883878, 395956, 407128, 371134, 360348, 174656, 174656, 656951058
979, 1881361, 399576, 402373, 366345, 364667, 174200, 174200, 1524120073
981, 1885752, 422866, 380033, 345636, 386361, 175428, 175428, 2139431573
982, 1880743, 398912, 396796, 360289, 363508, 180619, 180619, 1931624925
984, 1885122, 377071, 426666, 389282, 342421, 174841, 174841, 396957785
983, 1883844, 396215, 404748, 368779, 360384, 176859, 176859, 614281348
985, 1881557, 389250, 413130, 376309, 353132, 174868, 174868, 2815768786
988, 1882771, 389991, 414766, 378005, 354409, 172800, 172800, 3577563538
987, 1886398, 398005, 409395, 373348, 362454, 171598, 171598, 1372553872
986, 1884717, 421211, 381397, 347086, 384995, 175014, 175014, 119149058
989, 1883305, 409274, 390339, 354937, 372889, 177933, 177933, 2007249775
991, 1882814, 398114, 401982, 365655, 362661, 177201, 177201, 247547608
990, 1883562, 407303, 396503, 360438, 371160, 174079, 174079, 2218749150
992, 1890437, 413541, 396471, 361172, 378139, 170557, 170557, 487614878
993, 1880790, 397591, 403533, 366858, 362418, 175195, 175195, 2877229975
994, 1883544, 390124, 417227, 381433, 354260, 170250, 170250, 54992324
996, 1883850, 406119, 394191, 358258, 370262, 177510, 177510, 1343916044
995, 1885336, 430177, 375702, 341063, 393046, 172674, 172674, 1825955880
998, 1882865, 393988, 405602, 370014, 358403, 177429, 177429, 1687845303
997, 1884495, 422273, 383639, 348167, 385536, 172440, 172440, 1621741385
999, 1878983, 384430, 411841, 375205, 348705, 179401, 179401, 3274548764
