sample_id, N_active, N_A_1, N_B_1, N_A_0, N_B_0, N_A_*, N_B_*, seed
7, 5447499, 8765, 2674201, 2667017, 3994, 46761, 46761, 2802140838
6, 5446152, 8952, 2673297, 2667050, 4035, 46409, 46409, 1317431264
11, 5440139, 2671464, 8902, 4013, 2664958, 45401, 45401, 1105676633
4, 5439071, 9121, 2669543, 2663519, 4030, 46429, 46429, 2820901610
15, 5442314, 2672166, 9075, 4070, 2665027, 45988, 45988, 227745145
10, 5444521, 2673248, 8825, 3916, 2667504, 45514, 45514, 2214395163
0, 5452651, 2677094, 8835, 3886, 2670830, 46003, 46003, 1958933870
14, 5438951, 2667890, 9458, 4429, 2662086, 47544, 47544, 292855587
1, 5441277, 2670329, 8845, 3794, 2665063, 46623, 46623, 1583612168
5, 5447708, 9175, 2675448, 2668224, 4287, 45287, 45287, 1751243086
2, 5443423, 2672880, 8472, 3600, 2667349, 45561, 45561, 2217100606
17, 5444021, 8768, 2671991, 2666232, 3860, 46585, 46585, 2940969620
9, 5439531, 2670123, 8231, 3430, 2665033, 46357, 46357, 975397979
8, 5446596, 2673385, 8480, 3645, 2668058, 46514, 46514, 2114801883
20, 5438342, 9174, 2669040, 2662813, 4033, 46641, 46641, 542767101
3, 5439920, 2668550, 9125, 3970, 2663581, 47347, 47347, 3722530653
13, 5447687, 2673616, 8805, 3849, 2668537, 46440, 46440, 1083849241
24, 5445854, 8588, 2673803, 2668389, 3626, 45724, 45724, 1272777143
26, 5440648, 8509, 2672153, 2665673, 3773, 45270, 45270, 783408071
12, 5438765, 2667978, 9273, 4342, 2662532, 47320, 47320, 1053231682
23, 5436318, 2668097, 9115, 4121, 2661325, 46830, 46830, 3936164797
25, 5444180, 2672319, 9228, 4253, 2666128, 46126, 46126, 1869741871
22, 5440690, 2671095, 8908, 3964, 2664945, 45889, 45889, 2413491334
18, 5444029, 9254, 2671909, 2666900, 4262, 45852, 45852, 228784874
21, 5437128, 2668021, 9028, 3987, 2662350, 46871, 46871, 1729965433
28, 5443288, 2671858, 9487, 4501, 2664524, 46459, 46459, 401015313
30, 5454929, 8684, 2679393, 2672516, 3782, 45277, 45277, 1136340478
16, 5448419, 2674431, 8810, 3838, 2669240, 46050, 46050, 3417911835
27, 5435972, 2667932, 9001, 3956, 2662055, 46514, 46514, 2080328179
29, 5447628, 8849, 2674276, 2668725, 3886, 45946, 45946, 2688207045
34, 5444241, 8854, 2672575, 2666676, 3904, 46116, 46116, 483383041
19, 5445416, 2673282, 8625, 3667, 2667644, 46099, 46099, 829288107
33, 5445310, 2672081, 9371, 4280, 2666090, 46744, 46744, 167212084
36, 5446196, 2673703, 9358, 4296, 2667237, 45801, 45801, 3842111407
35, 5448893, 2674317, 8735, 3821, 2669002, 46509, 46509, 2925230456
32, 5451544, 8938, 2675205, 2670106, 3969, 46663, 46663, 3775199689
31, 5439312, 2669451, 9256, 4250, 2664097, 46129, 46129, 2928793655
40, 5450666, 8886, 2675749, 2670449, 3878, 45852, 45852, 2042528330
39, 5441178, 2670713, 8826, 3923, 2665250, 46233, 46233, 3839703443
44, 5436597, 8992, 2668285, 2662100, 4022, 46599, 46599, 494363594
43, 5442777, 9237, 2670797, 2665215, 4256, 46636, 46636, 2499250732
37, 5448301, 2675346, 8987, 3942, 2670184, 44921, 44921, 2609070386
45, 5442284, 9426, 2670070, 2663924, 4338, 47263, 47263, 2456421914
47, 5443012, 8282, 2672674, 2666915, 3389, 45876, 45876, 4189566281
52, 5444322, 8244, 2673570, 2666454, 3414, 46320, 46320, 866086198
41, 5450259, 2676270, 8732, 3838, 2671025, 45197, 45197, 480037203
38, 5447358, 8622, 2673929, 2668685, 3626, 46248, 46248, 578058076
48, 5450803, 2677047, 8115, 3338, 2671065, 45619, 45619, 2998606149
50, 5442052, 9054, 2672339, 2666498, 4051, 45055, 45055, 4134548297
42, 5444775, 8671, 2672579, 2666882, 3749, 46447, 46447, 3031314287
46, 5443830, 2670583, 9492, 4331, 2665108, 47158, 47158, 983962954
49, 5448275, 2674838, 8644, 3809, 2669344, 45820, 45820, 1637375663
56, 5441352, 8742, 2670157, 2664586, 3717, 47075, 47075, 1865645917
53, 5448251, 8539, 2675170, 2669162, 3706, 45837, 45837, 2510686951
60, 5454403, 8779, 2678151, 2672144, 3871, 45729, 45729, 20332140
54, 5443722, 2671650, 8621, 3712, 2666505, 46617, 46617, 3539886930
65, 5442736, 9233, 2671230, 2664698, 4219, 46678, 46678, 3344087194
61, 5444399, 8522, 2672238, 2667081, 3594, 46482, 46482, 744299736
57, 5443044, 2670334, 9454, 4330, 2664768, 47079, 47079, 1580794659
63, 5444916, 9097, 2671407, 2666010, 4146, 47128, 47128, 2855199414
55, 5445783, 2672932, 8945, 4089, 2667605, 46106, 46106, 2439840422
51, 5440598, 2670046, 8889, 3914, 2665009, 46370, 46370, 4051731462
64, 5446178, 2673475, 9120, 4060, 2667161, 46181, 46181, 4124515446
62, 5445262, 2673601, 8493, 3595, 2668525, 45524, 45524, 3404868719
59, 5444312, 8924, 2672315, 2666575, 3906, 46296, 46296, 1212718133
58, 5440346, 8747, 2669569, 2663911, 3757, 47181, 47181, 19190169
68, 5441970, 9245, 2669482, 2663970, 4217, 47528, 47528, 1175206619
69, 5447388, 8407, 2675851, 2669613, 3589, 44964, 44964, 1493647572
66, 5447323, 2674859, 8828, 3855, 2669507, 45137, 45137, 2366327993
67, 5437423, 2669183, 8687, 3647, 2663378, 46264, 46264, 560605348
70, 5447830, 2676276, 8629, 3787, 2668352, 45393, 45393, 1770033660
71, 5437718, 2668064, 9186, 4058, 2662274, 47068, 47068, 2341159842
75, 5441160, 8890, 2670309, 2665003, 3882, 46538, 46538, 1465938702
73, 5447698, 9038, 2674288, 2669312, 4052, 45504, 45504, 952813946
84, 5451723, 8666, 2676102, 2669299, 3674, 46991, 46991, 3112797336
77, 5442338, 2671217, 8799, 3925, 2664803, 46797, 46797, 543055373
85, 5444562, 8608, 2673002, 2666787, 3637, 46264, 46264, 1695365584
80, 5446501, 8635, 2673397, 2667743, 3730, 46498, 46498, 4263441121
76, 5449803, 8813, 2676150, 2670131, 3939, 45385, 45385, 2739865917
79, 5451317, 2676600, 8797, 3778, 2671032, 45555, 45555, 3110629189
86, 5448641, 8523, 2675957, 2669896, 3751, 45257, 45257, 4054432383
82, 5443341, 8694, 2671589, 2666569, 3863, 46313, 46313, 2026804353
74, 5444887, 9018, 2671828, 2666693, 3982, 46683, 46683, 1034336105
89, 5443660, 8924, 2672430, 2667025, 4021, 45630, 45630, 3987872996
72, 5436566, 2668555, 8268, 3370, 2662993, 46690, 46690, 1872077657
88, 5441419, 2670023, 9151, 4098, 2663911, 47118, 47118, 466318894
90, 5440143, 2671634, 8960, 3854, 2664807, 45444, 45444, 1170161980
95, 5449736, 8792, 2675513, 2669838, 3835, 45879, 45879, 2036826321
94, 5445210, 8730, 2672310, 2666683, 3769, 46859, 46859, 4233104679
81, 5448804, 2675223, 8719, 3664, 2669442, 45878, 45878, 836299713
96, 5445586, 9167, 2672378, 2667197, 4260, 46292, 46292, 1053537333
78, 5447856, 2672645, 9603, 4591, 2667549, 46734, 46734, 244747133
87, 5442781, 8678, 2672163, 2666175, 3785, 45990, 45990, 3828029954
92, 5444362, 2672662, 8816, 3861, 2666943, 46040, 46040, 1107335162
83, 5441027, 2670108, 9062, 3954, 2664529, 46687, 46687, 534768312
98, 5444409, 8464, 2673114, 2667470, 3549, 45906, 45906, 1165090522
102, 5442837, 9026, 2671881, 2665482, 4098, 46175, 46175, 3244516086
101, 5445851, 8754, 2673506, 2667949, 3716, 45963, 45963, 2611026087
103, 5443131, 9652, 2670581, 2663704, 4578, 47308, 47308, 4260933975
93, 5446364, 8858, 2673703, 2668247, 3908, 45824, 45824, 828988840
91, 5447953, 2675283, 8712, 3733, 2669167, 45529, 45529, 383798361
104, 5441749, 8496, 2672170, 2666233, 3490, 45680, 45680, 3851488413
97, 5447853, 8817, 2674881, 2668638, 3823, 45847, 45847, 3073720686
108, 5457744, 8712, 2680637, 2674292, 3731, 45186, 45186, 54960483
99, 5449106, 2674134, 8837, 3855, 2668626, 46827, 46827, 2009111618
100, 5449594, 2675182, 8934, 4017, 2670179, 45641, 45641, 3791820871
107, 5444494, 8875, 2672639, 2665963, 3961, 46528, 46528, 1248407982
109, 5445320, 8909, 2672677, 2666647, 3959, 46564, 46564, 369051604
111, 5446002, 2673416, 9165, 4027, 2666890, 46252, 46252, 3871661632
115, 5447695, 8898, 2672677, 2667305, 4097, 47359, 47359, 3866985615
123, 5444251, 8807, 2673163, 2666782, 3879, 45810, 45810, 3368895896
121, 5447495, 9120, 2674057, 2668227, 4023, 46034, 46034, 2752981606
114, 5448177, 2673562, 9444, 4444, 2667793, 46467, 46467, 4253174770
116, 5436416, 2667077, 9380, 4326, 2661691, 46971, 46971, 2467822984
122, 5440898, 9205, 2669791, 2664487, 4187, 46614, 46614, 911830811
105, 5447559, 2672943, 9177, 4238, 2667409, 46896, 46896, 4126264820
112, 5445346, 2674014, 8627, 3599, 2666544, 46281, 46281, 1010478070
124, 5446337, 8733, 2674317, 2667852, 3769, 45833, 45833, 1128774724
110, 5442465, 2671339, 9318, 4253, 2665441, 46057, 46057, 3459561511
120, 5446169, 2673021, 9226, 4215, 2667131, 46288, 46288, 2601409477
118, 5444996, 2672741, 9264, 4192, 2667201, 45799, 45799, 2325800378
106, 5440114, 2668694, 9565, 4441, 2663656, 46879, 46879, 2953006296
113, 5439312, 2669090, 8708, 3696, 2663708, 47055, 47055, 3872882703
119, 5447908, 9083, 2674547, 2669062, 4018, 45599, 45599, 186010085
127, 5440153, 8773, 2670243, 2664420, 3767, 46475, 46475, 4179808163
126, 5447316, 8984, 2673741, 2667914, 4027, 46325, 46325, 4206034496
117, 5439602, 2670512, 8737, 3803, 2665266, 45642, 45642, 1068712174
132, 5452036, 8415, 2677710, 2671502, 3645, 45382, 45382, 3111544838
125, 5445720, 2672227, 8930, 4097, 2667252, 46607, 46607, 3218563738
134, 5445265, 8781, 2673287, 2667528, 3775, 45947, 45947, 3077569443
128, 5451273, 2675193, 8738, 3772, 2669800, 46885, 46885, 3248396214
136, 5446573, 2674826, 8681, 3841, 2668933, 45146, 45146, 2414346589
137, 5447233, 8959, 2674113, 2667363, 3956, 46421, 46421, 1988200460
135, 5445711, 2671992, 8931, 4066, 2666150, 47286, 47286, 789232199
133, 5439945, 2669601, 8870, 3857, 2664099, 46759, 46759, 2130027803
142, 5433015, 9632, 2665410, 2659808, 4529, 46818, 46818, 3673991948
140, 5445552, 2672991, 9010, 4017, 2667496, 46019, 46019, 1092531005
131, 5439429, 9645, 2668441, 2663123, 4514, 46853, 46853, 1055574935
129, 5445372, 8804, 2673560, 2668270, 3896, 45421, 45421, 3471377997
138, 5442482, 9143, 2670460, 2665365, 4178, 46668, 46668, 2971855134
141, 5439873, 9458, 2668473, 2663245, 4405, 47146, 47146, 3216148784
130, 5444559, 2673311, 9021, 4133, 2667902, 45096, 45096, 1099340860
143, 5440470, 2670485, 8399, 3473, 2664863, 46625, 46625, 2759091553
147, 5442298, 2671774, 8496, 3670, 2666090, 46134, 46134, 2789873739
146, 5444358, 2672059, 8946, 3938, 2666341, 46537, 46537, 3263094792
149, 5448024, 2674707, 8669, 3716, 2668708, 46112, 46112, 2777956706
144, 5449653, 2674257, 9337, 4324, 2668685, 46525, 46525, 1964291234
148, 5439598, 2669209, 9111, 4152, 2663510, 46808, 46808, 2242021491
139, 5445310, 8840, 2672379, 2666850, 3905, 46668, 46668, 4247442895
145, 5441532, 8801, 2671423, 2665240, 3926, 46071, 46071, 4058665596
152, 5445894, 9303, 2673369, 2667007, 4279, 45968, 45968, 3742470028
150, 5442253, 2671838, 8812, 3747, 2665992, 45932, 45932, 1551081699
156, 5440937, 8331, 2671227, 2665572, 3557, 46125, 46125, 3313255867
160, 5441057, 8953, 2671268, 2665104, 3968, 45882, 45882, 254302124
162, 5447998, 8779, 2674805, 2668997, 3891, 45763, 45763, 1348452527
164, 5441506, 8953, 2670966, 2665342, 3853, 46196, 46196, 2529072857
153, 5449073, 2675910, 8188, 3357, 2669938, 45840, 45840, 1865779300
167, 5448428, 8758, 2675638, 2668974, 3788, 45635, 45635, 1097515064
151, 5446343, 8896, 2673976, 2668132, 3975, 45682, 45682, 1466686110
158, 5443499, 8921, 2671635, 2666493, 3998, 46226, 46226, 1109182458
165, 5443664, 2671888, 9043, 4080, 2666223, 46215, 46215, 684416073
157, 5438372, 8872, 2670137, 2664518, 3999, 45423, 45423, 2854442320
154, 5444318, 2671675, 9113, 4073, 2666057, 46700, 46700, 39081859
171, 5445861, 9174, 2673286, 2666865, 4228, 46154, 46154, 1184413185
155, 5447768, 2673569, 8778, 3819, 2668156, 46723, 46723, 1438301249
163, 5448252, 9061, 2674630, 2669132, 4005, 45712, 45712, 3324081978
176, 5446169, 9124, 2673357, 2667633, 4141, 45957, 45957, 4034233866
159, 5452107, 2676778, 8881, 3911, 2671575, 45481, 45481, 2824446858
173, 5439595, 8427, 2670920, 2665408, 3572, 45634, 45634, 2196344727
166, 5446645, 9006, 2673116, 2667451, 4106, 46483, 46483, 2796642143
172, 5438384, 9426, 2667139, 2662066, 4283, 47735, 47735, 4124839164
161, 5449705, 2674800, 8563, 3562, 2669764, 46508, 46508, 1960561957
177, 5457436, 8981, 2678274, 2672902, 4005, 46637, 46637, 3661263243
168, 5445437, 2672895, 9163, 4195, 2667502, 45841, 45841, 3204982276
170, 5441903, 8803, 2670209, 2664761, 3938, 47096, 47096, 100098599
179, 5437499, 8751, 2667512, 2662266, 3702, 47634, 47634, 3543411229
183, 5446579, 8787, 2673750, 2668176, 3738, 46064, 46064, 2211959875
187, 5443869, 9169, 2673263, 2666062, 4225, 45575, 45575, 229805494
174, 5442744, 8749, 2671362, 2666133, 3658, 46421, 46421, 2712646846
181, 5453776, 2678824, 8704, 3813, 2671949, 45243, 45243, 856591202
175, 5440010, 2670098, 9409, 4267, 2663662, 46287, 46287, 2193879382
185, 5442544, 9135, 2672057, 2666476, 4194, 45341, 45341, 1151883334
169, 5445450, 8880, 2672024, 2667023, 3919, 46802, 46802, 672467419
182, 5444080, 9538, 2670526, 2665334, 4428, 47127, 47127, 1870489988
188, 5447367, 9365, 2672284, 2667155, 4399, 47082, 47082, 4221146341
180, 5445269, 9136, 2672740, 2667047, 4108, 46119, 46119, 1375885744
186, 5442364, 2670730, 9233, 4234, 2665159, 46504, 46504, 1039317087
178, 5447024, 2674327, 8869, 3945, 2668947, 45468, 45468, 1469858271
192, 5446183, 8953, 2673560, 2668071, 3939, 45830, 45830, 1686842626
189, 5437546, 2668282, 8954, 4014, 2661996, 47150, 47150, 2511345507
196, 5441247, 2670697, 9234, 4128, 2664306, 46441, 46441, 1068327589
197, 5448991, 2675742, 8559, 3695, 2669245, 45875, 45875, 3832036610
184, 5443923, 2671904, 8859, 3982, 2666270, 46454, 46454, 2352959716
198, 5449892, 2675414, 8808, 3966, 2669816, 45944, 45944, 298776977
190, 5445648, 8805, 2673579, 2666954, 3958, 46176, 46176, 275116207
204, 5439077, 9337, 2669103, 2663321, 4166, 46575, 46575, 2246977925
193, 5440919, 9635, 2668739, 2663123, 4624, 47399, 47399, 876224672
194, 5443454, 9032, 2671184, 2665454, 4008, 46888, 46888, 1068925214
205, 5450569, 2676833, 8291, 3464, 2670043, 45969, 45969, 1245180725
200, 5447570, 8613, 2674049, 2669097, 3655, 46078, 46078, 728000888
203, 5440778, 2670273, 9067, 4028, 2665194, 46108, 46108, 3798828407
207, 5446867, 9003, 2672680, 2667394, 3954, 46918, 46918, 2298489017
208, 5438489, 8773, 2669162, 2664087, 3763, 46352, 46352, 4062637916
195, 5447759, 2673593, 9000, 4000, 2668638, 46264, 46264, 47930123
209, 5434621, 2667892, 9120, 4035, 2661682, 45946, 45946, 1391169075
199, 5445789, 9047, 2672076, 2667065, 4167, 46717, 46717, 3862869377
191, 5443575, 2672098, 8957, 3968, 2666954, 45799, 45799, 1710098752
210, 5441331, 2670255, 9153, 4109, 2664090, 46862, 46862, 2668119797
201, 5447558, 2674685, 8514, 3576, 2668371, 46206, 46206, 2610273950
214, 5446586, 9015, 2674457, 2668161, 4095, 45429, 45429, 1815686805
206, 5442590, 8946, 2671895, 2665510, 3913, 46163, 46163, 2957523453
202, 5440949, 2670111, 8761, 3791, 2665026, 46630, 46630, 2864427584
215, 5442882, 8759, 2672306, 2667262, 3731, 45412, 45412, 661905426
212, 5438738, 2670298, 8768, 3853, 2664371, 45724, 45724, 1024709347
220, 5446292, 8904, 2673411, 2667681, 3972, 46162, 46162, 1139288875
218, 5444130, 8272, 2672939, 2667565, 3488, 45933, 45933, 1049541887
219, 5440705, 2670193, 8892, 3928, 2664294, 46699, 46699, 3622399585
227, 5444382, 9058, 2672150, 2666108, 4100, 46483, 46483, 3716520638
226, 5442413, 8322, 2671969, 2666707, 3475, 45970, 45970, 648756259
222, 5452148, 2676907, 8628, 3688, 2670919, 46003, 46003, 4093769971
221, 5441885, 2670904, 8783, 3813, 2665831, 46277, 46277, 2480469995
211, 5439142, 2668415, 9091, 4100, 2663184, 47176, 47176, 3880701682
213, 5442215, 2670582, 9001, 4029, 2664933, 46835, 46835, 1574842287
223, 5446541, 2673441, 8926, 3897, 2668271, 46003, 46003, 1825275409
216, 5439802, 9035, 2668748, 2663447, 4096, 47238, 47238, 3631130024
217, 5440494, 2669011, 9025, 4052, 2663872, 47267, 47267, 3114744138
224, 5447195, 2674226, 8799, 3911, 2667839, 46210, 46210, 4084963436
233, 5443511, 8803, 2672446, 2666449, 3815, 45999, 45999, 215221874
234, 5438965, 2669988, 8699, 3649, 2664711, 45959, 45959, 3936057621
235, 5440282, 2671873, 8886, 3884, 2664813, 45413, 45413, 273137088
239, 5442941, 8914, 2671672, 2666326, 3911, 46059, 46059, 2653561939
237, 5441954, 2670670, 9389, 4259, 2664738, 46449, 46449, 1508224393
240, 5446276, 8577, 2673373, 2667888, 3592, 46423, 46423, 2665101791
238, 5443885, 2672051, 9083, 4134, 2665603, 46507, 46507, 1848336763
232, 5448654, 2674061, 8560, 3693, 2668952, 46694, 46694, 4211407495
241, 5434497, 9530, 2665283, 2659676, 4396, 47806, 47806, 3835146187
228, 5453109, 2677795, 8409, 3641, 2672228, 45518, 45518, 1665116130
230, 5449764, 2678111, 8734, 3725, 2671374, 43910, 43910, 3283176526
229, 5450598, 2675705, 8707, 3901, 2670295, 45995, 45995, 1450319559
225, 5448429, 2673506, 9033, 3953, 2668513, 46712, 46712, 3643445187
231, 5440086, 9254, 2668789, 2663434, 4269, 47170, 47170, 1506235147
243, 5440918, 8714, 2671071, 2665640, 3721, 45886, 45886, 4080179537
242, 5440892, 2671203, 8475, 3593, 2665341, 46140, 46140, 3305684828
244, 5443916, 8861, 2671926, 2665910, 3795, 46712, 46712, 2265796995
236, 5444943, 8928, 2672883, 2666792, 3998, 46171, 46171, 2868640986
245, 5432149, 2665404, 9374, 4337, 2659432, 46801, 46801, 29650756
251, 5444494, 9159, 2671342, 2666111, 4184, 46849, 46849, 209605148
257, 5445287, 9462, 2671434, 2665421, 4544, 47213, 47213, 3654838612
258, 5442715, 8921, 2672073, 2666206, 4063, 45726, 45726, 2375250157
256, 5443946, 8880, 2671602, 2665974, 3818, 46836, 46836, 2059411947
254, 5445288, 8978, 2672099, 2666291, 3988, 46966, 46966, 1006454328
253, 5444546, 2672833, 8927, 4043, 2665815, 46464, 46464, 2757134042
250, 5442368, 2670620, 9235, 4152, 2665109, 46626, 46626, 348782228
249, 5444810, 2672814, 8753, 3819, 2667472, 45976, 45976, 2977225426
247, 5447275, 2672741, 9400, 4361, 2667487, 46643, 46643, 1548382950
255, 5445373, 8573, 2673200, 2668112, 3744, 45872, 45872, 959640491
259, 5445991, 9082, 2672845, 2666680, 4124, 46630, 46630, 1369466813
246, 5449519, 8501, 2675243, 2670013, 3706, 46028, 46028, 908340763
252, 5445732, 8640, 2673890, 2667501, 3639, 46031, 46031, 3484805016
248, 5443113, 2673021, 8697, 3710, 2665799, 45943, 45943, 2788640208
262, 5433337, 2665039, 9029, 3964, 2659329, 47988, 47988, 3395510914
271, 5454811, 8857, 2676925, 2671163, 3932, 46967, 46967, 947715624
265, 5443158, 2673368, 8627, 3728, 2666623, 45406, 45406, 667207484
268, 5444791, 9092, 2671786, 2666518, 4041, 46677, 46677, 3331544049
273, 5447988, 8536, 2674683, 2668489, 3648, 46316, 46316, 691524315
263, 5448630, 2675400, 8389, 3547, 2669852, 45721, 45721, 126869687
270, 5442727, 2671605, 9037, 3972, 2666223, 45945, 45945, 1525425649
261, 5447837, 2674456, 8931, 3861, 2669295, 45647, 45647, 2711218027
260, 5444371, 2672031, 9128, 4092, 2666146, 46487, 46487, 2308843402
272, 5441223, 2670092, 9056, 4061, 2664974, 46520, 46520, 3222539024
264, 5441722, 2670606, 9177, 4163, 2665486, 46145, 46145, 1276615756
267, 5445858, 2673254, 8788, 3900, 2668188, 45864, 45864, 3825920760
266, 5444919, 2674391, 9025, 4071, 2667190, 45121, 45121, 2693276140
277, 5438035, 8630, 2669269, 2663376, 3720, 46520, 46520, 1465740625
275, 5451008, 2676031, 8262, 3413, 2670286, 46508, 46508, 988927215
276, 5449107, 2675139, 8585, 3830, 2669365, 46094, 46094, 687431464
282, 5444589, 8886, 2672454, 2666276, 3907, 46533, 46533, 158737138
279, 5439483, 9213, 2668243, 2662969, 4144, 47457, 47457, 521160882
269, 5444907, 2672122, 8952, 3976, 2666991, 46433, 46433, 4156097434
280, 5448332, 8760, 2675120, 2669846, 3760, 45423, 45423, 24650800
288, 5435197, 9253, 2667238, 2661592, 4210, 46452, 46452, 1607921444
283, 5446671, 2674865, 8963, 4134, 2667099, 45805, 45805, 1644993777
281, 5451907, 8651, 2676659, 2671530, 3761, 45653, 45653, 264511212
286, 5450915, 8672, 2676243, 2670697, 3763, 45770, 45770, 2712030129
289, 5444298, 9207, 2672575, 2666224, 4074, 46109, 46109, 1299478546
284, 5454490, 2678251, 9010, 4049, 2672616, 45282, 45282, 1463665186
274, 5452437, 2677214, 8542, 3678, 2671765, 45619, 45619, 2217802046
278, 5442606, 9073, 2670937, 2665903, 4035, 46329, 46329, 2678336765
287, 5444154, 2671939, 9195, 4133, 2666609, 46139, 46139, 3515756487
285, 5449820, 2675007, 9093, 4116, 2669640, 45982, 45982, 2709691512
297, 5451088, 8814, 2676337, 2669624, 3891, 46211, 46211, 703896359
295, 5440752, 8828, 2669973, 2664478, 3729, 46872, 46872, 3248761447
292, 5445082, 8953, 2671181, 2665908, 4028, 47506, 47506, 1561967456
291, 5448297, 2675791, 8773, 3821, 2670018, 44947, 44947, 388328456
299, 5449733, 8341, 2677008, 2670899, 3353, 45066, 45066, 684809092
298, 5438582, 8883, 2669545, 2663348, 3874, 46466, 46466, 35148363
294, 5447561, 8837, 2675844, 2667695, 3809, 45688, 45688, 3320472795
290, 5445997, 9138, 2673180, 2667966, 4195, 45759, 45759, 1502941885
304, 5448425, 9057, 2674755, 2668672, 4105, 45918, 45918, 1863331166
301, 5446285, 2673086, 9438, 4448, 2667691, 45811, 45811, 2967427262
302, 5439081, 2668720, 9267, 4228, 2662850, 47008, 47008, 1337366813
307, 5436548, 8911, 2668459, 2662611, 3889, 46339, 46339, 480627114
296, 5450379, 2675179, 8882, 4027, 2669123, 46584, 46584, 816434349
305, 5447103, 2673638, 8484, 3634, 2668247, 46550, 46550, 3378537915
306, 5441501, 2669697, 9014, 4083, 2664557, 47075, 47075, 899404957
310, 5436629, 9141, 2666987, 2661688, 4183, 47315, 47315, 3759599365
303, 5444804, 8235, 2673868, 2667799, 3400, 45751, 45751, 1039707788
313, 5444053, 9237, 2671048, 2665070, 4230, 47234, 47234, 1114808407
312, 5441884, 2670269, 9616, 4565, 2663488, 46973, 46973, 2657309466
315, 5442718, 2674053, 8687, 3819, 2665665, 45247, 45247, 2687810233
293, 5449594, 2674909, 8773, 3921, 2669839, 46076, 46076, 200547871
314, 5439718, 8685, 2670765, 2664558, 3804, 45953, 45953, 2445718790
308, 5441842, 2671697, 8216, 3323, 2666144, 46231, 46231, 28277363
311, 5445546, 2671675, 9644, 4511, 2666646, 46535, 46535, 3837316636
309, 5450424, 9050, 2676227, 2669001, 4000, 46073, 46073, 3396619175
300, 5435463, 2666440, 9068, 3952, 2661369, 47317, 47317, 2232773371
322, 5440539, 9268, 2669038, 2663606, 4249, 47189, 47189, 682592224
319, 5434396, 2666119, 9027, 3928, 2660094, 47614, 47614, 3418192578
317, 5450138, 2675650, 8370, 3565, 2670681, 45936, 45936, 418414536
321, 5450833, 8773, 2675777, 2670727, 3902, 45827, 45827, 3051640631
328, 5445062, 9292, 2671949, 2666815, 4242, 46382, 46382, 771190590
330, 5443819, 2672231, 8768, 3937, 2665673, 46605, 46605, 3087270309
331, 5438599, 9189, 2668730, 2663122, 4080, 46739, 46739, 1241790019
323, 5436838, 8717, 2669119, 2662945, 3791, 46133, 46133, 1922624196
329, 5442210, 2670432, 8936, 4014, 2665100, 46864, 46864, 1127557787
316, 5442310, 2670592, 8920, 3858, 2665184, 46878, 46878, 4203189449
327, 5442324, 2671696, 8363, 3457, 2665752, 46528, 46528, 3913098984
324, 5447219, 8753, 2673559, 2668363, 3850, 46347, 46347, 1725710141
318, 5448761, 2673969, 8815, 3902, 2668901, 46587, 46587, 3392379531
333, 5443396, 2671900, 8530, 3656, 2666124, 46593, 46593, 393305742
320, 5443678, 2673033, 8605, 3595, 2667103, 45671, 45671, 4153175971
339, 5443963, 9205, 2673185, 2666666, 4207, 45350, 45350, 2666549879
338, 5450444, 8483, 2675859, 2670323, 3567, 46106, 46106, 525037308
325, 5443241, 2672626, 8877, 3850, 2667394, 45247, 45247, 35399822
336, 5443652, 2672172, 8633, 3766, 2666047, 46517, 46517, 1598175099
337, 5441714, 2670916, 8884, 3829, 2665315, 46385, 46385, 2330980658
341, 5439338, 9271, 2668533, 2662334, 3998, 47601, 47601, 899582441
326, 5447270, 2674434, 8960, 3971, 2669317, 45294, 45294, 1180086398
332, 5444624, 2672057, 8995, 4124, 2666978, 46235, 46235, 432424344
334, 5441880, 2669750, 9420, 4318, 2664366, 47013, 47013, 511554092
344, 5445966, 8986, 2672776, 2667146, 4046, 46506, 46506, 506180088
335, 5445661, 8453, 2674319, 2669310, 3607, 44986, 44986, 3344041996
347, 5446173, 8484, 2674054, 2668370, 3563, 45851, 45851, 2085790538
343, 5445947, 2671251, 9488, 4484, 2665786, 47469, 47469, 3367440756
345, 5441752, 2672968, 8790, 3764, 2665442, 45394, 45394, 3944304835
340, 5439672, 8886, 2669761, 2664392, 3805, 46414, 46414, 1063096827
346, 5440017, 2669823, 9137, 4127, 2663886, 46522, 46522, 747417364
351, 5443361, 9093, 2671024, 2665537, 3999, 46854, 46854, 1081567814
342, 5441629, 2670789, 8879, 3898, 2665773, 46145, 46145, 2530324357
348, 5451958, 2675215, 8777, 3854, 2669248, 47432, 47432, 2657592837
349, 5436683, 9422, 2666252, 2661158, 4305, 47773, 47773, 720596252
354, 5449158, 2675650, 8381, 3395, 2669968, 45882, 45882, 3479685713
353, 5446443, 2673631, 8994, 4002, 2667970, 45923, 45923, 3403386615
358, 5442072, 8566, 2672418, 2665718, 3786, 45792, 45792, 1365574086
352, 5438372, 2668812, 8818, 3833, 2663697, 46606, 46606, 537789956
356, 5445075, 2672599, 9168, 4178, 2666792, 46169, 46169, 2881939453
357, 5443801, 2672118, 8664, 3695, 2665868, 46728, 46728, 3582671483
350, 5443033, 2670411, 9314, 4247, 2664661, 47200, 47200, 1598420574
361, 5440176, 8766, 2669753, 2663875, 3708, 47037, 47037, 4083093778
365, 5443290, 8768, 2671250, 2665137, 3807, 47164, 47164, 4257585450
355, 5445990, 9286, 2671635, 2666446, 4347, 47138, 47138, 3286782381
370, 5441627, 9274, 2670671, 2664866, 4332, 46242, 46242, 1316688918
366, 5441753, 2669796, 9427, 4240, 2664568, 46861, 46861, 4275341240
368, 5441143, 2671364, 8408, 3414, 2665267, 46345, 46345, 295760728
363, 5444252, 2672103, 9077, 4094, 2666676, 46151, 46151, 1372394010
359, 5448686, 9513, 2673617, 2667974, 4502, 46540, 46540, 4258269820
360, 5450582, 2674983, 9739, 4636, 2668576, 46324, 46324, 2760993560
362, 5441381, 2671817, 8676, 3780, 2664502, 46303, 46303, 3604105051
376, 5438434, 9436, 2668607, 2662299, 4450, 46821, 46821, 647021326
369, 5445699, 2672380, 9400, 4436, 2667063, 46210, 46210, 574952760
374, 5438367, 2668473, 9142, 4050, 2662654, 47024, 47024, 3044165805
377, 5442645, 8541, 2672062, 2665742, 3600, 46350, 46350, 378978526
375, 5446941, 2674006, 8643, 3585, 2669049, 45829, 45829, 2656118888
372, 5445083, 2672987, 8799, 3927, 2667846, 45762, 45762, 2253279542
371, 5436446, 8901, 2668058, 2661576, 3889, 47011, 47011, 1137525135
378, 5444194, 8561, 2672791, 2667108, 3684, 46025, 46025, 1095666221
364, 5435405, 9858, 2665638, 2660618, 4657, 47317, 47317, 1921054889
373, 5441190, 9367, 2670523, 2663909, 4131, 46630, 46630, 1564423420
379, 5440759, 8891, 2670945, 2663988, 3909, 46513, 46513, 2291359967
367, 5446835, 2673588, 9072, 4177, 2666784, 46607, 46607, 760394273
383, 5443467, 9100, 2672435, 2664543, 4125, 46632, 46632, 3799805131
380, 5443005, 2671017, 9237, 4199, 2664710, 46921, 46921, 671589227
390, 5437020, 9186, 2668297, 2661919, 4090, 46764, 46764, 3239682461
382, 5441553, 2671380, 9077, 3954, 2665274, 45934, 45934, 3440067689
381, 5454306, 2677859, 8483, 3652, 2672944, 45684, 45684, 1168281577
385, 5451992, 2676493, 9245, 4111, 2671019, 45562, 45562, 3363161681
384, 5444234, 8804, 2672421, 2667246, 3955, 45904, 45904, 3968496993
389, 5440376, 2670214, 9125, 4098, 2663915, 46512, 46512, 2203502700
393, 5448145, 2675461, 8720, 3879, 2668811, 45637, 45637, 3310548980
396, 5445412, 8252, 2673781, 2668142, 3421, 45908, 45908, 1346613578
395, 5437650, 2667690, 9255, 4197, 2661174, 47667, 47667, 895989532
398, 5444115, 8448, 2673043, 2667028, 3562, 46017, 46017, 1554958175
386, 5436959, 2668762, 9386, 4210, 2662161, 46220, 46220, 3038010117
401, 5438990, 9112, 2670076, 2663493, 4069, 46120, 46120, 498015028
399, 5439431, 8709, 2670510, 2663730, 3810, 46336, 46336, 3790253697
397, 5451170, 8611, 2675795, 2670701, 3777, 46143, 46143, 3595602935
388, 5448946, 2674939, 8836, 3955, 2669094, 46061, 46061, 55184347
392, 5441070, 8844, 2670199, 2664710, 3867, 46725, 46725, 1809052016
405, 5438745, 2670842, 8999, 3985, 2662651, 46134, 46134, 2646311634
402, 5437723, 9252, 2666911, 2661590, 4222, 47874, 47874, 1191231343
391, 5444289, 2672437, 9313, 4302, 2666169, 46034, 46034, 1469791988
400, 5451998, 2676993, 8835, 3949, 2671399, 45411, 45411, 894186216
387, 5439903, 8881, 2669319, 2664255, 3874, 46787, 46787, 2495425657
404, 5445304, 2673495, 8854, 3911, 2667374, 45835, 45835, 2092845030
394, 5444978, 2671877, 9209, 4209, 2666385, 46649, 46649, 1495347860
411, 5441125, 8489, 2670876, 2664608, 3606, 46773, 46773, 1179012137
408, 5454019, 8590, 2678434, 2673043, 3844, 45054, 45054, 3012179017
403, 5447209, 9678, 2672979, 2667241, 4669, 46321, 46321, 4272999664
406, 5444155, 8284, 2673554, 2666604, 3431, 46141, 46141, 2946164912
416, 5446961, 9441, 2673310, 2667402, 4424, 46192, 46192, 652878697
410, 5442185, 8655, 2671516, 2666445, 3725, 45922, 45922, 3347050530
413, 5449379, 2676542, 8647, 3714, 2671018, 44729, 44729, 1293980424
414, 5441771, 2670397, 9368, 4280, 2664530, 46598, 46598, 3615031012
412, 5446937, 8824, 2673577, 2668500, 3874, 46081, 46081, 2886860168
409, 5434160, 8583, 2665684, 2660267, 3634, 47996, 47996, 3825349057
422, 5447213, 8561, 2675430, 2667977, 3675, 45785, 45785, 1036571183
421, 5451808, 8802, 2676603, 2671147, 3798, 45729, 45729, 557995320
407, 5447551, 2675209, 8419, 3587, 2669588, 45374, 45374, 387105477
418, 5442483, 2670777, 8881, 3993, 2665104, 46864, 46864, 2998110824
419, 5444012, 2671606, 9241, 4208, 2666651, 46153, 46153, 83886727
423, 5444523, 9050, 2671737, 2666433, 3997, 46653, 46653, 1265188768
415, 5442176, 2671379, 8470, 3722, 2666041, 46282, 46282, 3830823559
428, 5446792, 9270, 2672315, 2666864, 4215, 47064, 47064, 1579340922
426, 5441682, 2671439, 8198, 3280, 2665147, 46809, 46809, 3772790187
417, 5438625, 2669369, 9371, 4347, 2662654, 46442, 46442, 576649333
431, 5442963, 8775, 2672002, 2665743, 3861, 46291, 46291, 790575353
424, 5436652, 2668104, 8948, 3958, 2662618, 46512, 46512, 1733026902
429, 5449997, 2676424, 8665, 3889, 2669923, 45548, 45548, 4213802432
420, 5441188, 2670445, 8912, 3893, 2665412, 46263, 46263, 437891402
432, 5448592, 8572, 2675017, 2669580, 3651, 45886, 45886, 3867195696
427, 5447663, 2673719, 8996, 3996, 2667644, 46654, 46654, 482446002
430, 5441231, 2670620, 8925, 3979, 2665235, 46236, 46236, 1889646497
437, 5439840, 8758, 2670375, 2664338, 3889, 46240, 46240, 935546449
434, 5439502, 2667787, 9330, 4250, 2662525, 47805, 47805, 3521159843
425, 5437610, 2669458, 8444, 3471, 2662779, 46729, 46729, 3510080308
435, 5445402, 2671972, 9541, 4387, 2666724, 46389, 46389, 2727970699
439, 5440117, 2669690, 8944, 3901, 2663454, 47064, 47064, 483801814
433, 5442600, 8826, 2671696, 2666409, 3771, 45949, 45949, 3235074620
440, 5448063, 2673460, 8996, 3932, 2667939, 46868, 46868, 1621319284
443, 5447390, 2673673, 9454, 4331, 2667484, 46224, 46224, 2782302747
438, 5443319, 9086, 2671548, 2666009, 4082, 46297, 46297, 470661298
441, 5444386, 2672274, 8951, 4053, 2666316, 46396, 46396, 1868389782
444, 5448354, 2675320, 8396, 3607, 2669437, 45797, 45797, 3165102724
451, 5442100, 9488, 2670081, 2664572, 4447, 46756, 46756, 2145321967
445, 5445311, 2673323, 8816, 3785, 2668053, 45667, 45667, 144009423
447, 5453549, 2677315, 8840, 3990, 2671648, 45878, 45878, 352332338
452, 5444656, 8388, 2674692, 2668819, 3533, 44612, 44612, 1015047973
436, 5447712, 2674325, 8785, 3991, 2668431, 46090, 46090, 3646387750
455, 5445658, 9046, 2673379, 2667810, 4149, 45637, 45637, 1144720949
442, 5439714, 9259, 2669548, 2664273, 4210, 46212, 46212, 4294679395
457, 5441867, 8806, 2670562, 2664861, 3694, 46972, 46972, 811814343
450, 5445247, 9788, 2671497, 2665277, 4735, 46975, 46975, 3883693443
446, 5428689, 2662875, 9082, 4194, 2656680, 47929, 47929, 464796567
458, 5446973, 9233, 2673940, 2667541, 4213, 46023, 46023, 1950912214
454, 5445174, 2671181, 8834, 3959, 2665956, 47622, 47622, 2590299210
456, 5447358, 2674433, 8750, 3824, 2668267, 46042, 46042, 2077870891
462, 5451828, 9135, 2676534, 2670351, 4184, 45812, 45812, 6542609
448, 5448750, 2674437, 8707, 3923, 2668667, 46508, 46508, 517520279
449, 5448906, 2674040, 8644, 3583, 2668461, 47089, 47089, 168808316
463, 5448524, 9170, 2675450, 2668021, 4113, 45885, 45885, 2786759049
453, 5448727, 8766, 2674019, 2669014, 3748, 46590, 46590, 1257473963
459, 5447954, 2675039, 8589, 3698, 2668970, 45829, 45829, 3007531352
461, 5443476, 9090, 2671245, 2666298, 4121, 46361, 46361, 3246967223
464, 5439801, 8824, 2669714, 2664108, 3871, 46642, 46642, 2511112924
467, 5442259, 2669636, 9099, 4083, 2664377, 47532, 47532, 2950130899
468, 5444752, 9228, 2671971, 2666978, 4307, 46134, 46134, 303608910
475, 5441525, 9117, 2670132, 2664578, 3942, 46878, 46878, 957143267
471, 5440593, 2669037, 8922, 3942, 2663684, 47504, 47504, 3871336322
470, 5444274, 9283, 2671565, 2666524, 4220, 46341, 46341, 381131502
476, 5444134, 8800, 2671925, 2665335, 4020, 47027, 47027, 1735018196
474, 5448395, 8872, 2674788, 2669305, 4016, 45707, 45707, 3428540663
473, 5441060, 2670278, 8863, 4021, 2664724, 46587, 46587, 1545418563
478, 5442558, 9017, 2670964, 2665491, 4120, 46483, 46483, 3025994253
460, 5434526, 8926, 9663, 4534, 3981, 2703711, 2703711, 2574430619
469, 5441330, 2671723, 8840, 3821, 2664654, 46146, 46146, 37555624
465, 5442754, 2671535, 8982, 3917, 2665400, 46460, 46460, 2733112505
472, 5441120, 2669555, 8927, 3824, 2664564, 47125, 47125, 1550779579
466, 5443946, 2672776, 8498, 3647, 2666899, 46063, 46063, 1078340984
479, 5438970, 2668127, 9147, 4136, 2662792, 47384, 47384, 2050449788
480, 5443680, 8848, 2671939, 2666412, 3933, 46274, 46274, 3713796407
477, 5437348, 2669386, 9180, 4104, 2663282, 45698, 45698, 396757263
483, 5443071, 2673442, 8613, 3668, 2666610, 45369, 45369, 2681177514
487, 5444476, 8893, 2672906, 2667641, 3946, 45545, 45545, 3374880326
492, 5439341, 8851, 2670957, 2663356, 3757, 46210, 46210, 2953636877
486, 5447761, 2674310, 8862, 3775, 2668982, 45916, 45916, 460238670
485, 5448325, 2674264, 9207, 4209, 2668479, 46083, 46083, 1812330209
491, 5443604, 9071, 2672970, 2666719, 4068, 45388, 45388, 3940864303
490, 5447020, 8986, 2673348, 2667973, 3977, 46368, 46368, 1514341257
484, 5444318, 2671455, 8982, 4098, 2666009, 46887, 46887, 2093069776
493, 5444499, 9042, 2672680, 2666990, 3997, 45895, 45895, 706088063
494, 5440099, 9218, 2670651, 2663237, 4199, 46397, 46397, 657499977
496, 5442191, 8766, 2672432, 2665705, 3782, 45753, 45753, 3318399343
482, 5453490, 8679, 2676359, 2671331, 3689, 46716, 46716, 1325840880
488, 5450600, 8696, 2675444, 2669597, 3815, 46524, 46524, 1835664898
481, 5440634, 2669577, 9287, 4200, 2664206, 46682, 46682, 3771284157
497, 5447275, 9156, 2672397, 2667088, 4160, 47237, 47237, 484524951
489, 5444755, 2671670, 9187, 4134, 2666736, 46514, 46514, 1309411766
499, 5450420, 9225, 2676237, 2670225, 4159, 45287, 45287, 2742870170
495, 5442290, 2670575, 8974, 3978, 2665609, 46577, 46577, 2031588521
504, 5448117, 9128, 2674689, 2668531, 4101, 45834, 45834, 99608891
503, 5447947, 8563, 2675922, 2669421, 3727, 45157, 45157, 6751841
507, 5445232, 8860, 2673394, 2667340, 3894, 45872, 45872, 1539981136
501, 5447825, 2674231, 8735, 3697, 2668586, 46288, 46288, 2688524015
505, 5433443, 2665575, 9479, 4282, 2660101, 47003, 47003, 2609927767
506, 5442354, 8887, 2669624, 2664369, 3820, 47827, 47827, 385196085
500, 5445902, 8764, 2673035, 2666772, 3849, 46741, 46741, 3846869780
510, 5446130, 9080, 2672490, 2666589, 4021, 46975, 46975, 2811954217
509, 5448644, 2675648, 8516, 3638, 2668800, 46021, 46021, 1190293376
508, 5438289, 9031, 2668821, 2663321, 3952, 46582, 46582, 1688542211
498, 5443052, 2671242, 8926, 3952, 2665890, 46521, 46521, 3256507029
514, 5444422, 8944, 2672212, 2666888, 4034, 46172, 46172, 1059260321
512, 5446766, 2676095, 8451, 3546, 2670128, 44273, 44273, 1840359246
502, 5447265, 2675307, 8653, 3761, 2668966, 45289, 45289, 321417204
516, 5448697, 2674391, 8722, 3783, 2668567, 46617, 46617, 802350983
520, 5443933, 8989, 2673064, 2666414, 4136, 45665, 45665, 3888643780
515, 5447821, 2673909, 8677, 3791, 2668942, 46251, 46251, 3418271620
517, 5445451, 2673077, 8643, 3721, 2667224, 46393, 46393, 3553551566
513, 5448226, 2674493, 9060, 4052, 2669581, 45520, 45520, 610491579
523, 5441293, 8472, 2671316, 2665124, 3491, 46445, 46445, 3563976059
511, 5448423, 2674814, 8861, 3929, 2669361, 45729, 45729, 1425076569
529, 5448339, 8635, 2675751, 2669027, 3638, 45644, 45644, 21481462
524, 5449460, 2675151, 9078, 4126, 2669607, 45749, 45749, 689367782
526, 5444799, 9086, 2672413, 2667007, 4021, 46136, 46136, 3534846201
530, 5444065, 9104, 2671352, 2665558, 4079, 46986, 46986, 3892395035
527, 5445209, 2672529, 8941, 3890, 2667251, 46299, 46299, 4120053124
518, 5444919, 2671978, 9087, 4114, 2666048, 46846, 46846, 552936590
519, 5442839, 9041, 2670813, 2665701, 3926, 46679, 46679, 3794976120
521, 5448463, 9676, 2672700, 2667715, 4668, 46852, 46852, 3411535379
533, 5445932, 2673127, 9255, 4139, 2667079, 46166, 46166, 3173849196
536, 5447604, 8879, 2674817, 2668427, 3917, 45782, 45782, 3781631629
532, 5445926, 2672344, 9229, 4304, 2666041, 47004, 47004, 2904598179
522, 5444273, 2671555, 8958, 4006, 2666284, 46735, 46735, 1006973230
531, 5437930, 9077, 2668337, 2663097, 4099, 46660, 46660, 4284118682
528, 5442597, 2671667, 9104, 4113, 2665745, 45984, 45984, 301296245
525, 5444629, 2672638, 8782, 3874, 2667417, 45959, 45959, 2583205682
535, 5451592, 2676375, 8618, 3762, 2671303, 45767, 45767, 4092839230
538, 5451300, 9183, 2675533, 2670506, 4110, 45984, 45984, 1207578694
540, 5447443, 2674228, 9038, 3926, 2667723, 46264, 46264, 1443825376
542, 5440043, 2670391, 8756, 3793, 2664209, 46447, 46447, 1471547942
539, 5441173, 2670031, 8851, 3922, 2663821, 47274, 47274, 2084926491
534, 5452248, 8547, 2676742, 2671588, 3617, 45877, 45877, 1024794905
537, 5448447, 8978, 2675131, 2668530, 3962, 45923, 45923, 1764601531
545, 5443333, 2670259, 9366, 4206, 2664960, 47271, 47271, 1269859724
549, 5442756, 2672450, 8525, 3563, 2666434, 45892, 45892, 2114327037
548, 5438582, 2668421, 9040, 4118, 2662385, 47309, 47309, 1895566883
544, 5446212, 8648, 2674868, 2668170, 3732, 45397, 45397, 3149076794
550, 5442120, 2671087, 8929, 3799, 2665493, 46406, 46406, 1065818214
552, 5441452, 2672185, 8788, 3813, 2665852, 45407, 45407, 3063553719
551, 5441475, 2671157, 8938, 4072, 2665294, 46007, 46007, 3841818347
543, 5444962, 8936, 2671882, 2666624, 4032, 46744, 46744, 4183033978
541, 5439277, 9482, 2667668, 2662746, 4317, 47532, 47532, 1469035770
555, 5445044, 2672208, 9079, 4085, 2666762, 46455, 46455, 3670018713
556, 5441193, 2670673, 8477, 3483, 2665472, 46544, 46544, 447318302
557, 5446409, 8168, 2673712, 2668480, 3333, 46358, 46358, 3837625843
562, 5442419, 9077, 2670733, 2663891, 4074, 47322, 47322, 1807113864
547, 5444836, 2673791, 8404, 3618, 2668159, 45432, 45432, 1079086535
554, 5446198, 9012, 2674193, 2667726, 4015, 45626, 45626, 1737684530
558, 5448820, 8914, 2673505, 2667942, 3985, 47237, 47237, 1189870358
553, 5450224, 9410, 2675313, 2668624, 4399, 46239, 46239, 1971934878
559, 5435477, 9292, 2666208, 2660628, 4241, 47554, 47554, 2232854591
560, 5449667, 2675553, 8653, 3692, 2670221, 45774, 45774, 1426466612
546, 5433350, 2665663, 9145, 4165, 2660647, 46865, 46865, 3970583858
567, 5453449, 8942, 2677427, 2671030, 3976, 46037, 46037, 3434060669
563, 5449125, 2676030, 8209, 3327, 2670735, 45412, 45412, 3734593286
561, 5443036, 2672113, 8762, 3817, 2666978, 45683, 45683, 2225410860
564, 5441268, 9609, 2668946, 2663907, 4536, 47135, 47135, 3189288626
566, 5442313, 2671065, 9397, 4247, 2665122, 46241, 46241, 1941092790
565, 5446548, 8764, 2673257, 2668237, 3832, 46229, 46229, 1299125643
568, 5444463, 8730, 2672859, 2667862, 3832, 45590, 45590, 929725575
569, 5444093, 9003, 2671807, 2666206, 4005, 46536, 46536, 2533424510
576, 5442775, 9259, 2670167, 2664479, 4252, 47309, 47309, 967995960
570, 5451727, 2676369, 8794, 3836, 2670658, 46035, 46035, 946273526
577, 5442727, 8831, 2671252, 2664696, 3810, 47069, 47069, 2677879648
575, 5448848, 2676622, 8524, 3514, 2669296, 45446, 45446, 3522178025
573, 5448980, 2676322, 8537, 3603, 2670316, 45101, 45101, 1594857482
578, 5443928, 8677, 2673179, 2666941, 3795, 45668, 45668, 1902412627
571, 5444110, 2672964, 8821, 3712, 2667571, 45521, 45521, 3306492958
572, 5449764, 8917, 2675022, 2669766, 3945, 46057, 46057, 4156412025
574, 5452854, 2677343, 8880, 3957, 2671964, 45355, 45355, 2388741858
580, 5448087, 9049, 2672695, 2667335, 4188, 47410, 47410, 2438544266
579, 5452671, 8623, 2677261, 2672086, 3741, 45480, 45480, 442629670
582, 5435427, 2668270, 9088, 4040, 2661607, 46211, 46211, 2115030999
583, 5446617, 2673875, 8660, 3723, 2667953, 46203, 46203, 2732161049
584, 5450850, 2675818, 8952, 4102, 2670120, 45929, 45929, 4186873908
585, 5440297, 8769, 2669698, 2664613, 3767, 46725, 46725, 3204542883
586, 5447263, 2675077, 8774, 3778, 2669372, 45131, 45131, 2780047419
590, 5440824, 2671360, 8785, 3829, 2664274, 46288, 46288, 2765434997
589, 5435788, 2667644, 9011, 3970, 2661469, 46847, 46847, 2799482781
595, 5430179, 8981, 2665400, 2658892, 3974, 46466, 46466, 1097040144
592, 5446416, 2673817, 9335, 4259, 2666735, 46135, 46135, 2536420010
594, 5457406, 2681392, 8725, 3806, 2673783, 44850, 44850, 1009986851
588, 5445791, 2673810, 8486, 3571, 2668736, 45594, 45594, 2775302117
597, 5440356, 8982, 2669900, 2663951, 4047, 46738, 46738, 225811369
593, 5445857, 2672944, 8948, 3793, 2667342, 46415, 46415, 3277729290
598, 5448202, 9000, 2675363, 2668537, 4046, 45628, 45628, 945980725
581, 5447717, 2673726, 8996, 4031, 2668648, 46158, 46158, 2404272609
587, 5442180, 2672131, 8696, 3755, 2664638, 46480, 46480, 1834131496
599, 5435190, 9672, 2666720, 2660645, 4453, 46850, 46850, 355828592
591, 5442786, 2672455, 9091, 4004, 2665706, 45765, 45765, 713244457
607, 5438356, 8663, 2669309, 2662834, 3762, 46894, 46894, 1331472126
602, 5445549, 9174, 2672833, 2667359, 4173, 46005, 46005, 2746012879
596, 5445509, 8917, 2671751, 2666397, 3992, 47226, 47226, 865073504
604, 5443856, 2671490, 9255, 4189, 2665516, 46703, 46703, 4215055604
611, 5457292, 9113, 2679255, 2673043, 4119, 45881, 45881, 4168781829
605, 5439765, 2670303, 8685, 3784, 2664823, 46085, 46085, 88597907
612, 5454632, 8753, 2678911, 2672180, 3884, 45452, 45452, 4048896149
603, 5444696, 2672064, 9035, 3993, 2666404, 46600, 46600, 2087200521
609, 5443874, 2671680, 8754, 3687, 2665207, 47273, 47273, 300135517
600, 5435667, 9346, 2666471, 2660451, 4289, 47555, 47555, 1713887736
608, 5450146, 2675425, 8780, 3850, 2669931, 46080, 46080, 3624566179
613, 5443236, 2672796, 8531, 3606, 2666773, 45765, 45765, 950457256
606, 5444458, 8954, 2672904, 2666647, 4033, 45960, 45960, 2756628990
601, 5444556, 8814, 2672526, 2667504, 3892, 45910, 45910, 2410949542
618, 5438409, 9124, 2668769, 2663375, 4097, 46522, 46522, 3450910445
619, 5442065, 8832, 2671878, 2665918, 3849, 45794, 45794, 1846644493
615, 5444896, 2672170, 8847, 3884, 2666627, 46684, 46684, 8632722
624, 5438896, 9092, 2669744, 2663019, 4057, 46492, 46492, 1436362957
610, 5448771, 2674193, 9155, 4162, 2669007, 46127, 46127, 1695501954
617, 5446283, 2672469, 9328, 4278, 2667196, 46506, 46506, 3271901943
621, 5449912, 2675208, 9059, 4102, 2669309, 46117, 46117, 3009640392
622, 5445554, 2672496, 8643, 3752, 2667387, 46638, 46638, 1962966679
626, 5446734, 9288, 2672483, 2667418, 4241, 46652, 46652, 3834805180
625, 5444472, 8720, 2672482, 2667043, 3707, 46260, 46260, 102272024
623, 5447918, 2673537, 9172, 4123, 2668252, 46417, 46417, 3108107607
620, 5444646, 2672162, 8968, 3954, 2667036, 46263, 46263, 973946646
614, 5438268, 2668845, 9001, 3984, 2663286, 46576, 46576, 1195463031
616, 5440841, 2670934, 9095, 4112, 2664406, 46147, 46147, 1418493167
633, 5441119, 8737, 2671122, 2664330, 3808, 46561, 46561, 4047235878
632, 5442349, 8596, 2672704, 2665652, 3723, 45837, 45837, 4243479723
630, 5445745, 9005, 2673037, 2667644, 4073, 45993, 45993, 2068785122
628, 5445270, 2673092, 8743, 3783, 2667038, 46307, 46307, 1859974151
629, 5443244, 9198, 2672710, 2664831, 4181, 46162, 46162, 468207776
641, 5446273, 8807, 2673875, 2666521, 3992, 46539, 46539, 49829966
640, 5448159, 9157, 2673442, 2668135, 4261, 46582, 46582, 1266197937
634, 5444986, 2672710, 9331, 4324, 2666671, 45975, 45975, 106987804
627, 5442865, 2671587, 8872, 3917, 2666003, 46243, 46243, 1638455878
642, 5443738, 2672517, 8777, 3766, 2666120, 46279, 46279, 1346077955
647, 5439512, 9075, 2669695, 2663307, 4041, 46697, 46697, 1383243801
644, 5441710, 8671, 2672134, 2666230, 3899, 45388, 45388, 1990171418
636, 5442787, 2671308, 9182, 4224, 2666247, 45913, 45913, 2269130045
638, 5442831, 2670782, 9039, 4011, 2665971, 46514, 46514, 2917006850
631, 5444773, 8855, 2672167, 2667169, 3892, 46345, 46345, 1156432827
637, 5449438, 2675613, 8607, 3744, 2669136, 46169, 46169, 2690824162
646, 5439534, 9463, 2668546, 2663326, 4409, 46895, 46895, 37772029
649, 5450847, 8794, 2676430, 2670537, 3922, 45582, 45582, 3891493141
643, 5448880, 8639, 2675427, 2669375, 3691, 45874, 45874, 2974030604
639, 5449301, 2674934, 8852, 3884, 2669613, 46009, 46009, 2239565695
635, 5438000, 2668080, 9253, 4141, 2662860, 46833, 46833, 88376226
653, 5435816, 2667612, 9460, 4239, 2661747, 46379, 46379, 354300704
648, 5453464, 8247, 2678129, 2672750, 3406, 45466, 45466, 493048711
651, 5441214, 8605, 2671105, 2666025, 3745, 45867, 45867, 228001279
645, 5437328, 2667966, 8952, 3919, 2662739, 46876, 46876, 3607908611
650, 5442236, 8673, 2672171, 2665424, 3778, 46095, 46095, 3133740951
655, 5442757, 2671281, 9244, 4102, 2665474, 46328, 46328, 3362242267
654, 5436605, 2667225, 9246, 4235, 2661885, 47007, 47007, 949278867
656, 5448806, 2675647, 8770, 3886, 2668825, 45839, 45839, 4238293784
657, 5446937, 8942, 2674108, 2668289, 4026, 45786, 45786, 3980055187
660, 5449014, 2676523, 8173, 3373, 2670819, 45063, 45063, 4292736858
659, 5444046, 2673482, 8801, 3831, 2666890, 45521, 45521, 1299522494
662, 5443675, 8683, 2671956, 2666719, 3689, 46314, 46314, 3381949961
663, 5442897, 9342, 2671130, 2665514, 4143, 46384, 46384, 2827113215
658, 5444178, 8709, 2674542, 2667772, 3751, 44702, 44702, 1136751975
652, 5443572, 2671660, 9055, 3966, 2666581, 46155, 46155, 659998631
670, 5441350, 9083, 2670947, 2663865, 4045, 46705, 46705, 3339549005
667, 5439280, 8698, 2669370, 2664107, 3795, 46655, 46655, 2208079234
661, 5437662, 8869, 2669528, 2664048, 3885, 45666, 45666, 49838491
666, 5444971, 2672930, 8792, 3737, 2667216, 46148, 46148, 2461871487
671, 5450537, 8710, 2675877, 2670353, 3719, 45939, 45939, 3280197025
665, 5441821, 8717, 2670448, 2665304, 3660, 46846, 46846, 3475319469
664, 5446298, 2672968, 9039, 4035, 2668002, 46127, 46127, 2867920361
669, 5443406, 2671614, 9174, 4137, 2665923, 46279, 46279, 1346970243
674, 5454034, 8507, 2677802, 2672465, 3714, 45773, 45773, 4002786189
675, 5449312, 8328, 2676085, 2670609, 3362, 45464, 45464, 3935815543
677, 5439273, 2670895, 8690, 3807, 2664669, 45606, 45606, 809131240
668, 5447624, 2675547, 8270, 3459, 2669588, 45380, 45380, 3292730870
681, 5445271, 9178, 2673093, 2666078, 4068, 46427, 46427, 2627715663
673, 5444517, 2672234, 8826, 3896, 2666981, 46290, 46290, 529686214
672, 5441461, 2671991, 8627, 3758, 2665907, 45589, 45589, 2598597495
680, 5448108, 2675467, 8490, 3523, 2669480, 45574, 45574, 4002458161
679, 5441896, 2671105, 9290, 4232, 2664867, 46201, 46201, 760632456
683, 5444992, 9194, 2671842, 2666861, 4261, 46417, 46417, 1152007079
684, 5440961, 2670849, 8988, 4054, 2664354, 46358, 46358, 2713036318
687, 5444418, 8680, 2673197, 2666941, 3744, 45928, 45928, 207902881
688, 5452903, 8908, 2676193, 2670477, 4087, 46619, 46619, 1402825006
685, 5449635, 8982, 2675138, 2670011, 4034, 45735, 45735, 369434200
686, 5445158, 8779, 2672538, 2667017, 3864, 46480, 46480, 2576015767
678, 5439629, 2670001, 8949, 3961, 2664364, 46177, 46177, 288489193
676, 5442382, 2670177, 8841, 3738, 2665034, 47296, 47296, 1936013449
682, 5449203, 2675616, 8729, 3876, 2669622, 45680, 45680, 4096842734
691, 5446678, 2672298, 9182, 4157, 2666299, 47371, 47371, 4042895934
689, 5442956, 8608, 2671757, 2666561, 3698, 46166, 46166, 1873505812
695, 5442357, 8505, 2673228, 2666812, 3670, 45071, 45071, 4132324678
694, 5451351, 8660, 2675671, 2669991, 3717, 46656, 46656, 1625806030
696, 5451087, 8384, 2677018, 2671168, 3475, 45521, 45521, 171338747
692, 5440153, 9273, 2668844, 2663884, 4134, 47009, 47009, 49358810
693, 5438935, 2669470, 8817, 3791, 2663861, 46498, 46498, 243427408
690, 5447379, 2673417, 8939, 4060, 2668235, 46364, 46364, 1669182727
697, 5446840, 2673294, 8868, 4012, 2667770, 46448, 46448, 2307871777
702, 5442453, 2672448, 8898, 3847, 2666766, 45247, 45247, 198863677
699, 5437572, 2669219, 8693, 3723, 2662835, 46551, 46551, 351257672
698, 5453395, 2676943, 8631, 3616, 2671741, 46232, 46232, 4225392844
707, 5445037, 8851, 2672685, 2667032, 3857, 46306, 46306, 253802793
701, 5445326, 2671651, 9266, 4266, 2666595, 46774, 46774, 1054131744
700, 5442101, 9236, 2671751, 2665934, 4236, 45472, 45472, 1651632628
705, 5445351, 2672490, 9303, 4183, 2666729, 46323, 46323, 1091775883
712, 5441193, 8854, 2671038, 2665126, 3865, 46155, 46155, 1697318247
704, 5434921, 2667087, 8941, 3872, 2661955, 46533, 46533, 1042309605
713, 5438817, 9298, 2669265, 2662897, 4275, 46541, 46541, 2368574541
710, 5433729, 2666874, 8794, 3774, 2660425, 46931, 46931, 1228831487
717, 5443529, 8336, 2672464, 2666986, 3507, 46118, 46118, 4240273781
709, 5436567, 8985, 2667801, 2662027, 3870, 46942, 46942, 3041472981
715, 5449263, 9286, 2672637, 2667573, 4297, 47735, 47735, 2411837301
711, 5442114, 8485, 2671679, 2665737, 3635, 46289, 46289, 1223075167
714, 5435577, 2667597, 8861, 3924, 2662601, 46297, 46297, 2034685681
706, 5451724, 2675245, 9098, 4227, 2669174, 46990, 46990, 2708365630
718, 5443914, 2671965, 8993, 4152, 2666122, 46341, 46341, 3003200345
724, 5448575, 8755, 2675569, 2668524, 3681, 46023, 46023, 1632290316
708, 5443297, 2672073, 8975, 4028, 2665855, 46183, 46183, 1114534471
703, 5444802, 2673474, 8555, 3658, 2668499, 45308, 45308, 2475122049
725, 5447811, 8647, 2675086, 2668032, 3808, 46119, 46119, 2713398936
723, 5449627, 9105, 2674370, 2669194, 4142, 46408, 46408, 585307780
720, 5444350, 2671519, 9209, 4322, 2665686, 46807, 46807, 2505392150
727, 5439112, 8836, 2671028, 2664308, 3842, 45549, 45549, 2594840437
716, 5448690, 9324, 2673727, 2668628, 4365, 46323, 46323, 3241913091
728, 5445008, 9362, 2673201, 2666568, 4303, 45787, 45787, 1689899787
722, 5448875, 8583, 2675012, 2669441, 3725, 46057, 46057, 460192772
732, 5447362, 8425, 2676016, 2670055, 3452, 44707, 44707, 3330961364
726, 5442928, 2670625, 9362, 4308, 2665089, 46772, 46772, 1380633933
729, 5446121, 2673653, 8967, 3960, 2666277, 46632, 46632, 4165983687
733, 5442436, 2670905, 8814, 3909, 2664626, 47091, 47091, 2377191953
735, 5445573, 8740, 2672128, 2666463, 3892, 47175, 47175, 2707333928
719, 5451947, 2677454, 8568, 3690, 2672563, 44836, 44836, 2240314697
721, 5443557, 2670128, 9341, 4249, 2665127, 47356, 47356, 3987658681
736, 5454425, 2678662, 8594, 3599, 2672428, 45571, 45571, 1686936662
734, 5449549, 2675998, 8753, 3802, 2670362, 45317, 45317, 2696680326
738, 5438314, 2667635, 9283, 4201, 2661823, 47686, 47686, 4009529870
730, 5439671, 9201, 2669948, 2664028, 4052, 46221, 46221, 2313631923
741, 5440878, 9048, 2669986, 2664253, 4079, 46756, 46756, 3061742555
743, 5436499, 9131, 2668729, 2662094, 4167, 46189, 46189, 2124782699
731, 5436829, 8959, 2667635, 2662307, 4024, 46952, 46952, 3891338229
739, 5444594, 2671978, 8820, 3829, 2666893, 46537, 46537, 1513543277
745, 5441656, 8725, 2670653, 2664654, 3826, 46899, 46899, 2075736384
740, 5444016, 9300, 2669992, 2664910, 4218, 47798, 47798, 3622134835
742, 5442042, 8419, 2671539, 2666215, 3505, 46182, 46182, 4067702949
744, 5447456, 2674966, 8732, 3779, 2668821, 45579, 45579, 3938231023
746, 5443968, 2673449, 8476, 3559, 2667126, 45679, 45679, 1026255023
749, 5435517, 9447, 2666764, 2661222, 4394, 46845, 46845, 2115180909
737, 5448327, 8622, 2674302, 2668896, 3725, 46391, 46391, 3720929328
750, 5442754, 8822, 2672303, 2665664, 3695, 46135, 46135, 950168282
747, 5437165, 2668101, 9082, 4037, 2662077, 46934, 46934, 903840667
755, 5442969, 9046, 2671867, 2665485, 4049, 46261, 46261, 2743857152
756, 5445772, 8544, 2673631, 2667272, 3735, 46295, 46295, 717604188
758, 5436145, 9134, 2667744, 2661722, 4085, 46730, 46730, 1239079234
754, 5441812, 8908, 2671179, 2665187, 3998, 46270, 46270, 4257596599
748, 5439235, 8494, 2669631, 2664549, 3571, 46495, 46495, 1258282365
764, 5441452, 8721, 2671664, 2665094, 3801, 46086, 46086, 4291755301
761, 5448376, 8550, 2674943, 2668935, 3702, 46123, 46123, 2638305770
752, 5451330, 2676128, 8821, 4003, 2671072, 45653, 45653, 3854840267
765, 5448630, 9263, 2674405, 2668231, 4261, 46235, 46235, 3571290964
763, 5445140, 2673536, 8670, 3827, 2667755, 45676, 45676, 1371476271
760, 5438433, 2668860, 8927, 3812, 2663850, 46492, 46492, 3180446049
767, 5445727, 9172, 2673209, 2666739, 4049, 46279, 46279, 2461714850
769, 5448044, 8786, 2675027, 2667970, 3915, 46173, 46173, 1259475407
751, 5446710, 2673384, 8803, 3917, 2667830, 46388, 46388, 2542037287
753, 5444295, 2672500, 9023, 3994, 2665916, 46431, 46431, 2124469542
772, 5434836, 8845, 2667683, 2661387, 3853, 46534, 46534, 890761699
766, 5455379, 8616, 2678411, 2673503, 3799, 45525, 45525, 3817739082
757, 5439418, 2670394, 8926, 3832, 2664380, 45943, 45943, 3596712708
770, 5445554, 2672403, 9230, 4301, 2666400, 46610, 46610, 2268443141
762, 5443996, 9247, 2672301, 2666774, 4222, 45726, 45726, 2959500556
759, 5443870, 2671953, 8671, 3869, 2666513, 46432, 46432, 3423032503
774, 5442809, 9649, 2670853, 2664773, 4560, 46487, 46487, 720206895
768, 5446381, 8904, 2673879, 2667397, 3829, 46186, 46186, 3431651503
773, 5444231, 2671039, 9847, 4774, 2665579, 46496, 46496, 2490898098
778, 5449648, 8814, 2675430, 2670172, 3882, 45675, 45675, 2773191471
781, 5445166, 9608, 2672781, 2666354, 4661, 45881, 45881, 3062489239
777, 5449286, 2675733, 8767, 3887, 2669373, 45763, 45763, 388144834
779, 5447522, 9143, 2673711, 2668705, 4107, 45928, 45928, 2307314211
775, 5444625, 8811, 2671903, 2666962, 3851, 46549, 46549, 3144217137
785, 5446580, 9331, 2673781, 2666976, 4360, 46066, 46066, 1916199037
786, 5451414, 8694, 2676877, 2670854, 3885, 45552, 45552, 1135387046
771, 5446049, 2671503, 9085, 4022, 2666269, 47585, 47585, 2475762067
776, 5442363, 9335, 2671271, 2664957, 4304, 46248, 46248, 1841930689
784, 5447583, 2674800, 9018, 4081, 2668234, 45725, 45725, 2714393980
783, 5451900, 2677888, 8519, 3678, 2672405, 44705, 44705, 802096833
787, 5451290, 2676556, 8687, 3814, 2670381, 45926, 45926, 858115138
788, 5445846, 2674007, 8503, 3645, 2667309, 46191, 46191, 1575184973
789, 5447631, 8979, 2673988, 2668170, 4026, 46234, 46234, 3183931787
793, 5451407, 8987, 2677227, 2671131, 4036, 45013, 45013, 381734
780, 5439256, 2668556, 9180, 4039, 2663411, 47035, 47035, 198941900
791, 5443196, 2672132, 8907, 3924, 2665345, 46444, 46444, 3061803605
794, 5444129, 8492, 2673133, 2667238, 3592, 45837, 45837, 2608221487
796, 5445140, 9022, 2672886, 2667060, 4024, 46074, 46074, 2751662389
782, 5440330, 8630, 2669975, 2665110, 3693, 46461, 46461, 4264378363
790, 5445042, 9203, 2672179, 2666015, 4161, 46742, 46742, 2688617689
797, 5440539, 2670590, 8615, 3709, 2664403, 46611, 46611, 3463623186
795, 5437745, 9334, 2667767, 2662819, 4227, 46799, 46799, 1866435038
799, 5436502, 2666958, 9146, 4250, 2661624, 47262, 47262, 3838825061
800, 5452229, 2676764, 8551, 3791, 2671351, 45886, 45886, 2604699812
792, 5442364, 2670550, 9304, 4305, 2664415, 46895, 46895, 2838384346
801, 5451185, 2676816, 8618, 3688, 2671329, 45367, 45367, 1541345363
805, 5447155, 8874, 2673516, 2668074, 3887, 46402, 46402, 2328098457
806, 5445372, 9127, 2672163, 2666828, 4100, 46577, 46577, 849425512
803, 5440700, 2670174, 8691, 3732, 2664733, 46685, 46685, 3861572178
802, 5438284, 2668066, 9428, 4373, 2662621, 46898, 46898, 1054640805
798, 5446148, 2672811, 9237, 4177, 2667649, 46137, 46137, 1284592873
807, 5440122, 2670044, 9140, 4151, 2664987, 45900, 45900, 2792032725
809, 5442823, 2670699, 9072, 4091, 2665331, 46815, 46815, 425614833
811, 5443746, 9066, 2671366, 2666476, 3990, 46424, 46424, 1299635153
808, 5438615, 9244, 2668870, 2662425, 4184, 46946, 46946, 4203574333
810, 5443017, 2672335, 8664, 3723, 2667215, 45540, 45540, 2814956548
815, 5441215, 8890, 2670135, 2664930, 4022, 46619, 46619, 1323394901
818, 5446306, 9270, 2672326, 2666898, 4246, 46783, 46783, 1327870779
804, 5446396, 2672431, 9101, 4076, 2667400, 46694, 46694, 979294130
820, 5431873, 2665038, 9367, 4236, 2658430, 47401, 47401, 2907960460
812, 5446291, 2673345, 9224, 4218, 2668228, 45638, 45638, 3470903667
817, 5446962, 2673552, 9035, 4094, 2668097, 46092, 46092, 1376789150
819, 5449704, 2673811, 9539, 4588, 2668784, 46491, 46491, 2676617794
823, 5444340, 8722, 2672705, 2666607, 3772, 46267, 46267, 1858937773
816, 5443585, 9004, 2672203, 2666664, 3968, 45873, 45873, 499663472
825, 5450536, 8910, 2674740, 2669236, 3940, 46855, 46855, 1726476664
813, 5435706, 8843, 2667840, 2662457, 3846, 46360, 46360, 3587854238
821, 5437323, 2668222, 8853, 3806, 2663192, 46625, 46625, 2607473529
824, 5442865, 2672326, 8638, 3762, 2666987, 45576, 45576, 2622533751
822, 5442553, 2670951, 9470, 4423, 2665967, 45871, 45871, 3984527760
827, 5445200, 2673262, 8698, 3798, 2667454, 45994, 45994, 3861308682
828, 5445662, 2672071, 9284, 4331, 2666594, 46691, 46691, 2273015265
832, 5437708, 8699, 2668579, 2662948, 3934, 46774, 46774, 934055114
814, 5444615, 2671996, 9105, 4084, 2666866, 46282, 46282, 3489027023
834, 5432287, 9030, 2666119, 2659285, 4051, 46901, 46901, 350369378
826, 5439643, 8900, 2669956, 2664328, 3987, 46236, 46236, 2583834853
837, 5448903, 8469, 2675458, 2669808, 3648, 45760, 45760, 1262636855
829, 5437659, 8803, 2667982, 2662714, 3738, 47211, 47211, 2141033889
835, 5445843, 2673092, 9179, 4016, 2666962, 46297, 46297, 2454231472
838, 5442957, 2671309, 8959, 4077, 2665036, 46788, 46788, 438923299
839, 5443946, 2673450, 8945, 4081, 2666550, 45460, 45460, 2794209488
833, 5440128, 8907, 2669227, 2663816, 3930, 47124, 47124, 3044195319
841, 5444069, 2671908, 9449, 4476, 2665712, 46262, 46262, 2611218901
830, 5442907, 2672580, 8434, 3481, 2666316, 46048, 46048, 260331192
836, 5438242, 8662, 2669377, 2662300, 3701, 47101, 47101, 3476789746
848, 5451789, 9218, 2676109, 2669009, 4247, 46603, 46603, 1985761304
844, 5449600, 2673697, 9441, 4391, 2668171, 46950, 46950, 1683856043
846, 5445622, 8635, 2673771, 2667822, 3614, 45890, 45890, 18986463
845, 5441576, 2670519, 9035, 4157, 2664599, 46633, 46633, 2023783503
840, 5437222, 8813, 2668601, 2662294, 3912, 46801, 46801, 111344075
831, 5438590, 2668628, 8981, 4043, 2663616, 46661, 46661, 2222511135
849, 5441396, 9102, 2669913, 2664770, 4023, 46794, 46794, 89139521
852, 5434222, 9091, 2666510, 2660616, 4121, 46942, 46942, 1019574378
854, 5448098, 8877, 2674728, 2668944, 3993, 45778, 45778, 3817187048
847, 5440676, 2669455, 8742, 3809, 2663946, 47362, 47362, 4204559821
842, 5449084, 8586, 2674976, 2669753, 3693, 46038, 46038, 2246531406
857, 5447871, 8490, 2675328, 2669376, 3621, 45528, 45528, 3819084326
859, 5440398, 9079, 2669928, 2664273, 3994, 46562, 46562, 694757217
843, 5444226, 2671340, 9158, 4129, 2666237, 46681, 46681, 1761748371
853, 5452359, 2676029, 9210, 4019, 2670641, 46230, 46230, 1976852895
856, 5438109, 2668686, 9459, 4350, 2662884, 46365, 46365, 2634741693
858, 5442835, 2671861, 8797, 3920, 2665329, 46464, 46464, 3008689594
864, 5439017, 8656, 2670124, 2664013, 3698, 46263, 46263, 333913145
865, 5444099, 8666, 2672971, 2667240, 3752, 45735, 45735, 2515166802
855, 5440271, 8755, 2670806, 2665064, 3870, 45888, 45888, 4279868704
860, 5447545, 8787, 2673804, 2668813, 3825, 46158, 46158, 1180855552
851, 5441274, 9070, 2670533, 2665310, 4067, 46147, 46147, 958871980
850, 5439387, 2670163, 9043, 4124, 2664979, 45539, 45539, 4087860733
861, 5437927, 9389, 2667530, 2662657, 4331, 47010, 47010, 735686959
866, 5446272, 2673524, 8668, 3810, 2667386, 46442, 46442, 1785610389
867, 5439465, 8857, 2670414, 2664114, 3848, 46116, 46116, 439181940
870, 5448024, 9395, 2674557, 2668235, 4309, 45764, 45764, 3489158141
863, 5450726, 2676327, 8478, 3627, 2669916, 46189, 46189, 2665413226
871, 5442719, 8570, 2671207, 2665853, 3657, 46716, 46716, 3117571336
873, 5444796, 8852, 2673456, 2666444, 3872, 46086, 46086, 714827399
868, 5446326, 2673247, 8749, 3773, 2667561, 46498, 46498, 1398858115
872, 5442307, 2671082, 9120, 4054, 2665573, 46239, 46239, 3133446642
869, 5449230, 2674496, 8894, 4067, 2669211, 46281, 46281, 4236063335
876, 5440214, 2670566, 8846, 3852, 2664274, 46338, 46338, 800457299
862, 5440270, 2670647, 8962, 3902, 2665453, 45653, 45653, 3249931502
878, 5443956, 9090, 2671686, 2666387, 3995, 46399, 46399, 3738500606
874, 5441008, 2669696, 9064, 3950, 2664368, 46965, 46965, 3187670123
875, 5444710, 2670113, 9234, 4234, 2664979, 48075, 48075, 2080431165
879, 5445354, 2671303, 9288, 4096, 2666057, 47305, 47305, 3381166363
881, 5441826, 2669985, 8948, 3963, 2664346, 47292, 47292, 3454745786
880, 5437060, 2667168, 9204, 4152, 2661430, 47553, 47553, 3434585452
877, 5455931, 2679903, 8631, 3656, 2673919, 44911, 44911, 2911355571
886, 5447113, 8617, 2674786, 2667306, 3728, 46338, 46338, 4034680595
888, 5444668, 8522, 2674838, 2667876, 3554, 44939, 44939, 2036947579
884, 5438850, 2668923, 9091, 4108, 2662718, 47005, 47005, 2911359646
890, 5439927, 9472, 2669641, 2663054, 4416, 46672, 46672, 2885462549
882, 5446487, 8367, 2674170, 2667966, 3520, 46232, 46232, 2562590872
891, 5449307, 8199, 2676587, 2669448, 3485, 45794, 45794, 3126611753
885, 5444743, 2672298, 9176, 4121, 2666946, 46101, 46101, 3260390433
887, 5441993, 2671308, 8770, 3835, 2665522, 46279, 46279, 3886068483
893, 5438498, 9012, 2669079, 2662941, 3956, 46755, 46755, 2554551824
894, 5444469, 8824, 2674000, 2667140, 3887, 45309, 45309, 2712777819
883, 5443271, 9293, 2671077, 2665720, 4295, 46443, 46443, 3130110677
897, 5444366, 8649, 2672927, 2666481, 3797, 46256, 46256, 2435126307
896, 5446356, 2674503, 8348, 3532, 2668131, 45921, 45921, 288520617
895, 5442112, 2670213, 9029, 3948, 2664632, 47145, 47145, 1912181391
889, 5444830, 8922, 2671934, 2666383, 3961, 46815, 46815, 2891634710
901, 5452547, 8586, 2677548, 2671650, 3697, 45533, 45533, 2032021123
902, 5442633, 8472, 2670986, 2665033, 3508, 47317, 47317, 1400219366
903, 5441158, 9566, 2669856, 2663203, 4507, 47013, 47013, 3987560175
900, 5447025, 8665, 2673344, 2667786, 3876, 46677, 46677, 767648489
898, 5447485, 2675638, 8602, 3683, 2669384, 45089, 45089, 1032021454
899, 5440701, 2670027, 8685, 3692, 2664389, 46954, 46954, 88722302
904, 5446157, 8490, 2673782, 2668116, 3621, 46074, 46074, 255489829
907, 5454308, 8752, 2677973, 2672230, 3821, 45766, 45766, 2351274345
892, 5446106, 9444, 2672572, 2667501, 4439, 46075, 46075, 1001303226
905, 5437154, 9110, 2668051, 2662786, 4155, 46526, 46526, 883914114
912, 5442621, 8924, 2671856, 2665844, 3979, 46009, 46009, 2732190458
910, 5445392, 2673080, 8798, 3926, 2667128, 46230, 46230, 2312544294
908, 5436376, 9233, 2667540, 2662411, 4132, 46530, 46530, 360988432
915, 5442730, 2671622, 9096, 4098, 2665250, 46332, 46332, 574242806
920, 5449282, 8344, 2675688, 2669337, 3395, 46259, 46259, 4224435292
913, 5452806, 2676705, 9275, 4435, 2671589, 45401, 45401, 3769595682
909, 5449502, 9109, 2674264, 2669083, 4034, 46506, 46506, 1077843546
917, 5447348, 9160, 2674835, 2668566, 4195, 45296, 45296, 493253589
906, 5440806, 2668815, 9448, 4401, 2663696, 47223, 47223, 806433428
911, 5452307, 2676783, 8486, 3646, 2671744, 45824, 45824, 4263816003
922, 5455217, 8485, 2679169, 2673058, 3637, 45434, 45434, 2929059145
916, 5441155, 2669958, 8950, 3898, 2664477, 46936, 46936, 1079189385
914, 5447026, 2674543, 8849, 4001, 2668613, 45510, 45510, 3999820100
919, 5445112, 8725, 2672822, 2667684, 3823, 46029, 46029, 2414737399
923, 5441500, 9074, 2670649, 2664987, 4108, 46341, 46341, 342881565
924, 5449436, 8815, 2674417, 2669002, 3794, 46704, 46704, 1679279940
921, 5441326, 2671248, 8721, 3855, 2665694, 45904, 45904, 1706374752
918, 5447347, 2673346, 8760, 3733, 2667260, 47124, 47124, 3418942295
925, 5442508, 9010, 2671007, 2665746, 4129, 46308, 46308, 204051122
927, 5439949, 2668802, 8912, 3987, 2662410, 47919, 47919, 2805420516
931, 5450546, 8686, 2676348, 2671132, 3716, 45332, 45332, 3456986587
926, 5446252, 9329, 2672434, 2667432, 4321, 46368, 46368, 3919828570
932, 5445057, 2674157, 8791, 3884, 2667405, 45410, 45410, 1881589807
936, 5444405, 8988, 2671703, 2666221, 3955, 46769, 46769, 400338506
933, 5440425, 2670273, 8653, 3749, 2664336, 46707, 46707, 2100358433
940, 5441308, 8679, 2672723, 2665651, 3815, 45220, 45220, 978814112
928, 5441592, 2671139, 8741, 3651, 2665861, 46100, 46100, 2362159054
934, 5447547, 2674441, 8733, 3799, 2668442, 46066, 46066, 3203002304
937, 5439878, 2669965, 9158, 4149, 2663684, 46461, 46461, 2341954746
938, 5446536, 2673843, 8435, 3654, 2667906, 46349, 46349, 526907683
939, 5447146, 9396, 2672888, 2667760, 4312, 46395, 46395, 3396445628
941, 5449136, 9035, 2674382, 2668998, 3947, 46387, 46387, 1315121557
929, 5449980, 2675714, 8872, 3928, 2670394, 45536, 45536, 3103713672
930, 5448036, 2673997, 8911, 3991, 2668143, 46497, 46497, 1806970345
935, 5443054, 2672190, 8833, 3787, 2666118, 46063, 46063, 1698953948
950, 5436827, 9654, 2667821, 2661465, 4537, 46675, 46675, 1675872392
942, 5451650, 2675841, 8572, 3660, 2670435, 46571, 46571, 3146648495
943, 5445858, 2673077, 8641, 3719, 2667915, 46253, 46253, 1540335661
947, 5437715, 2668096, 9071, 4046, 2662408, 47047, 47047, 3829857791
944, 5444383, 8868, 2672191, 2666924, 3804, 46298, 46298, 118678038
945, 5448334, 2675933, 8360, 3522, 2670069, 45225, 45225, 372172302
948, 5436809, 8978, 2667204, 2662123, 3940, 47282, 47282, 3449896885
954, 5445370, 8774, 2672946, 2667683, 3761, 46103, 46103, 2321387395
956, 5444954, 2672656, 8778, 3891, 2667191, 46219, 46219, 2322613626
949, 5453232, 2676721, 8452, 3657, 2671754, 46324, 46324, 2053915699
960, 5451367, 8800, 2677017, 2670935, 3899, 45358, 45358, 2806375515
958, 5446143, 2674067, 8555, 3642, 2668187, 45846, 45846, 3463546461
951, 5445420, 8619, 2672077, 2666917, 3707, 47050, 47050, 4067406617
955, 5441880, 2670117, 8587, 3619, 2665101, 47228, 47228, 3402146806
962, 5451753, 8652, 2676889, 2671034, 3750, 45714, 45714, 3379623512
957, 5443667, 2671801, 8837, 3900, 2666103, 46513, 46513, 1800964184
953, 5452745, 8797, 2677005, 2671879, 3858, 45603, 45603, 1694969606
964, 5445286, 2674676, 8686, 3816, 2666286, 45911, 45911, 1286347002
963, 5438781, 2669502, 8888, 3890, 2663367, 46567, 46567, 2582262623
952, 5444341, 2671909, 8698, 3689, 2666067, 46989, 46989, 1683470398
946, 5439133, 9218, 2667787, 2662753, 4161, 47607, 47607, 3183019273
961, 5448684, 2675786, 8500, 3775, 2669451, 45586, 45586, 3852297171
965, 5449216, 8918, 2675022, 2669688, 3998, 45795, 45795, 41928576
959, 5445283, 9276, 2671789, 2666355, 4175, 46844, 46844, 4213838559
966, 5442931, 2670923, 8912, 3846, 2665794, 46728, 46728, 222217363
974, 5448522, 2675678, 8266, 3476, 2668324, 46389, 46389, 1388472026
975, 5437849, 8787, 2668660, 2662925, 3699, 46889, 46889, 1715775001
970, 5444717, 2672036, 9007, 3968, 2666828, 46439, 46439, 3430399062
977, 5442511, 2672175, 8806, 3795, 2665493, 46121, 46121, 1189545096
968, 5445529, 9009, 2673588, 2667148, 4038, 45873, 45873, 61274294
980, 5440473, 8701, 2670831, 2664835, 3790, 46158, 46158, 499744174
967, 5443974, 2672701, 9030, 4073, 2667446, 45362, 45362, 2050986424
979, 5443778, 2671402, 9389, 4274, 2665403, 46655, 46655, 164487622
972, 5446262, 2673064, 8925, 3938, 2667965, 46185, 46185, 1693712768
969, 5443029, 8906, 2672169, 2665798, 3902, 46127, 46127, 508151827
973, 5446635, 2672799, 9389, 4363, 2666842, 46621, 46621, 3588953973
981, 5452138, 8443, 2676924, 2671505, 3734, 45766, 45766, 2926679018
971, 5441651, 8606, 2671439, 2665597, 3727, 46141, 46141, 3288250908
978, 5441808, 2671106, 8746, 3793, 2664431, 46866, 46866, 2394391236
984, 5443197, 8595, 2671702, 2666014, 3536, 46675, 46675, 488512144
990, 5450635, 8544, 2677120, 2670340, 3671, 45480, 45480, 3523975491
991, 5446604, 9445, 2672085, 2666615, 4433, 47013, 47013, 3035430118
976, 5445111, 9082, 2672706, 2667767, 4138, 45709, 45709, 2798533677
982, 5447703, 2673554, 9255, 4295, 2668117, 46241, 46241, 689485310
986, 5444904, 2672628, 8762, 3827, 2667355, 46166, 46166, 2783685723
983, 5436551, 2666699, 9407, 4309, 2661616, 47260, 47260, 862535554
988, 5441525, 2670530, 9520, 4445, 2664542, 46244, 46244, 2109385351
993, 5437908, 2668608, 9156, 4076, 2662458, 46805, 46805, 3863609671
989, 5437459, 2670525, 9055, 3995, 2663796, 45044, 45044, 1475418960
994, 5449493, 9052, 2674850, 2669307, 4060, 46112, 46112, 3047689094
985, 5446293, 2672408, 9046, 4135, 2667484, 46610, 46610, 1318730348
996, 5445965, 8599, 2674689, 2668642, 3693, 45171, 45171, 1179781065
992, 5443008, 2671014, 9315, 4271, 2665662, 46373, 46373, 3249081388
987, 5435199, 2666077, 9387, 4338, 2660835, 47281, 47281, 3273754054
998, 5441350, 2671327, 9145, 4186, 2664654, 46019, 46019, 2426999036
997, 5447370, 2674828, 8696, 3805, 2668773, 45634, 45634, 921236917
995, 5444258, 2671435, 8866, 3850, 2666277, 46915, 46915, 2778935556
999, 5448950, 2674516, 8652, 3793, 2668841, 46574, 46574, 1505945752
