sample_id, N_active, N_A_1, N_B_1, N_A_0, N_B_0, N_A_*, N_B_*, seed
9, 1000718, 28201, 441682, 437237, 24480, 34559, 34559, 172401552
13, 1003437, 29172, 443630, 439442, 25489, 32852, 32852, 1289048341
6, 1006285, 28963, 445651, 441252, 25373, 32523, 32523, 2090485569
2, 1002080, 42305, 427979, 423609, 38483, 34852, 34852, 2245216576
11, 1004760, 19654, 456208, 452052, 16048, 30399, 30399, 1011469883
4, 1005624, 443088, 31409, 27648, 438303, 32588, 32588, 3070104600
0, 1003378, 445918, 24297, 20670, 441717, 35388, 35388, 1579993911
12, 1005912, 439838, 29851, 26151, 435678, 37197, 37197, 949368495
14, 1001723, 46068, 424313, 420137, 42387, 34409, 34409, 803951767
15, 1006338, 439872, 35084, 31380, 435772, 32115, 32115, 1860352133
1, 1005967, 443787, 27798, 23988, 439914, 35240, 35240, 2058457024
3, 1007999, 245543, 218245, 214357, 241686, 44084, 44084, 2301580217
8, 1003391, 428459, 41196, 37430, 424548, 35879, 35879, 450365858
17, 1006358, 17164, 458472, 453592, 13628, 31751, 31751, 1952397584
10, 1004357, 374143, 95723, 91857, 370268, 36183, 36183, 1441577196
5, 1003479, 443466, 26977, 23156, 439766, 35057, 35057, 4105949172
18, 998009, 29641, 438433, 433289, 25842, 35402, 35402, 3274327148
7, 1004777, 67255, 401373, 397282, 63511, 37678, 37678, 1160420185
21, 1006056, 22665, 452319, 447865, 19019, 32094, 32094, 3141913014
16, 1003971, 21660, 446331, 442331, 17947, 37851, 37851, 3421763196
19, 1005111, 72071, 394140, 390021, 68295, 40292, 40292, 169798840
20, 1006994, 457445, 19097, 15400, 453588, 30732, 30732, 2993914872
22, 1003612, 447513, 26495, 22718, 443424, 31731, 31731, 1821357553
26, 1004829, 38205, 434413, 430530, 34429, 33626, 33626, 669641393
23, 1006272, 32125, 439009, 435096, 28450, 35796, 35796, 3938734317
30, 1005627, 26834, 446336, 442047, 23170, 33620, 33620, 2299954471
25, 1003179, 418085, 51504, 47718, 413998, 35937, 35937, 1580458766
34, 1002516, 17802, 454269, 449836, 14161, 33224, 33224, 1764347148
27, 1003168, 423379, 47251, 43526, 419096, 34958, 34958, 2933239185
28, 1005331, 31748, 438477, 434695, 27947, 36232, 36232, 3680610986
32, 1007727, 456510, 19451, 15877, 452413, 31738, 31738, 321606524
33, 1005173, 430333, 42113, 38544, 425711, 34236, 34236, 257250765
29, 1003773, 415321, 51196, 47442, 411076, 39369, 39369, 3093770188
24, 1004911, 433842, 40080, 36590, 429639, 32380, 32380, 2697461225
31, 1003921, 439477, 32290, 28652, 435444, 34029, 34029, 2188176986
37, 1003992, 27548, 444521, 440351, 23636, 33968, 33968, 2320885754
38, 1005978, 47444, 423310, 419073, 43657, 36247, 36247, 259135666
42, 1000810, 38280, 429866, 425095, 34587, 36491, 36491, 4219564168
35, 1002430, 31224, 436778, 432598, 27550, 37140, 37140, 1703528376
41, 1004436, 58498, 412054, 408334, 54674, 35438, 35438, 384285869
36, 1001285, 447389, 25386, 21616, 443350, 31772, 31772, 3309122079
39, 1004782, 48347, 422250, 418607, 44586, 35496, 35496, 15902198
48, 1007888, 19726, 457893, 453204, 16259, 30403, 30403, 2240453524
40, 1005960, 422487, 43759, 40198, 417984, 40766, 40766, 3470817961
44, 1001150, 394295, 72637, 68690, 389882, 37823, 37823, 2914295760
46, 1005564, 85231, 384537, 380403, 81477, 36958, 36958, 111948726
45, 1003504, 432380, 36382, 32645, 428167, 36965, 36965, 2619688807
47, 1003114, 446817, 19372, 15612, 442419, 39447, 39447, 2627736556
51, 1001689, 29576, 439895, 435631, 25787, 35400, 35400, 2072178299
49, 1003176, 19538, 451012, 447222, 15830, 34787, 34787, 3301326242
43, 1004981, 66269, 402279, 398445, 62538, 37725, 37725, 3131364597
54, 1002309, 23526, 445870, 441581, 20016, 35658, 35658, 2614681710
52, 1003844, 447591, 25771, 22206, 443588, 32344, 32344, 4198240637
50, 1005880, 420677, 48944, 45056, 416843, 37180, 37180, 1503337472
57, 1006790, 448369, 27692, 24039, 444198, 31246, 31246, 3378136665
53, 1002329, 424614, 43253, 39482, 420670, 37155, 37155, 4238893742
61, 1004861, 29472, 438394, 434490, 25645, 38430, 38430, 1978989074
55, 1004645, 458693, 17203, 13638, 454713, 30199, 30199, 3315757642
58, 1005604, 410675, 47108, 43477, 406680, 48832, 48832, 2215163093
56, 1001250, 133082, 331527, 327303, 129108, 40115, 40115, 2933838762
60, 1003025, 438469, 32405, 28693, 434140, 34659, 34659, 2302164462
62, 1002595, 423800, 44519, 40734, 419648, 36947, 36947, 2264163842
65, 1004000, 31423, 439214, 435201, 27666, 35248, 35248, 2503150488
67, 1003688, 20891, 454401, 450364, 17342, 30345, 30345, 1052648189
66, 1005018, 37808, 430331, 426066, 33907, 38453, 38453, 1552951518
63, 1000015, 421474, 46078, 42256, 417677, 36265, 36265, 3244270528
59, 1005442, 432484, 40385, 36719, 428644, 33605, 33605, 2298253016
64, 1001374, 331591, 130965, 127306, 327512, 42000, 42000, 3606451937
68, 1001968, 396432, 68387, 64515, 392566, 40034, 40034, 712476054
76, 1006715, 22851, 452854, 448626, 19106, 31639, 31639, 2334774893
75, 1001296, 27592, 442116, 438013, 23901, 34837, 34837, 2860740808
72, 1004329, 44124, 426069, 422055, 40281, 35900, 35900, 1668693847
71, 1004353, 458566, 16095, 12610, 454706, 31188, 31188, 3001129178
69, 1003990, 451629, 21099, 17431, 447829, 33001, 33001, 1257641586
80, 1005537, 23041, 453688, 449055, 19325, 30214, 30214, 875930228
70, 1007146, 435238, 39858, 36341, 431577, 32066, 32066, 1983617363
73, 1004646, 100972, 363347, 359561, 96922, 41922, 41922, 2829237343
74, 1003544, 449880, 21805, 18112, 446155, 33796, 33796, 960862494
78, 1001009, 33859, 436717, 432623, 29906, 33952, 33952, 3683453976
77, 1006844, 46274, 423353, 419479, 42800, 37469, 37469, 3933431789
81, 1004064, 31159, 431327, 427255, 27603, 43360, 43360, 729659059
82, 1007514, 460567, 17037, 13577, 456813, 29760, 29760, 143057497
86, 1004524, 31057, 436286, 432309, 27394, 38739, 38739, 2614386452
79, 1001033, 334454, 119431, 115569, 330639, 50470, 50470, 2319506466
83, 1003766, 22078, 450650, 446736, 18352, 32975, 32975, 1931115561
85, 1006646, 28847, 448230, 444623, 25184, 29881, 29881, 1742163627
87, 1002915, 48369, 423196, 419308, 44436, 33803, 33803, 4011963465
84, 1001493, 442092, 25280, 21482, 438237, 37201, 37201, 2252649475
88, 1005093, 28780, 445220, 441494, 24901, 32349, 32349, 2996513632
93, 1004871, 445492, 26590, 22889, 441426, 34237, 34237, 4043920436
90, 1004375, 41521, 430411, 426701, 37762, 33990, 33990, 1437306561
94, 1002147, 457678, 15414, 11767, 453688, 31800, 31800, 1583960619
91, 1004379, 420882, 48611, 44799, 417081, 36503, 36503, 26568145
95, 1004261, 454106, 21821, 18240, 449824, 30135, 30135, 2911422298
92, 1003896, 456737, 19489, 15807, 452265, 29799, 29799, 3266167316
89, 1002305, 426468, 31461, 27789, 422497, 47045, 47045, 3931460969
96, 1001613, 420632, 49326, 45301, 415894, 35230, 35230, 1637272441
98, 1004467, 81253, 384005, 379982, 77267, 40980, 40980, 2424100785
97, 1005124, 441579, 32500, 28730, 437917, 32199, 32199, 550619092
101, 1010613, 449142, 27246, 23746, 445323, 32578, 32578, 1298081222
107, 1006711, 16263, 460375, 455656, 12735, 30841, 30841, 2392867058
99, 1006759, 398212, 70944, 67144, 394561, 37949, 37949, 1740360116
102, 1002749, 435264, 34538, 30724, 430703, 35760, 35760, 1924722649
100, 1008058, 436364, 37845, 34336, 431883, 33815, 33815, 1366225367
104, 1004470, 80811, 388508, 384408, 76823, 36960, 36960, 3493065407
108, 1007611, 30394, 446530, 442688, 26783, 30608, 30608, 434637702
105, 1005668, 431238, 41096, 37471, 427575, 34144, 34144, 27635110
114, 1003954, 23093, 453059, 448408, 19240, 30077, 30077, 3361679631
103, 1004960, 421004, 51781, 48109, 417372, 33347, 33347, 2875294516
109, 1004135, 72227, 396796, 392697, 68593, 36911, 36911, 487444944
106, 1005438, 459003, 16101, 12467, 454687, 31590, 31590, 3674395800
110, 1005211, 456568, 18415, 14844, 452720, 31332, 31332, 3317603821
112, 1005856, 449300, 24873, 21321, 445456, 32453, 32453, 941073341
111, 999174, 400382, 58182, 54390, 396300, 44960, 44960, 3850263714
113, 1002272, 432846, 36741, 32856, 428813, 35508, 35508, 1786905391
115, 1006434, 33213, 440738, 437040, 29621, 32911, 32911, 2624686607
119, 1002131, 28206, 443007, 438563, 24459, 33948, 33948, 3451323978
116, 1004528, 451179, 23274, 19636, 447303, 31568, 31568, 2911101304
118, 1002491, 19895, 453242, 449240, 16056, 32029, 32029, 1636296431
125, 1003257, 27338, 445798, 441213, 23560, 32674, 32674, 2225542687
124, 1005525, 24725, 449416, 445424, 21000, 32480, 32480, 3102807456
117, 1001061, 147858, 316855, 312964, 143734, 39825, 39825, 1270663890
128, 1004697, 21458, 451832, 447484, 17831, 33046, 33046, 1236221738
121, 1005455, 52914, 418110, 414056, 49125, 35625, 35625, 700931221
127, 1006000, 449441, 25030, 21259, 445236, 32517, 32517, 2750159033
126, 1000928, 54775, 409348, 405219, 50726, 40430, 40430, 2688039716
122, 1001378, 396517, 69903, 66027, 392451, 38240, 38240, 2637345509
123, 1002979, 368135, 99713, 95972, 364079, 37540, 37540, 2395916651
120, 1006295, 434302, 31665, 27897, 430749, 40841, 40841, 10209203
129, 1005158, 105240, 364379, 360371, 101424, 36872, 36872, 2405114242
131, 1001921, 52096, 417929, 413925, 48131, 34920, 34920, 2163946013
130, 1003562, 447220, 25389, 21705, 443192, 33028, 33028, 3440505163
133, 1007102, 453080, 21232, 17594, 448834, 33181, 33181, 388974760
132, 1006903, 54396, 415025, 411100, 50772, 37805, 37805, 3719681185
136, 1005742, 440033, 30619, 26931, 435893, 36133, 36133, 1921444050
134, 1002731, 114459, 345597, 341399, 110676, 45300, 45300, 3079610418
138, 1002322, 446548, 24549, 20721, 442122, 34191, 34191, 1429030615
142, 1005642, 20859, 453921, 449134, 17270, 32229, 32229, 355778401
139, 1004360, 453258, 20137, 16628, 449339, 32499, 32499, 3821310994
135, 1003698, 416737, 50716, 47038, 412451, 38378, 38378, 3914601525
137, 1004459, 427634, 41957, 38284, 423786, 36399, 36399, 3340568746
144, 1005860, 65705, 404526, 400407, 61886, 36668, 36668, 757936586
148, 1006995, 31037, 441937, 437536, 27485, 34500, 34500, 3120944610
140, 1002531, 443107, 30511, 26740, 438431, 31871, 31871, 2939339927
141, 1004804, 423415, 45033, 41276, 419696, 37692, 37692, 1150144389
143, 1004313, 412897, 53316, 49408, 408588, 40052, 40052, 1741753479
146, 1002867, 39347, 430316, 426478, 35548, 35589, 35589, 1293833816
145, 1002823, 31244, 439825, 435982, 27488, 34142, 34142, 2175253845
151, 1003274, 71486, 395704, 391423, 67703, 38479, 38479, 1114958425
149, 1004498, 457117, 17403, 13838, 453178, 31481, 31481, 3510715622
152, 1006822, 450425, 23560, 20090, 446491, 33128, 33128, 1346583291
150, 1006046, 424789, 47375, 43659, 420803, 34710, 34710, 202884420
156, 1002518, 33755, 439211, 434729, 29917, 32453, 32453, 2792030657
147, 1004838, 114097, 351324, 347570, 110199, 40824, 40824, 1920604294
159, 1001971, 43730, 427771, 422965, 39907, 33799, 33799, 3758048263
153, 1007880, 25439, 449400, 445720, 21743, 32789, 32789, 503221227
154, 1008818, 440855, 34888, 31414, 436565, 32548, 32548, 4177306186
158, 1000898, 446523, 24968, 21226, 442635, 32773, 32773, 1819719133
157, 1005798, 403162, 68946, 65358, 399150, 34591, 34591, 1624313749
166, 1003442, 25312, 450288, 445987, 21547, 30154, 30154, 1097548849
155, 1003284, 422257, 45593, 42051, 417847, 37768, 37768, 3331696213
162, 1002521, 435646, 36213, 32603, 431569, 33245, 33245, 1532175355
160, 1003661, 321196, 139776, 135921, 317136, 44816, 44816, 2831314426
165, 1007011, 26687, 449022, 444635, 23249, 31709, 31709, 1706222132
163, 1007863, 427782, 45735, 41836, 423926, 34292, 34292, 1779853987
161, 1008342, 450201, 25116, 21452, 446509, 32532, 32532, 588756612
167, 1003488, 26798, 446583, 442362, 23115, 32315, 32315, 927218866
168, 1004258, 442763, 28656, 24815, 438248, 34888, 34888, 135155328
170, 1006037, 458873, 15549, 12013, 454098, 32752, 32752, 3561091211
172, 1003506, 38749, 429409, 425362, 34878, 37554, 37554, 4046100014
171, 1007840, 25939, 448304, 444338, 22227, 33516, 33516, 3840551327
164, 1005817, 88264, 375181, 371279, 84469, 43312, 43312, 839957794
177, 1008168, 27836, 449576, 445572, 24398, 30393, 30393, 4073682179
169, 1003714, 442385, 29195, 25418, 438652, 34032, 34032, 549287338
176, 1005765, 20480, 455642, 451575, 16862, 30603, 30603, 4268069453
175, 1001204, 53962, 415618, 411659, 49967, 34999, 34999, 3953319960
181, 1002310, 41839, 424590, 420224, 38079, 38789, 38789, 1689139383
173, 1003813, 391200, 75657, 72100, 387290, 38783, 38783, 3478136445
174, 1007763, 25761, 450181, 446565, 22068, 31594, 31594, 3058072508
180, 1006306, 458458, 15541, 11875, 454392, 33020, 33020, 2178078725
178, 1004159, 452272, 22138, 18428, 448399, 31461, 31461, 3360441204
182, 1001674, 34441, 432822, 428678, 30579, 37577, 37577, 494914440
187, 1002946, 436011, 30967, 27242, 430606, 39060, 39060, 870345692
183, 1004698, 160466, 299271, 295180, 156735, 46523, 46523, 3938470323
188, 1005084, 441994, 31776, 28148, 437318, 32924, 32924, 3102883163
189, 1004231, 452641, 21404, 17877, 447869, 32220, 32220, 1023758484
179, 1002489, 384607, 83954, 80255, 380549, 36562, 36562, 4033172753
184, 1002755, 436976, 30425, 26742, 433020, 37796, 37796, 937843577
191, 1005189, 24961, 449719, 444769, 21186, 32277, 32277, 3735765418
193, 1006423, 21413, 452488, 448523, 17731, 33134, 33134, 2401863777
185, 1003640, 390913, 75575, 71763, 387111, 39139, 39139, 1435683187
190, 1001628, 20592, 452542, 448836, 16878, 31390, 31390, 361976312
194, 1003224, 79204, 387971, 384076, 75353, 38310, 38310, 2513618023
195, 1002428, 49082, 420461, 416307, 45342, 35618, 35618, 724396132
186, 1001807, 97191, 361391, 357616, 93345, 46132, 46132, 115337435
196, 1004908, 24054, 449299, 445029, 20290, 33118, 33118, 1330238881
197, 1002277, 33427, 437524, 433407, 29733, 34093, 34093, 854088747
192, 1000676, 326481, 132698, 128622, 322325, 45275, 45275, 3506090918
199, 1005916, 20386, 454280, 450488, 16696, 32033, 32033, 2611353108
202, 1007876, 17266, 456195, 452119, 13764, 34266, 34266, 1919500169
206, 1005632, 50091, 422964, 418482, 46441, 33827, 33827, 3246938563
200, 1002937, 24578, 446359, 442636, 20868, 34248, 34248, 4077258447
204, 1003553, 67153, 400884, 396717, 63349, 37725, 37725, 1628809316
201, 1004104, 25342, 382558, 378514, 21620, 98035, 98035, 1640994289
198, 1003178, 69585, 397258, 393304, 65887, 38572, 38572, 1375981515
203, 1003381, 65040, 404077, 400309, 61361, 36297, 36297, 1017996973
205, 1007939, 446330, 26287, 22640, 442628, 35027, 35027, 4284191153
207, 1003971, 447095, 24989, 21172, 443229, 33743, 33743, 3276285169
210, 1005132, 434788, 37665, 33965, 430820, 33947, 33947, 3983719562
209, 1006765, 161284, 306276, 302132, 157455, 39809, 39809, 1259727936
216, 1005102, 23508, 452009, 447327, 19844, 31207, 31207, 1648772511
211, 1003786, 37136, 434883, 430813, 33488, 33733, 33733, 4022877428
213, 1002018, 438200, 32447, 28539, 433772, 34530, 34530, 1732379238
212, 1006789, 444890, 28308, 24673, 440810, 34054, 34054, 2192845659
208, 1005347, 324707, 122583, 118597, 320678, 59391, 59391, 1694563019
219, 1006503, 21713, 453487, 449507, 18048, 31874, 31874, 3700432433
215, 1002040, 455695, 18235, 14408, 450994, 31354, 31354, 3250488366
220, 1006737, 40841, 432644, 428451, 37337, 33732, 33732, 2140720425
218, 1000927, 58898, 408177, 404273, 55039, 37270, 37270, 1427242636
214, 1002916, 24781, 449850, 446128, 21101, 30528, 30528, 530262961
223, 1000631, 454949, 20194, 16520, 449836, 29566, 29566, 2070231768
225, 1002522, 16468, 457937, 454082, 12863, 30586, 30586, 1439525143
217, 1002097, 449758, 23377, 19733, 445897, 31666, 31666, 3688108301
221, 1000971, 400624, 65509, 61705, 396341, 38396, 38396, 255936678
229, 1000242, 19052, 451814, 447518, 15350, 33254, 33254, 2205711292
227, 1005560, 450229, 23862, 20169, 446418, 32441, 32441, 3558116599
222, 1006553, 23810, 452176, 448620, 20279, 30834, 30834, 1972440667
230, 1007566, 463985, 14967, 11478, 459216, 28960, 28960, 3705285000
228, 1005110, 23073, 451630, 447604, 19249, 31777, 31777, 3107500973
234, 1004234, 16281, 458274, 453827, 12702, 31575, 31575, 172677106
231, 1002489, 426257, 44935, 41246, 421693, 34179, 34179, 2042558823
236, 1000989, 27747, 445406, 440886, 23938, 31506, 31506, 1788933697
226, 1001831, 450049, 22973, 19271, 446432, 31553, 31553, 3648288595
224, 1006380, 354177, 110868, 107102, 350511, 41861, 41861, 1974223145
233, 1006290, 428022, 45055, 41414, 423793, 34003, 34003, 446018791
232, 1005805, 34690, 436299, 432110, 30996, 35855, 35855, 1377358735
237, 1005108, 14743, 461430, 457169, 11148, 30309, 30309, 3521628096
239, 1003524, 33980, 436688, 432654, 30268, 34967, 34967, 799597790
238, 1007615, 22503, 453857, 449853, 18800, 31301, 31301, 670382563
240, 1009110, 18488, 460335, 455961, 14848, 29739, 29739, 2626244461
243, 1009813, 16322, 460575, 456432, 12672, 31906, 31906, 2089338529
235, 1006912, 26962, 446982, 443089, 23447, 33216, 33216, 3209021349
244, 1002447, 33305, 433147, 428776, 29559, 38830, 38830, 291507701
248, 1004645, 18862, 454059, 449356, 15134, 33617, 33617, 1750078430
242, 998272, 439808, 30182, 26265, 435245, 33386, 33386, 1602632180
245, 1007181, 21299, 446432, 442454, 17758, 39619, 39619, 374805056
241, 1006422, 76521, 391533, 387730, 72748, 38945, 38945, 2949604041
250, 1006511, 20544, 456433, 452536, 16980, 30009, 30009, 12355502
246, 1004792, 449711, 22710, 18908, 445375, 34044, 34044, 2588246634
252, 1003486, 26084, 442826, 438444, 22406, 36863, 36863, 4249784397
247, 1005722, 444674, 29759, 26024, 440721, 32272, 32272, 680732475
251, 1005778, 20771, 454049, 450098, 17272, 31794, 31794, 1495399001
253, 1004993, 18616, 454422, 450620, 15179, 33078, 33078, 2811133831
258, 1003068, 52241, 416992, 412659, 48368, 36404, 36404, 3382409584
257, 1007721, 23103, 454153, 449765, 19530, 30585, 30585, 1281553737
254, 1004905, 428568, 43823, 40146, 424824, 33772, 33772, 2135065359
255, 1002539, 429584, 38213, 34495, 425363, 37442, 37442, 773290900
249, 1004580, 383584, 85139, 81432, 379453, 37486, 37486, 2387235363
256, 1001691, 440817, 28185, 24415, 437106, 35584, 35584, 3930909452
259, 1006466, 356653, 110602, 106703, 352614, 39947, 39947, 3996435105
261, 1005692, 450326, 22816, 18983, 446699, 33434, 33434, 1560524918
262, 1004953, 21219, 454450, 450471, 17563, 30625, 30625, 3351827571
267, 1004427, 16886, 445626, 441422, 13297, 43598, 43598, 2706052539
260, 1004578, 72604, 379723, 376043, 68846, 53681, 53681, 4227632319
266, 1009375, 461502, 16382, 12896, 457949, 30323, 30323, 400532895
273, 1002575, 27151, 442263, 437950, 23219, 35996, 35996, 16846013
263, 1004070, 424061, 44675, 40858, 420518, 36979, 36979, 2639603984
264, 1005274, 443728, 30008, 26211, 439871, 32728, 32728, 4038047054
265, 1006709, 464494, 12655, 9240, 460936, 29692, 29692, 2224695655
271, 1004804, 457516, 18360, 14866, 453114, 30474, 30474, 4244464792
270, 1003403, 438362, 29876, 26055, 433814, 37648, 37648, 1306047020
268, 1005542, 438903, 32963, 29234, 434908, 34767, 34767, 454244088
269, 1003432, 428644, 40704, 37030, 424434, 36310, 36310, 1899059304
276, 1009653, 19395, 449649, 445887, 15770, 39476, 39476, 724726724
277, 1001175, 27914, 444669, 440221, 24283, 32044, 32044, 622927833
272, 1002124, 34442, 435926, 431881, 30737, 34569, 34569, 2438482931
274, 1002859, 50868, 414588, 410415, 47022, 39983, 39983, 3811847830
275, 1006053, 448936, 23083, 19563, 444505, 34983, 34983, 3400133232
279, 1005767, 17424, 459180, 455061, 13846, 30128, 30128, 2459187743
281, 1008205, 28552, 449616, 445621, 25004, 29706, 29706, 3984110255
278, 1006788, 43289, 426795, 422615, 39491, 37299, 37299, 477622122
286, 1009247, 19317, 456912, 452583, 15607, 32414, 32414, 3440036981
287, 1006802, 39576, 435295, 430697, 35920, 32657, 32657, 1915631186
284, 1005331, 23008, 451359, 447234, 19518, 32106, 32106, 2922615855
280, 1003563, 434336, 38972, 35238, 430173, 32422, 32422, 11319059
282, 1005417, 455687, 18225, 14682, 451933, 32445, 32445, 4249363943
292, 1001267, 30542, 440912, 436833, 26888, 33046, 33046, 3142936346
290, 1002458, 44303, 427601, 423212, 40624, 33359, 33359, 2040194032
291, 1004835, 455735, 18233, 14637, 451594, 32318, 32318, 1748924720
285, 1004971, 446585, 27495, 23897, 442012, 32491, 32491, 2608199314
295, 1006600, 18963, 458199, 453911, 15473, 30027, 30027, 4142258297
283, 1000332, 435757, 32546, 28772, 431629, 35814, 35814, 135275370
294, 1003105, 21814, 450001, 446291, 18079, 33460, 33460, 1364588745
288, 1005078, 435865, 35355, 31777, 431793, 35144, 35144, 2888203356
298, 1004397, 16936, 456812, 452254, 13367, 32514, 32514, 2847862307
293, 1002686, 446136, 26026, 22419, 442119, 32993, 32993, 1456045260
299, 1002806, 26116, 446075, 442075, 22620, 32960, 32960, 3014240008
289, 1007567, 396745, 30837, 27126, 392703, 80078, 80078, 2842040846
301, 1003870, 18070, 455836, 451543, 14437, 31992, 31992, 2148276416
305, 1003730, 24117, 449809, 445475, 20507, 31911, 31911, 4228573978
296, 1005754, 453143, 21837, 18186, 449432, 31578, 31578, 3869208433
297, 999081, 381612, 78819, 74977, 377269, 43202, 43202, 1542956825
300, 1002514, 453718, 15830, 12203, 449811, 35476, 35476, 3215688416
308, 1005076, 42165, 430499, 426449, 38489, 33737, 33737, 4002605823
303, 1007208, 69084, 400602, 396740, 65502, 37640, 37640, 1540063134
302, 1004917, 442635, 29085, 25561, 438802, 34417, 34417, 1164576190
306, 1003814, 433654, 34514, 30727, 429501, 37709, 37709, 2048170263
310, 1004209, 54135, 412739, 408808, 50233, 39147, 39147, 543542236
311, 1005829, 458331, 18399, 14927, 454026, 30073, 30073, 410410894
304, 1005050, 406319, 63178, 59610, 401893, 37025, 37025, 3061353675
307, 1004268, 201991, 243118, 239191, 197946, 61011, 61011, 1002409684
312, 1002724, 443230, 30049, 26395, 438730, 32160, 32160, 2189313372
309, 1005553, 30153, 443247, 439357, 26494, 33151, 33151, 649920561
313, 1005082, 19344, 455184, 451458, 15636, 31730, 31730, 151757257
317, 1002050, 16646, 438342, 433836, 12920, 50153, 50153, 1620508387
315, 1005287, 67926, 404947, 400996, 64206, 33606, 33606, 3662312974
316, 1001553, 444673, 27482, 23770, 439758, 32935, 32935, 2423156780
324, 1005851, 29645, 444706, 440456, 26036, 32504, 32504, 556315512
322, 1006642, 457408, 20573, 16855, 452892, 29457, 29457, 2085222065
319, 1006987, 21802, 453731, 450303, 18285, 31433, 31433, 1235854606
318, 1002447, 425957, 44833, 41117, 421928, 34306, 34306, 3945063582
320, 1002095, 57654, 413086, 408589, 53846, 34460, 34460, 2160840054
314, 1009404, 335671, 133138, 129422, 332073, 39550, 39550, 2333636300
330, 1005279, 28264, 442789, 438041, 24697, 35744, 35744, 143953144
326, 1003947, 29652, 441958, 437913, 26068, 34178, 34178, 3514099046
325, 1004418, 41026, 429988, 426121, 37361, 34961, 34961, 278444401
327, 1004828, 194568, 267224, 263434, 190662, 44470, 44470, 920784096
321, 1005215, 402273, 68176, 64383, 398575, 35904, 35904, 841097999
332, 1002713, 457927, 15871, 12177, 453452, 31643, 31643, 98168602
323, 1004498, 112984, 349964, 346173, 109215, 43081, 43081, 2168859321
333, 1001611, 20381, 452975, 448742, 16735, 31389, 31389, 399313604
329, 1003937, 25377, 447258, 443321, 21545, 33218, 33218, 1682735609
334, 1005595, 21866, 452380, 448216, 18183, 32475, 32475, 2415907441
337, 1006678, 23441, 452563, 448391, 19885, 31199, 31199, 2510624765
335, 1002021, 436335, 31922, 28334, 432170, 36630, 36630, 3529816365
328, 1006303, 450020, 25520, 21932, 445677, 31577, 31577, 3656494785
331, 1003703, 369610, 90122, 86349, 365630, 45996, 45996, 3752129195
338, 1001777, 448337, 24894, 21191, 443751, 31802, 31802, 3441591912
339, 1006319, 18712, 455290, 451333, 15266, 32859, 32859, 1569032714
336, 1001770, 442852, 28406, 24726, 439044, 33371, 33371, 3778263217
340, 1003048, 453775, 20096, 16626, 449163, 31694, 31694, 1476787607
343, 1005151, 22991, 451938, 447620, 19428, 31587, 31587, 2033225288
347, 1004420, 30144, 443208, 438732, 26514, 32911, 32911, 713409375
341, 1002844, 435481, 32118, 28442, 431237, 37783, 37783, 3954002948
345, 1002112, 449850, 20643, 16959, 445336, 34662, 34662, 2879389730
350, 1006521, 21962, 453554, 449207, 18416, 31691, 31691, 2076862229
342, 1006844, 326265, 141417, 137711, 322433, 39509, 39509, 1063501460
346, 1006688, 450753, 26533, 22951, 446829, 29811, 29811, 3217213715
344, 1000379, 408350, 59573, 55549, 404037, 36435, 36435, 3825202908
354, 1005086, 21794, 450394, 446222, 18206, 34235, 34235, 2115445580
357, 1002465, 33279, 438328, 433393, 29515, 33975, 33975, 1935574403
349, 1005943, 427396, 44774, 41188, 423697, 34444, 34444, 1740679050
352, 1004297, 21250, 449355, 445367, 17649, 35338, 35338, 2812696245
351, 1002600, 446270, 27072, 23324, 441802, 32066, 32066, 2212614587
355, 1008677, 440106, 33026, 29364, 435425, 35378, 35378, 3987112467
353, 1004142, 39975, 431607, 427508, 36154, 34449, 34449, 3113662156
356, 1004593, 459327, 16189, 12520, 454775, 30891, 30891, 1210747809
348, 1004823, 441110, 32343, 28641, 437431, 32649, 32649, 3364805855
358, 1002432, 30112, 444311, 440109, 26236, 30832, 30832, 2093618992
359, 1007197, 15994, 461345, 457270, 12490, 30049, 30049, 3723489570
360, 1003294, 19409, 455408, 451532, 15691, 30627, 30627, 332897570
363, 1002974, 20738, 453918, 449853, 17275, 30595, 30595, 3610444053
362, 1007595, 20182, 457451, 453630, 16694, 29819, 29819, 63201615
365, 1003973, 456691, 18391, 14860, 451791, 31120, 31120, 3035595757
361, 1004210, 93969, 365203, 361388, 90216, 46717, 46717, 718886152
374, 1005017, 21573, 450710, 445926, 17802, 34503, 34503, 2404733742
370, 1004306, 450662, 24388, 20970, 446392, 30947, 30947, 1830681551
367, 999803, 35555, 435976, 432046, 31798, 32214, 32214, 2304907060
371, 1006238, 62153, 409100, 405131, 58536, 35659, 35659, 3639578709
369, 1005742, 28523, 445829, 442104, 24790, 32248, 32248, 146815523
373, 1006380, 45360, 422450, 418799, 41543, 39114, 39114, 1597383261
378, 999074, 24142, 446494, 441914, 20328, 33098, 33098, 707217107
364, 1008629, 348046, 121732, 118122, 344181, 38274, 38274, 296378181
368, 1005591, 148761, 317686, 314021, 144971, 40076, 40076, 3056986182
372, 1001757, 73559, 394505, 390411, 69758, 36762, 36762, 446394789
366, 1004243, 447817, 26535, 22769, 443194, 31964, 31964, 3121994615
375, 1001391, 25405, 444835, 440848, 21751, 34276, 34276, 4002106715
376, 1004659, 428430, 43125, 39378, 424194, 34766, 34766, 1064297441
379, 1002352, 49929, 418318, 414101, 46226, 36889, 36889, 2624700830
381, 1006211, 55861, 412799, 409192, 52159, 38100, 38100, 3744715454
380, 1004752, 445511, 26125, 22344, 441036, 34868, 34868, 3143023176
377, 1006260, 435127, 34406, 30800, 431271, 37328, 37328, 1600090434
385, 1005080, 451408, 19770, 16174, 447170, 35279, 35279, 576568976
389, 1006592, 15651, 459947, 456071, 12125, 31399, 31399, 2313935650
383, 1002714, 40568, 429048, 424799, 36813, 35743, 35743, 3575675964
386, 1006435, 445379, 29135, 25242, 441475, 32602, 32602, 2836514514
384, 1004080, 453220, 22115, 18536, 449209, 30500, 30500, 3756364353
388, 1003592, 52633, 416907, 412907, 48921, 36112, 36112, 2712698113
390, 1003991, 32531, 441453, 437653, 28778, 31788, 31788, 3707734892
387, 1001456, 20489, 453218, 449313, 16666, 30885, 30885, 1212733628
391, 1005234, 434675, 38782, 34949, 430464, 33182, 33182, 533582005
382, 1002501, 27547, 442958, 439139, 23773, 34542, 34542, 2218675369
392, 1004130, 445119, 26622, 22938, 441145, 34153, 34153, 945157606
393, 1002227, 36850, 432812, 428584, 33033, 35474, 35474, 1463228160
395, 1004428, 447064, 27812, 24077, 443101, 31187, 31187, 1440787790
396, 1003512, 27691, 439780, 435671, 23788, 38291, 38291, 3786406338
397, 1004747, 20718, 453852, 449866, 17161, 31575, 31575, 2043451134
394, 1005564, 433085, 40353, 36560, 429156, 33205, 33205, 572333102
404, 1002255, 18737, 453642, 449249, 15075, 32776, 32776, 2776500549
398, 1001560, 430232, 41297, 37580, 425959, 33246, 33246, 102866653
403, 1004175, 37031, 434833, 430445, 33356, 34255, 34255, 2916790666
399, 1000565, 195280, 264053, 260067, 191337, 44914, 44914, 98206618
401, 1005883, 23165, 448433, 444337, 19436, 35256, 35256, 3706114682
409, 1001603, 19670, 447252, 443124, 15861, 37848, 37848, 1393612670
412, 1002014, 52920, 417156, 413025, 49053, 34930, 34930, 2677584410
400, 1006561, 426284, 42308, 38577, 422594, 38399, 38399, 782508455
407, 1006122, 433510, 38790, 35221, 429689, 34456, 34456, 1795456180
414, 1007480, 19952, 458231, 454207, 16256, 29417, 29417, 2846062171
411, 1005347, 457213, 19291, 15626, 453423, 29897, 29897, 2080766742
402, 1002130, 55828, 412994, 409068, 52004, 36118, 36118, 3831461145
405, 1003460, 426849, 41391, 37422, 423136, 37331, 37331, 3178049785
406, 1004315, 240999, 223109, 219236, 237139, 41916, 41916, 861044600
408, 999607, 427054, 21934, 18215, 422532, 54936, 54936, 1539826118
410, 1003932, 390790, 71359, 67558, 386881, 43672, 43672, 1381542577
416, 1006765, 442749, 31867, 28141, 438654, 32677, 32677, 3577384889
413, 999962, 339126, 119318, 115503, 335193, 45411, 45411, 246244448
415, 1006507, 447614, 26170, 22359, 443934, 33215, 33215, 378818944
423, 1004272, 20158, 450892, 446946, 16542, 34867, 34867, 4137211905
419, 1001279, 35740, 432420, 428286, 31835, 36499, 36499, 646123603
424, 1004488, 22068, 451125, 446978, 18511, 32903, 32903, 3034294510
418, 1006324, 446835, 24667, 21037, 442875, 35455, 35455, 2879967666
421, 1002305, 443884, 27228, 23566, 439739, 33944, 33944, 1225476083
427, 1003440, 455486, 19783, 16098, 450611, 30731, 30731, 1285318672
417, 1004243, 29804, 441746, 437954, 26127, 34306, 34306, 1368370774
422, 1002363, 442223, 26947, 23165, 438128, 35950, 35950, 1926914336
425, 1005528, 407765, 59800, 56099, 403678, 39093, 39093, 968993773
420, 1005260, 29876, 444758, 440868, 26088, 31835, 31835, 2251309460
426, 1005352, 452663, 20705, 17148, 448744, 33046, 33046, 1050780954
429, 1002603, 424461, 43720, 40091, 420229, 37051, 37051, 2162869561
430, 1004747, 453107, 20914, 17232, 449074, 32210, 32210, 331355909
428, 1002503, 441014, 29579, 25883, 436973, 34527, 34527, 374221083
437, 1003983, 54304, 414568, 410226, 50663, 37111, 37111, 3032589300
435, 1007000, 441717, 29121, 25440, 438076, 36323, 36323, 1363557933
432, 1006591, 426588, 44292, 40640, 422669, 36201, 36201, 217861484
441, 1002421, 18620, 456160, 451688, 14953, 30500, 30500, 2844660292
434, 1003756, 447928, 23103, 19386, 443679, 34830, 34830, 1133470141
438, 1007167, 42568, 431556, 427504, 38841, 33349, 33349, 2528360053
433, 1005418, 444464, 28540, 24887, 440191, 33668, 33668, 1836110552
431, 1003293, 339861, 121541, 117850, 335797, 44122, 44122, 1739171071
442, 1007546, 449637, 23601, 20039, 445595, 34337, 34337, 2788036979
439, 1007943, 449749, 23841, 20055, 445886, 34206, 34206, 666010984
436, 1004987, 405571, 66373, 62798, 401645, 34300, 34300, 52768983
443, 1010480, 19244, 459176, 455150, 15698, 30606, 30606, 1321089695
444, 1003783, 435907, 34469, 30746, 431445, 35608, 35608, 988552019
447, 1002580, 25809, 446499, 441934, 22164, 33087, 33087, 1433984109
440, 1002844, 387397, 61627, 57813, 383577, 56215, 56215, 3253639471
445, 1006078, 30167, 434192, 430047, 26388, 42642, 42642, 3077168308
451, 1008341, 70913, 402886, 398469, 67315, 34379, 34379, 364443262
452, 1006307, 32162, 441030, 437319, 28496, 33650, 33650, 852549388
446, 1002462, 166807, 295000, 290811, 162884, 43480, 43480, 1373746240
450, 1003704, 49762, 413886, 409769, 46203, 42042, 42042, 2629563237
455, 1002709, 29625, 443227, 438860, 25929, 32534, 32534, 3816945657
448, 1005305, 71862, 397572, 393888, 68101, 36941, 36941, 3965518262
453, 1002065, 39345, 432874, 428787, 35477, 32791, 32791, 2977169054
457, 1006347, 29050, 445590, 440936, 25435, 32668, 32668, 1816097636
456, 1003238, 48182, 418666, 414776, 44570, 38522, 38522, 2831038083
461, 1003215, 39763, 429201, 424632, 35995, 36812, 36812, 2515359074
454, 1007800, 434893, 35906, 32314, 430837, 36925, 36925, 1236075185
449, 1004941, 392029, 78838, 75012, 388330, 35366, 35366, 1451220101
460, 1005571, 452842, 22334, 18782, 448631, 31491, 31491, 1449211766
465, 1006140, 45331, 427306, 423306, 41693, 34252, 34252, 302201753
458, 1005316, 445176, 27819, 24189, 441238, 33447, 33447, 3694457239
463, 1004030, 436084, 37298, 33566, 431746, 32668, 32668, 4156184244
462, 1002960, 441077, 31483, 27701, 437069, 32815, 32815, 2425482660
466, 1007473, 464298, 14520, 11119, 460304, 28616, 28616, 3589012217
459, 1004726, 409902, 58590, 54811, 405921, 37751, 37751, 387131025
464, 1008028, 446281, 29731, 26378, 442418, 31610, 31610, 2333466682
468, 1003579, 425701, 45394, 41747, 421241, 34748, 34748, 3727875630
474, 1005282, 17882, 457811, 453615, 14262, 30856, 30856, 3999912829
475, 1004248, 16860, 459255, 454793, 13376, 29982, 29982, 3105345831
467, 1004611, 50207, 418765, 414951, 46526, 37081, 37081, 3167460583
469, 1003739, 414068, 51437, 47604, 410288, 40171, 40171, 369760899
470, 1000771, 372379, 84422, 80501, 368023, 47723, 47723, 1478568196
471, 1004683, 39486, 424408, 420321, 35684, 42392, 42392, 1297371562
472, 1003779, 99843, 343014, 338998, 96198, 62863, 62863, 1709400222
473, 1003089, 428049, 40994, 37136, 423542, 36684, 36684, 3511398758
478, 1006141, 37975, 432252, 428445, 34361, 36554, 36554, 2026824144
477, 999715, 90838, 373623, 369272, 87164, 39409, 39409, 2587024394
476, 1001428, 101539, 362881, 358585, 97721, 40351, 40351, 2984917593
479, 1003228, 438429, 31804, 28157, 434186, 35326, 35326, 155078933
480, 1004763, 448732, 26337, 22662, 444964, 31034, 31034, 1367766747
481, 1006777, 458203, 19458, 16025, 454529, 29281, 29281, 900950786
484, 1005583, 36987, 436850, 433026, 33330, 32695, 32695, 2880782512
489, 1004563, 21893, 454078, 450050, 18306, 30118, 30118, 294086695
488, 1001125, 29862, 440056, 435541, 26190, 34738, 34738, 3279768290
483, 1008364, 461067, 17179, 13653, 457427, 29519, 29519, 1877599256
482, 1004141, 422507, 37846, 34228, 418802, 45379, 45379, 3253656194
487, 1003154, 457431, 19267, 15696, 453280, 28740, 28740, 4072032736
485, 1003096, 425839, 41627, 37903, 421933, 37897, 37897, 87361553
495, 1005205, 29037, 437690, 433421, 25301, 39878, 39878, 1486595310
499, 1006867, 29006, 448026, 443101, 25528, 30603, 30603, 359172349
494, 1003860, 452567, 21870, 18085, 448412, 31463, 31463, 1903210529
490, 1008657, 432156, 43322, 39729, 428268, 32591, 32591, 1457132144
486, 1002923, 19948, 453289, 449656, 16392, 31819, 31819, 2173307505
492, 1003693, 427667, 43143, 39469, 423810, 34802, 34802, 2668370170
491, 1004946, 424655, 44955, 41151, 421035, 36575, 36575, 3569446203
502, 1001437, 35972, 435200, 430886, 32145, 33617, 33617, 3543816748
497, 1002581, 23356, 438340, 433991, 19606, 43644, 43644, 314486438
500, 1004840, 32365, 442187, 437819, 28451, 32009, 32009, 2696175219
498, 1000047, 34347, 433724, 429468, 30474, 36017, 36017, 3817824075
496, 1005154, 445292, 28220, 24536, 441440, 32833, 32833, 1813295594
493, 1004751, 435074, 35231, 31652, 431246, 35774, 35774, 4269169115
503, 1004885, 436791, 36209, 32518, 433033, 33167, 33167, 3920740548
501, 1005901, 455859, 17920, 14266, 451788, 33034, 33034, 2646617696
504, 1005620, 75707, 395351, 391540, 72022, 35500, 35500, 1722890404
511, 1005122, 27034, 446728, 442738, 23348, 32637, 32637, 2989689760
508, 1004029, 39986, 432279, 427945, 36199, 33810, 33810, 672108041
506, 1005555, 40729, 431814, 427905, 37091, 34008, 34008, 888881516
509, 1006761, 41598, 431931, 428202, 37748, 33641, 33641, 881298460
510, 1003588, 441387, 29674, 25942, 436961, 34812, 34812, 4226193041
513, 1005875, 25262, 450319, 445821, 21815, 31329, 31329, 1499581806
517, 1006457, 461012, 15441, 11940, 456360, 30852, 30852, 1612075702
515, 1002726, 21230, 450492, 446597, 17591, 33408, 33408, 3793800169
514, 1003938, 453471, 20525, 16829, 449675, 31719, 31719, 3139797983
507, 1007585, 46927, 427358, 423763, 43249, 33144, 33144, 1219694349
505, 1006122, 430979, 35805, 31905, 427201, 40116, 40116, 991409517
512, 1002979, 22600, 450438, 446681, 18884, 32188, 32188, 403398574
516, 1005001, 453370, 20759, 17003, 449337, 32266, 32266, 926554461
527, 1006740, 17755, 460966, 456096, 14147, 28888, 28888, 528166139
518, 1001671, 286215, 176693, 172744, 282025, 41997, 41997, 3613901383
523, 1005894, 25833, 447643, 443417, 22201, 33400, 33400, 2483015156
525, 1003746, 22707, 446514, 442050, 19015, 36730, 36730, 2047543168
519, 1004092, 444514, 26226, 22558, 440416, 35189, 35189, 1226670545
524, 1005219, 23903, 449138, 445295, 20229, 33327, 33327, 162983223
529, 1004486, 33083, 438504, 434391, 29328, 34590, 34590, 1880004770
522, 1007176, 454754, 21759, 18179, 450824, 30830, 30830, 1313817829
532, 1006356, 15795, 461925, 457758, 12348, 29265, 29265, 85629666
530, 1006950, 20747, 453145, 449417, 17009, 33316, 33316, 3766054844
521, 1007856, 59359, 412093, 408332, 55704, 36184, 36184, 2927448231
528, 1005947, 448725, 25356, 21823, 444493, 32775, 32775, 3756699840
533, 1005529, 24770, 449020, 445127, 21164, 32724, 32724, 981670189
520, 1005509, 19882, 453381, 449698, 16284, 33132, 33132, 3762656524
526, 1000592, 60153, 403940, 399976, 56073, 40225, 40225, 2597044174
535, 1008058, 18189, 460151, 456203, 14557, 29479, 29479, 857761707
531, 1005701, 449731, 24720, 21168, 446036, 32023, 32023, 316374514
537, 1003988, 447183, 27354, 23522, 442721, 31604, 31604, 1195734867
534, 1006661, 457934, 17901, 14392, 453948, 31243, 31243, 2813203718
536, 1004435, 433294, 37260, 33416, 429541, 35462, 35462, 4060638865
539, 1003478, 21100, 452348, 448687, 17487, 31928, 31928, 2492644184
541, 1003344, 454569, 19510, 15792, 450335, 31569, 31569, 2404423594
548, 1005259, 26395, 447633, 442699, 22874, 32829, 32829, 1065949310
538, 1005181, 90068, 375646, 371667, 86224, 40788, 40788, 767560571
542, 1006445, 455873, 18198, 14578, 451852, 32972, 32972, 2109072191
543, 1005205, 435144, 38449, 34856, 430930, 32913, 32913, 1385739431
546, 1007883, 27327, 445052, 441002, 23568, 35467, 35467, 293106811
544, 1007754, 458804, 16079, 12571, 454704, 32798, 32798, 699792919
545, 1005131, 437371, 34122, 30307, 433103, 35114, 35114, 1061840634
547, 1003875, 23266, 444340, 440457, 19650, 38081, 38081, 2439053259
540, 1005241, 439491, 33051, 29306, 435541, 33926, 33926, 3235208512
550, 1000011, 401081, 63924, 59824, 397242, 38970, 38970, 532077879
549, 1008205, 456473, 20491, 16965, 452534, 30871, 30871, 1567910294
551, 1007083, 444722, 29451, 25771, 440897, 33121, 33121, 1224415316
555, 1003154, 21936, 450508, 445924, 18178, 33304, 33304, 2603936561
554, 1004480, 42141, 428308, 423844, 38405, 35891, 35891, 1102638198
557, 1006516, 17231, 458742, 454530, 13671, 31171, 31171, 2381794263
552, 1007447, 23560, 452170, 448272, 19909, 31768, 31768, 2642356154
556, 1004801, 54590, 414131, 410471, 50509, 37550, 37550, 1052149589
562, 1007115, 19656, 455305, 451385, 16065, 32352, 32352, 3274651984
558, 999939, 432042, 37136, 33137, 427796, 34914, 34914, 542250941
559, 1007493, 17571, 459229, 455422, 13881, 30695, 30695, 2737557624
553, 1003097, 448993, 22472, 18952, 445242, 33719, 33719, 1352994245
560, 1003787, 428152, 35008, 31321, 424012, 42647, 42647, 1114906457
561, 1005504, 456757, 17816, 14090, 452747, 32047, 32047, 2388978003
569, 1005783, 16400, 459740, 455762, 12867, 30507, 30507, 327747211
563, 1004702, 440687, 28233, 24375, 436733, 37337, 37337, 756756612
564, 1002783, 29555, 437353, 433468, 25809, 38299, 38299, 4075912381
567, 1005580, 20614, 454236, 450499, 16881, 31675, 31675, 3653480429
568, 1005776, 435224, 36406, 32806, 431370, 34985, 34985, 1585583614
570, 1005327, 427776, 44275, 40498, 423774, 34502, 34502, 377808083
565, 1005488, 411343, 46139, 42492, 407366, 49074, 49074, 2102551188
576, 1005019, 32258, 441211, 437019, 28601, 32965, 32965, 792621217
575, 1007853, 14303, 460848, 456789, 10841, 32536, 32536, 51361015
566, 1001844, 41377, 425591, 421876, 37482, 37759, 37759, 3123525953
572, 1006926, 430948, 41689, 38033, 426978, 34639, 34639, 1983877462
573, 1004039, 415014, 53979, 50258, 410646, 37071, 37071, 3830824290
580, 1005252, 15914, 460918, 456538, 12340, 29771, 29771, 3651995055
574, 1005900, 413709, 46565, 42698, 409418, 46755, 46755, 2507299440
571, 1001768, 435472, 32080, 28432, 431258, 37263, 37263, 3335898730
577, 997893, 448565, 23056, 19245, 444207, 31410, 31410, 2935421772
585, 1005587, 16317, 458935, 454495, 12716, 31562, 31562, 3985777229
584, 1005412, 22233, 453022, 448528, 18571, 31529, 31529, 1586324171
586, 1008171, 26656, 448213, 443964, 23060, 33139, 33139, 1018287504
579, 1001705, 422218, 48601, 44854, 418200, 33916, 33916, 1671332337
581, 1004737, 459444, 16385, 12758, 455150, 30500, 30500, 401061397
582, 1004198, 446477, 27441, 23783, 442511, 31993, 31993, 2911514221
587, 1010423, 15588, 463789, 459622, 12070, 29677, 29677, 1863368643
578, 1002407, 381040, 86393, 82299, 377041, 37817, 37817, 1030531935
583, 1001595, 139851, 308757, 304723, 135896, 56184, 56184, 4157613045
590, 1003035, 27489, 443204, 439308, 23812, 34611, 34611, 3346337590
594, 1002993, 29648, 441038, 436716, 25769, 34911, 34911, 1866502695
588, 1001085, 414506, 51792, 48087, 410682, 38009, 38009, 1992458729
589, 1003781, 41928, 427877, 424104, 38048, 35912, 35912, 679043221
592, 1002254, 21930, 447047, 443183, 18246, 35924, 35924, 1003196282
595, 1010228, 25630, 453057, 448953, 22200, 30194, 30194, 879197234
596, 1004863, 24166, 449089, 444880, 20528, 33100, 33100, 525149759
598, 1006289, 29778, 439945, 436123, 26057, 37193, 37193, 2329241135
593, 1007596, 424054, 48298, 44732, 419774, 35369, 35369, 2163476522
600, 1006965, 30132, 446765, 442763, 26661, 30322, 30322, 1683955881
603, 1003762, 22701, 450581, 446552, 18938, 32495, 32495, 1575580952
591, 1002791, 397112, 68247, 64341, 393313, 39889, 39889, 2223591772
599, 1002378, 27753, 440880, 436837, 24098, 36405, 36405, 1803655283
597, 1003598, 431216, 36706, 32888, 427098, 37845, 37845, 3292742056
602, 1007160, 448687, 24777, 21172, 444548, 33988, 33988, 209543159
601, 1000829, 432277, 39529, 35998, 428223, 32401, 32401, 3274966250
604, 1002034, 447035, 24048, 20387, 442816, 33874, 33874, 1283617684
609, 1004315, 420151, 51854, 48078, 415672, 34280, 34280, 1696317260
607, 1001671, 440086, 26522, 22896, 435711, 38228, 38228, 533816538
613, 1002462, 21840, 449106, 445133, 18053, 34165, 34165, 2559536033
608, 1005435, 40040, 432135, 428244, 36478, 34269, 34269, 1937245030
610, 1003679, 59482, 407492, 403654, 55639, 38706, 38706, 408353147
606, 1007445, 452964, 20892, 17300, 448865, 33712, 33712, 3918517847
611, 1006992, 58869, 411690, 407667, 54992, 36887, 36887, 2868402142
605, 1003235, 434672, 38885, 35332, 430790, 31778, 31778, 2289849505
616, 1007206, 22513, 450839, 446803, 18831, 34110, 34110, 1541932722
615, 1003799, 458016, 18588, 15017, 452754, 29712, 29712, 4040062747
612, 1000021, 413577, 54579, 50675, 409334, 35928, 35928, 2229050795
617, 1007495, 454103, 20405, 16764, 449639, 33292, 33292, 1893101384
622, 1006608, 28269, 445579, 440687, 24731, 33671, 33671, 3844206040
614, 1005970, 454857, 21758, 18177, 450952, 30113, 30113, 4140332298
618, 1002481, 433427, 34158, 30482, 429224, 37595, 37595, 3131340498
619, 1003625, 408683, 57366, 53646, 404904, 39513, 39513, 1949435396
621, 1007086, 456189, 20028, 16377, 452158, 31167, 31167, 1750663368
620, 1003861, 442082, 29479, 25675, 438017, 34304, 34304, 3765013025
623, 1001564, 64579, 403213, 398889, 60627, 37128, 37128, 1425341976
626, 1007070, 450145, 26641, 23141, 445897, 30623, 30623, 2799533717
629, 1005916, 448814, 26056, 22391, 444463, 32096, 32096, 1130950915
628, 1005003, 67348, 403082, 399220, 63557, 35898, 35898, 3788116579
627, 1003059, 72155, 393689, 389706, 68217, 39646, 39646, 3037481114
624, 1002418, 447909, 23485, 19623, 443991, 33705, 33705, 3628224783
633, 1006308, 16802, 459449, 455367, 13294, 30698, 30698, 1991557960
630, 999540, 27742, 443517, 439116, 24025, 32570, 32570, 2612230535
632, 1008335, 58078, 411765, 407772, 54262, 38229, 38229, 1130249970
631, 1003015, 34732, 437001, 433135, 30987, 33580, 33580, 74792015
625, 1003457, 86199, 381160, 377273, 82459, 38183, 38183, 1276726035
634, 1004258, 23272, 450422, 446773, 19491, 32150, 32150, 1290344794
635, 1003030, 452612, 20324, 16613, 448095, 32693, 32693, 3317460467
637, 1007320, 18945, 456276, 452133, 15426, 32270, 32270, 1681207605
638, 1006640, 439066, 36498, 32837, 434387, 31926, 31926, 2367212494
641, 1006445, 455093, 19757, 16202, 451183, 32105, 32105, 2642137147
645, 1004467, 457990, 15551, 11886, 453246, 32897, 32897, 2642520862
644, 1003011, 24692, 446593, 442602, 21012, 34056, 34056, 2031240790
636, 998792, 367071, 92327, 88344, 363010, 44020, 44020, 515978438
639, 1006989, 442347, 32828, 29223, 438859, 31866, 31866, 151448701
643, 1001933, 433759, 37395, 33871, 429144, 33882, 33882, 3725660936
647, 1004920, 28370, 444960, 440058, 24680, 33426, 33426, 328199308
649, 1005537, 39592, 431402, 427273, 35920, 35675, 35675, 427325817
642, 1000153, 401235, 62789, 58933, 397338, 39929, 39929, 1755888671
648, 1004549, 29653, 444061, 440002, 25943, 32445, 32445, 2679436672
646, 1003724, 437497, 30729, 27076, 432926, 37748, 37748, 2709814629
640, 1001133, 424542, 36311, 32531, 420817, 43466, 43466, 1350192811
652, 1006049, 32937, 439869, 435709, 29264, 34135, 34135, 86955338
651, 1008871, 463522, 15841, 12489, 459173, 28923, 28923, 2085454143
653, 1008775, 22531, 454075, 450083, 18966, 31560, 31560, 4026833676
655, 1006454, 454421, 22449, 18815, 450305, 30232, 30232, 1670450085
650, 1001936, 429150, 39753, 36128, 425265, 35820, 35820, 1349232537
656, 1001786, 438762, 32157, 28229, 434488, 34075, 34075, 2749449917
660, 1008716, 23270, 454986, 450787, 19639, 30017, 30017, 1512981166
657, 1001396, 455937, 19761, 16165, 451141, 29196, 29196, 4154135670
662, 1004118, 38199, 431706, 427997, 34252, 35982, 35982, 1883353698
661, 1003658, 433851, 33206, 29496, 430165, 38470, 38470, 2832247803
659, 1005530, 388510, 78596, 74660, 384766, 39499, 39499, 2427226786
664, 1006740, 440928, 31565, 27822, 436913, 34756, 34756, 3025858873
654, 1000704, 418157, 39903, 36165, 414169, 46155, 46155, 1017879939
666, 1005865, 455728, 20054, 16414, 450915, 31377, 31377, 82138493
663, 1003963, 141246, 323476, 319423, 137514, 41152, 41152, 3560615273
658, 1004545, 423712, 43410, 39790, 420135, 38749, 38749, 1282838819
669, 1001653, 444851, 27458, 23838, 440132, 32687, 32687, 3840502099
667, 1005434, 439738, 33704, 30059, 435977, 32978, 32978, 1606603742
668, 1008851, 459813, 19273, 15770, 455943, 29026, 29026, 3512603428
665, 1007566, 398639, 73244, 69332, 395035, 35658, 35658, 30412019
670, 1004291, 449018, 19910, 16138, 444795, 37215, 37215, 2206525772
671, 1007149, 26312, 446297, 442525, 22831, 34592, 34592, 2003180279
675, 1001100, 27219, 444818, 440395, 23522, 32573, 32573, 3931713324
672, 1007687, 29788, 442543, 438532, 26166, 35329, 35329, 3805812104
678, 1005441, 24622, 444351, 439797, 20917, 37877, 37877, 3302255743
674, 1007530, 444322, 31683, 28079, 440088, 31679, 31679, 3645609164
673, 999264, 407594, 59407, 55467, 403684, 36556, 36556, 2507996957
680, 1007195, 28878, 446691, 442707, 25269, 31825, 31825, 3557942059
683, 1006617, 18071, 458097, 454120, 14355, 30987, 30987, 641215516
676, 1003543, 428660, 43207, 39529, 424781, 33683, 33683, 791051419
677, 1002208, 389908, 76624, 72962, 385574, 38570, 38570, 3058005954
682, 1005488, 37089, 437055, 432746, 33196, 32701, 32701, 1239844248
679, 1004518, 429532, 40907, 37335, 425762, 35491, 35491, 2464995759
688, 1001404, 45478, 425211, 420973, 41658, 34042, 34042, 3590943564
681, 1001865, 417798, 53301, 49591, 414051, 33562, 33562, 2872511716
687, 1006829, 60422, 412467, 408630, 56824, 34243, 34243, 3861864168
689, 1005772, 462876, 13508, 9932, 459252, 30102, 30102, 4025875076
684, 1001890, 217085, 234120, 230265, 213090, 53665, 53665, 3726501742
686, 1007402, 458629, 18181, 14684, 454790, 30559, 30559, 4170653247
691, 1008841, 19069, 460005, 456386, 15405, 28988, 28988, 1983444217
690, 1003369, 28160, 442978, 439186, 24403, 34321, 34321, 3798493867
695, 1008665, 17916, 460411, 456453, 14351, 29767, 29767, 2410383330
685, 1008146, 430982, 27577, 23838, 427181, 49284, 49284, 1611936435
696, 1007199, 451922, 23941, 20470, 447250, 31808, 31808, 2547611304
698, 1005985, 36787, 436922, 432681, 32923, 33336, 33336, 2902059377
693, 1005178, 52388, 418922, 415074, 48826, 34984, 34984, 590432932
697, 1003207, 444532, 26676, 22970, 440299, 34365, 34365, 2295226412
692, 1004478, 405340, 63314, 59473, 401497, 37427, 37427, 4012417467
699, 1003185, 459114, 15030, 11438, 455379, 31112, 31112, 3013618269
694, 1003541, 23546, 448613, 444904, 19860, 33309, 33309, 1980824539
701, 1003558, 25273, 439402, 435659, 21730, 40747, 40747, 3388834155
700, 1002092, 447414, 25949, 22134, 443585, 31505, 31505, 570173975
703, 1005714, 437627, 32073, 28516, 433204, 37147, 37147, 1541146659
702, 1003690, 435815, 26738, 22862, 432307, 42984, 42984, 3373000104
709, 1005473, 440751, 31078, 27371, 436223, 35025, 35025, 3450021359
707, 1002584, 33687, 437760, 433481, 29758, 33949, 33949, 2892677680
704, 1006400, 459391, 16563, 12930, 455538, 30989, 30989, 253780395
710, 1008039, 459293, 16991, 13498, 455365, 31446, 31446, 2001406945
705, 1001799, 444572, 26138, 22402, 440789, 33949, 33949, 688595690
708, 1004812, 446232, 21769, 18257, 441516, 38519, 38519, 2778578220
712, 1005295, 19915, 445203, 441155, 16376, 41323, 41323, 2562723949
706, 1000871, 419755, 43658, 40023, 415571, 40932, 40932, 3854161902
711, 1005666, 430355, 28933, 25377, 426671, 47165, 47165, 3023847523
718, 1005812, 15688, 460792, 456794, 12062, 30238, 30238, 360332767
714, 1006148, 49891, 420611, 416752, 46288, 36303, 36303, 3803888330
713, 1009259, 32430, 441631, 437892, 28804, 34251, 34251, 2592663824
715, 1003666, 429500, 40050, 36273, 425873, 35985, 35985, 3119772913
717, 1005626, 395979, 75123, 71544, 392232, 35374, 35374, 194863651
716, 1001536, 412100, 55187, 51365, 407778, 37553, 37553, 3644424278
720, 1004510, 455495, 20451, 16859, 451331, 30187, 30187, 4077518730
721, 1005814, 455671, 19637, 16060, 451312, 31567, 31567, 818873668
722, 1004859, 45263, 422864, 419071, 41493, 38084, 38084, 1183404578
723, 1005862, 455874, 20267, 16716, 451171, 30917, 30917, 2204123082
727, 1002797, 430298, 39077, 35382, 426330, 35855, 35855, 4282327474
719, 1008210, 26460, 446706, 442909, 22931, 34602, 34602, 1521777614
725, 1004336, 450480, 23372, 19683, 446115, 32343, 32343, 3765415862
729, 1006934, 458748, 18780, 15349, 453497, 30280, 30280, 1767490403
724, 1004820, 138822, 326897, 322871, 134990, 40620, 40620, 2836704642
728, 1005101, 433780, 36583, 32792, 429840, 36053, 36053, 3599666506
732, 1006139, 40393, 433813, 429649, 36760, 32762, 32762, 2234944276
726, 1004004, 242205, 218884, 214934, 238239, 44871, 44871, 2055992692
737, 1003376, 19789, 453874, 449911, 16308, 31747, 31747, 431976086
730, 1006517, 27247, 447964, 444335, 23855, 31558, 31558, 3788625122
731, 1004531, 416095, 54421, 50701, 412378, 35468, 35468, 2658607482
742, 1006305, 18040, 459888, 455699, 14584, 29047, 29047, 1254252901
735, 1006466, 423076, 50177, 46488, 418961, 33882, 33882, 1607273966
738, 1006991, 453124, 21677, 18059, 449363, 32384, 32384, 2318414767
733, 1001360, 60482, 409244, 405407, 56627, 34800, 34800, 3740658430
736, 1005234, 400025, 66794, 63061, 396128, 39613, 39613, 812051045
739, 1003944, 446570, 26939, 23348, 442703, 32192, 32192, 3119143796
734, 1004499, 438098, 35807, 32169, 434319, 32053, 32053, 1676779296
745, 1003682, 442343, 31337, 27697, 437495, 32405, 32405, 3664373033
744, 1007142, 85815, 378565, 374046, 82166, 43275, 43275, 1387981328
740, 1004481, 402543, 66967, 63399, 398942, 36315, 36315, 2258136850
741, 1004932, 426778, 46016, 42233, 423001, 33452, 33452, 22090559
743, 1001252, 442981, 25060, 21220, 438935, 36528, 36528, 125033902
746, 1005092, 444803, 29188, 25559, 440532, 32505, 32505, 3320374214
747, 1008305, 454311, 20777, 17175, 450506, 32768, 32768, 1297732734
755, 1004167, 16889, 459513, 455021, 13294, 29725, 29725, 561816849
752, 1003997, 23197, 452773, 448396, 19613, 30009, 30009, 3828992407
748, 1006789, 403515, 65935, 62338, 399635, 37683, 37683, 1685506399
749, 1003469, 444803, 28083, 24343, 440752, 32744, 32744, 3704769009
754, 1005638, 83832, 386607, 382571, 79978, 36325, 36325, 3006093592
751, 1006597, 22173, 451145, 447217, 18480, 33791, 33791, 4150500639
753, 1007972, 149604, 313868, 310237, 145723, 44270, 44270, 3568462609
757, 1005938, 453342, 21016, 17348, 449530, 32351, 32351, 607320094
759, 1004943, 461426, 15043, 11487, 457051, 29968, 29968, 2487192694
758, 1006944, 31741, 441452, 437685, 28140, 33963, 33963, 4179029320
750, 1003372, 441571, 28576, 24919, 437656, 35325, 35325, 3180452558
765, 1006261, 32672, 438376, 434051, 29028, 36067, 36067, 2505777222
761, 1001503, 401096, 66184, 62475, 396666, 37541, 37541, 3805818255
764, 1000899, 448835, 23344, 19612, 444020, 32544, 32544, 107677128
763, 1005087, 405682, 64395, 60878, 401444, 36344, 36344, 3554615371
762, 1005552, 85063, 381403, 377629, 81333, 40062, 40062, 1270018441
756, 998242, 304318, 156429, 152501, 300512, 42241, 42241, 565553511
760, 1003953, 39716, 431628, 427738, 35969, 34451, 34451, 1183064142
767, 1001731, 439596, 31554, 27890, 435363, 33664, 33664, 1517277236
769, 1005383, 23966, 449120, 445281, 20342, 33337, 33337, 1785728510
768, 1003330, 457713, 17560, 13989, 453430, 30319, 30319, 1787245191
771, 1005058, 24084, 448667, 443693, 20284, 34165, 34165, 181824464
770, 1002237, 30294, 440622, 436743, 26454, 34062, 34062, 1628505420
766, 1004341, 297685, 167573, 163763, 293754, 40783, 40783, 3346793194
773, 1001607, 62627, 402799, 398717, 58796, 39334, 39334, 2443031595
772, 1003026, 446927, 24414, 20677, 442800, 34104, 34104, 1916801061
777, 1002914, 48547, 421629, 417213, 44847, 35339, 35339, 582568406
775, 1006389, 429807, 42108, 38552, 425612, 35155, 35155, 3683480345
774, 1005126, 446241, 26876, 23218, 442519, 33136, 33136, 1558852817
782, 1007392, 24126, 451762, 447908, 20676, 31460, 31460, 3651362914
781, 1006871, 50538, 422003, 417952, 46876, 34751, 34751, 170086083
776, 1003485, 450001, 24150, 20620, 445646, 31534, 31534, 2428262378
779, 1006958, 34427, 440612, 436954, 30725, 32120, 32120, 4117550996
786, 1002355, 15848, 458768, 454529, 12078, 30566, 30566, 125474082
783, 1000591, 26336, 444030, 440057, 22328, 33920, 33920, 3192495507
780, 1006500, 260424, 206622, 202834, 256444, 40088, 40088, 1712054246
789, 1005354, 25174, 447379, 442645, 21468, 34344, 34344, 3474725849
785, 1003541, 452368, 21575, 17793, 448035, 31885, 31885, 257101379
784, 1001837, 424668, 43159, 39393, 420791, 36913, 36913, 1848733337
778, 1001885, 436596, 34867, 31134, 432386, 33451, 33451, 975873826
788, 1004456, 49497, 420266, 416007, 45724, 36481, 36481, 2888828297
787, 1001277, 389778, 71443, 67530, 385718, 43404, 43404, 1967296895
790, 1002539, 438639, 32845, 28980, 434439, 33818, 33818, 2454831854
791, 999435, 436703, 33398, 29618, 432048, 33834, 33834, 1800394956
794, 1003075, 38614, 431190, 427324, 34781, 35583, 35583, 1528024991
797, 1003380, 31686, 432835, 428849, 27732, 41139, 41139, 2896422852
802, 1005418, 19427, 455477, 451445, 15781, 31644, 31644, 208321807
793, 1004801, 441047, 31482, 27880, 436654, 33869, 33869, 1151892433
792, 1000876, 427075, 42891, 39229, 422949, 34366, 34366, 3178353526
796, 1008358, 69964, 401602, 397267, 66385, 36570, 36570, 1740017143
795, 1004946, 428908, 43064, 39107, 424879, 34494, 34494, 3546491156
798, 1004271, 447175, 26225, 22416, 443511, 32472, 32472, 479281266
801, 1003737, 40175, 429699, 425851, 36548, 35732, 35732, 2449789085
800, 1006861, 48734, 420922, 417064, 45179, 37481, 37481, 939424155
804, 1001425, 21934, 449507, 445387, 18179, 33209, 33209, 3754841923
803, 1005873, 414301, 53739, 49912, 410745, 38588, 38588, 1279207536
805, 1007162, 31817, 439763, 435600, 28228, 35877, 35877, 809966493
799, 1003772, 76034, 340548, 336579, 72345, 89133, 89133, 416356857
808, 1002379, 442277, 29324, 25748, 437526, 33752, 33752, 3370912892
807, 1006660, 432201, 37259, 33517, 428349, 37667, 37667, 429422831
814, 1001186, 25907, 446586, 442033, 22150, 32255, 32255, 1012260337
806, 1007569, 430822, 43512, 39840, 426059, 33668, 33668, 4050518635
810, 1006528, 51575, 417709, 413450, 47766, 38014, 38014, 1189725017
809, 1006030, 434487, 39408, 35606, 429971, 33279, 33279, 3462585614
812, 1002140, 441203, 29425, 25928, 436876, 34354, 34354, 997581612
813, 1008492, 32349, 443860, 440288, 28739, 31628, 31628, 3463980523
818, 1005915, 39004, 433937, 430084, 35386, 33752, 33752, 2621084030
815, 1001480, 436742, 33807, 30151, 432826, 33977, 33977, 2717991787
811, 1006057, 32318, 440974, 437246, 28731, 33394, 33394, 3438433446
816, 1008056, 301166, 162438, 158840, 297252, 44180, 44180, 3864936407
817, 1003854, 413192, 53158, 49309, 409211, 39492, 39492, 47418479
824, 1006293, 20289, 455170, 451384, 16588, 31431, 31431, 3460201912
820, 1006313, 442651, 31367, 27695, 439014, 32793, 32793, 2599748477
822, 1002270, 447911, 24163, 20254, 443524, 33209, 33209, 2629615074
823, 1003440, 57844, 412905, 408648, 54237, 34903, 34903, 3316565231
827, 1001819, 19094, 454889, 450572, 15486, 30889, 30889, 472911348
819, 1002129, 412289, 56803, 52945, 408294, 35899, 35899, 3714363527
825, 1001111, 105711, 357119, 352948, 101553, 41890, 41890, 1088622050
821, 1004432, 395596, 67303, 63576, 391405, 43276, 43276, 132017524
828, 1003539, 458131, 18357, 14678, 453915, 29229, 29229, 1527480614
826, 1001884, 397262, 72040, 68270, 393266, 35523, 35523, 2509225464
830, 1003330, 450547, 24345, 20734, 445806, 30949, 30949, 1183212708
829, 1006223, 457981, 18140, 14578, 453510, 31007, 31007, 3880272791
831, 1004273, 28072, 441945, 438110, 24294, 35926, 35926, 610379093
834, 1007783, 22889, 450678, 446906, 19216, 34047, 34047, 1132453832
841, 1006110, 21779, 453531, 449251, 18101, 31724, 31724, 1617692058
839, 1007458, 19536, 457875, 453858, 15889, 30150, 30150, 293814520
837, 1004868, 23957, 451312, 447500, 20379, 30860, 30860, 3005067247
833, 1003507, 299328, 164438, 160671, 295210, 41930, 41930, 2515778661
835, 1001769, 41144, 429655, 425762, 37308, 33950, 33950, 667312109
838, 1005678, 451334, 22986, 19440, 447106, 32406, 32406, 388572761
844, 1002932, 26666, 444560, 439782, 22802, 34561, 34561, 1197385890
840, 1009172, 25948, 449646, 445746, 22428, 32702, 32702, 580239339
836, 1004707, 453599, 21976, 18366, 449472, 30647, 30647, 512750331
832, 1003039, 160067, 302659, 298944, 156171, 42599, 42599, 3778259381
845, 1006375, 37737, 435664, 431850, 34236, 33444, 33444, 1130096769
842, 1008074, 447109, 26107, 22417, 443127, 34657, 34657, 3315471361
846, 1003440, 449747, 22419, 18760, 445756, 33379, 33379, 517526620
857, 1007367, 20718, 454800, 449913, 17022, 32457, 32457, 4279577289
847, 1004367, 426975, 44215, 40412, 422739, 35013, 35013, 3220717867
843, 1002995, 422267, 47858, 43990, 418546, 35167, 35167, 191685366
851, 1004243, 30116, 442816, 438709, 26346, 33128, 33128, 4071068267
853, 1001795, 18326, 453392, 449468, 14793, 32908, 32908, 3212513093
848, 1006067, 440449, 33122, 29423, 436155, 33459, 33459, 2066177388
849, 1004995, 449428, 23088, 19441, 445342, 33848, 33848, 1063424719
859, 1001374, 24912, 447231, 442606, 21227, 32699, 32699, 173949620
854, 1006695, 41144, 422697, 418881, 37439, 43267, 43267, 2663526368
855, 1006261, 23709, 446798, 443037, 20075, 36321, 36321, 2185124637
856, 1002899, 447678, 26660, 23085, 442352, 31562, 31562, 3418328718
850, 1001241, 436593, 32050, 28165, 432667, 35883, 35883, 838884710
864, 1002206, 26609, 445566, 440843, 22906, 33141, 33141, 937107455
858, 1002557, 55237, 410849, 407122, 51559, 38895, 38895, 3427906019
861, 1005080, 431296, 42227, 38506, 426809, 33121, 33121, 1392063947
852, 1003372, 284890, 176550, 172918, 281108, 43953, 43953, 2056176690
862, 1002304, 446019, 22723, 19024, 441758, 36390, 36390, 4200720976
863, 1006799, 33071, 438684, 434923, 29429, 35346, 35346, 945216463
865, 999487, 449653, 22120, 18451, 444095, 32584, 32584, 1892642402
860, 1002878, 433081, 37065, 33248, 429326, 35079, 35079, 135836753
872, 1005909, 43675, 427344, 422928, 40032, 35965, 35965, 819935996
866, 1001120, 26653, 445024, 441175, 22794, 32737, 32737, 64939874
868, 1007016, 443867, 32322, 28707, 440022, 31049, 31049, 2286655863
869, 1003509, 66904, 402861, 399145, 62837, 35881, 35881, 3347715207
870, 1003759, 431862, 35975, 32275, 427761, 37943, 37943, 1610201129
867, 1002183, 430888, 39598, 35985, 426630, 34541, 34541, 3730004441
875, 1003107, 457722, 16127, 12487, 453101, 31835, 31835, 1690526785
871, 1005627, 458743, 17850, 14268, 454566, 30100, 30100, 2483301059
874, 1006655, 452897, 20358, 16799, 448869, 33866, 33866, 888146762
876, 1004323, 448423, 25763, 22076, 444581, 31740, 31740, 2739885851
873, 1004769, 449886, 24431, 20706, 446236, 31755, 31755, 1685483583
877, 1008809, 460388, 16445, 13000, 455944, 31516, 31516, 3114741597
878, 1005144, 20901, 453755, 449678, 17310, 31750, 31750, 2740126080
879, 1008290, 455524, 21576, 18013, 450939, 31119, 31119, 785419046
880, 1002341, 71792, 397292, 392958, 67821, 36239, 36239, 866256725
886, 1006424, 22499, 455394, 450976, 18833, 29361, 29361, 90113957
881, 1000424, 442682, 28851, 25147, 438352, 32696, 32696, 317226765
888, 1002811, 19717, 454117, 449437, 15904, 31818, 31818, 2712875547
884, 1008408, 455981, 22056, 18563, 451608, 30100, 30100, 2534081154
882, 1003552, 451864, 20985, 17290, 447465, 32974, 32974, 980410300
890, 1004913, 14558, 463642, 458848, 10959, 28453, 28453, 2804771151
883, 1003044, 442880, 23528, 19659, 438835, 39071, 39071, 39392586
885, 1005631, 27866, 445937, 441844, 24110, 32937, 32937, 3748369262
895, 1003476, 21428, 451017, 446931, 17650, 33225, 33225, 541528979
893, 1007747, 17244, 460123, 456105, 13837, 30219, 30219, 2162231812
892, 1006239, 455857, 19104, 15612, 451654, 32006, 32006, 2560042278
891, 1006090, 430464, 43209, 39463, 426406, 33274, 33274, 2562294970
887, 1004482, 373442, 92793, 89071, 369612, 39782, 39782, 2440550751
889, 1000599, 58462, 405357, 401577, 54517, 40343, 40343, 2222263302
894, 1004113, 25235, 445653, 441885, 21474, 34933, 34933, 336931306
896, 1003965, 435529, 38003, 34284, 431219, 32465, 32465, 2388128
898, 1006835, 21095, 453836, 450141, 17659, 32052, 32052, 393148675
904, 1007635, 452232, 22929, 19277, 448295, 32451, 32451, 3185130700
897, 1002877, 200226, 266192, 262219, 196314, 38963, 38963, 2391963239
903, 1006181, 53105, 418956, 414541, 49453, 35063, 35063, 2894455439
906, 1003420, 32908, 435060, 430809, 29193, 37725, 37725, 3197447696
900, 1007236, 50090, 420108, 416428, 46610, 37000, 37000, 330058184
899, 1005311, 455156, 20472, 16948, 451095, 30820, 30820, 346159688
907, 1002978, 16123, 458386, 454260, 12509, 30850, 30850, 3415704316
901, 1002188, 147120, 316322, 312411, 143063, 41636, 41636, 1724578306
905, 998211, 374630, 91352, 87306, 370577, 37173, 37173, 923411421
902, 1008841, 442402, 32786, 29125, 438634, 32947, 32947, 2693916704
908, 1005730, 419567, 51471, 47655, 415299, 35869, 35869, 3361681849
917, 1000669, 22960, 449867, 445422, 19266, 31577, 31577, 704501011
910, 1002729, 434771, 35618, 31836, 431012, 34746, 34746, 2048287532
914, 1004364, 441608, 31158, 27653, 436925, 33510, 33510, 1683792926
912, 1003091, 34833, 435832, 432031, 31123, 34636, 34636, 2052794545
915, 998167, 439876, 29594, 25580, 435481, 33818, 33818, 3978365111
922, 1006825, 451041, 25189, 21710, 445725, 31580, 31580, 3362260233
909, 1002775, 361499, 103774, 99995, 357509, 39999, 39999, 1528337649
916, 1006053, 446534, 28660, 25081, 442272, 31753, 31753, 2784093801
913, 1006509, 36566, 433941, 430173, 32753, 36538, 36538, 4286513014
921, 1001818, 26448, 438432, 434522, 22708, 39854, 39854, 3665906889
918, 1000718, 34836, 434465, 430586, 31179, 34826, 34826, 790157006
923, 1005552, 35741, 438680, 434630, 32153, 32174, 32174, 4175727933
920, 1004044, 103412, 356789, 352695, 99534, 45807, 45807, 2420423088
919, 1003990, 24948, 449850, 445804, 21188, 31100, 31100, 2140857035
911, 1001726, 421174, 47617, 43838, 417185, 35956, 35956, 2290589168
924, 1006672, 21982, 452953, 449149, 18426, 32081, 32081, 2459599961
926, 1004537, 284682, 181594, 177620, 280529, 40056, 40056, 649298824
935, 1003212, 48297, 423141, 418788, 44368, 34309, 34309, 2287543683
927, 1003649, 37249, 434944, 431230, 33568, 33329, 33329, 278318181
925, 1004808, 20747, 453767, 449916, 17166, 31606, 31606, 2651114094
928, 1002325, 457114, 17924, 14235, 453094, 29979, 29979, 1109365567
929, 1006258, 188633, 271224, 267191, 184914, 47148, 47148, 1330072100
930, 1001656, 448003, 25146, 21522, 443623, 31681, 31681, 2964335708
938, 1003798, 19446, 456321, 452419, 15774, 29919, 29919, 2134871696
931, 1005989, 455063, 21786, 17994, 451248, 29949, 29949, 3313279698
936, 999309, 31273, 438883, 434877, 27510, 33383, 33383, 2133958657
934, 1006078, 39273, 433073, 428685, 35685, 34681, 34681, 1044786026
937, 1001558, 449776, 23617, 19767, 445586, 31406, 31406, 2717368504
933, 1005966, 216082, 249477, 245355, 212228, 41412, 41412, 2250369182
932, 1005978, 388824, 82782, 79011, 384893, 35234, 35234, 3342109008
939, 1003730, 354064, 109780, 106021, 349821, 42022, 42022, 1042987739
940, 1009361, 445759, 30272, 26769, 441405, 32578, 32578, 2416603609
942, 1003401, 51030, 420658, 416253, 47248, 34106, 34106, 2830371975
943, 1006356, 48631, 424129, 419991, 44945, 34330, 34330, 3321004185
944, 1004225, 457848, 18004, 14391, 453598, 30192, 30192, 1701370657
946, 1003058, 427226, 43275, 39468, 422811, 35139, 35139, 2011868882
945, 1005887, 387168, 81383, 77636, 382836, 38432, 38432, 1746044145
941, 1006030, 442543, 27752, 24054, 438713, 36484, 36484, 3436952898
949, 1003051, 27176, 434973, 431029, 23461, 43206, 43206, 3615162568
948, 1003761, 26140, 447493, 443779, 22313, 32018, 32018, 1235778215
951, 1006554, 24921, 449781, 445879, 21443, 32265, 32265, 2020391836
955, 1001275, 27852, 443593, 439241, 24037, 33276, 33276, 2236030562
950, 1005528, 437042, 35002, 31280, 433236, 34484, 34484, 2886504863
954, 1006064, 17415, 459889, 456100, 13832, 29414, 29414, 639889657
953, 1005482, 43090, 428892, 425046, 39276, 34589, 34589, 4290207575
957, 1002882, 47073, 423678, 419443, 43386, 34651, 34651, 194351197
952, 1003503, 435165, 37986, 34316, 431384, 32326, 32326, 1544982377
947, 1004878, 18918, 454315, 450498, 15179, 32984, 32984, 3738241373
956, 1002809, 121102, 346711, 342612, 117218, 37583, 37583, 1642440855
958, 1004981, 436509, 35445, 31513, 432618, 34448, 34448, 3680595869
959, 1008826, 455507, 19085, 15649, 451513, 33536, 33536, 2519711965
961, 1005854, 459315, 16964, 13469, 454954, 30576, 30576, 1314583297
967, 1004351, 18711, 455022, 450190, 15058, 32685, 32685, 2288831909
960, 1003111, 22636, 446041, 442145, 18899, 36695, 36695, 625206791
966, 1004759, 17668, 457425, 453054, 14040, 31286, 31286, 3392517822
963, 1006092, 437683, 33983, 30263, 433419, 35372, 35372, 2528340047
964, 1000161, 72827, 392056, 387900, 68898, 39240, 39240, 2415503352
968, 1002744, 450069, 23145, 19463, 446131, 31968, 31968, 823287229
971, 1006239, 450278, 25570, 22017, 446144, 31115, 31115, 1386678013
973, 1005578, 15580, 462705, 458396, 11945, 28476, 28476, 2825626275
970, 1003426, 41185, 429413, 425393, 37321, 35057, 35057, 1711855235
972, 1004875, 432140, 39857, 36191, 428417, 34135, 34135, 1427628976
969, 1007947, 383259, 84620, 80913, 379491, 39832, 39832, 2308852770
965, 1006500, 440056, 32552, 28775, 436339, 34389, 34389, 739980711
962, 1004853, 199292, 268399, 264578, 195426, 38579, 38579, 1466140958
975, 1006951, 446132, 30388, 26759, 441362, 31155, 31155, 1127701282
974, 1005211, 155856, 308845, 304659, 152211, 41820, 41820, 3165219317
976, 1001973, 393099, 69343, 65408, 389103, 42510, 42510, 1193802781
982, 1001125, 23890, 445224, 440592, 20041, 35689, 35689, 3814768349
978, 1006286, 456530, 19090, 15488, 452594, 31292, 31292, 1881422550
984, 999824, 445906, 21731, 17970, 441221, 36498, 36498, 2873790370
980, 1006793, 455430, 21454, 17801, 451286, 30411, 30411, 4080610441
979, 1001699, 391836, 73795, 69991, 387893, 39092, 39092, 1077251591
983, 1003372, 18791, 450191, 446297, 15113, 36490, 36490, 3729481718
981, 1006129, 30283, 434381, 430571, 26502, 42196, 42196, 2052375921
985, 1005814, 450227, 24811, 21147, 446449, 31590, 31590, 1073313386
977, 1005061, 438304, 34711, 31120, 434630, 33148, 33148, 1801312206
989, 1005153, 22264, 448343, 444344, 18648, 35777, 35777, 4255239047
993, 1002755, 21431, 447364, 442237, 17779, 36972, 36972, 255496317
987, 1004648, 54071, 414940, 410870, 50383, 37192, 37192, 4006140749
988, 1000138, 421741, 47755, 43929, 417125, 34794, 34794, 3599335999
986, 1005824, 442336, 30033, 26429, 438334, 34346, 34346, 3961445702
991, 1003987, 38754, 433956, 429498, 35087, 33346, 33346, 1914467522
990, 1005252, 418330, 51633, 47950, 414503, 36418, 36418, 2609964423
994, 1004628, 45739, 426889, 422998, 41894, 33554, 33554, 1533983155
997, 1006471, 458509, 18474, 14943, 454063, 30241, 30241, 3050578235
992, 1005811, 419756, 51428, 47727, 416144, 35378, 35378, 971050574
998, 1000887, 40670, 427514, 423508, 36861, 36167, 36167, 2475574173
996, 1004377, 447095, 25576, 21861, 442959, 33443, 33443, 1441061495
999, 1004394, 36851, 435872, 432028, 33279, 33182, 33182, 3014821675
995, 1004167, 67476, 402624, 398922, 63477, 35834, 35834, 2449886653
