sample_id, N_LCC, N_A_1_LCC, N_B_1_LCC, N_A_0_LCC, N_B_0_LCC, N_A_*_LCC, N_B_*_LCC, seed
8, 542253, 104880, 108867, 99331, 95753, 66711, 66711, 1841633396
5, 540909, 104769, 108255, 98993, 95674, 66609, 66609, 4108348368
10, 538628, 104682, 107090, 97978, 95578, 66650, 66650, 2578019298
11, 541701, 105711, 107414, 98005, 96475, 67048, 67048, 4013663895
9, 541256, 105874, 108316, 98988, 96478, 65800, 65800, 3213659779
6, 541162, 104901, 110997, 101496, 95592, 64088, 64088, 4016138223
1, 538247, 104894, 105308, 96179, 95564, 68151, 68151, 1873606930
3, 540812, 107498, 106775, 97615, 98306, 65309, 65309, 2304598678
0, 537672, 107416, 103245, 94069, 98012, 67465, 67465, 2539561396
4, 536827, 106270, 104539, 95152, 96978, 66944, 66944, 1857402823
7, 540645, 109194, 104936, 95679, 99860, 65488, 65488, 914993206
2, 539166, 104164, 107211, 97740, 94891, 67580, 67580, 585195027
12, 535981, 106500, 105619, 96265, 96955, 65321, 65321, 2206686377
18, 542172, 104816, 107482, 98107, 95707, 68030, 68030, 1153287320
13, 541029, 104912, 109414, 100114, 95849, 65370, 65370, 4270520362
15, 540979, 108390, 104380, 95135, 98796, 67139, 67139, 3552257554
21, 545784, 107105, 109478, 100265, 97872, 65532, 65532, 917095332
14, 541586, 107051, 105963, 96908, 97730, 66967, 66967, 1351294246
16, 537788, 108776, 103865, 94679, 99462, 65503, 65503, 401103224
17, 539714, 106285, 107670, 98279, 96772, 65354, 65354, 1090271075
20, 539409, 108340, 102712, 93604, 99061, 67846, 67846, 1771587362
19, 542702, 108304, 107564, 98186, 99124, 64762, 64762, 340612905
22, 542668, 108627, 106274, 97163, 99372, 65616, 65616, 3828436468
23, 541157, 106385, 106072, 96734, 97188, 67389, 67389, 131679380
25, 540738, 106068, 105338, 96021, 96799, 68256, 68256, 694972416
24, 539957, 107914, 103506, 94392, 98543, 67801, 67801, 1289187316
27, 540201, 107606, 108915, 99589, 98041, 63025, 63025, 3224346980
26, 543056, 106265, 107922, 98410, 97169, 66645, 66645, 334951060
31, 541644, 107462, 107301, 97983, 98210, 65344, 65344, 2594964843
29, 540642, 105887, 109315, 99945, 96731, 64382, 64382, 4263057070
28, 539095, 105256, 106508, 97257, 96044, 67015, 67015, 734399431
30, 545592, 105874, 108828, 99499, 96883, 67254, 67254, 2614690656
33, 536112, 107425, 102409, 93183, 98119, 67488, 67488, 3623188134
32, 542563, 106874, 107499, 98172, 97438, 66290, 66290, 3560074385
34, 539146, 105328, 106631, 97244, 96345, 66799, 66799, 2769790670
35, 539510, 104924, 105764, 96627, 95789, 68203, 68203, 3816726121
36, 540479, 109502, 104693, 95769, 100039, 65238, 65238, 3438488465
37, 543333, 110364, 104818, 95810, 101149, 65596, 65596, 1692929852
41, 537830, 103746, 107229, 97821, 94610, 67212, 67212, 691774215
42, 535452, 103196, 106333, 96981, 93954, 67494, 67494, 337504965
38, 538678, 108267, 103337, 94289, 98885, 66950, 66950, 913534181
40, 541510, 107528, 105376, 96212, 98258, 67068, 67068, 2255225442
39, 542440, 109764, 103464, 94505, 100443, 67132, 67132, 1043288494
44, 539178, 105662, 107540, 98359, 96543, 65537, 65537, 665343462
45, 542062, 104182, 110349, 101075, 94914, 65771, 65771, 2584265192
43, 537276, 109082, 103650, 94744, 99804, 64998, 64998, 2536990808
46, 538474, 106772, 105868, 96533, 97483, 65909, 65909, 1542115420
47, 538065, 105649, 107862, 98531, 96281, 64871, 64871, 1450436717
48, 542661, 105564, 109357, 99805, 96393, 65771, 65771, 4239201007
49, 543401, 103676, 109628, 100243, 94538, 67658, 67658, 1540958362
54, 541141, 107387, 108298, 99020, 98150, 64143, 64143, 3102874487
50, 539623, 104092, 108806, 99232, 95111, 66191, 66191, 3847189575
53, 534128, 108095, 103563, 94517, 98653, 64650, 64650, 3534866678
52, 541419, 107939, 104972, 96038, 98798, 66836, 66836, 1719944737
51, 539174, 104660, 107128, 97747, 95679, 66980, 66980, 2631913579
55, 538672, 105771, 106724, 97518, 96599, 66030, 66030, 3670026592
56, 539778, 107939, 103212, 94221, 98596, 67905, 67905, 4284454278
57, 541418, 107901, 104433, 95155, 98965, 67482, 67482, 3793877977
59, 537294, 106726, 104010, 94767, 97453, 67169, 67169, 3378897046
58, 540416, 107513, 105189, 95897, 98153, 66832, 66832, 3415375835
60, 536129, 106693, 103894, 94472, 97326, 66872, 66872, 1545668344
61, 538651, 102804, 107851, 98446, 93698, 67926, 67926, 3580663236
64, 542244, 107138, 105351, 96107, 97898, 67875, 67875, 2204966012
62, 542315, 107807, 101733, 92741, 98532, 70751, 70751, 2867200744
63, 539407, 105738, 106771, 97506, 96464, 66464, 66464, 732291896
65, 546334, 110433, 105061, 96205, 101257, 66689, 66689, 3558845405
66, 540149, 107414, 105586, 96296, 98237, 66308, 66308, 3422975577
68, 541579, 107778, 106602, 97493, 98494, 65606, 65606, 2768826777
67, 542475, 104689, 108095, 98905, 95704, 67541, 67541, 4292774755
69, 536560, 106202, 104676, 95692, 96856, 66567, 66567, 3162906409
71, 540079, 111776, 100784, 91875, 102326, 66659, 66659, 4222016997
70, 541288, 108441, 105273, 96210, 99266, 66049, 66049, 2138368645
72, 542293, 108466, 104503, 95495, 99237, 67296, 67296, 3348390759
73, 539900, 105801, 106226, 96991, 96390, 67246, 67246, 200576875
76, 542183, 105453, 108526, 99255, 96293, 66328, 66328, 663760928
75, 540799, 107164, 105706, 96366, 97683, 66940, 66940, 2632538595
77, 540781, 103327, 109998, 100379, 94149, 66464, 66464, 1438387690
79, 538137, 102430, 110699, 101142, 93542, 65162, 65162, 2523082333
74, 539651, 103202, 109685, 100205, 94167, 66196, 66196, 3811179458
80, 540948, 102852, 109815, 100415, 93838, 67014, 67014, 240805530
78, 540184, 104126, 108239, 98672, 95195, 66976, 66976, 2416050457
81, 536237, 104637, 106334, 97097, 95487, 66341, 66341, 1556549536
82, 542982, 104763, 109498, 100068, 95485, 66584, 66584, 1432158495
83, 541831, 108550, 102829, 93872, 99304, 68638, 68638, 826155391
84, 537713, 107993, 102696, 93575, 98781, 67334, 67334, 2121039530
85, 538330, 105059, 105942, 96664, 95895, 67385, 67385, 1150044195
88, 539814, 105473, 108388, 99312, 96417, 65112, 65112, 3819380615
87, 539009, 104642, 106518, 97264, 95397, 67594, 67594, 142355254
90, 538458, 104008, 106994, 97551, 94939, 67483, 67483, 391855839
89, 541428, 106198, 107735, 98213, 96970, 66156, 66156, 1148716332
92, 539864, 106504, 107697, 98686, 97339, 64819, 64819, 3363548915
91, 540350, 106270, 107382, 98076, 96924, 65849, 65849, 313973276
86, 541128, 107550, 105629, 96561, 98310, 66539, 66539, 3359741713
93, 539709, 108946, 104002, 95199, 99548, 66007, 66007, 1600143289
95, 541225, 107452, 106713, 97497, 98169, 65697, 65697, 3036645920
94, 541942, 105327, 108921, 99515, 96147, 66016, 66016, 518389598
96, 539355, 107187, 103859, 94695, 98024, 67795, 67795, 1735931726
97, 539125, 107476, 104974, 95588, 98191, 66448, 66448, 3188983882
98, 539449, 104920, 106898, 97488, 95785, 67179, 67179, 700165155
100, 541490, 107377, 106534, 97350, 98315, 65957, 65957, 2282143544
99, 539955, 107324, 105931, 96886, 98168, 65823, 65823, 129832819
101, 540251, 107649, 105234, 96135, 98423, 66405, 66405, 3507609993
102, 539426, 109030, 104058, 94944, 99706, 65844, 65844, 1893147566
103, 543143, 108635, 105788, 96596, 99114, 66505, 66505, 2329372118
104, 540579, 106201, 106641, 97330, 97223, 66592, 66592, 2646712523
105, 536596, 104116, 107882, 98869, 95035, 65347, 65347, 975873717
106, 541225, 108737, 104077, 95079, 99654, 66839, 66839, 865390201
107, 538811, 106543, 106257, 97257, 97196, 65779, 65779, 3084919449
108, 539410, 106643, 106299, 97147, 97261, 66030, 66030, 1816796873
109, 542331, 105772, 107306, 98164, 96733, 67178, 67178, 2032644609
110, 539427, 108102, 103824, 94531, 98792, 67089, 67089, 1440939522
111, 542667, 106795, 106104, 97081, 97655, 67516, 67516, 2514675173
112, 540607, 108652, 100753, 91711, 99319, 70086, 70086, 1889639682
115, 546408, 104719, 111878, 102642, 95467, 65851, 65851, 1468652276
114, 541014, 108890, 105130, 96185, 99765, 65522, 65522, 1085138527
113, 538661, 104609, 107888, 98527, 95555, 66041, 66041, 3017671082
116, 538756, 108803, 105509, 96302, 99548, 64297, 64297, 3268273628
117, 538860, 104722, 108031, 98645, 95722, 65870, 65870, 3143090975
119, 540738, 106294, 106825, 97411, 97092, 66558, 66558, 3558959374
118, 539208, 110079, 103223, 94206, 100784, 65458, 65458, 1633456624
120, 537471, 101985, 111680, 102321, 92873, 64306, 64306, 3042330644
121, 538913, 105537, 106870, 97994, 96422, 66045, 66045, 4000257573
122, 542437, 105750, 109029, 99718, 96548, 65696, 65696, 2789343766
124, 536699, 105099, 107825, 98359, 95664, 64876, 64876, 3935572497
123, 540185, 105658, 106478, 97231, 96538, 67140, 67140, 2684304334
125, 542298, 106200, 105317, 96143, 97140, 68749, 68749, 1685491862
126, 540759, 103929, 108481, 99046, 94629, 67337, 67337, 331723468
128, 536792, 105344, 106421, 96816, 96033, 66089, 66089, 3492613418
127, 539082, 106719, 107376, 97965, 97458, 64782, 64782, 2067663216
129, 540229, 105099, 108289, 98817, 96006, 66009, 66009, 3606183139
130, 537469, 108068, 102919, 93591, 98955, 66968, 66968, 2278226637
131, 541789, 107975, 104984, 95983, 98601, 67123, 67123, 3837269272
133, 542641, 107441, 106963, 97618, 98073, 66273, 66273, 937246019
132, 541382, 108766, 105540, 96294, 99236, 65773, 65773, 32436251
134, 542537, 109122, 103888, 94736, 99891, 67450, 67450, 2913227995
135, 541233, 112058, 102100, 93110, 102483, 65741, 65741, 3930056666
137, 542737, 104303, 109438, 100237, 95251, 66754, 66754, 2805368884
138, 534315, 101279, 108459, 98977, 92132, 66734, 66734, 3805884002
136, 538344, 107186, 103326, 94346, 97940, 67773, 67773, 4204609680
139, 535972, 106315, 104504, 95514, 97245, 66197, 66197, 1672942297
140, 540528, 106328, 107366, 98198, 97070, 65783, 65783, 1250293981
141, 537775, 103520, 107403, 98101, 94383, 67184, 67184, 812177680
142, 539021, 106291, 108064, 98853, 97063, 64375, 64375, 3693439238
143, 543756, 108430, 105248, 96197, 99093, 67394, 67394, 795010002
144, 539458, 108407, 103927, 94982, 99104, 66519, 66519, 1806849417
145, 540687, 107950, 105371, 96165, 98833, 66184, 66184, 1210035008
146, 537464, 107245, 105658, 96146, 97927, 65244, 65244, 3616427388
147, 537010, 100671, 111547, 102072, 91532, 65594, 65594, 1649719921
148, 541055, 108195, 103583, 94678, 98881, 67859, 67859, 2048719204
150, 541261, 104416, 109455, 100095, 95153, 66071, 66071, 1840116455
149, 538482, 106196, 107533, 98376, 96887, 64745, 64745, 4205322593
151, 536760, 105953, 104542, 95452, 96825, 66994, 66994, 418064342
152, 539535, 107051, 106161, 96942, 97871, 65755, 65755, 1764167282
153, 540906, 105423, 108079, 98694, 96562, 66074, 66074, 1232793676
154, 541035, 108560, 104481, 95232, 99324, 66719, 66719, 2120318635
155, 540580, 104264, 106063, 96716, 95135, 69201, 69201, 1838558455
156, 538480, 104127, 109967, 100517, 94791, 64539, 64539, 222320436
157, 541968, 103560, 107559, 98459, 94386, 69002, 69002, 505536211
158, 539549, 104856, 106411, 97041, 95799, 67721, 67721, 796399590
159, 538966, 101079, 110161, 100715, 92285, 67363, 67363, 433133855
160, 539918, 106855, 107201, 97978, 97630, 65127, 65127, 2712268179
162, 541957, 104380, 109343, 99990, 95404, 66420, 66420, 1377617302
161, 540598, 109304, 103337, 94362, 100011, 66792, 66792, 1812661506
163, 539188, 102802, 106999, 97812, 93783, 68896, 68896, 3436667573
164, 542897, 110195, 106360, 97304, 100726, 64156, 64156, 3963368430
165, 541774, 105271, 107091, 97888, 96140, 67692, 67692, 2353543324
167, 542810, 104986, 109200, 99981, 95689, 66477, 66477, 3185353644
166, 540238, 105027, 106488, 97371, 96020, 67666, 67666, 1280268723
168, 540137, 104027, 109559, 100222, 94883, 65723, 65723, 1427231719
169, 541692, 107240, 104627, 95707, 97900, 68109, 68109, 158700710
170, 542200, 104885, 107649, 98642, 95684, 67670, 67670, 2119465905
171, 540872, 107963, 105944, 96861, 98794, 65655, 65655, 3099736927
172, 535631, 103358, 106491, 97388, 94302, 67046, 67046, 1349936317
174, 542810, 105468, 109357, 100206, 96205, 65787, 65787, 505754950
173, 538006, 108353, 103651, 94595, 98767, 66320, 66320, 596689489
175, 542318, 108360, 105992, 96880, 99080, 66003, 66003, 3198844550
176, 542714, 108072, 105230, 96010, 98818, 67292, 67292, 3262651805
177, 537756, 104165, 107053, 97713, 95035, 66895, 66895, 971602966
178, 541290, 109611, 101421, 92480, 100178, 68800, 68800, 2305156672
179, 542625, 108572, 106929, 97683, 99169, 65136, 65136, 2261123554
180, 541409, 102948, 111046, 101478, 93863, 66037, 66037, 2890407492
181, 543611, 104331, 110217, 100761, 95448, 66427, 66427, 1623251539
182, 540989, 103451, 108002, 98638, 94280, 68309, 68309, 3434039248
184, 536959, 106905, 104809, 95504, 97527, 66107, 66107, 310885546
183, 537071, 103352, 109781, 100260, 94318, 64680, 64680, 2284527986
185, 538052, 104419, 109538, 100074, 95071, 64475, 64475, 531715945
186, 543107, 105739, 106632, 97322, 96646, 68384, 68384, 1229794194
187, 541373, 104665, 108928, 99592, 95534, 66327, 66327, 2607053425
188, 543949, 108169, 106635, 97350, 98531, 66632, 66632, 2830083106
189, 540712, 102548, 109006, 99533, 93451, 68087, 68087, 3775110078
190, 538715, 105915, 105548, 96408, 96574, 67135, 67135, 4196771431
191, 543234, 111305, 104898, 95709, 102130, 64596, 64596, 3780837496
192, 541700, 106942, 106600, 97410, 97746, 66501, 66501, 2852177604
193, 534833, 101691, 107575, 98274, 92683, 67305, 67305, 4154969095
194, 535169, 107893, 105133, 95742, 98607, 63897, 63897, 1994924858
195, 543645, 108559, 103352, 94258, 99354, 69061, 69061, 2797623861
196, 540146, 107572, 105958, 96762, 98330, 65762, 65762, 283027575
197, 538618, 106501, 106233, 97228, 97344, 65656, 65656, 4192495395
198, 541057, 106503, 106402, 97043, 97177, 66966, 66966, 1825623208
199, 540196, 106423, 104945, 95813, 97231, 67892, 67892, 1123182063
200, 540239, 107468, 104935, 95858, 98256, 66861, 66861, 2103117006
201, 539579, 104871, 107987, 98712, 95837, 66086, 66086, 1315226050
202, 538824, 104267, 109090, 99601, 95248, 65309, 65309, 1818164069
203, 539554, 105268, 107892, 98615, 96145, 65817, 65817, 1140181125
204, 540461, 104737, 106269, 97342, 95795, 68159, 68159, 2863591678
205, 545072, 105310, 109185, 100030, 96403, 67072, 67072, 2640974989
207, 541699, 108752, 104207, 95282, 99368, 67045, 67045, 4016200423
206, 538110, 109128, 104677, 95546, 99787, 64486, 64486, 4073132035
208, 542634, 102792, 111025, 101834, 93813, 66585, 66585, 213480220
209, 542911, 106815, 108650, 99288, 97746, 65206, 65206, 2785673786
210, 544164, 106526, 110423, 101348, 97529, 64169, 64169, 653683827
211, 540675, 103944, 108518, 99324, 94853, 67018, 67018, 1198472
212, 537043, 108796, 103794, 94471, 99264, 65359, 65359, 3403532502
213, 539644, 108052, 104081, 94794, 98745, 66986, 66986, 3985285920
214, 543056, 105438, 110567, 100989, 96174, 64944, 64944, 3021717328
215, 537860, 107851, 104040, 94928, 98567, 66237, 66237, 1622180120
216, 536368, 106074, 104490, 95490, 96818, 66748, 66748, 1927534276
217, 541401, 102993, 108658, 99480, 93956, 68157, 68157, 3709038990
219, 537811, 107719, 104676, 95415, 98607, 65697, 65697, 3551344331
218, 538765, 108315, 103455, 94516, 99071, 66704, 66704, 3372042420
221, 540893, 106497, 107700, 98465, 97343, 65444, 65444, 2175949476
222, 542209, 108254, 107177, 98088, 98926, 64882, 64882, 3333914748
220, 540001, 103612, 109111, 99816, 94532, 66465, 66465, 950126991
223, 537518, 105064, 108237, 98900, 95871, 64723, 64723, 270481421
224, 540712, 109338, 103513, 94472, 99941, 66724, 66724, 2436754588
225, 539119, 105405, 108021, 98713, 96212, 65384, 65384, 1750821853
227, 539904, 106562, 106719, 97643, 97428, 65776, 65776, 4114280842
226, 541931, 106250, 107858, 98572, 97105, 66073, 66073, 1493126836
228, 538537, 106558, 105664, 96402, 97501, 66206, 66206, 2545515803
229, 539627, 103244, 109983, 100350, 94048, 66001, 66001, 3609486135
230, 539758, 106949, 105427, 96181, 97791, 66705, 66705, 2160390947
231, 541766, 105506, 110275, 100880, 96383, 64361, 64361, 2400998441
232, 538857, 100408, 109224, 99649, 91476, 69050, 69050, 3636019130
233, 538133, 105244, 107057, 97781, 96199, 65926, 65926, 30649275
234, 540331, 108694, 103660, 94508, 99555, 66957, 66957, 1101159987
235, 537622, 107958, 105143, 96006, 98545, 64985, 64985, 2863291201
236, 542214, 106237, 107341, 98003, 96879, 66877, 66877, 3777989757
237, 541103, 101760, 110686, 101143, 92776, 67369, 67369, 1554189420
238, 537594, 107722, 104414, 95277, 98351, 65915, 65915, 2577931107
239, 542114, 110452, 106304, 96975, 101149, 63617, 63617, 3745495225
240, 544559, 108392, 106603, 97310, 99304, 66475, 66475, 693552446
242, 536752, 106733, 106020, 96773, 97444, 64891, 64891, 2064130554
243, 539161, 106654, 106523, 97319, 97531, 65567, 65567, 4118032953
244, 540064, 107685, 105084, 96053, 98280, 66481, 66481, 2828245242
241, 538159, 107172, 105455, 96228, 97914, 65695, 65695, 1777483292
245, 539912, 106957, 106405, 97316, 97864, 65685, 65685, 1695867704
247, 538772, 107379, 105623, 96149, 98101, 65760, 65760, 4189336896
246, 536671, 102150, 109159, 99811, 93259, 66146, 66146, 365130216
248, 540618, 106159, 109252, 99710, 96715, 64391, 64391, 3053772471
249, 538386, 104928, 106386, 97104, 95960, 67004, 67004, 1517148001
251, 539451, 105435, 108013, 98928, 96315, 65380, 65380, 1929413205
250, 539806, 105459, 107181, 97865, 96185, 66558, 66558, 552977577
252, 543388, 105436, 108900, 99610, 96480, 66481, 66481, 842802148
253, 540001, 106748, 106410, 97153, 97564, 66063, 66063, 3022691064
256, 537192, 104410, 106045, 96780, 95453, 67252, 67252, 118773004
254, 538113, 106945, 108219, 98797, 97454, 63349, 63349, 2965337479
255, 541028, 101615, 110925, 101481, 92711, 67148, 67148, 2293906453
257, 541154, 107413, 106720, 97412, 98179, 65715, 65715, 3084328682
258, 537940, 104387, 107641, 98484, 95338, 66045, 66045, 1762488087
259, 540312, 105972, 105274, 96105, 96683, 68139, 68139, 1173684293
260, 541715, 107926, 107772, 98295, 98640, 64541, 64541, 2611706686
261, 541415, 107067, 106105, 96992, 97995, 66628, 66628, 2295075626
263, 540705, 108264, 105321, 96150, 99132, 65919, 65919, 1071099531
262, 539103, 111939, 101273, 92188, 102505, 65599, 65599, 2081839331
264, 540116, 105325, 107483, 98176, 96224, 66454, 66454, 2634016758
266, 542798, 105242, 107045, 97906, 95957, 68324, 68324, 1073484747
268, 540517, 107703, 107582, 98266, 98278, 64344, 64344, 3393973469
265, 535622, 105874, 104678, 95485, 96677, 66454, 66454, 836172503
267, 539993, 104816, 106868, 97748, 95715, 67423, 67423, 2867420148
269, 540342, 104801, 108463, 99180, 95688, 66105, 66105, 837890268
271, 541349, 107551, 105538, 96531, 98351, 66689, 66689, 1209512526
270, 540522, 106141, 107906, 98312, 96947, 65608, 65608, 149378931
272, 540450, 104699, 108074, 98614, 95735, 66664, 66664, 925633091
273, 539691, 107618, 106874, 97790, 98597, 64406, 64406, 1004377983
274, 541265, 108210, 107871, 98768, 98990, 63713, 63713, 1655660836
275, 538594, 110307, 103429, 94399, 100835, 64812, 64812, 451621206
276, 539631, 105956, 107584, 98080, 96657, 65677, 65677, 3289102592
277, 535400, 106609, 105111, 95956, 97394, 65165, 65165, 476356006
278, 541382, 103122, 108844, 99486, 94180, 67875, 67875, 3703321111
279, 540916, 107713, 106966, 97672, 98261, 65152, 65152, 919304961
281, 538119, 105102, 105892, 96711, 95976, 67219, 67219, 1881999150
280, 537128, 111604, 100957, 92118, 102059, 65195, 65195, 2433049992
282, 542113, 106867, 107522, 98255, 97641, 65914, 65914, 2653380638
283, 538472, 103553, 107339, 98055, 94389, 67568, 67568, 1742939536
284, 538996, 110304, 102490, 93475, 100777, 65975, 65975, 2611168153
285, 541034, 108511, 102764, 93595, 99326, 68419, 68419, 3332910926
287, 538881, 102192, 108873, 99469, 92991, 67678, 67678, 4117731891
286, 542611, 108733, 107337, 97939, 99624, 64489, 64489, 1875716537
288, 541086, 104847, 106097, 96861, 95519, 68881, 68881, 2609523843
290, 538784, 104721, 106594, 97255, 95498, 67358, 67358, 2383628360
289, 542535, 110050, 104246, 95241, 100770, 66114, 66114, 3526611679
291, 546285, 108672, 110375, 101015, 99383, 63420, 63420, 1293019557
293, 538962, 106874, 107887, 98649, 97506, 64023, 64023, 741848141
292, 540749, 108547, 104696, 95568, 99458, 66240, 66240, 3212426776
294, 537856, 105568, 105364, 96252, 96474, 67099, 67099, 3029036966
295, 538483, 105800, 106869, 97485, 96455, 65937, 65937, 604955102
296, 541910, 108032, 106347, 97198, 98973, 65680, 65680, 741987436
297, 542396, 104605, 108381, 99165, 95599, 67323, 67323, 1987407940
299, 541800, 111119, 102411, 93361, 101773, 66568, 66568, 1381698235
298, 540709, 103280, 107654, 98255, 94294, 68613, 68613, 2144301742
301, 540559, 103725, 109266, 99873, 94643, 66526, 66526, 1400317485
300, 541512, 104497, 110393, 100881, 95209, 65266, 65266, 2721743312
303, 538218, 104506, 107265, 97802, 95239, 66703, 66703, 3900980266
302, 537003, 107067, 104240, 95072, 97706, 66459, 66459, 4244477206
304, 536469, 107461, 105639, 96469, 97966, 64467, 64467, 3113252121
305, 537436, 106056, 107378, 98166, 96870, 64483, 64483, 1261486345
306, 539234, 102472, 107562, 98479, 93459, 68631, 68631, 3724334978
307, 542177, 101942, 111714, 102177, 93036, 66654, 66654, 2114473808
308, 538549, 109359, 102196, 93051, 100009, 66967, 66967, 3193670702
309, 538924, 104144, 107483, 98251, 94804, 67121, 67121, 3324795904
310, 539114, 105654, 104819, 95438, 96415, 68394, 68394, 3713663043
311, 539815, 105273, 105593, 96461, 96054, 68217, 68217, 1569084206
312, 538673, 107512, 103461, 94514, 98394, 67396, 67396, 507917992
315, 541485, 108402, 103663, 94635, 99153, 67816, 67816, 3049365958
313, 538632, 107680, 106215, 96933, 98344, 64730, 64730, 4164165423
314, 539199, 104687, 106496, 97445, 95507, 67532, 67532, 3239294915
317, 541006, 105599, 108153, 98788, 96386, 66040, 66040, 2451030944
316, 540402, 103034, 110655, 101137, 93902, 65837, 65837, 4156124496
319, 541222, 107180, 105138, 95849, 97933, 67561, 67561, 4237564449
318, 539516, 107200, 105369, 96332, 98205, 66205, 66205, 314019354
320, 536667, 106401, 105038, 95873, 97169, 66093, 66093, 3963621247
322, 543456, 107888, 105022, 96154, 98786, 67803, 67803, 993056034
321, 537111, 103757, 106924, 97685, 94561, 67092, 67092, 1142277269
323, 542100, 105614, 108254, 98962, 96438, 66416, 66416, 2097546916
324, 538120, 103895, 105867, 96393, 94737, 68614, 68614, 4194722573
325, 543253, 105048, 108665, 99419, 95911, 67105, 67105, 439515607
326, 543843, 106311, 109257, 100133, 97210, 65466, 65466, 3269625192
327, 539963, 103995, 108125, 98723, 94794, 67163, 67163, 1030031842
329, 541043, 103196, 107393, 98138, 94074, 69121, 69121, 600786278
328, 534973, 103900, 105377, 96342, 94738, 67308, 67308, 3206856439
330, 543203, 105347, 106835, 97482, 96269, 68635, 68635, 3803980005
331, 541349, 105294, 107900, 98671, 96260, 66612, 66612, 2448827002
332, 539970, 105383, 106002, 96785, 96032, 67884, 67884, 2296188379
333, 540402, 101384, 110354, 100992, 92422, 67625, 67625, 2600904095
334, 541606, 103349, 107990, 98800, 94381, 68543, 68543, 1072203432
335, 542273, 107151, 106015, 96942, 98055, 67055, 67055, 738268915
336, 542281, 108428, 104837, 95791, 99229, 66998, 66998, 80014017
339, 541966, 102552, 108273, 98985, 93624, 69266, 69266, 3595416350
337, 540551, 107169, 105482, 96419, 97939, 66771, 66771, 639381456
338, 538669, 108075, 104147, 94713, 98886, 66424, 66424, 1155177156
341, 543642, 105265, 107157, 97760, 96116, 68672, 68672, 2878517295
342, 540929, 108113, 104534, 95182, 98562, 67269, 67269, 2894131947
340, 540584, 106852, 105397, 96184, 97529, 67311, 67311, 63525115
343, 536461, 108880, 106762, 97339, 99636, 61922, 61922, 2354709820
344, 542008, 107390, 105536, 96344, 98172, 67283, 67283, 3845259210
345, 539969, 104417, 106070, 96781, 95437, 68632, 68632, 46900767
346, 538671, 104979, 107461, 98259, 95534, 66219, 66219, 2981341636
347, 542247, 108633, 103842, 94817, 99351, 67802, 67802, 219505287
348, 540570, 107836, 104307, 95139, 98562, 67363, 67363, 3208996661
349, 537431, 104570, 106438, 97075, 95218, 67065, 67065, 2981133782
350, 538024, 104229, 108702, 99307, 95114, 65336, 65336, 3742806967
351, 535957, 105340, 104424, 95414, 96029, 67375, 67375, 1816778634
352, 542041, 107973, 105686, 96685, 98693, 66502, 66502, 2400500190
354, 541223, 105900, 106125, 96893, 96763, 67771, 67771, 2302885432
355, 539570, 105418, 104903, 95632, 96203, 68707, 68707, 1978633953
353, 541580, 107119, 105295, 95965, 97893, 67654, 67654, 3063009102
357, 536535, 104665, 106528, 97187, 95401, 66377, 66377, 2892739172
356, 535400, 104912, 106829, 97480, 95567, 65306, 65306, 2491145494
358, 539470, 106291, 104906, 95740, 97135, 67699, 67699, 21459377
359, 545602, 103367, 110875, 101554, 94378, 67714, 67714, 537920964
361, 539713, 108016, 102970, 93874, 98763, 68045, 68045, 738455929
360, 541729, 105072, 106474, 97382, 96107, 68347, 68347, 2679003687
363, 544242, 108014, 106623, 97514, 98777, 66657, 66657, 2019526440
362, 541656, 106556, 106196, 97180, 97344, 67190, 67190, 499895116
367, 541610, 108644, 106057, 96939, 99452, 65259, 65259, 3561715854
364, 539074, 105777, 107498, 97987, 96624, 65594, 65594, 2079891172
366, 539140, 104497, 105916, 96872, 95305, 68275, 68275, 1591482641
365, 540935, 108056, 105748, 96588, 98793, 65875, 65875, 3007672185
368, 536358, 106425, 106892, 97678, 97059, 64152, 64152, 2656769471
369, 542421, 108146, 105040, 95904, 98915, 67208, 67208, 66159602
370, 540597, 105609, 109022, 99676, 96266, 65012, 65012, 4108161628
371, 537575, 106270, 104027, 94884, 97024, 67685, 67685, 1779839887
373, 536382, 105294, 104785, 95714, 96155, 67217, 67217, 2917403686
372, 540528, 106614, 106402, 97136, 97266, 66555, 66555, 2154006153
375, 540043, 105683, 107679, 98288, 96625, 65884, 65884, 1750207944
374, 541180, 107345, 106293, 97157, 98181, 66102, 66102, 2562240233
376, 539661, 105798, 107525, 98523, 96607, 65604, 65604, 2630317805
377, 539935, 105025, 108081, 98447, 95842, 66270, 66270, 2110628265
378, 540699, 104608, 108356, 99126, 95555, 66527, 66527, 2686163721
379, 540790, 104668, 108808, 99514, 95762, 66019, 66019, 529403331
381, 537955, 109676, 100562, 91786, 100065, 67933, 67933, 1329069038
380, 539381, 105473, 106293, 97388, 96361, 66933, 66933, 2297143432
382, 538953, 102727, 108553, 99175, 93820, 67339, 67339, 100439436
383, 537925, 104556, 105060, 95783, 95322, 68602, 68602, 324695919
384, 540229, 103701, 107800, 98730, 94564, 67717, 67717, 3711532708
386, 537626, 106900, 105535, 96178, 97637, 65688, 65688, 2515201351
387, 538534, 105900, 108657, 99410, 96725, 63921, 63921, 1058440012
385, 543844, 111284, 103743, 94594, 101945, 66139, 66139, 3957932005
388, 538623, 104196, 106254, 97086, 95127, 67980, 67980, 4091797013
390, 540214, 106295, 103890, 94725, 97122, 69091, 69091, 489252089
389, 541913, 103385, 109147, 99485, 94326, 67785, 67785, 1641778663
391, 536248, 106396, 105985, 96665, 97056, 65073, 65073, 3772165999
392, 545006, 108737, 105545, 96297, 99605, 67411, 67411, 2741497374
393, 541580, 105684, 107729, 98366, 96403, 66699, 66699, 2531768225
394, 541352, 104362, 107339, 98176, 95285, 68095, 68095, 1744910967
395, 539189, 105190, 105641, 96383, 95877, 68049, 68049, 1294503645
396, 539344, 104633, 107446, 98210, 95477, 66789, 66789, 1997054627
399, 537834, 107064, 104369, 95142, 97623, 66818, 66818, 2883957413
397, 537962, 103335, 108501, 99129, 94121, 66438, 66438, 2684714705
398, 540094, 109009, 106054, 96766, 99657, 64304, 64304, 2189605152
400, 536781, 108476, 101243, 92319, 99137, 67803, 67803, 1795661591
402, 539812, 108370, 105718, 96767, 99295, 64831, 64831, 961306290
401, 542198, 105351, 107613, 98525, 96313, 67198, 67198, 499023037
403, 543226, 106281, 106040, 96951, 97070, 68442, 68442, 3852532132
404, 542371, 108435, 107336, 98205, 99235, 64580, 64580, 107497669
405, 542103, 106367, 107207, 97728, 97169, 66816, 66816, 315761109
406, 541700, 108663, 106309, 97232, 99404, 65046, 65046, 117795748
407, 543709, 102496, 107274, 98021, 93706, 71106, 71106, 1318640646
408, 540813, 108242, 105437, 96440, 98806, 65944, 65944, 3208080088
409, 535813, 107412, 103794, 94663, 97852, 66046, 66046, 222665463
411, 539664, 107569, 105732, 96517, 98076, 65885, 65885, 148404446
410, 543492, 103935, 109462, 100095, 95010, 67495, 67495, 3271443273
412, 536000, 105080, 104900, 95626, 95890, 67252, 67252, 1340442633
413, 538132, 104636, 106240, 97072, 95414, 67385, 67385, 2896116308
414, 538265, 104790, 104531, 95372, 95638, 68967, 68967, 3649250695
415, 539635, 105468, 106923, 97808, 96362, 66537, 66537, 2975201783
416, 539932, 103406, 110526, 101072, 94318, 65305, 65305, 2474699898
417, 542988, 103385, 110475, 101092, 94408, 66814, 66814, 1173719732
418, 538408, 102962, 109388, 100015, 94079, 65982, 65982, 3193108492
419, 540128, 102918, 110860, 101503, 94053, 65397, 65397, 3990467873
420, 535850, 107980, 104284, 95011, 98701, 64937, 64937, 1197638350
421, 541043, 104151, 109759, 100310, 95137, 65843, 65843, 1845021649
422, 539187, 109856, 103192, 94103, 100520, 65758, 65758, 3564054160
423, 539751, 106755, 105757, 96373, 97596, 66635, 66635, 1220255661
424, 536796, 101939, 111372, 101997, 92852, 64318, 64318, 3699122332
425, 539058, 104825, 110193, 100845, 95747, 63724, 63724, 1474265443
426, 541286, 109104, 101791, 92933, 99846, 68806, 68806, 4045940277
427, 538258, 100868, 111520, 102110, 91850, 65955, 65955, 1587056273
428, 539832, 109127, 103873, 95139, 99789, 65952, 65952, 3340054767
429, 543188, 105948, 106120, 96848, 96952, 68660, 68660, 3909457488
430, 537466, 107748, 107513, 98204, 98339, 62831, 62831, 1631890650
431, 536871, 103951, 106626, 97563, 94885, 66923, 66923, 2603267607
433, 538909, 107227, 103658, 94463, 97905, 67828, 67828, 1142745991
432, 539327, 103994, 108834, 99650, 94965, 65942, 65942, 4178834116
436, 539628, 106632, 108818, 99414, 97212, 63776, 63776, 738077043
434, 536358, 101213, 109184, 99943, 92348, 66835, 66835, 2331651214
435, 540103, 105771, 105328, 96156, 96572, 68138, 68138, 1949768701
437, 538875, 104175, 108195, 98882, 95091, 66266, 66266, 2802446308
438, 538592, 104446, 106583, 97408, 95247, 67454, 67454, 2952075140
439, 543486, 106404, 107175, 97987, 97210, 67355, 67355, 2287703872
440, 542097, 106490, 106891, 97781, 97219, 66858, 66858, 4173374706
441, 539413, 103098, 108528, 99228, 94225, 67167, 67167, 1808198075
443, 538692, 104031, 109094, 99773, 95004, 65395, 65395, 4096425181
442, 539087, 106302, 105632, 96438, 97023, 66846, 66846, 3371575885
445, 537875, 110000, 102146, 93231, 100586, 65956, 65956, 126402437
444, 541231, 107250, 104646, 95490, 97837, 68004, 68004, 3706121094
447, 541427, 105445, 108094, 98583, 96385, 66460, 66460, 3620754651
446, 543995, 107017, 108089, 98946, 97713, 66115, 66115, 3234121483
448, 542605, 103456, 109057, 99708, 94348, 68018, 68018, 3790482013
449, 538965, 109125, 104568, 95370, 99682, 65110, 65110, 2043717296
450, 538924, 104368, 105607, 96571, 95184, 68597, 68597, 1711919495
451, 535255, 101644, 107877, 98412, 92566, 67378, 67378, 1070924867
452, 538649, 102459, 110325, 100910, 93409, 65773, 65773, 3923400819
453, 542437, 102843, 108069, 98849, 93798, 69439, 69439, 48578348
456, 537799, 106402, 105812, 96677, 97104, 65902, 65902, 3054871926
454, 539245, 103602, 107871, 98393, 94523, 67428, 67428, 701213420
455, 542121, 107680, 106068, 96846, 98519, 66504, 66504, 570018792
457, 539443, 109974, 102292, 93348, 100689, 66570, 66570, 895299768
458, 540086, 104427, 106295, 97002, 95488, 68437, 68437, 3154778656
459, 541370, 107628, 105831, 96411, 98390, 66555, 66555, 321059309
460, 543702, 106609, 109303, 99913, 97381, 65248, 65248, 3469849663
461, 541900, 102578, 112646, 103265, 93571, 64920, 64920, 644775996
462, 541088, 108170, 106956, 97442, 98708, 64906, 64906, 1262275122
463, 541702, 106511, 107654, 98548, 97409, 65790, 65790, 1055056750
464, 544191, 107997, 106610, 97448, 98846, 66645, 66645, 4122080909
465, 536607, 107845, 104095, 94870, 98527, 65635, 65635, 1170160618
467, 538161, 107943, 103979, 95001, 98830, 66204, 66204, 4293924832
468, 542688, 107886, 106309, 96993, 98440, 66530, 66530, 1891019646
469, 541985, 108534, 105507, 96351, 99167, 66213, 66213, 227969758
466, 543772, 107253, 107413, 98488, 97892, 66363, 66363, 805898803
470, 543110, 104719, 110362, 100932, 95829, 65634, 65634, 1894740795
471, 542724, 107232, 106654, 97319, 97895, 66812, 66812, 1689607377
472, 540548, 105441, 108430, 99180, 96271, 65613, 65613, 15140942
473, 537418, 100752, 110968, 101595, 92045, 66029, 66029, 1067682582
474, 541609, 102444, 111336, 102031, 93328, 66235, 66235, 1439247037
475, 538415, 105026, 107611, 98148, 95720, 65955, 65955, 3714092442
476, 543701, 102429, 107281, 98140, 93579, 71136, 71136, 62417490
477, 537547, 108160, 102624, 93530, 98803, 67215, 67215, 3452313009
478, 543909, 108652, 109187, 99733, 99477, 63430, 63430, 1065520515
480, 538431, 109622, 101383, 92582, 100334, 67255, 67255, 476049917
479, 539220, 108678, 105366, 96224, 99344, 64804, 64804, 3937142346
481, 540959, 106279, 103868, 94727, 97131, 69477, 69477, 595282959
482, 542420, 107814, 106564, 97473, 98633, 65968, 65968, 1377180221
483, 540523, 108401, 106903, 97767, 99238, 64107, 64107, 129522070
484, 540893, 108609, 106060, 96979, 99151, 65047, 65047, 980807971
485, 537142, 107085, 104384, 95318, 97851, 66252, 66252, 4032156725
486, 542058, 106529, 108910, 99754, 97399, 64733, 64733, 1818800983
487, 543486, 102271, 112472, 102883, 93266, 66297, 66297, 3560324009
488, 538583, 103363, 106664, 97185, 94417, 68477, 68477, 2679948282
489, 540188, 103842, 107905, 98793, 94784, 67432, 67432, 4275954868
490, 540620, 103884, 107172, 97982, 94988, 68297, 68297, 1505625731
493, 539679, 106811, 106950, 97699, 97579, 65320, 65320, 1201516098
492, 539600, 106873, 107349, 98226, 97596, 64778, 64778, 2286624734
491, 541697, 105934, 108394, 99242, 96559, 65784, 65784, 238985833
495, 539911, 106641, 106124, 97053, 97523, 66285, 66285, 1813876435
494, 539240, 108245, 104325, 95375, 98985, 66155, 66155, 4129353827
496, 540189, 104859, 107635, 98293, 95702, 66850, 66850, 497808139
497, 536498, 104626, 104894, 95845, 95345, 67894, 67894, 544282768
498, 540087, 108072, 104237, 95083, 98605, 67045, 67045, 1202650861
499, 538954, 105372, 107025, 97710, 96509, 66169, 66169, 2961139797
500, 539763, 106235, 107070, 97962, 97016, 65740, 65740, 2454436410
501, 538374, 105724, 107097, 97985, 96558, 65505, 65505, 3633692037
502, 538836, 104882, 105678, 96321, 95691, 68132, 68132, 4195525883
503, 538642, 100369, 112244, 102760, 91133, 66068, 66068, 3987599988
504, 538360, 108392, 104184, 95024, 98818, 65971, 65971, 1078651475
505, 538988, 105449, 104057, 94910, 96258, 69157, 69157, 2375913901
506, 541043, 108610, 104292, 95283, 99276, 66791, 66791, 4069725159
507, 543313, 105858, 107398, 98128, 96751, 67589, 67589, 222594896
508, 543081, 106190, 107109, 97737, 97223, 67411, 67411, 1823563616
509, 541118, 105127, 107609, 98040, 95852, 67245, 67245, 1237485643
510, 541370, 109911, 102965, 93797, 100855, 66921, 66921, 3946093274
511, 538233, 105094, 105877, 96746, 95792, 67362, 67362, 2066415652
512, 539486, 104627, 107189, 98095, 95573, 67001, 67001, 1076428825
513, 535919, 110253, 103725, 94697, 100734, 63255, 63255, 3821108365
514, 538879, 106794, 105674, 96627, 97566, 66109, 66109, 2249927533
516, 539990, 105386, 105889, 96732, 96233, 67875, 67875, 1194833975
515, 541534, 107816, 105123, 96053, 98608, 66967, 66967, 3818689330
517, 539999, 106677, 105670, 96419, 97465, 66884, 66884, 1305317980
519, 543465, 103899, 108316, 98903, 94775, 68786, 68786, 1822434976
518, 539860, 108984, 103240, 94233, 99721, 66841, 66841, 51763029
520, 540716, 107287, 106762, 97561, 98020, 65543, 65543, 3509120839
521, 540811, 100395, 110325, 100964, 91357, 68885, 68885, 2173595987
522, 539376, 107401, 104932, 95787, 98148, 66554, 66554, 4210780864
523, 539731, 103751, 109185, 99810, 94471, 66257, 66257, 3727918675
524, 538993, 107569, 105169, 95970, 98381, 65952, 65952, 2339311302
525, 538417, 104856, 107553, 98256, 96020, 65866, 65866, 4168402562
526, 539278, 103480, 108285, 98923, 94344, 67123, 67123, 3723644462
528, 541597, 107151, 106197, 97074, 97791, 66692, 66692, 2217886484
527, 543775, 103228, 110872, 101534, 94135, 67003, 67003, 3294790277
529, 539458, 109652, 100183, 91340, 100401, 68941, 68941, 3409257797
530, 537078, 104754, 104739, 95603, 95524, 68229, 68229, 700041102
531, 537675, 107122, 106463, 97192, 97646, 64626, 64626, 780479894
532, 539858, 102718, 111982, 102486, 93566, 64553, 64553, 362059795
533, 542045, 104543, 110027, 100603, 95442, 65715, 65715, 2332546301
534, 541786, 104865, 106929, 97681, 95687, 68312, 68312, 2571540316
535, 537279, 104638, 106772, 97518, 95501, 66425, 66425, 2913652875
536, 541060, 106035, 106679, 97665, 96887, 66897, 66897, 2134984211
537, 542963, 109363, 105253, 96172, 100021, 66077, 66077, 3072642871
538, 543294, 103466, 111394, 102028, 94348, 66029, 66029, 2889470987
539, 539880, 106088, 106986, 97526, 96934, 66173, 66173, 4056509290
540, 541304, 110822, 101664, 92824, 101138, 67428, 67428, 2970055384
541, 541728, 107812, 104900, 95940, 98402, 67337, 67337, 3196752134
543, 540485, 105186, 107526, 98298, 95923, 66776, 66776, 1264412663
542, 539297, 109600, 101783, 92783, 100423, 67354, 67354, 4167957586
544, 542144, 107287, 107035, 97834, 98050, 65969, 65969, 3710232119
545, 541695, 109881, 102250, 93174, 100432, 67979, 67979, 2048733036
546, 537906, 106395, 105112, 95990, 97105, 66652, 66652, 3661218348
547, 542383, 106053, 106628, 97563, 97251, 67444, 67444, 1878901280
548, 539812, 106270, 104529, 95629, 97154, 68115, 68115, 2358386547
549, 541762, 106693, 106831, 97540, 97380, 66659, 66659, 1081381587
550, 538888, 106958, 106217, 96740, 97615, 65679, 65679, 4060040673
551, 540314, 109435, 103275, 94349, 100011, 66622, 66622, 3453066005
552, 540191, 103671, 108601, 99181, 94542, 67098, 67098, 1568210533
553, 543630, 106288, 106734, 97598, 97288, 67861, 67861, 2556316116
554, 541423, 107196, 106741, 97540, 97996, 65975, 65975, 2753235401
555, 543471, 105340, 110365, 100960, 96290, 65258, 65258, 2588733058
556, 540253, 105102, 106464, 97349, 95628, 67855, 67855, 4086965234
557, 540197, 105819, 103565, 94579, 96530, 69852, 69852, 3131788700
558, 535667, 106678, 104596, 95368, 97419, 65803, 65803, 261381680
560, 538852, 102680, 110261, 100893, 93566, 65726, 65726, 4291780006
559, 543070, 109839, 104746, 95766, 100303, 66208, 66208, 1898824902
562, 542292, 107726, 107555, 98226, 98305, 65240, 65240, 1414139194
561, 540050, 105014, 108056, 98669, 95981, 66165, 66165, 1268435286
563, 540985, 107404, 103823, 94595, 98089, 68537, 68537, 4109004027
564, 537152, 106709, 105230, 96004, 97719, 65745, 65745, 2347451030
565, 541207, 109486, 102204, 93157, 100098, 68131, 68131, 1145327551
566, 541127, 106270, 105213, 95891, 97161, 68296, 68296, 4292075487
567, 536355, 106939, 105218, 96171, 97813, 65107, 65107, 206898874
568, 542183, 108422, 103689, 94658, 99314, 68050, 68050, 2183035205
569, 540233, 104615, 107048, 97968, 95602, 67500, 67500, 3428036081
570, 539651, 106285, 105471, 96332, 97083, 67240, 67240, 2815055143
572, 540125, 104888, 109527, 100189, 95819, 64851, 64851, 3541979295
571, 535739, 109122, 100728, 91571, 99738, 67290, 67290, 318501276
573, 541238, 104317, 107589, 98259, 95351, 67861, 67861, 1804274435
574, 538644, 104615, 106565, 97431, 95123, 67455, 67455, 4189460926
575, 542847, 108359, 102582, 93825, 98961, 69560, 69560, 4284180892
576, 540915, 107167, 106536, 96977, 98015, 66110, 66110, 507546113
577, 539838, 105482, 107931, 98846, 96415, 65582, 65582, 682595880
578, 538544, 107238, 105158, 95915, 97943, 66145, 66145, 940664335
579, 537424, 105283, 104093, 94857, 95889, 68651, 68651, 990271214
580, 539216, 107244, 105348, 96048, 97988, 66294, 66294, 1355998248
581, 544461, 109235, 103955, 94643, 99724, 68452, 68452, 2493126471
582, 539251, 104479, 108425, 99308, 95351, 65844, 65844, 2922963829
583, 540382, 106283, 106631, 97359, 97111, 66499, 66499, 2682047798
584, 542662, 105567, 109199, 99666, 96452, 65889, 65889, 11329013
585, 535564, 102762, 109357, 100134, 93565, 64873, 64873, 3830682770
586, 541430, 106723, 107097, 97860, 97388, 66181, 66181, 216938427
587, 535656, 103547, 107209, 97877, 94477, 66273, 66273, 1999921322
588, 538384, 107022, 105222, 96036, 97944, 66080, 66080, 4107318493
589, 537504, 101130, 110190, 100615, 92193, 66688, 66688, 2398512327
590, 539859, 106208, 104781, 95251, 97091, 68264, 68264, 4053509578
591, 541863, 111802, 103421, 94020, 102538, 65041, 65041, 1500613199
592, 538177, 103857, 109518, 100190, 94808, 64902, 64902, 2711841964
594, 538546, 108215, 104836, 95717, 99138, 65320, 65320, 2936327562
593, 542001, 103889, 109670, 100269, 94765, 66704, 66704, 2982082861
595, 541092, 106751, 105812, 96840, 97609, 67040, 67040, 2102819443
596, 537431, 101634, 109065, 99764, 92522, 67223, 67223, 3655481035
597, 542317, 102911, 110757, 101189, 93726, 66867, 66867, 3197305151
598, 536937, 103725, 107703, 98449, 94618, 66221, 66221, 1883067911
599, 536500, 104700, 104814, 95705, 95763, 67759, 67759, 1110137277
600, 541554, 109292, 104017, 94825, 99790, 66815, 66815, 3697367899
601, 536894, 101874, 109048, 99560, 92854, 66779, 66779, 3472545814
602, 539045, 104295, 107253, 97664, 95161, 67336, 67336, 1148403460
604, 535522, 105455, 106997, 97835, 96335, 64450, 64450, 3478700497
603, 539731, 103541, 105100, 95933, 94599, 70279, 70279, 2415875608
605, 541472, 105981, 105584, 96342, 96719, 68423, 68423, 2497936090
606, 540046, 107079, 104198, 95109, 97864, 67898, 67898, 107316461
608, 536451, 105649, 106112, 96800, 96430, 65730, 65730, 498943063
609, 543151, 104578, 111181, 101693, 95433, 65133, 65133, 2485648540
607, 543094, 106823, 108074, 98753, 97822, 65811, 65811, 2374529479
610, 538512, 104415, 108182, 98941, 95478, 65748, 65748, 4197231246
611, 541797, 110704, 103390, 94303, 101268, 66066, 66066, 1975320845
612, 538260, 103373, 109909, 100404, 94270, 65152, 65152, 4138900698
613, 540080, 104417, 107126, 97948, 95191, 67699, 67699, 2378010681
614, 539950, 107961, 103766, 94741, 98692, 67395, 67395, 1602624868
615, 539374, 107423, 105169, 95965, 98069, 66374, 66374, 1882609913
616, 540497, 111586, 100742, 91859, 102148, 67081, 67081, 1233275281
617, 538599, 108029, 104179, 95221, 98642, 66264, 66264, 578598221
618, 540989, 106322, 109090, 99802, 97309, 64233, 64233, 2872849417
619, 542500, 108559, 105491, 96353, 99225, 66436, 66436, 1100444791
620, 540550, 103573, 109895, 100384, 94506, 66096, 66096, 2281070764
621, 539550, 108242, 103823, 94762, 98855, 66934, 66934, 2227532952
622, 541277, 105781, 105641, 96421, 96524, 68455, 68455, 3366893557
623, 545366, 106210, 106749, 97541, 96950, 68958, 68958, 3557055705
624, 538547, 105925, 106283, 96934, 96727, 66339, 66339, 3115776357
626, 538488, 108347, 105761, 96392, 98970, 64509, 64509, 3717360147
625, 539565, 103035, 109440, 100098, 94020, 66486, 66486, 1792110960
627, 541299, 106959, 107911, 98571, 97670, 65094, 65094, 964446543
628, 542169, 106450, 107142, 97949, 97218, 66705, 66705, 2291959181
629, 541125, 105044, 106044, 97041, 95906, 68545, 68545, 59231597
630, 543062, 105015, 111206, 101668, 95861, 64656, 64656, 483160467
631, 545361, 107470, 105630, 96143, 98178, 68970, 68970, 2650772856
632, 542837, 107299, 109284, 99807, 97983, 64232, 64232, 2669692910
633, 542057, 106935, 107410, 98003, 97683, 66013, 66013, 440904580
634, 539305, 107066, 105631, 96572, 97830, 66103, 66103, 3402082722
635, 540274, 105422, 108793, 99448, 96317, 65147, 65147, 1099239953
636, 540637, 105575, 106707, 97330, 96349, 67338, 67338, 1693425004
637, 537009, 103644, 107776, 98445, 94438, 66353, 66353, 2591890225
638, 540160, 109579, 103725, 94723, 100387, 65873, 65873, 787769566
639, 537760, 107136, 105204, 96114, 97862, 65722, 65722, 2789009384
640, 534463, 102831, 108922, 99444, 93656, 64805, 64805, 3746536519
641, 540943, 105110, 109974, 100712, 96061, 64543, 64543, 1333718849
642, 541857, 109446, 104490, 95372, 100243, 66153, 66153, 2629050592
643, 540954, 109849, 101641, 92649, 100363, 68226, 68226, 1739757665
644, 540871, 104248, 109544, 99903, 95326, 65925, 65925, 4209724261
645, 537509, 103987, 108524, 99206, 94602, 65595, 65595, 1206414855
646, 541031, 105205, 106440, 97129, 96013, 68122, 68122, 2708434717
647, 538935, 109194, 103931, 94760, 99926, 65562, 65562, 4041850163
648, 534273, 110063, 103399, 94431, 100444, 62968, 62968, 2931541136
649, 539138, 105837, 107334, 97942, 96499, 65763, 65763, 2025089802
650, 541309, 103785, 106418, 97209, 94635, 69631, 69631, 2587211852
651, 537045, 103239, 109361, 100127, 94286, 65016, 65016, 12241918
652, 539287, 104553, 106040, 96743, 95491, 68230, 68230, 1588786871
653, 540304, 105584, 106059, 96900, 96225, 67768, 67768, 594543970
654, 540756, 106853, 107107, 97756, 97426, 65807, 65807, 2364197352
655, 540949, 105323, 106802, 97786, 96138, 67450, 67450, 1827349627
656, 544723, 103823, 112721, 103144, 94797, 65119, 65119, 3618439928
657, 538386, 108279, 105245, 96122, 98810, 64965, 64965, 836365424
658, 542215, 107248, 106116, 96964, 98005, 66941, 66941, 2336557527
659, 539889, 101551, 112531, 103026, 92753, 65014, 65014, 2787427587
660, 542088, 106286, 108611, 99195, 97106, 65445, 65445, 663652288
661, 537246, 103473, 108388, 99069, 94426, 65945, 65945, 3835867933
662, 540867, 105272, 106000, 96709, 95998, 68444, 68444, 2691912533
663, 540260, 107067, 106033, 96470, 97594, 66548, 66548, 1377510526
665, 541902, 110651, 101887, 92931, 101277, 67578, 67578, 2339308722
664, 544853, 105028, 109351, 100084, 96096, 67147, 67147, 2388966743
666, 540874, 103144, 110081, 100750, 93963, 66468, 66468, 2286667802
668, 537164, 107362, 105621, 96486, 98271, 64712, 64712, 2676915546
667, 538048, 106065, 106430, 97238, 96489, 65913, 65913, 1080668576
670, 536977, 103688, 107323, 97826, 94572, 66784, 66784, 1351021873
669, 539395, 108999, 104152, 95161, 99559, 65762, 65762, 4197397842
671, 542909, 107265, 105906, 96816, 98192, 67365, 67365, 1906117705
673, 541604, 105312, 107983, 98751, 96250, 66654, 66654, 3352728741
672, 543459, 109209, 105510, 96537, 99973, 66115, 66115, 936181217
674, 543294, 109667, 102118, 93073, 100238, 69099, 69099, 2010544912
675, 539279, 108027, 102972, 94018, 98460, 67901, 67901, 844779451
677, 543311, 106382, 110131, 100724, 97316, 64379, 64379, 356493803
678, 538806, 108662, 103137, 94066, 99419, 66761, 66761, 3855458415
676, 537952, 107762, 105308, 96102, 98392, 65194, 65194, 2341533629
679, 542232, 102097, 111166, 101686, 93385, 66949, 66949, 408478339
680, 543920, 111905, 101963, 92816, 102556, 67340, 67340, 2998835074
681, 542144, 109866, 102579, 93545, 100578, 67788, 67788, 3284193140
682, 539439, 108743, 104841, 95693, 99426, 65368, 65368, 2043259952
683, 540096, 106273, 107145, 97754, 97076, 65924, 65924, 1471553865
685, 533226, 103734, 105373, 96200, 94401, 66759, 66759, 2092058360
684, 540217, 105569, 106748, 97664, 96400, 66918, 66918, 277770993
687, 540534, 105882, 107931, 98544, 96879, 65649, 65649, 4143580531
686, 538326, 105692, 105817, 96647, 96512, 66829, 66829, 942565539
688, 541219, 105129, 106612, 97550, 96138, 67895, 67895, 417330595
689, 542113, 110625, 103987, 94976, 101167, 65679, 65679, 2782908810
691, 541784, 106356, 106675, 97448, 97165, 67070, 67070, 1294082049
690, 537887, 107674, 101804, 92799, 98312, 68649, 68649, 981661937
692, 543388, 106616, 106827, 97628, 97415, 67451, 67451, 1130068880
694, 543079, 108958, 105296, 96126, 99631, 66534, 66534, 3190524624
693, 540051, 103770, 106479, 97373, 94713, 68858, 68858, 3585715901
695, 538399, 109338, 103011, 94027, 100095, 65964, 65964, 696054790
696, 536810, 108411, 103444, 94359, 99180, 65708, 65708, 3771110536
697, 541222, 108237, 104912, 96004, 99017, 66526, 66526, 2749814228
698, 543911, 101971, 109716, 100260, 93256, 69354, 69354, 2464348263
699, 541136, 106757, 104875, 95667, 97393, 68222, 68222, 4207845086
700, 539521, 103707, 108037, 98865, 94862, 67025, 67025, 4099945860
702, 542700, 107980, 106375, 97330, 98887, 66064, 66064, 69531147
701, 535409, 101274, 109698, 100492, 92269, 65838, 65838, 3879865508
703, 538268, 104870, 108513, 99079, 95406, 65200, 65200, 3611030631
704, 542955, 103075, 110471, 100982, 94031, 67198, 67198, 2734870532
705, 539617, 105923, 107253, 97981, 96782, 65839, 65839, 2155763194
706, 539922, 105770, 107330, 97795, 96615, 66206, 66206, 3699842653
707, 539227, 103853, 106482, 97379, 94663, 68425, 68425, 836607530
708, 535690, 104139, 108710, 99398, 94853, 64295, 64295, 1357585854
709, 541340, 107686, 103534, 94427, 98511, 68591, 68591, 79997201
710, 535977, 104146, 106242, 97173, 94894, 66761, 66761, 2592917421
711, 542181, 106658, 108282, 99250, 97375, 65308, 65308, 2531025676
712, 540309, 109581, 103536, 94413, 100263, 66258, 66258, 3217714144
715, 538197, 107869, 104116, 95067, 98839, 66153, 66153, 1111129824
714, 541678, 104156, 109881, 100546, 95127, 65984, 65984, 1804069834
716, 541585, 106124, 108467, 99043, 96973, 65489, 65489, 2152131719
713, 542948, 105242, 108264, 99071, 96343, 67014, 67014, 1487857566
717, 540356, 104900, 107030, 97983, 95643, 67400, 67400, 1634119383
718, 540573, 107475, 107340, 97835, 98147, 64888, 64888, 2869435943
720, 539873, 107639, 106388, 97226, 98184, 65218, 65218, 1645289201
719, 541818, 105274, 106833, 97584, 96139, 67994, 67994, 2588697117
721, 538143, 104771, 106904, 97844, 95598, 66513, 66513, 3358460014
722, 540451, 105847, 106872, 97523, 96883, 66663, 66663, 1840371130
723, 540120, 108887, 103347, 94144, 99380, 67181, 67181, 1188228796
724, 543562, 107029, 106899, 97551, 97931, 67076, 67076, 3469897378
726, 535599, 103321, 105071, 95873, 94216, 68559, 68559, 3726036981
725, 537165, 103814, 109206, 99940, 94641, 64782, 64782, 1348497468
727, 541682, 109651, 104410, 95355, 100436, 65915, 65915, 3251794715
728, 542295, 106569, 106703, 97465, 97392, 67083, 67083, 3062227855
730, 536403, 106916, 104047, 94791, 97513, 66568, 66568, 1243291320
729, 539592, 103895, 107960, 98548, 94807, 67191, 67191, 4286038661
731, 541404, 106768, 105498, 96220, 97540, 67689, 67689, 1507134887
732, 541451, 106592, 104530, 95481, 97340, 68754, 68754, 2986044786
733, 538123, 107508, 104300, 95049, 98130, 66568, 66568, 1648831002
734, 541666, 108744, 105739, 96478, 99427, 65639, 65639, 3004418198
735, 536958, 103801, 107904, 98535, 94732, 65993, 65993, 1883611100
736, 537128, 106735, 104281, 95158, 97536, 66709, 66709, 2164011197
737, 539405, 109310, 104531, 95428, 100008, 65064, 65064, 2609491870
738, 541097, 102020, 110617, 100918, 93024, 67259, 67259, 2826156279
739, 538024, 108670, 102261, 93257, 99238, 67299, 67299, 1951819492
740, 540546, 105354, 107616, 98363, 96341, 66436, 66436, 702233233
741, 541969, 103925, 109572, 100437, 94833, 66601, 66601, 536456243
742, 539757, 106346, 106209, 96965, 97039, 66599, 66599, 2293317414
743, 541457, 103080, 109592, 100338, 93981, 67233, 67233, 1929408562
744, 542774, 108090, 106273, 97004, 98935, 66236, 66236, 1687312743
745, 540594, 100134, 110188, 100546, 91330, 69198, 69198, 1019788204
746, 537480, 105296, 106973, 97765, 96178, 65634, 65634, 503452575
747, 541714, 107367, 106266, 96989, 98280, 66406, 66406, 1010663479
750, 537648, 104647, 108614, 99103, 95412, 64936, 64936, 2178646299
748, 539257, 107933, 103800, 94804, 98600, 67060, 67060, 1516888327
749, 543708, 105582, 108357, 98995, 96570, 67102, 67102, 2382289221
751, 538977, 106157, 107216, 97955, 97005, 65322, 65322, 318060480
752, 539494, 105160, 106883, 97699, 96156, 66798, 66798, 3216092798
753, 540861, 105652, 107430, 98126, 96531, 66561, 66561, 769041062
754, 540976, 105038, 106792, 97469, 95819, 67929, 67929, 2099641977
755, 537907, 105632, 103579, 94443, 96315, 68969, 68969, 3913122698
756, 541410, 105308, 107773, 98561, 96012, 66878, 66878, 1222549761
757, 536702, 104571, 106915, 97661, 95147, 66204, 66204, 527899628
758, 539528, 101258, 110443, 101125, 92290, 67206, 67206, 3451661296
759, 540228, 104320, 107091, 97860, 95077, 67940, 67940, 2104676639
760, 542282, 106422, 108128, 99035, 97101, 65798, 65798, 3211253549
761, 543870, 104040, 110137, 100913, 95004, 66888, 66888, 2789364140
762, 541604, 106758, 107120, 97564, 97542, 66310, 66310, 2118854938
764, 538495, 104642, 104634, 95511, 95546, 69081, 69081, 1498103514
763, 541079, 104435, 106710, 97395, 95513, 68513, 68513, 2690514643
765, 542327, 110008, 105610, 96613, 100638, 64729, 64729, 2691248230
766, 538720, 107889, 105432, 96044, 98605, 65375, 65375, 3374137459
767, 540173, 106867, 106114, 96807, 97791, 66297, 66297, 1035377473
768, 543389, 107417, 106201, 97040, 98077, 67327, 67327, 1662299150
769, 539957, 107654, 104045, 94926, 98468, 67432, 67432, 898722354
770, 539126, 106116, 106143, 96880, 96959, 66514, 66514, 2659742369
771, 539548, 107969, 105795, 96523, 98647, 65307, 65307, 3821285215
772, 541691, 105673, 107073, 97662, 96643, 67320, 67320, 1277746405
773, 541371, 106400, 107769, 98549, 97079, 65787, 65787, 3285341704
774, 536734, 105885, 106335, 97196, 96454, 65432, 65432, 2719662719
776, 537884, 103979, 108304, 98770, 94807, 66012, 66012, 643109538
775, 537588, 106599, 105026, 95755, 97636, 66286, 66286, 1750434268
777, 535669, 102844, 106498, 97158, 93581, 67794, 67794, 2802145025
780, 542623, 105063, 108654, 99556, 95922, 66714, 66714, 2430925017
778, 542215, 106192, 104822, 95789, 97108, 69152, 69152, 2273325253
779, 542580, 105771, 108937, 99616, 96636, 65810, 65810, 109689750
781, 542641, 105798, 105189, 96043, 96767, 69422, 69422, 2310783089
782, 543620, 107615, 106479, 97237, 98365, 66962, 66962, 991392875
783, 534896, 104544, 104842, 95683, 95351, 67238, 67238, 3252664978
785, 542457, 106474, 108409, 99227, 97287, 65530, 65530, 3789621507
784, 541020, 104044, 107424, 98021, 95011, 68260, 68260, 3980789781
786, 539327, 106386, 106453, 97270, 97154, 66032, 66032, 3694218963
788, 540355, 108772, 104190, 95120, 99503, 66385, 66385, 3908009268
789, 541615, 108112, 106492, 97251, 98790, 65485, 65485, 2611988339
787, 541186, 106799, 107030, 97609, 97796, 65976, 65976, 3066206767
790, 542829, 106620, 108650, 99334, 97487, 65369, 65369, 2427607956
791, 538957, 106634, 104601, 95249, 97331, 67571, 67571, 1316898484
792, 539237, 104416, 107981, 98671, 95401, 66384, 66384, 2612080117
793, 541817, 105557, 106822, 97405, 96327, 67853, 67853, 2242067954
794, 540315, 105257, 108109, 98667, 95978, 66152, 66152, 909448613
795, 537771, 104480, 109259, 100026, 95438, 64284, 64284, 1117952177
796, 539810, 107760, 104116, 95019, 98579, 67168, 67168, 4000752620
798, 539488, 104558, 105842, 96538, 95272, 68639, 68639, 3842662807
797, 539157, 109664, 103635, 94704, 100216, 65469, 65469, 1938581966
801, 540475, 107412, 103931, 94961, 98113, 68029, 68029, 1620381195
800, 540511, 102342, 110562, 101117, 93628, 66431, 66431, 3610405768
799, 540258, 106542, 105359, 96335, 97456, 67283, 67283, 4187666227
802, 540647, 111421, 101216, 92214, 101806, 66995, 66995, 2514743304
803, 540204, 107045, 105785, 96583, 97951, 66420, 66420, 4190020699
804, 544188, 106298, 106799, 97759, 97116, 68108, 68108, 3620119709
805, 538972, 106037, 105585, 96235, 96851, 67132, 67132, 3355130443
806, 540242, 107722, 105163, 96005, 98450, 66451, 66451, 1980273110
807, 540574, 106237, 104869, 95696, 96972, 68400, 68400, 703218092
809, 542242, 103501, 108296, 98980, 94659, 68403, 68403, 3962373792
808, 542359, 109831, 104686, 95716, 100342, 65892, 65892, 585798028
810, 540344, 108297, 105718, 96612, 99189, 65264, 65264, 1864878390
811, 542304, 109300, 104619, 95597, 100006, 66391, 66391, 3702994540
812, 539435, 109544, 104192, 95095, 99992, 65306, 65306, 3462232611
813, 543346, 109913, 104914, 95921, 100596, 66001, 66001, 2610141117
814, 538202, 108706, 102242, 93298, 99384, 67286, 67286, 1236274166
815, 538659, 108337, 101807, 92711, 98924, 68440, 68440, 1387338736
816, 538421, 102811, 107680, 98488, 93752, 67845, 67845, 228903508
817, 541066, 110308, 102663, 93648, 100983, 66732, 66732, 3999166848
818, 539921, 106945, 105588, 96566, 97758, 66532, 66532, 3130114925
819, 538826, 106931, 104626, 95446, 97701, 67061, 67061, 3617933237
820, 543129, 108127, 107069, 97811, 98884, 65619, 65619, 3213678368
822, 538563, 105012, 107500, 98246, 95893, 65956, 65956, 4161327375
821, 544942, 110561, 104243, 95132, 101452, 66777, 66777, 3179915104
823, 538852, 107124, 105946, 96588, 97802, 65696, 65696, 964416084
824, 541553, 108259, 106196, 97064, 99012, 65511, 65511, 704016459
825, 539192, 103418, 108345, 98897, 94204, 67164, 67164, 2014933024
826, 539647, 106981, 103871, 94622, 97643, 68265, 68265, 173907
827, 539107, 102885, 108672, 99523, 94123, 66952, 66952, 3334430010
828, 540483, 106798, 107317, 97944, 97604, 65410, 65410, 2070444210
829, 544463, 110402, 106241, 97186, 100998, 64818, 64818, 2748740794
830, 536582, 108379, 104248, 94895, 98894, 65083, 65083, 1472408701
831, 535156, 105399, 105721, 96495, 96387, 65577, 65577, 3839915607
832, 543604, 109720, 105771, 96501, 100560, 65526, 65526, 3067557189
833, 537019, 104793, 107644, 98454, 95632, 65248, 65248, 2036837060
834, 540007, 105666, 104564, 95475, 96602, 68850, 68850, 4049714191
835, 536537, 106736, 103865, 94805, 97557, 66787, 66787, 4018099068
836, 537201, 105905, 108208, 98646, 96450, 63996, 63996, 3439187949
838, 532108, 100893, 109233, 99697, 91731, 65277, 65277, 4151702779
837, 539363, 107736, 101002, 91988, 98523, 70057, 70057, 2193964868
840, 541078, 108237, 105619, 96691, 99251, 65640, 65640, 1045814236
839, 539310, 106895, 107056, 97606, 97437, 65158, 65158, 788817876
841, 539073, 105231, 108459, 99141, 96272, 64985, 64985, 1445024302
842, 540816, 105399, 107083, 97777, 96301, 67128, 67128, 2345585934
843, 538529, 109050, 103414, 94572, 99601, 65946, 65946, 462896703
844, 538304, 104054, 107057, 97933, 94998, 67131, 67131, 2527385439
846, 539675, 106150, 106737, 97509, 97029, 66125, 66125, 150499524
845, 540908, 108355, 103929, 94872, 99014, 67369, 67369, 887463095
848, 540915, 107448, 105573, 96184, 98042, 66834, 66834, 742750261
847, 542897, 107977, 105596, 96524, 98580, 67110, 67110, 706985414
850, 540837, 104001, 109830, 100455, 94863, 65844, 65844, 1115993898
849, 540946, 105372, 108272, 99168, 96456, 65839, 65839, 3022102760
851, 545643, 105401, 109761, 100477, 96384, 66810, 66810, 1554978630
852, 539813, 110445, 103707, 94763, 100830, 65034, 65034, 1846703702
853, 539597, 109314, 104864, 95777, 99990, 64826, 64826, 4059623144
854, 537309, 105624, 105739, 96827, 96365, 66377, 66377, 1707382798
855, 538098, 106363, 106653, 97431, 97245, 65203, 65203, 1627371767
856, 538127, 104413, 107526, 98072, 95332, 66392, 66392, 3322744163
858, 543597, 101451, 110309, 101181, 92456, 69100, 69100, 420888998
857, 536217, 103444, 107318, 98133, 94492, 66415, 66415, 2600536767
859, 537745, 107204, 105184, 95825, 97884, 65824, 65824, 1557535869
860, 540866, 105714, 107469, 98340, 96671, 66336, 66336, 661815905
861, 540896, 104362, 107888, 98769, 95193, 67342, 67342, 3407163708
862, 542239, 106878, 106409, 97248, 97678, 67013, 67013, 3319785521
863, 535749, 106815, 102868, 93826, 97362, 67439, 67439, 3397784333
864, 539021, 109111, 102870, 93870, 99788, 66691, 66691, 909579969
865, 537945, 108241, 105059, 95964, 98899, 64891, 64891, 3084462349
866, 542335, 104661, 108589, 99448, 95521, 67058, 67058, 4108948835
867, 539465, 107712, 103856, 94870, 98433, 67297, 67297, 3168301201
868, 543715, 104936, 110749, 101192, 95810, 65514, 65514, 2051266067
869, 539865, 110468, 102195, 93362, 101004, 66418, 66418, 2753421633
870, 542110, 109574, 105505, 96313, 100270, 65224, 65224, 3342131493
871, 539809, 106653, 106207, 96826, 97429, 66347, 66347, 3972183448
872, 535068, 104610, 106479, 97301, 95450, 65614, 65614, 991963631
873, 541237, 107663, 104539, 95197, 98342, 67748, 67748, 302352544
875, 539211, 106384, 106814, 97495, 96918, 65800, 65800, 3094880393
874, 542183, 104915, 110000, 100564, 95908, 65398, 65398, 1483658038
876, 540160, 107836, 106223, 96991, 98568, 65271, 65271, 1948112777
877, 546407, 105221, 110304, 100746, 96250, 66943, 66943, 1010057063
878, 539528, 109440, 105292, 96217, 100295, 64142, 64142, 1383217386
879, 541394, 106345, 108791, 99445, 97379, 64717, 64717, 2163342968
880, 538603, 107852, 106640, 97492, 98513, 64053, 64053, 1685125058
881, 538837, 106476, 107108, 97935, 97388, 64965, 64965, 1631203492
882, 540481, 105246, 106671, 97298, 95866, 67700, 67700, 2824360527
883, 542013, 107116, 104994, 95832, 97863, 68104, 68104, 1158365607
884, 539764, 108930, 102356, 93470, 99590, 67709, 67709, 1855547271
885, 537296, 106040, 105688, 96723, 96891, 65977, 65977, 2245855075
886, 540318, 104529, 108252, 98879, 95486, 66586, 66586, 615683031
887, 541441, 107053, 107373, 98101, 97866, 65524, 65524, 1874053634
888, 541872, 110055, 103817, 94516, 100858, 66313, 66313, 3243809503
889, 538765, 105281, 107076, 97816, 96404, 66094, 66094, 3647403789
890, 542331, 105645, 106602, 97387, 96429, 68134, 68134, 855375639
891, 542526, 109427, 104694, 95789, 100288, 66164, 66164, 2897929824
892, 541416, 106729, 107725, 98401, 97601, 65480, 65480, 3759210050
893, 539825, 109568, 101813, 92947, 100113, 67692, 67692, 1204915165
894, 542637, 109019, 106893, 97779, 99496, 64725, 64725, 1316868161
895, 542274, 106123, 107292, 97986, 96851, 67011, 67011, 3895624913
896, 536850, 107742, 106002, 96798, 98406, 63951, 63951, 2610871527
897, 536180, 106958, 104626, 95487, 97585, 65762, 65762, 2123606169
898, 540034, 105483, 105715, 96413, 96389, 68017, 68017, 958229229
899, 543559, 108557, 105283, 96127, 99184, 67204, 67204, 1634950074
901, 534406, 103487, 106007, 96700, 94438, 66887, 66887, 624628709
900, 541236, 107155, 108739, 99377, 98045, 63960, 63960, 3260039648
902, 542661, 105152, 108233, 98940, 96202, 67067, 67067, 3000411111
903, 538529, 104131, 109093, 99746, 95029, 65265, 65265, 1229242494
904, 536954, 103399, 108625, 99093, 94389, 65724, 65724, 410411165
905, 539835, 108489, 107881, 98642, 99323, 62750, 62750, 3947474648
906, 538593, 105117, 105623, 96633, 95972, 67624, 67624, 729220651
907, 536531, 102064, 108967, 99396, 93006, 66549, 66549, 2285792770
908, 544406, 113296, 102352, 93355, 103639, 65882, 65882, 825124417
909, 538596, 106662, 105761, 96411, 97142, 66310, 66310, 105702249
912, 540766, 103527, 108545, 99305, 94419, 67485, 67485, 2905698525
910, 543466, 104465, 110034, 100673, 95532, 66381, 66381, 4094671236
911, 539434, 105216, 108164, 98783, 96019, 65626, 65626, 711970909
913, 542409, 106459, 108755, 99404, 97319, 65236, 65236, 2751529218
914, 541225, 106236, 105782, 96763, 97092, 67676, 67676, 539951545
915, 538530, 108380, 103177, 94310, 99005, 66829, 66829, 3567623180
916, 539298, 104545, 106246, 97098, 95749, 67830, 67830, 1568930215
917, 540307, 109530, 105736, 96484, 100021, 64268, 64268, 61443019
918, 540141, 103804, 110368, 100855, 94560, 65277, 65277, 3368498176
919, 539686, 105894, 108999, 99789, 96752, 64126, 64126, 3517732245
920, 537990, 104495, 107474, 98294, 95257, 66235, 66235, 1363494177
921, 537211, 106259, 105191, 95901, 96972, 66444, 66444, 4136225656
922, 542702, 108456, 104408, 95462, 99242, 67567, 67567, 4025094495
924, 539233, 106884, 105177, 96005, 97673, 66747, 66747, 2322925203
923, 538013, 107636, 104000, 95066, 98315, 66498, 66498, 3900826077
925, 538570, 103051, 107260, 98225, 93780, 68127, 68127, 701429483
926, 541798, 110616, 104141, 95188, 101193, 65330, 65330, 3840245490
928, 545337, 107740, 107380, 98069, 98776, 66686, 66686, 2096373073
927, 539220, 104774, 109845, 100329, 95584, 64344, 64344, 3724399260
929, 536840, 102010, 108628, 99289, 92899, 67007, 67007, 3123171707
930, 539288, 109136, 102555, 93626, 99809, 67081, 67081, 38753919
931, 541627, 106216, 109590, 100381, 96914, 64263, 64263, 3214528615
932, 537193, 100301, 113026, 103151, 91211, 64752, 64752, 3684275879
933, 541162, 107028, 106609, 97217, 97740, 66284, 66284, 2101868338
934, 538601, 107134, 104862, 95708, 97765, 66566, 66566, 4267080468
935, 543074, 102667, 110855, 101490, 93508, 67277, 67277, 4135365252
936, 540960, 103353, 109416, 100061, 94250, 66940, 66940, 1064178957
937, 541078, 107218, 106616, 97251, 97815, 66089, 66089, 1429872773
938, 538270, 105140, 107110, 97907, 95899, 66107, 66107, 961026475
939, 541051, 110377, 103756, 94716, 100868, 65667, 65667, 3342123027
940, 538584, 106049, 108350, 98891, 96934, 64180, 64180, 933444532
941, 541214, 108976, 104119, 95019, 99586, 66757, 66757, 2946910694
942, 535335, 104453, 104367, 95073, 95126, 68158, 68158, 2093122229
943, 540905, 106681, 103992, 94923, 97497, 68906, 68906, 1381192063
945, 542678, 108554, 106921, 97849, 99334, 65010, 65010, 3620429558
944, 541890, 109965, 103379, 94184, 100552, 66905, 66905, 2534000703
946, 538872, 107710, 105038, 95871, 98455, 65899, 65899, 2673137143
947, 539196, 107946, 103076, 93913, 98721, 67770, 67770, 2900816908
948, 540857, 102482, 110038, 100814, 93737, 66893, 66893, 2770434465
950, 538394, 106991, 104359, 95250, 97646, 67074, 67074, 3234705619
949, 540548, 104981, 106286, 96850, 95927, 68252, 68252, 1647114461
951, 543948, 108481, 107542, 98403, 99320, 65101, 65101, 1866356039
952, 543020, 107665, 105343, 96501, 98437, 67537, 67537, 4104733530
953, 541327, 109385, 102841, 93804, 100075, 67611, 67611, 3367824848
954, 539723, 109672, 103008, 93923, 100260, 66430, 66430, 3842479713
955, 540613, 102029, 106258, 96933, 93073, 71160, 71160, 2687069883
957, 538938, 106799, 104722, 95682, 97651, 67042, 67042, 3858461551
956, 538558, 106995, 101805, 92783, 97477, 69749, 69749, 172350155
958, 539320, 106512, 104532, 95209, 97491, 67788, 67788, 584537145
959, 542126, 105922, 107517, 98238, 96647, 66901, 66901, 2874555242
960, 540626, 106416, 105970, 96884, 97028, 67164, 67164, 3648717104
961, 541882, 105322, 109946, 100664, 96266, 64842, 64842, 4233692847
962, 539152, 107355, 108461, 99176, 98036, 63062, 63062, 2159911274
963, 544329, 107507, 106814, 97602, 98156, 67125, 67125, 567960736
964, 542137, 106220, 109460, 100180, 97225, 64526, 64526, 817047624
965, 537486, 104231, 108189, 98687, 94883, 65748, 65748, 3266041310
967, 541828, 108015, 105833, 96779, 98769, 66216, 66216, 3292766562
966, 542945, 103796, 109298, 99934, 94797, 67560, 67560, 64634545
968, 543370, 106293, 107489, 98320, 96998, 67135, 67135, 1800673333
969, 540412, 106383, 107548, 98247, 97192, 65521, 65521, 2975584099
970, 540692, 105736, 107926, 98492, 96620, 65959, 65959, 2881486946
973, 543534, 102478, 111010, 101719, 93119, 67604, 67604, 3310876960
971, 539196, 105905, 108403, 99204, 96656, 64514, 64514, 3071112223
972, 537639, 106342, 105398, 96177, 97140, 66291, 66291, 909145671
974, 539587, 108512, 104162, 94980, 99225, 66354, 66354, 883840375
975, 538704, 107624, 105726, 96615, 98397, 65171, 65171, 221293688
977, 546277, 106109, 109643, 100423, 96968, 66567, 66567, 3257547591
976, 541737, 109375, 107357, 98106, 100127, 63386, 63386, 2123526716
979, 540562, 110420, 103683, 94698, 100943, 65409, 65409, 3735769965
978, 542554, 103063, 108705, 99281, 94157, 68674, 68674, 3167889091
980, 539021, 106395, 106092, 96921, 97405, 66104, 66104, 4154731023
981, 542025, 109320, 103232, 94251, 100070, 67576, 67576, 2515755864
982, 538064, 103610, 107408, 98034, 94520, 67246, 67246, 4170017455
983, 538360, 105461, 106447, 97310, 96292, 66425, 66425, 3517034872
985, 538972, 109803, 101122, 91974, 100307, 67883, 67883, 3333291725
984, 540257, 109815, 103307, 94467, 100444, 66112, 66112, 1530850872
987, 540125, 106369, 107237, 98135, 97138, 65623, 65623, 2411306347
986, 542104, 102972, 108433, 99397, 93782, 68760, 68760, 2817827142
988, 540489, 103848, 108236, 99099, 94892, 67207, 67207, 3868446944
989, 538147, 107763, 103789, 94543, 98508, 66772, 66772, 3065436842
991, 537375, 105083, 107312, 98120, 95958, 65451, 65451, 3552231476
990, 541137, 108777, 104896, 95726, 99532, 66103, 66103, 3700716811
992, 540397, 108413, 105006, 95661, 99107, 66105, 66105, 4123196566
993, 539614, 103291, 109068, 99795, 94214, 66623, 66623, 2002634849
994, 542829, 108597, 105074, 95801, 99221, 67068, 67068, 3172047215
995, 541233, 108781, 102250, 93555, 99487, 68580, 68580, 3999024569
996, 536272, 106798, 103618, 94607, 97347, 66951, 66951, 2681534474
997, 540170, 108449, 102031, 93206, 99112, 68686, 68686, 780453299
998, 538907, 104558, 108099, 98641, 95625, 65992, 65992, 2249105301
999, 539300, 106443, 105350, 96200, 97211, 67048, 67048, 1493693702
