sample_id, N_active, N_A_1, N_B_1, N_A_0, N_B_0, N_A_*, N_B_*, seed
5, 1177918, 2151, 578458, 576650, 1039, 9810, 9810, 2822242974
7, 1178292, 1609, 578455, 577052, 582, 10297, 10297, 977246847
3, 1173879, 1893, 576092, 574585, 843, 10233, 10233, 733792120
4, 1177228, 577964, 1683, 670, 576519, 10196, 10196, 1952637847
9, 1177759, 578381, 1768, 695, 577139, 9888, 9888, 942776279
0, 1177898, 578135, 2218, 1142, 576763, 9820, 9820, 2324866370
10, 1176526, 577362, 1937, 905, 575724, 10299, 10299, 2795417569
6, 1172997, 1863, 575393, 574268, 809, 10332, 10332, 488956303
13, 1175096, 577209, 1940, 914, 575369, 9832, 9832, 1763900818
11, 1173379, 575901, 1841, 748, 574347, 10271, 10271, 3204723396
12, 1174517, 1774, 576490, 575447, 808, 9999, 9999, 3237414034
2, 1179289, 579825, 1676, 625, 578305, 9429, 9429, 1024796514
8, 1173381, 575425, 1993, 934, 574243, 10393, 10393, 1090860461
1, 1175458, 576573, 2061, 978, 575454, 10196, 10196, 2093000007
18, 1172992, 1913, 576435, 574249, 879, 9758, 9758, 651287809
15, 1178306, 1941, 578292, 577171, 874, 10014, 10014, 332180707
17, 1173217, 575873, 1878, 855, 574175, 10218, 10218, 418673641
23, 1177499, 1938, 578245, 576799, 927, 9795, 9795, 4034768391
14, 1175190, 2142, 576597, 575370, 969, 10056, 10056, 325469399
19, 1175844, 2345, 576841, 575562, 1242, 9927, 9927, 3372552820
20, 1174373, 1874, 576615, 575213, 845, 9913, 9913, 3648173213
21, 1178596, 579274, 1840, 769, 577501, 9606, 9606, 2962559372
22, 1176851, 578277, 1705, 745, 576810, 9657, 9657, 985949318
16, 1174437, 577076, 1761, 703, 575723, 9587, 9587, 1443449343
26, 1174957, 2026, 576483, 574903, 911, 10317, 10317, 429756259
24, 1178025, 1962, 577964, 576729, 878, 10246, 10246, 2876116029
27, 1174646, 1854, 577084, 575655, 769, 9642, 9642, 940255881
35, 1174072, 1987, 576382, 574799, 918, 9993, 9993, 424486782
29, 1180520, 1853, 580228, 579015, 824, 9300, 9300, 3473530747
38, 1172894, 2191, 575521, 573613, 1069, 10250, 10250, 2945817774
28, 1174200, 576276, 1951, 863, 575100, 10005, 10005, 1109889354
37, 1175076, 2267, 576249, 574660, 1140, 10380, 10380, 1240028828
25, 1179049, 578550, 2017, 965, 577499, 10009, 10009, 4010542469
32, 1176711, 1748, 577873, 576655, 691, 9872, 9872, 3429451944
33, 1173549, 575582, 1960, 888, 574213, 10453, 10453, 1311502454
31, 1178667, 578604, 1931, 894, 577128, 10055, 10055, 4239101097
40, 1173372, 1908, 575713, 574466, 841, 10222, 10222, 3263136441
34, 1175953, 577225, 1886, 789, 575965, 10044, 10044, 3584368037
36, 1176122, 577657, 1739, 670, 576164, 9946, 9946, 3084310598
30, 1173053, 575436, 1962, 865, 574252, 10269, 10269, 2693346198
42, 1176343, 1707, 578057, 575946, 645, 9994, 9994, 1016940399
39, 1176600, 577723, 2029, 936, 576488, 9712, 9712, 1379124065
46, 1173288, 1844, 576221, 574466, 779, 9989, 9989, 294709284
47, 1171790, 2117, 575218, 572932, 981, 10271, 10271, 857551992
41, 1177502, 577963, 1939, 877, 576529, 10097, 10097, 286908314
45, 1176099, 1873, 577352, 576231, 807, 9918, 9918, 706988537
44, 1174512, 576790, 2050, 941, 574955, 9888, 9888, 1035889611
43, 1174769, 576600, 1915, 838, 575266, 10075, 10075, 308394427
49, 1179838, 1907, 579272, 578020, 859, 9890, 9890, 2788465402
48, 1177221, 578315, 1822, 787, 576455, 9921, 9921, 2938634268
52, 1177029, 1853, 577991, 576400, 791, 9997, 9997, 4223703990
55, 1174675, 576876, 1927, 827, 575275, 9885, 9885, 1077392424
57, 1176097, 1895, 577501, 575983, 728, 9995, 9995, 1578819386
51, 1176304, 577706, 1723, 661, 576454, 9880, 9880, 4031599001
53, 1176429, 577130, 1865, 891, 575833, 10355, 10355, 1314472459
56, 1175349, 1768, 577362, 575997, 730, 9746, 9746, 1240843661
50, 1177236, 577674, 2015, 926, 576383, 10119, 10119, 948025714
58, 1176352, 577961, 1942, 858, 575985, 9803, 9803, 3940921061
54, 1178740, 1646, 579139, 578071, 644, 9620, 9620, 2303077408
63, 1177410, 1907, 578228, 576668, 825, 9891, 9891, 4079468814
62, 1175236, 1876, 577107, 575779, 760, 9857, 9857, 2944503735
64, 1177653, 1899, 578049, 576653, 832, 10110, 10110, 2385301678
59, 1174199, 576036, 1967, 896, 574790, 10255, 10255, 3396196337
61, 1179945, 1825, 579372, 578222, 778, 9874, 9874, 2219749885
67, 1173090, 2094, 575644, 573743, 1087, 10261, 10261, 1902121823
68, 1175465, 2011, 576720, 575342, 938, 10227, 10227, 4254713570
60, 1177150, 577573, 2037, 958, 576310, 10136, 10136, 3508730789
65, 1175555, 2121, 576852, 575599, 1061, 9961, 9961, 3265735103
69, 1175436, 1865, 577372, 576259, 788, 9576, 9576, 4132584452
66, 1175805, 1895, 577125, 575946, 803, 10018, 10018, 1234301399
76, 1171632, 2037, 574688, 573055, 942, 10455, 10455, 108731849
70, 1171344, 574589, 1993, 875, 573441, 10223, 10223, 3828673014
77, 1176312, 577719, 1835, 790, 576274, 9847, 9847, 3827301491
74, 1176455, 577578, 1883, 811, 575675, 10254, 10254, 3872229847
73, 1178093, 1740, 578391, 577313, 695, 9977, 9977, 3034420045
72, 1174994, 1864, 577119, 575981, 816, 9607, 9607, 3729361756
79, 1173777, 576788, 1947, 866, 575006, 9585, 9585, 1726354089
81, 1176432, 1688, 578001, 576805, 644, 9647, 9647, 1148050957
75, 1177812, 578145, 1857, 792, 576888, 10065, 10065, 3815235979
80, 1174169, 576856, 1841, 765, 574763, 9972, 9972, 2499254007
71, 1174756, 576297, 1895, 851, 575097, 10308, 10308, 1726694751
78, 1172225, 575734, 1766, 732, 574335, 9829, 9829, 3458858575
83, 1173458, 1776, 576340, 575095, 739, 9754, 9754, 3971445359
84, 1173368, 1786, 576321, 574780, 769, 9856, 9856, 1501239919
86, 1173935, 2132, 575965, 574200, 988, 10325, 10325, 4270348442
82, 1175816, 577541, 1877, 768, 575764, 9933, 9933, 1272330495
89, 1171661, 1934, 575192, 573582, 817, 10068, 10068, 1613701406
88, 1177990, 1809, 578310, 576631, 770, 10235, 10235, 2565771880
90, 1177620, 1836, 578441, 576760, 759, 9912, 9912, 3092363101
92, 1174556, 1925, 576945, 574918, 850, 9959, 9959, 1564462266
97, 1180572, 1777, 580924, 578913, 756, 9101, 9101, 3342701080
91, 1177597, 1934, 577984, 576763, 904, 10006, 10006, 4170911135
85, 1177535, 577661, 1909, 858, 576477, 10315, 10315, 588979138
94, 1173936, 1745, 576580, 575054, 707, 9925, 9925, 915953747
87, 1176257, 577513, 1909, 861, 576474, 9750, 9750, 23706306
99, 1176930, 1873, 578180, 576657, 818, 9701, 9701, 2991956342
95, 1177265, 578407, 1860, 824, 576932, 9621, 9621, 636909836
96, 1178713, 578768, 1769, 772, 577312, 10046, 10046, 1009124334
102, 1174883, 1891, 576676, 575378, 804, 10067, 10067, 570610878
98, 1174238, 575994, 1949, 835, 574798, 10331, 10331, 1694722774
100, 1174949, 1868, 576837, 575700, 810, 9867, 9867, 2844065267
103, 1175775, 577657, 2040, 943, 575667, 9734, 9734, 1658763379
93, 1175926, 577384, 1936, 877, 576251, 9739, 9739, 3676653651
105, 1176634, 2010, 577597, 576276, 955, 9898, 9898, 1695048967
108, 1176017, 1892, 577640, 575662, 863, 9980, 9980, 2435277651
101, 1173345, 575329, 2122, 989, 574217, 10344, 10344, 4008060624
106, 1174880, 577550, 1899, 800, 576185, 9223, 9223, 259892152
107, 1176131, 577624, 1820, 849, 576234, 9802, 9802, 3369940072
104, 1177491, 578310, 1932, 857, 576926, 9733, 9733, 1318605150
109, 1174634, 576379, 1814, 743, 574768, 10465, 10465, 396551049
111, 1175416, 1652, 577331, 575867, 576, 9995, 9995, 3374934659
110, 1174968, 577137, 1911, 774, 575298, 9924, 9924, 1321575332
112, 1179082, 579463, 1822, 791, 577670, 9668, 9668, 1559509577
113, 1181863, 1798, 580041, 578854, 760, 10205, 10205, 894251021
115, 1176466, 2153, 577740, 576422, 1079, 9536, 9536, 3771075509
114, 1174136, 2072, 576418, 575222, 996, 9714, 9714, 4236107378
116, 1174819, 2072, 576202, 574980, 993, 10286, 10286, 3759238152
120, 1174097, 2328, 576265, 574337, 1165, 10001, 10001, 1847648915
117, 1180596, 1781, 579717, 578485, 717, 9948, 9948, 240261663
118, 1173591, 576002, 2136, 1118, 574067, 10134, 10134, 692625170
119, 1179388, 579058, 2026, 958, 577600, 9873, 9873, 2802807878
123, 1176971, 2006, 577816, 576329, 952, 9934, 9934, 4110909714
121, 1173524, 575880, 1736, 673, 574719, 10258, 10258, 1617738384
124, 1181251, 1946, 580815, 579567, 849, 9037, 9037, 2304117703
122, 1175372, 576871, 1896, 776, 575683, 10073, 10073, 1092521984
131, 1177504, 1823, 578476, 576983, 768, 9727, 9727, 396703043
133, 1173950, 1731, 576585, 574552, 696, 10193, 10193, 2721061218
128, 1173211, 2042, 575450, 574170, 939, 10305, 10305, 3012318207
127, 1176636, 577926, 1867, 809, 576546, 9744, 9744, 904357109
129, 1175620, 577001, 1836, 770, 575605, 10204, 10204, 2940230230
126, 1176710, 577826, 1845, 798, 576581, 9830, 9830, 3728770742
125, 1173696, 576016, 1880, 791, 574651, 10179, 10179, 2834658123
134, 1176212, 1895, 577716, 576144, 787, 9835, 9835, 162592738
130, 1177532, 1925, 577908, 576707, 886, 10053, 10053, 2330480939
132, 1171713, 2054, 574864, 573709, 930, 10078, 10078, 3130591284
138, 1173251, 2094, 575676, 574422, 915, 10072, 10072, 464924515
135, 1175980, 576995, 1746, 712, 575937, 10295, 10295, 490364455
137, 1179512, 1912, 579192, 578022, 852, 9767, 9767, 1014377349
139, 1175840, 577022, 1861, 831, 575010, 10558, 10558, 1185852557
140, 1174599, 2036, 576569, 575247, 899, 9924, 9924, 39322443
143, 1175016, 1887, 576757, 575126, 806, 10220, 10220, 1778396624
141, 1175414, 1834, 576929, 575577, 768, 10153, 10153, 2681778459
136, 1176957, 578169, 1765, 740, 576797, 9743, 9743, 1712738764
145, 1173774, 2039, 576172, 574316, 909, 10169, 10169, 1157459540
148, 1178832, 1838, 578768, 577305, 825, 10048, 10048, 275371337
144, 1176857, 577868, 1787, 726, 576432, 10022, 10022, 1302448420
142, 1172726, 575775, 1803, 736, 574340, 10036, 10036, 1933558689
146, 1175652, 577431, 1793, 756, 576352, 9660, 9660, 2721806111
151, 1174580, 1963, 576208, 574900, 913, 10298, 10298, 3814777512
147, 1176679, 577437, 1773, 698, 576347, 10212, 10212, 8441068
154, 1174870, 1864, 577057, 575771, 784, 9697, 9697, 3685599613
153, 1177225, 1854, 578514, 577013, 800, 9522, 9522, 887843169
152, 1171765, 575037, 1829, 757, 573556, 10293, 10293, 151251692
155, 1179405, 1751, 579579, 578374, 749, 9476, 9476, 1104860474
149, 1176682, 577558, 1915, 836, 576291, 10041, 10041, 1538129536
157, 1172289, 1986, 574856, 573706, 913, 10414, 10414, 3283607478
158, 1175954, 2023, 576948, 575698, 923, 10181, 10181, 1909750863
150, 1180894, 1602, 580216, 579135, 585, 9678, 9678, 2420425969
160, 1176810, 577882, 1824, 819, 576351, 9967, 9967, 2165771980
162, 1175723, 1921, 577440, 575893, 895, 9787, 9787, 3106771000
156, 1176476, 577326, 1986, 907, 576145, 10056, 10056, 51024317
161, 1177907, 1823, 578348, 577245, 765, 9863, 9863, 594017708
164, 1176260, 1943, 577204, 575810, 843, 10230, 10230, 1957735733
159, 1176520, 2003, 577372, 576227, 878, 10020, 10020, 417157139
165, 1172706, 1898, 575407, 573963, 856, 10291, 10291, 3700810781
170, 1173770, 1961, 576286, 574237, 890, 10198, 10198, 3479150588
168, 1180261, 1908, 579585, 578202, 822, 9872, 9872, 2581550927
163, 1178588, 578747, 1764, 718, 577453, 9953, 9953, 1790792659
167, 1173841, 1841, 576460, 575132, 788, 9810, 9810, 4108532470
166, 1173864, 576158, 2091, 959, 574634, 10011, 10011, 4077922723
171, 1173422, 576003, 2003, 841, 574567, 10004, 10004, 2478070601
169, 1174096, 575820, 2168, 1009, 574503, 10298, 10298, 1559721095
172, 1173772, 576126, 1978, 891, 574127, 10325, 10325, 12749863
173, 1175938, 577786, 1964, 903, 575461, 9912, 9912, 2289880073
176, 1176468, 578054, 1811, 810, 576341, 9726, 9726, 3798162777
177, 1175979, 1878, 577101, 575791, 787, 10211, 10211, 2069275616
180, 1172430, 1841, 575226, 574077, 690, 10298, 10298, 121357106
182, 1173934, 1745, 576693, 575124, 638, 9867, 9867, 867871341
178, 1174961, 1947, 576618, 575202, 874, 10160, 10160, 3523982137
175, 1182163, 581073, 1710, 710, 579926, 9372, 9372, 2607301438
174, 1175330, 577143, 1885, 844, 575934, 9762, 9762, 3149653226
181, 1176451, 577526, 1931, 836, 576024, 10067, 10067, 847476421
184, 1177062, 1632, 578519, 577277, 576, 9529, 9529, 3244959990
187, 1176261, 1836, 577325, 575968, 782, 10175, 10175, 178221366
179, 1175756, 576738, 2121, 991, 575598, 10154, 10154, 3972862152
185, 1173436, 1803, 576227, 575018, 764, 9812, 9812, 2975499340
188, 1175862, 1984, 577247, 575895, 880, 9928, 9928, 2051713257
183, 1173943, 575915, 2073, 954, 574545, 10228, 10228, 1798360160
192, 1172646, 1818, 575447, 573869, 698, 10407, 10407, 1229135446
190, 1177018, 578193, 1931, 860, 576582, 9726, 9726, 4044447513
186, 1181444, 1881, 579695, 578584, 772, 10256, 10256, 541740907
194, 1174118, 2078, 576106, 574405, 935, 10297, 10297, 3597913963
189, 1179179, 579284, 1878, 839, 577978, 9600, 9600, 3231176392
193, 1176822, 2026, 577420, 576229, 937, 10105, 10105, 141220667
196, 1176935, 577870, 2091, 976, 576090, 9954, 9954, 453811262
197, 1173591, 2154, 575535, 574340, 1014, 10274, 10274, 3043884064
195, 1175293, 576687, 2010, 870, 575198, 10264, 10264, 2651386206
202, 1173458, 2376, 575325, 573892, 1167, 10349, 10349, 2153502073
199, 1175044, 577042, 1987, 912, 575603, 9750, 9750, 321623044
191, 1176546, 577353, 1991, 967, 576257, 9989, 9989, 1964869067
198, 1175079, 576983, 1771, 720, 575643, 9981, 9981, 1546457457
201, 1177607, 578432, 2040, 993, 577018, 9562, 9562, 1035033573
200, 1177974, 578382, 1935, 847, 576978, 9916, 9916, 1637309967
206, 1178368, 1743, 578862, 577550, 727, 9743, 9743, 2062458882
205, 1175754, 577243, 1862, 773, 575816, 10030, 10030, 1223878924
204, 1173826, 575835, 2133, 1031, 574549, 10139, 10139, 1057310467
203, 1172400, 575409, 1814, 749, 574136, 10146, 10146, 239483466
208, 1175509, 577535, 1806, 709, 575585, 9937, 9937, 3370488972
211, 1176507, 1990, 577629, 576151, 925, 9906, 9906, 2922565841
207, 1174380, 2107, 576255, 574934, 1010, 10037, 10037, 3799467888
209, 1178777, 579404, 1888, 843, 577538, 9552, 9552, 2045136039
210, 1171462, 575148, 2030, 923, 572723, 10319, 10319, 2622265405
213, 1173551, 1938, 575955, 574592, 810, 10128, 10128, 4283580339
217, 1177697, 2060, 578678, 576712, 1003, 9622, 9622, 1466293778
212, 1176239, 1979, 577446, 576258, 824, 9866, 9866, 2968855203
218, 1177159, 1748, 578435, 576937, 711, 9664, 9664, 700640207
216, 1174393, 576409, 1874, 812, 574784, 10257, 10257, 3447075277
221, 1175770, 577375, 2198, 1121, 575574, 9751, 9751, 4110973495
214, 1178211, 578506, 1922, 801, 577272, 9855, 9855, 3540601728
220, 1175744, 2069, 577204, 575930, 911, 9815, 9815, 3518649525
215, 1175934, 577536, 2053, 974, 576313, 9529, 9529, 785306623
219, 1176427, 577590, 2065, 981, 576113, 9839, 9839, 1462755514
224, 1178211, 1663, 579327, 577966, 659, 9298, 9298, 408628806
223, 1177834, 579073, 1575, 606, 577364, 9608, 9608, 3895174828
222, 1173429, 575804, 1961, 853, 574519, 10146, 10146, 2230167471
227, 1174130, 576544, 1928, 843, 575139, 9838, 9838, 2091434898
232, 1173566, 1945, 576622, 574803, 836, 9680, 9680, 1571891934
228, 1174741, 576439, 1864, 817, 575251, 10185, 10185, 721855015
229, 1175867, 577766, 1549, 520, 576156, 9938, 9938, 3519380176
225, 1173895, 1828, 576043, 574892, 714, 10209, 10209, 948305298
234, 1176890, 1908, 578097, 576425, 856, 9802, 9802, 3483308658
231, 1173484, 576280, 2120, 1005, 574417, 9831, 9831, 145826589
230, 1181006, 1957, 579457, 578385, 873, 10167, 10167, 3713453412
226, 1180055, 579698, 1896, 880, 578629, 9476, 9476, 3735729426
235, 1175261, 2160, 576396, 574968, 1063, 10337, 10337, 115949454
233, 1173338, 576121, 2002, 873, 574198, 10072, 10072, 724549909
237, 1174353, 2210, 575808, 574522, 1077, 10368, 10368, 2883722602
236, 1177849, 578492, 1807, 735, 577231, 9792, 9792, 668454214
240, 1177827, 1708, 578180, 576907, 692, 10170, 10170, 3663310357
238, 1177337, 577933, 1838, 754, 576540, 10136, 10136, 3110530387
243, 1176822, 578283, 1824, 788, 576475, 9726, 9726, 113252416
242, 1174784, 576719, 2042, 939, 575278, 9903, 9903, 1958218600
241, 1174016, 576327, 1858, 772, 574837, 10111, 10111, 869945440
247, 1175304, 577157, 1874, 872, 575671, 9865, 9865, 1201362196
246, 1178295, 578727, 1859, 810, 577107, 9896, 9896, 2469000571
239, 1173411, 575868, 2012, 927, 574814, 9895, 9895, 1218757781
249, 1178502, 578569, 1720, 658, 576891, 10332, 10332, 3935602684
251, 1176841, 1800, 578160, 576430, 743, 9854, 9854, 1896451918
244, 1176562, 578152, 1696, 681, 576961, 9536, 9536, 2890038150
245, 1178555, 578801, 1834, 797, 577737, 9693, 9693, 3894134383
248, 1178060, 578470, 1872, 835, 577303, 9790, 9790, 2496602314
250, 1176431, 1935, 577633, 576364, 803, 9848, 9848, 1117691768
253, 1173676, 2171, 575746, 574287, 990, 10241, 10241, 706634210
254, 1173904, 1802, 576379, 575133, 748, 9921, 9921, 3385683948
259, 1177546, 2305, 578123, 576422, 1206, 9745, 9745, 284663345
258, 1175356, 1864, 577158, 575513, 819, 10001, 10001, 3789313935
252, 1179956, 579822, 1699, 645, 578532, 9629, 9629, 3571399405
255, 1176706, 577777, 2053, 973, 576331, 9786, 9786, 3106991155
257, 1174781, 576352, 2073, 923, 574411, 10511, 10511, 2848092607
256, 1173610, 2013, 575558, 574445, 896, 10349, 10349, 1651613485
260, 1175372, 576994, 1925, 819, 575150, 10242, 10242, 831399288
264, 1176295, 578312, 1821, 737, 576441, 9492, 9492, 29922313
261, 1175689, 577301, 2011, 934, 575373, 10035, 10035, 1392231348
265, 1175369, 1918, 577528, 575731, 832, 9680, 9680, 4113061582
262, 1174256, 576387, 1857, 754, 574908, 10175, 10175, 3693334051
268, 1175881, 1783, 577622, 575827, 797, 9926, 9926, 882205409
263, 1176551, 577925, 1701, 663, 576564, 9849, 9849, 1576814079
267, 1175431, 578007, 1782, 798, 575754, 9545, 9545, 3458890304
270, 1174758, 1814, 577402, 575852, 746, 9472, 9472, 89428693
271, 1178272, 1848, 579077, 577351, 820, 9588, 9588, 152570303
266, 1175550, 577144, 1984, 890, 576116, 9708, 9708, 3029340482
272, 1177866, 1801, 578833, 577428, 770, 9517, 9517, 2774953512
275, 1179061, 1942, 579523, 577944, 900, 9376, 9376, 3682481513
277, 1175113, 1973, 576869, 575250, 881, 10070, 10070, 3329991311
269, 1177621, 577943, 1797, 738, 576819, 10162, 10162, 535751600
278, 1175997, 1837, 577651, 576303, 800, 9703, 9703, 57866122
276, 1176276, 577600, 2006, 886, 575918, 9933, 9933, 3552539851
280, 1174097, 1912, 576252, 574629, 830, 10237, 10237, 160435341
279, 1174888, 2034, 576497, 575015, 980, 10181, 10181, 817157659
273, 1173446, 575701, 2009, 905, 574489, 10171, 10171, 3624044136
281, 1177002, 1901, 578137, 576783, 789, 9696, 9696, 221925817
274, 1177583, 578451, 1763, 711, 577340, 9659, 9659, 2107266687
284, 1176462, 578035, 1865, 839, 576581, 9571, 9571, 714346855
285, 1177074, 1877, 578415, 576971, 835, 9488, 9488, 2374172237
282, 1176609, 577720, 1804, 784, 576437, 9932, 9932, 3652240101
287, 1174948, 2182, 576666, 575149, 1055, 9948, 9948, 126170189
283, 1173579, 575895, 1841, 788, 574715, 10170, 10170, 358532528
292, 1173527, 576407, 1840, 820, 574152, 10154, 10154, 3104570327
294, 1176659, 1767, 577908, 576574, 730, 9840, 9840, 1647862368
293, 1173649, 576614, 1887, 812, 574970, 9683, 9683, 834369861
289, 1176733, 577394, 2028, 923, 576310, 10039, 10039, 2477395380
288, 1175464, 577165, 1813, 729, 575981, 9888, 9888, 1668478791
291, 1177933, 578252, 1714, 707, 576636, 10312, 10312, 181075977
295, 1175363, 1949, 576839, 575611, 864, 10050, 10050, 2458427662
290, 1175904, 577647, 1770, 718, 576335, 9717, 9717, 54105980
286, 1170910, 574295, 2066, 935, 573090, 10262, 10262, 3242849672
297, 1175222, 2009, 576247, 575026, 912, 10514, 10514, 3899952050
298, 1173461, 2295, 575153, 573936, 1109, 10484, 10484, 2611012058
296, 1176620, 576873, 2179, 1028, 575740, 10400, 10400, 2603265142
299, 1176370, 577155, 1913, 822, 576034, 10223, 10223, 2611133349
300, 1174323, 577122, 1766, 745, 575176, 9757, 9757, 2812061789
304, 1175998, 1824, 577619, 575950, 739, 9933, 9933, 3376581820
302, 1174085, 575653, 1933, 790, 574221, 10744, 10744, 2669885792
305, 1175002, 1793, 576825, 575506, 726, 10076, 10076, 4248544025
306, 1171155, 574705, 2031, 928, 572453, 10519, 10519, 3435372708
301, 1174594, 576579, 2045, 954, 575246, 9885, 9885, 3862715797
309, 1177207, 1873, 577447, 576137, 828, 10461, 10461, 3282205329
303, 1175684, 576655, 2011, 885, 575211, 10461, 10461, 1639810545
307, 1174658, 576719, 1915, 848, 575598, 9789, 9789, 1312029959
311, 1178307, 1741, 578338, 577230, 754, 10122, 10122, 1494986498
312, 1175091, 1810, 577600, 576141, 728, 9406, 9406, 381023257
308, 1177546, 577840, 1944, 883, 576771, 10054, 10054, 1876950203
314, 1175935, 1959, 576723, 575438, 935, 10440, 10440, 3589008185
310, 1175892, 577228, 1995, 902, 575901, 9933, 9933, 2825317278
318, 1176772, 1737, 578308, 576525, 742, 9730, 9730, 1799845990
316, 1177280, 1989, 578075, 576637, 933, 9823, 9823, 3607608641
320, 1174022, 2077, 576162, 574706, 991, 10043, 10043, 2473552505
319, 1180485, 1655, 579961, 578839, 676, 9677, 9677, 613240466
317, 1171388, 575564, 1984, 910, 573872, 9529, 9529, 457900459
323, 1178211, 1840, 579370, 577557, 794, 9325, 9325, 2439642298
315, 1176416, 577670, 1861, 807, 576496, 9791, 9791, 3524116427
313, 1171983, 574693, 2103, 955, 573522, 10355, 10355, 4165421914
324, 1178190, 1821, 578593, 577281, 793, 9851, 9851, 4138002583
329, 1175737, 1696, 577759, 576269, 665, 9674, 9674, 1916595691
321, 1173615, 2215, 575395, 574400, 1049, 10278, 10278, 101022664
322, 1177564, 578034, 1934, 910, 576980, 9853, 9853, 2002603820
327, 1175168, 576644, 2137, 965, 575362, 10030, 10030, 1080273345
325, 1178322, 1777, 578760, 577653, 770, 9681, 9681, 2127847702
328, 1170285, 574008, 2072, 943, 572096, 10583, 10583, 2239528978
330, 1177116, 1883, 577900, 576407, 782, 10072, 10072, 3770470519
326, 1174224, 575752, 1872, 770, 574474, 10678, 10678, 1924467760
331, 1177604, 1709, 578462, 577095, 694, 9822, 9822, 1381274140
333, 1178124, 1979, 578654, 577163, 926, 9701, 9701, 2011707407
332, 1177753, 2144, 578125, 576926, 998, 9780, 9780, 852414727
335, 1174269, 576206, 2096, 930, 574673, 10182, 10182, 2395577900
334, 1176081, 577160, 2038, 982, 575895, 10003, 10003, 3740273541
338, 1173041, 1923, 575652, 574338, 798, 10165, 10165, 906681004
340, 1179266, 1833, 579376, 577550, 743, 9882, 9882, 838130306
337, 1181704, 1675, 580889, 579536, 694, 9455, 9455, 546138616
342, 1174752, 1934, 577143, 575546, 817, 9656, 9656, 1075121109
336, 1172239, 575404, 1842, 766, 573975, 10126, 10126, 4222756269
341, 1173398, 576105, 1925, 837, 574343, 10094, 10094, 3461053685
345, 1179667, 579581, 2243, 1089, 577798, 9478, 9478, 2682915122
339, 1176158, 577165, 1987, 883, 575947, 10088, 10088, 4227297840
352, 1176847, 1909, 578056, 576038, 812, 10016, 10016, 3977033926
351, 1176134, 1997, 577365, 575748, 950, 10037, 10037, 2276676656
343, 1173472, 575829, 2096, 982, 574395, 10085, 10085, 3874547324
344, 1179061, 579383, 1884, 867, 578045, 9441, 9441, 1587989308
346, 1170838, 574335, 1979, 896, 573066, 10281, 10281, 1049146751
350, 1178632, 1803, 578862, 577663, 794, 9755, 9755, 548884595
347, 1179476, 579043, 2050, 938, 577961, 9742, 9742, 3833737003
355, 1175989, 577502, 2194, 1076, 575347, 9935, 9935, 1146967920
356, 1177700, 1842, 578731, 577218, 773, 9568, 9568, 3551462833
349, 1174532, 2080, 575580, 574425, 1001, 10723, 10723, 1794872621
348, 1174598, 576766, 1874, 843, 575517, 9799, 9799, 2204715021
353, 1174558, 1963, 576541, 575423, 845, 9893, 9893, 2899599412
359, 1178930, 1818, 578988, 577536, 756, 9916, 9916, 1660583881
354, 1173627, 575788, 1891, 831, 574383, 10367, 10367, 1488626603
357, 1177196, 1748, 578064, 576910, 746, 9864, 9864, 3650000206
362, 1177911, 2061, 577823, 576589, 1014, 10212, 10212, 680419906
358, 1171760, 574936, 2207, 1056, 572917, 10322, 10322, 3723722804
361, 1177620, 577646, 1987, 912, 576577, 10249, 10249, 2471840586
360, 1175829, 576905, 1927, 888, 575665, 10222, 10222, 504147832
365, 1179070, 579542, 1699, 715, 577722, 9696, 9696, 144950705
363, 1171880, 574846, 1979, 855, 573504, 10348, 10348, 383559525
368, 1175515, 578525, 1671, 680, 576381, 9129, 9129, 1841038231
364, 1177837, 578201, 2076, 966, 577080, 9757, 9757, 3202056745
371, 1173098, 575946, 1657, 629, 574460, 10203, 10203, 1482556894
369, 1178820, 1842, 578883, 577849, 770, 9738, 9738, 4179804536
366, 1175839, 577348, 1927, 840, 576038, 9843, 9843, 1034353625
370, 1174495, 1989, 576370, 575184, 930, 10011, 10011, 3260572917
372, 1174679, 576917, 1812, 730, 575012, 10104, 10104, 3754474691
367, 1175304, 576521, 1872, 809, 575248, 10427, 10427, 1627421963
373, 1175302, 576762, 2027, 904, 575313, 10148, 10148, 2350813973
375, 1173321, 1860, 575515, 574216, 754, 10488, 10488, 3946516547
374, 1178059, 1982, 578038, 576850, 901, 10144, 10144, 877237253
376, 1177118, 578303, 1823, 782, 576552, 9829, 9829, 1134545639
379, 1178339, 1685, 578779, 577385, 602, 9944, 9944, 732866629
382, 1176032, 1900, 577411, 575731, 822, 10084, 10084, 1078238776
378, 1176540, 578161, 1647, 633, 576923, 9588, 9588, 1575009663
377, 1174052, 576574, 1825, 789, 575150, 9857, 9857, 197491300
384, 1175192, 1768, 577445, 575834, 701, 9722, 9722, 1177315437
381, 1177766, 578107, 2001, 959, 576969, 9865, 9865, 2224556282
383, 1180400, 1803, 580168, 578978, 755, 9348, 9348, 3668869965
380, 1173634, 574765, 2234, 1053, 573584, 10999, 10999, 873727887
385, 1175243, 576748, 2036, 921, 575392, 10073, 10073, 3137995347
391, 1171232, 2156, 574828, 572699, 1041, 10254, 10254, 3741332270
389, 1176026, 1809, 577531, 576264, 728, 9847, 9847, 2685927571
386, 1174472, 576804, 1826, 748, 575478, 9808, 9808, 2103630710
390, 1178731, 1803, 579220, 577613, 741, 9677, 9677, 2411278799
388, 1178585, 578875, 1880, 809, 577435, 9793, 9793, 3073986305
394, 1175287, 1836, 577345, 575859, 779, 9734, 9734, 646708824
392, 1175615, 577672, 1727, 728, 575926, 9781, 9781, 4164428109
387, 1177052, 577354, 2027, 951, 576262, 10229, 10229, 1906053319
393, 1176603, 577537, 1686, 653, 576449, 10139, 10139, 1630819575
396, 1180287, 1712, 580045, 578667, 723, 9570, 9570, 2688702303
399, 1175836, 2016, 577240, 575725, 931, 9962, 9962, 2090084979
398, 1176341, 2140, 576764, 575434, 1061, 10471, 10471, 3602943382
395, 1178811, 578589, 2066, 962, 577278, 9958, 9958, 1243952352
403, 1176657, 2041, 577526, 576096, 932, 10031, 10031, 280213551
397, 1176950, 578399, 1812, 787, 576868, 9542, 9542, 1298103691
405, 1175489, 1797, 577754, 576011, 729, 9599, 9599, 1123348079
402, 1176959, 577251, 2112, 959, 575889, 10374, 10374, 3506894349
400, 1174220, 576231, 1849, 770, 574998, 10186, 10186, 1087102908
411, 1175681, 1668, 577860, 575971, 594, 9794, 9794, 2851230615
407, 1173482, 2075, 575746, 574308, 1017, 10168, 10168, 4140755565
406, 1177135, 577950, 1999, 954, 576422, 9905, 9905, 3148193349
404, 1173854, 576261, 1781, 740, 575120, 9976, 9976, 275099962
401, 1176171, 577287, 1770, 676, 575898, 10270, 10270, 3471602548
410, 1175874, 1841, 577038, 575679, 780, 10268, 10268, 1929739747
408, 1174919, 576436, 1960, 916, 575105, 10251, 10251, 3943726280
409, 1176765, 2040, 577546, 576414, 945, 9910, 9910, 3296858646
412, 1173339, 576124, 1777, 722, 574810, 9953, 9953, 2738963466
414, 1177769, 1873, 577996, 576770, 878, 10126, 10126, 2732487518
416, 1173589, 576454, 1909, 852, 574296, 10039, 10039, 1658658472
413, 1175152, 576477, 1944, 872, 575055, 10402, 10402, 2137148331
415, 1173197, 575442, 1892, 793, 574146, 10462, 10462, 744399803
417, 1170874, 574684, 2054, 953, 573021, 10081, 10081, 875346455
420, 1177318, 2048, 577808, 576714, 942, 9903, 9903, 3044787673
422, 1179981, 1782, 579765, 578316, 756, 9681, 9681, 772079689
424, 1173718, 1769, 576620, 574945, 696, 9844, 9844, 1127928458
418, 1175664, 576973, 1958, 853, 575490, 10195, 10195, 2243376109
419, 1174831, 575749, 2173, 1016, 574509, 10692, 10692, 173649555
423, 1178114, 578428, 2057, 942, 577107, 9790, 9790, 3468555523
421, 1175857, 577251, 1950, 883, 576039, 9867, 9867, 2458033894
429, 1177092, 1993, 578313, 576551, 965, 9635, 9635, 4290684992
433, 1177585, 1675, 578745, 577082, 671, 9706, 9706, 53755486
431, 1176753, 578309, 1980, 969, 575853, 9821, 9821, 2754229100
430, 1176418, 1837, 577854, 576404, 727, 9798, 9798, 3407763663
427, 1178323, 1937, 578405, 577171, 886, 9962, 9962, 2602799751
432, 1178588, 1741, 579079, 577723, 739, 9653, 9653, 3582321561
425, 1178523, 578342, 1913, 838, 577226, 10102, 10102, 2061124285
428, 1176196, 577802, 1816, 746, 576362, 9735, 9735, 3243717839
434, 1177645, 578625, 1710, 713, 576877, 9860, 9860, 2112782247
437, 1174714, 2043, 576830, 574949, 1002, 9945, 9945, 1588711079
426, 1174534, 576208, 2115, 1022, 575149, 10020, 10020, 932808812
435, 1177444, 2107, 578064, 576809, 1012, 9726, 9726, 330773435
439, 1172582, 576180, 1893, 773, 573810, 9963, 9963, 3673047252
436, 1175430, 577372, 1635, 636, 575965, 9911, 9911, 1318714133
441, 1177639, 1808, 578376, 576888, 753, 9907, 9907, 1036180803
438, 1176527, 1998, 577595, 576482, 882, 9785, 9785, 4073500527
446, 1177221, 1863, 578710, 576847, 771, 9515, 9515, 1911619359
443, 1179314, 1726, 579531, 578095, 696, 9633, 9633, 1827552340
442, 1172911, 1935, 575818, 574481, 781, 9948, 9948, 1229803654
440, 1175850, 577660, 1948, 863, 575921, 9729, 9729, 2626878883
444, 1175485, 577325, 1841, 709, 575746, 9932, 9932, 1893047660
445, 1176695, 577412, 1877, 793, 576073, 10270, 10270, 2298329109
449, 1176748, 578227, 1946, 858, 576505, 9606, 9606, 1566888388
447, 1178333, 578929, 1880, 781, 577425, 9659, 9659, 1122171899
448, 1173981, 576264, 1843, 773, 574929, 10086, 10086, 303766158
454, 1178986, 1952, 578584, 577186, 876, 10194, 10194, 4126827901
457, 1173162, 2015, 575310, 573685, 854, 10649, 10649, 1410714675
451, 1178475, 579002, 1834, 809, 577054, 9888, 9888, 3126440740
450, 1174362, 576250, 2148, 1025, 575167, 9886, 9886, 2873500283
452, 1176955, 1905, 577697, 576403, 832, 10059, 10059, 861178971
458, 1177326, 1773, 578549, 576919, 727, 9679, 9679, 4229943414
453, 1175134, 577641, 1614, 573, 575980, 9663, 9663, 2479564147
455, 1177987, 578643, 1967, 874, 576973, 9765, 9765, 3306423702
459, 1176990, 577580, 2188, 1121, 576155, 9973, 9973, 501871031
456, 1178280, 578772, 1925, 830, 577697, 9528, 9528, 996825949
460, 1174759, 576145, 1896, 798, 574904, 10508, 10508, 13123404
462, 1175242, 2081, 576477, 575292, 980, 10206, 10206, 33385086
464, 1175410, 1802, 577432, 575853, 785, 9769, 9769, 28317313
463, 1174638, 576188, 2117, 1041, 574392, 10450, 10450, 586846655
461, 1176832, 578281, 1734, 744, 576963, 9555, 9555, 2957391123
468, 1172605, 576241, 1764, 705, 574475, 9710, 9710, 2031161656
465, 1176401, 577957, 1840, 829, 576503, 9636, 9636, 213902427
470, 1177657, 578660, 1944, 863, 577026, 9582, 9582, 3482744520
467, 1175167, 576977, 1928, 848, 575802, 9806, 9806, 301790474
469, 1176138, 577913, 1677, 669, 576735, 9572, 9572, 3925887725
471, 1174190, 2035, 575830, 574742, 935, 10324, 10324, 2140760470
466, 1173282, 575739, 1871, 828, 574646, 10099, 10099, 3438269380
472, 1174882, 1854, 576644, 575545, 745, 10047, 10047, 3713888429
475, 1176915, 578518, 1844, 794, 576187, 9786, 9786, 279365772
473, 1173550, 576104, 2082, 966, 574788, 9805, 9805, 2149995157
477, 1175120, 2080, 576597, 575092, 971, 10190, 10190, 614550538
474, 1175762, 1840, 577114, 576006, 826, 9988, 9988, 1598221832
479, 1172726, 1998, 575807, 573844, 919, 10079, 10079, 559597443
476, 1175196, 576906, 1923, 824, 575665, 9939, 9939, 3468939586
478, 1177726, 1926, 578040, 576947, 841, 9986, 9986, 3293955129
481, 1178187, 1900, 578586, 577273, 862, 9783, 9783, 735044834
486, 1178832, 1919, 579306, 577109, 850, 9824, 9824, 2514679503
485, 1175392, 1959, 577375, 575693, 881, 9742, 9742, 1493580350
480, 1176727, 1923, 577865, 576715, 880, 9672, 9672, 2097345125
484, 1175730, 2216, 576830, 575542, 1128, 10007, 10007, 3895717959
483, 1173562, 1861, 576060, 574909, 774, 9979, 9979, 3986354873
490, 1175930, 1698, 577742, 576436, 674, 9690, 9690, 961075402
482, 1174832, 576281, 2196, 1106, 575155, 10047, 10047, 1456635071
492, 1176268, 578041, 1844, 792, 576453, 9569, 9569, 4169931336
488, 1174762, 576577, 2078, 1007, 575208, 9946, 9946, 4256815664
487, 1178757, 578555, 1994, 919, 577495, 9897, 9897, 1829186548
494, 1173016, 2075, 575207, 573813, 973, 10474, 10474, 2178400728
491, 1177963, 578023, 1891, 834, 576835, 10190, 10190, 554661491
489, 1175906, 577009, 1972, 866, 575761, 10149, 10149, 1482192634
493, 1173861, 576410, 2087, 1015, 573979, 10185, 10185, 1054201030
497, 1173662, 1835, 576282, 574817, 786, 9971, 9971, 3899248070
496, 1176939, 578177, 2068, 984, 576436, 9637, 9637, 58909064
495, 1175539, 2477, 575940, 574717, 1355, 10525, 10525, 2585289896
498, 1174420, 2019, 576078, 574906, 897, 10260, 10260, 3401438894
503, 1176118, 2043, 578098, 575420, 1001, 9778, 9778, 948389777
499, 1180438, 1924, 579375, 578216, 855, 10034, 10034, 3216968553
500, 1178361, 1875, 578578, 577417, 843, 9824, 9824, 3681154399
501, 1172702, 575740, 1906, 802, 574124, 10065, 10065, 240779720
507, 1177763, 578701, 1688, 674, 576680, 10010, 10010, 3555075503
509, 1174730, 1687, 577119, 575732, 646, 9773, 9773, 800828509
505, 1173638, 575827, 1920, 897, 574570, 10212, 10212, 1172320561
502, 1172901, 1994, 575646, 574521, 858, 9941, 9941, 2623440276
508, 1174231, 2033, 576177, 574958, 947, 10058, 10058, 426678198
511, 1174616, 2144, 576699, 575122, 1031, 9810, 9810, 4290239224
504, 1174243, 576380, 2032, 919, 575140, 9886, 9886, 2042414232
513, 1180313, 1965, 580242, 578355, 863, 9444, 9444, 4001398645
506, 1171979, 1762, 575434, 574285, 740, 9879, 9879, 3335298048
510, 1179903, 579445, 1937, 874, 578163, 9742, 9742, 4190582768
514, 1178164, 578834, 1806, 795, 577351, 9689, 9689, 4158801384
516, 1174333, 1845, 576616, 575292, 770, 9905, 9905, 2673949220
520, 1176607, 1925, 578145, 576297, 898, 9671, 9671, 2280664916
512, 1173233, 575009, 2223, 1130, 573857, 10507, 10507, 2356583070
515, 1174255, 576179, 1837, 763, 575034, 10221, 10221, 1037104140
519, 1175236, 576755, 2038, 946, 575169, 10164, 10164, 1677429530
523, 1176743, 1883, 577788, 576213, 787, 10036, 10036, 1926773374
526, 1178523, 1959, 578513, 576957, 878, 10108, 10108, 3285221368
524, 1175138, 576885, 1885, 784, 575478, 10053, 10053, 3753308198
521, 1176223, 577694, 1629, 612, 576384, 9952, 9952, 3302589420
527, 1177600, 1768, 578444, 576832, 784, 9886, 9886, 3224053713
522, 1176896, 1994, 577416, 576295, 917, 10137, 10137, 3679820928
517, 1174716, 576260, 1849, 809, 575168, 10315, 10315, 1834079809
518, 1173765, 575940, 1974, 830, 574793, 10114, 10114, 842349885
529, 1174538, 2079, 576563, 574998, 952, 9973, 9973, 4241870660
531, 1173803, 1887, 576780, 574980, 850, 9653, 9653, 199863795
525, 1172980, 575741, 1782, 728, 574579, 10075, 10075, 3797130577
528, 1177484, 578074, 1796, 735, 576911, 9984, 9984, 347494547
532, 1175660, 2128, 577138, 575833, 985, 9788, 9788, 1213347026
540, 1175672, 1836, 576931, 575096, 789, 10510, 10510, 2329383532
539, 1175310, 2075, 576969, 574943, 979, 10172, 10172, 770254965
530, 1175157, 576897, 1965, 848, 575503, 9972, 9972, 818601870
541, 1178145, 1799, 578889, 577018, 761, 9839, 9839, 1942335175
533, 1174647, 576559, 1885, 876, 575177, 10075, 10075, 3493226339
543, 1176180, 1914, 577606, 576079, 855, 9863, 9863, 2650764880
534, 1176151, 577754, 1895, 816, 576210, 9738, 9738, 2244447584
542, 1177768, 1727, 578725, 577216, 714, 9693, 9693, 3353301959
537, 1179160, 579675, 1685, 671, 578155, 9487, 9487, 967684773
535, 1177145, 577857, 1809, 763, 576498, 10109, 10109, 2403095559
536, 1176837, 577500, 1775, 722, 576176, 10332, 10332, 2656839907
538, 1175482, 576526, 2066, 969, 575453, 10234, 10234, 4249316753
549, 1172171, 1831, 575522, 573943, 747, 10064, 10064, 3068943494
545, 1173769, 576582, 1723, 675, 574665, 10062, 10062, 404267546
546, 1175575, 2018, 576618, 575332, 933, 10337, 10337, 168792381
544, 1175489, 577070, 1839, 770, 575864, 9973, 9973, 517606852
548, 1181573, 580214, 1848, 739, 578856, 9958, 9958, 950452715
554, 1177256, 1908, 578009, 576558, 789, 9996, 9996, 1394490346
547, 1175171, 576519, 2163, 1060, 575345, 10042, 10042, 2580470813
555, 1177745, 1795, 578524, 577026, 776, 9812, 9812, 2204065410
552, 1177719, 578482, 1914, 872, 577047, 9702, 9702, 603017704
550, 1175112, 1872, 576715, 575654, 777, 10047, 10047, 1294368446
556, 1174770, 1731, 577360, 575918, 709, 9526, 9526, 1078781653
551, 1174680, 1686, 576876, 575590, 636, 9946, 9946, 1958482609
553, 1176227, 2247, 576307, 575100, 1023, 10775, 10775, 1770589147
557, 1177222, 578108, 1767, 724, 576677, 9973, 9973, 2100599637
558, 1174557, 2123, 576066, 574579, 981, 10404, 10404, 2392584067
562, 1174043, 1931, 576416, 574988, 864, 9922, 9922, 96265523
563, 1178117, 1800, 578657, 577313, 769, 9789, 9789, 1080273134
564, 1172948, 1827, 576151, 574433, 709, 9914, 9914, 3464085689
565, 1175832, 1905, 577586, 575705, 852, 9892, 9892, 3641789083
561, 1181064, 1730, 580460, 579111, 705, 9529, 9529, 2419563159
560, 1176866, 578028, 1853, 779, 576668, 9769, 9769, 651816910
559, 1176848, 576924, 2399, 1241, 575488, 10398, 10398, 660690868
572, 1174049, 2009, 576814, 574596, 898, 9866, 9866, 2018567649
567, 1173507, 1865, 576377, 575066, 799, 9700, 9700, 2898521846
570, 1174624, 576862, 1744, 648, 575412, 9979, 9979, 2180452502
569, 1174851, 1829, 576499, 575425, 806, 10146, 10146, 1349393236
568, 1174919, 1825, 576609, 575571, 800, 10057, 10057, 1906349856
566, 1174116, 576154, 2002, 904, 575004, 10026, 10026, 734773922
576, 1177941, 1807, 578539, 577097, 764, 9867, 9867, 2524516506
573, 1176253, 577210, 1833, 779, 575691, 10370, 10370, 488762860
577, 1176907, 1775, 578656, 577436, 716, 9162, 9162, 1444931987
578, 1178641, 578479, 1991, 944, 577041, 10093, 10093, 3956007858
574, 1173778, 576052, 1919, 836, 574379, 10296, 10296, 1469844671
571, 1175173, 577062, 1814, 741, 575554, 10001, 10001, 3251469075
581, 1177033, 1869, 578305, 576643, 770, 9723, 9723, 3838746606
575, 1176069, 577153, 1958, 914, 575852, 10096, 10096, 3224844218
579, 1174273, 576189, 2172, 1034, 574372, 10253, 10253, 833632312
580, 1175424, 577346, 1937, 856, 575719, 9783, 9783, 4200626578
583, 1173294, 1761, 576436, 574945, 694, 9729, 9729, 3107930230
582, 1175012, 1905, 576541, 575090, 828, 10324, 10324, 211091608
586, 1178592, 2000, 578684, 577286, 914, 9854, 9854, 1163300175
585, 1175414, 1916, 577069, 575870, 863, 9848, 9848, 2264163629
592, 1176120, 1808, 577983, 576233, 784, 9656, 9656, 784305728
584, 1175462, 576707, 2140, 1008, 575415, 10096, 10096, 2061741069
589, 1178379, 1670, 579306, 578104, 649, 9325, 9325, 591726827
587, 1173892, 576043, 1933, 868, 574668, 10190, 10190, 477752474
591, 1175395, 1931, 577129, 576092, 895, 9674, 9674, 3925054600
590, 1177279, 578099, 1727, 717, 576708, 10014, 10014, 582872574
593, 1176181, 1765, 577777, 576608, 719, 9656, 9656, 2435396772
595, 1171584, 2366, 573938, 572638, 1238, 10702, 10702, 756342984
588, 1174206, 575989, 1951, 887, 574895, 10242, 10242, 1200400826
598, 1179512, 1835, 578914, 577371, 774, 10309, 10309, 3286861507
597, 1176174, 577757, 1797, 811, 576195, 9807, 9807, 1821305443
594, 1178736, 579626, 1691, 633, 578128, 9329, 9329, 432282429
602, 1177185, 1796, 578171, 576010, 770, 10219, 10219, 134119115
596, 1176145, 577667, 1674, 643, 576473, 9844, 9844, 1283161541
599, 1176663, 578236, 1787, 727, 577063, 9425, 9425, 485875089
603, 1178293, 1875, 578378, 576835, 773, 10216, 10216, 2872600238
608, 1180086, 1772, 580395, 578498, 683, 9369, 9369, 1607905745
600, 1177653, 578070, 1836, 796, 576925, 10013, 10013, 772535533
604, 1179224, 1817, 579078, 577956, 751, 9811, 9811, 3843847992
601, 1175342, 576578, 2214, 1068, 575474, 10004, 10004, 2817019870
611, 1174809, 1954, 576658, 575295, 926, 9988, 9988, 3545199798
609, 1176684, 1951, 577521, 576324, 938, 9975, 9975, 3561614306
607, 1174662, 576511, 2011, 932, 575318, 9945, 9945, 1919064048
606, 1175635, 577175, 1983, 889, 576098, 9745, 9745, 2767519277
605, 1179786, 579512, 1777, 771, 578254, 9736, 9736, 2591977800
610, 1178625, 578511, 1869, 788, 577453, 10002, 10002, 3808694179
613, 1175126, 576339, 2261, 1120, 574708, 10349, 10349, 865594546
618, 1175935, 1918, 577500, 576149, 822, 9773, 9773, 1106392379
616, 1172999, 575657, 1861, 763, 573908, 10405, 10405, 554736837
615, 1178662, 579512, 1684, 690, 577788, 9494, 9494, 982562523
612, 1176956, 577438, 2045, 952, 576343, 10089, 10089, 2795270111
617, 1174016, 576252, 1920, 845, 574845, 10077, 10077, 2349735238
620, 1174427, 1977, 576465, 574800, 857, 10164, 10164, 2506662587
624, 1178179, 1944, 578921, 577111, 851, 9676, 9676, 2241768647
623, 1176397, 2040, 577208, 575828, 951, 10185, 10185, 2793367624
614, 1174455, 575838, 1933, 870, 574724, 10545, 10545, 1965898552
622, 1178303, 579010, 1767, 764, 577606, 9578, 9578, 444545560
626, 1172182, 1981, 575338, 573691, 874, 10149, 10149, 3568268225
621, 1177168, 578213, 1938, 810, 576569, 9819, 9819, 4082151482
619, 1177421, 578474, 1834, 798, 577173, 9571, 9571, 535069727
628, 1172119, 1852, 575694, 573745, 802, 10013, 10013, 3648275176
625, 1177417, 578345, 1842, 785, 576635, 9905, 9905, 873305551
631, 1171956, 1952, 575474, 573458, 880, 10096, 10096, 3861686064
627, 1176554, 1880, 577295, 576118, 829, 10216, 10216, 929598569
635, 1177541, 1983, 578170, 576354, 932, 10051, 10051, 1218974637
632, 1180321, 1803, 579893, 578400, 773, 9726, 9726, 2393488993
634, 1174468, 2083, 576146, 574718, 1017, 10252, 10252, 3474456519
629, 1177169, 578734, 1753, 673, 576851, 9579, 9579, 1165662915
630, 1176196, 1735, 577240, 576133, 696, 10196, 10196, 2358518998
636, 1174493, 2130, 575937, 574767, 1067, 10296, 10296, 2348179576
633, 1175738, 1729, 577633, 576469, 723, 9592, 9592, 3316823028
644, 1173995, 1978, 576268, 574540, 917, 10146, 10146, 78782249
639, 1175097, 576675, 2155, 1027, 574886, 10177, 10177, 3083413615
637, 1175730, 576731, 1903, 793, 575565, 10369, 10369, 46118436
642, 1176056, 577450, 2000, 997, 575775, 9917, 9917, 3885666867
647, 1175499, 1802, 577381, 575693, 731, 9946, 9946, 207711060
638, 1177486, 1966, 578138, 577112, 890, 9690, 9690, 3574933862
641, 1175115, 1805, 576507, 575393, 750, 10330, 10330, 3608096701
643, 1174589, 576615, 1748, 742, 575110, 10187, 10187, 1944522744
648, 1174679, 576869, 1862, 775, 575181, 9996, 9996, 2215750206
640, 1180205, 579433, 1928, 873, 578361, 9805, 9805, 1101651854
646, 1172266, 575128, 2047, 891, 573916, 10142, 10142, 2579445739
649, 1174563, 1752, 576216, 574922, 719, 10477, 10477, 3853264627
645, 1173140, 575677, 1852, 787, 574332, 10246, 10246, 1634864614
653, 1176523, 2132, 577291, 575801, 1029, 10135, 10135, 2207451188
652, 1175129, 1829, 576615, 575287, 762, 10318, 10318, 1337707651
650, 1175910, 1838, 576895, 575775, 760, 10321, 10321, 2079386173
656, 1177312, 2210, 578358, 576571, 1075, 9549, 9549, 1775558060
651, 1175080, 576559, 1887, 804, 575200, 10315, 10315, 3201784651
654, 1175891, 577414, 1821, 802, 575746, 10054, 10054, 2524899973
659, 1176102, 1949, 577297, 575945, 863, 10024, 10024, 2148113757
657, 1173680, 576127, 1882, 813, 574122, 10368, 10368, 962414935
655, 1178183, 1840, 578220, 577151, 818, 10077, 10077, 780214375
658, 1174596, 576549, 1852, 758, 575187, 10125, 10125, 3974710202
660, 1172684, 575299, 2162, 1056, 573975, 10096, 10096, 3517204224
666, 1173075, 2000, 576120, 574483, 862, 9805, 9805, 19940417
665, 1177679, 1785, 578815, 577138, 727, 9607, 9607, 1701304506
664, 1176520, 1877, 577670, 576415, 760, 9899, 9899, 286095329
661, 1178477, 578374, 1974, 927, 577200, 10001, 10001, 2913406825
662, 1177010, 577358, 1960, 900, 576332, 10230, 10230, 816022172
663, 1174271, 576237, 1818, 753, 574939, 10262, 10262, 3449426118
667, 1174443, 1727, 576933, 575743, 744, 9648, 9648, 34968157
669, 1180645, 1827, 579962, 578653, 753, 9725, 9725, 1351662861
668, 1178586, 578835, 1677, 627, 577645, 9901, 9901, 1777792270
670, 1178715, 1823, 578839, 577649, 834, 9785, 9785, 1864329865
671, 1173919, 576622, 1825, 824, 575060, 9794, 9794, 3084364296
677, 1174954, 1902, 577015, 575475, 820, 9871, 9871, 1146229540
672, 1178294, 578481, 1930, 886, 577019, 9989, 9989, 2500457384
679, 1173101, 1895, 575843, 574114, 789, 10230, 10230, 3015724556
675, 1173599, 576974, 1926, 774, 575051, 9437, 9437, 917734614
676, 1173829, 1715, 576159, 574861, 700, 10197, 10197, 2819659086
678, 1173721, 2128, 575432, 574173, 1026, 10481, 10481, 922497206
673, 1178201, 2094, 577960, 576810, 1019, 10159, 10159, 468220799
684, 1174094, 2004, 576660, 574822, 918, 9845, 9845, 1614237141
680, 1174550, 576650, 1837, 764, 574893, 10203, 10203, 1577514617
683, 1173745, 2191, 575424, 574259, 1047, 10412, 10412, 780087719
686, 1174214, 2130, 576137, 574183, 978, 10393, 10393, 22780875
685, 1177837, 1763, 578750, 577192, 766, 9683, 9683, 3166698255
681, 1176552, 576865, 2237, 1090, 575446, 10457, 10457, 826002658
682, 1173961, 1846, 576265, 575124, 802, 9962, 9962, 1282835016
674, 1177949, 1835, 578198, 577117, 803, 9998, 9998, 2327807604
689, 1170368, 1916, 574277, 572856, 833, 10243, 10243, 2154104907
688, 1175177, 576807, 1946, 875, 574885, 10332, 10332, 3710608557
691, 1174545, 2050, 576088, 574853, 944, 10305, 10305, 2656622779
687, 1173625, 575869, 1885, 831, 574460, 10290, 10290, 1770401555
697, 1175892, 1891, 577845, 576067, 845, 9622, 9622, 601465773
700, 1175445, 1968, 577158, 575388, 929, 10001, 10001, 1522543129
695, 1177064, 2293, 577733, 576223, 1169, 9823, 9823, 2647695819
692, 1175067, 1989, 576691, 575516, 893, 9989, 9989, 1837682530
696, 1178418, 578359, 1957, 886, 576462, 10377, 10377, 3150746777
698, 1176571, 578118, 1751, 701, 576485, 9758, 9758, 3852494146
690, 1179216, 1996, 578887, 577816, 967, 9775, 9775, 1442636761
701, 1174772, 2190, 576664, 575223, 1185, 9755, 9755, 2411241033
693, 1176664, 577432, 2080, 1008, 576236, 9954, 9954, 3918361963
694, 1177396, 578334, 1876, 778, 577066, 9671, 9671, 213666730
702, 1176316, 1740, 577997, 576466, 711, 9701, 9701, 2705624436
703, 1178001, 1550, 578932, 577251, 554, 9857, 9857, 3372171334
699, 1175877, 577321, 1807, 733, 576086, 9965, 9965, 1070574656
704, 1176411, 577548, 1758, 683, 575902, 10260, 10260, 1730176705
711, 1179469, 2162, 579495, 577670, 1098, 9522, 9522, 3098263035
708, 1174100, 2094, 576328, 574525, 949, 10102, 10102, 2618655178
713, 1179492, 1842, 579689, 578255, 856, 9425, 9425, 1346514206
705, 1175501, 1961, 576947, 575818, 883, 9946, 9946, 2167836429
709, 1178531, 1908, 578794, 577384, 805, 9820, 9820, 1855954442
706, 1175609, 1942, 576874, 575759, 862, 10086, 10086, 3966810794
710, 1177497, 1797, 577619, 576536, 773, 10386, 10386, 1171596198
707, 1177761, 578701, 1936, 872, 577182, 9535, 9535, 2829610226
712, 1172972, 575738, 2186, 1079, 573835, 10067, 10067, 961773998
714, 1174506, 2147, 576270, 574879, 954, 10128, 10128, 1015826032
715, 1178904, 578620, 1780, 751, 577211, 10271, 10271, 2465261563
718, 1179393, 1748, 579569, 577858, 666, 9776, 9776, 597736996
719, 1178534, 1871, 579155, 577680, 870, 9479, 9479, 2913999327
720, 1176915, 577704, 1905, 815, 575863, 10314, 10314, 1537549701
721, 1172572, 1854, 575410, 574140, 796, 10186, 10186, 4119813022
722, 1177281, 1936, 577934, 576569, 862, 9990, 9990, 3172505886
716, 1174853, 576581, 1784, 712, 575386, 10195, 10195, 1868744327
717, 1178778, 578629, 1904, 796, 577387, 10031, 10031, 3062869637
726, 1175242, 2065, 576927, 575363, 1007, 9940, 9940, 2961979157
723, 1171884, 2028, 575016, 573837, 867, 10068, 10068, 1292614252
729, 1176025, 1898, 577411, 576008, 816, 9946, 9946, 2446581673
724, 1176155, 577162, 2108, 1029, 575998, 9929, 9929, 2014631269
732, 1176081, 1805, 578065, 575927, 716, 9784, 9784, 3467856651
728, 1175997, 577737, 1758, 704, 576096, 9851, 9851, 3455462330
727, 1178477, 579094, 1664, 636, 577759, 9662, 9662, 3229665571
730, 1173789, 576280, 1888, 780, 574925, 9958, 9958, 2787997272
725, 1175466, 576957, 1889, 818, 575610, 10096, 10096, 3714759104
733, 1179167, 1907, 578926, 577345, 809, 10090, 10090, 3775947361
731, 1177621, 578610, 1709, 736, 577332, 9617, 9617, 2942715371
736, 1180773, 1831, 580276, 578879, 815, 9486, 9486, 624457374
737, 1178021, 1779, 578684, 577461, 689, 9704, 9704, 2468069872
734, 1174245, 2029, 576156, 574992, 864, 10102, 10102, 2850264722
744, 1179845, 1734, 580086, 577795, 742, 9744, 9744, 2118075196
735, 1175590, 577155, 1940, 891, 575684, 9960, 9960, 3107135669
743, 1180842, 1829, 579918, 578675, 766, 9827, 9827, 1506294481
738, 1174665, 576456, 2029, 916, 575182, 10041, 10041, 607763345
741, 1175648, 577288, 1942, 862, 575482, 10037, 10037, 2600052353
745, 1174531, 2210, 576211, 574683, 1025, 10201, 10201, 3734077306
739, 1177045, 578352, 1816, 790, 576759, 9664, 9664, 3804304205
746, 1173212, 2291, 575121, 573221, 1203, 10688, 10688, 3301361985
742, 1176221, 577191, 1972, 887, 575785, 10193, 10193, 2641027031
750, 1176620, 1883, 578065, 576422, 794, 9728, 9728, 3926750806
740, 1178173, 577515, 2478, 1363, 576403, 10207, 10207, 1599775639
748, 1174422, 576496, 2016, 912, 574888, 10055, 10055, 3587290770
747, 1176554, 577382, 2164, 1013, 576099, 9948, 9948, 1530723142
753, 1179438, 1933, 579844, 577957, 910, 9397, 9397, 2398094343
749, 1175297, 577335, 1785, 717, 575976, 9742, 9742, 4046917852
751, 1172418, 575336, 1872, 815, 573881, 10257, 10257, 3521349895
752, 1176104, 577783, 1851, 808, 576352, 9655, 9655, 3259936948
754, 1176706, 1784, 577887, 576778, 705, 9776, 9776, 2621896982
757, 1172065, 575147, 1968, 892, 573488, 10285, 10285, 3689689297
760, 1176859, 577766, 1980, 927, 576302, 9942, 9942, 264322035
756, 1175563, 576898, 2013, 903, 575741, 10004, 10004, 1825447650
763, 1180265, 1646, 580176, 578840, 609, 9497, 9497, 3262894610
755, 1175825, 577691, 1913, 854, 576393, 9487, 9487, 752860575
762, 1179721, 580103, 1611, 558, 578399, 9525, 9525, 1832817762
758, 1177584, 578313, 1941, 848, 577082, 9700, 9700, 2692206445
759, 1175748, 1950, 576738, 575620, 890, 10275, 10275, 2453137812
761, 1174568, 576567, 1819, 774, 575466, 9971, 9971, 1192052478
764, 1177423, 578180, 2153, 1076, 576652, 9681, 9681, 417160619
765, 1174777, 1884, 576251, 575100, 842, 10350, 10350, 637299955
766, 1175286, 577393, 1845, 735, 575573, 9870, 9870, 3026134853
776, 1174745, 1974, 576363, 574524, 852, 10516, 10516, 1402789568
771, 1174761, 1809, 576496, 575085, 719, 10326, 10326, 821933126
770, 1176898, 1956, 577900, 576536, 898, 9804, 9804, 1559077486
767, 1175993, 2001, 576970, 575843, 913, 10133, 10133, 3898054533
769, 1176007, 577202, 1983, 943, 575661, 10109, 10109, 3157902557
772, 1174547, 1983, 576870, 575760, 840, 9547, 9547, 2877920896
778, 1177686, 2155, 577997, 576148, 1030, 10178, 10178, 1133759001
777, 1176888, 1787, 578134, 576475, 740, 9876, 9876, 2985802934
774, 1172369, 574868, 1987, 874, 573748, 10446, 10446, 3298407015
768, 1175948, 576259, 2318, 1117, 575074, 10590, 10590, 858041191
775, 1172715, 575268, 2437, 1413, 573677, 9960, 9960, 2470980868
773, 1173264, 575904, 1914, 854, 574752, 9920, 9920, 2356293115
784, 1177746, 1778, 579167, 576965, 708, 9564, 9564, 916070097
783, 1176023, 2054, 577237, 575327, 991, 10207, 10207, 4142687357
779, 1174140, 576200, 1841, 750, 574947, 10201, 10201, 4075761784
785, 1175098, 2258, 576762, 574562, 1106, 10205, 10205, 3575843742
780, 1176508, 577966, 1887, 808, 576289, 9779, 9779, 2812941866
781, 1175312, 576540, 1802, 802, 575538, 10315, 10315, 2080739131
782, 1173920, 1859, 575839, 574746, 760, 10358, 10358, 3999556804
793, 1175605, 1940, 577354, 575476, 849, 9993, 9993, 2163511436
786, 1178943, 578910, 2008, 949, 577120, 9978, 9978, 1653868548
788, 1179961, 1919, 579607, 578137, 890, 9704, 9704, 3925929808
794, 1174303, 1858, 576717, 574696, 836, 10098, 10098, 3121083234
790, 1175465, 1915, 577136, 575762, 808, 9922, 9922, 926066620
789, 1179919, 1970, 579539, 578188, 924, 9649, 9649, 3702327778
792, 1176064, 577075, 2150, 1136, 575487, 10108, 10108, 986885476
787, 1171586, 575015, 1863, 801, 573713, 10097, 10097, 3214044542
797, 1173684, 576359, 1948, 846, 574535, 9998, 9998, 4257322931
796, 1175839, 577683, 2027, 987, 575988, 9577, 9577, 1388323289
791, 1178820, 578071, 1967, 878, 576750, 10577, 10577, 3550487903
795, 1177582, 577895, 1998, 915, 576674, 10050, 10050, 647842843
800, 1174788, 1805, 576817, 575581, 749, 9918, 9918, 3817955485
805, 1176739, 1845, 578209, 576304, 783, 9799, 9799, 953182204
799, 1178622, 579222, 1944, 805, 577269, 9691, 9691, 431264750
798, 1174211, 576273, 2042, 949, 574859, 10044, 10044, 4272471258
802, 1173233, 575930, 2017, 912, 574348, 10013, 10013, 560254760
801, 1173675, 576323, 1734, 682, 574826, 10055, 10055, 537728939
803, 1177222, 578542, 2103, 969, 576570, 9519, 9519, 1028649037
806, 1173011, 576068, 1883, 786, 574480, 9897, 9897, 1373918388
804, 1175751, 577477, 1921, 825, 576010, 9759, 9759, 171429835
812, 1180471, 1864, 579981, 578321, 763, 9771, 9771, 1057085374
807, 1174530, 576262, 1997, 853, 574984, 10217, 10217, 4092549178
808, 1173955, 2051, 575959, 574783, 966, 10098, 10098, 3920327080
811, 1178630, 578982, 2076, 998, 577292, 9641, 9641, 2483503395
813, 1177432, 578300, 1903, 892, 576629, 9854, 9854, 2275701589
816, 1173395, 2209, 575665, 574361, 1118, 10021, 10021, 2612246478
809, 1175918, 577257, 2019, 884, 576042, 9858, 9858, 1451234053
815, 1180197, 579742, 1882, 777, 578276, 9760, 9760, 383985434
818, 1173881, 1721, 575971, 574803, 728, 10329, 10329, 3536092743
810, 1174170, 576085, 1956, 904, 574781, 10222, 10222, 3823396218
821, 1174803, 1946, 576474, 574867, 880, 10318, 10318, 1870535065
819, 1174542, 2008, 576361, 575121, 968, 10042, 10042, 2816101352
817, 1178886, 578534, 2003, 862, 577427, 10030, 10030, 909852048
814, 1176651, 577788, 1995, 861, 576671, 9668, 9668, 3158788313
820, 1174086, 576120, 1892, 818, 574534, 10361, 10361, 934251024
824, 1175990, 577738, 2036, 946, 575820, 9725, 9725, 916839080
828, 1173278, 1973, 575996, 574527, 818, 9982, 9982, 1036569152
822, 1174723, 576448, 1787, 724, 575096, 10334, 10334, 3129386088
826, 1178023, 578199, 1846, 831, 576851, 10148, 10148, 593527396
823, 1178927, 578404, 2012, 933, 577282, 10148, 10148, 3574645705
829, 1174845, 1916, 576986, 575608, 847, 9744, 9744, 977778000
825, 1173236, 575697, 2112, 998, 574287, 10071, 10071, 4122447179
827, 1174384, 1974, 576042, 574927, 895, 10273, 10273, 3204781985
830, 1177060, 577770, 2088, 970, 576472, 9880, 9880, 135683541
832, 1176857, 1832, 577842, 576601, 822, 9880, 9880, 820537740
831, 1179757, 579463, 1927, 889, 578094, 9692, 9692, 793105645
836, 1177732, 1735, 578566, 577089, 698, 9822, 9822, 2206765985
833, 1175145, 575615, 2114, 964, 573910, 11271, 11271, 597657451
835, 1177483, 579105, 1806, 732, 576960, 9440, 9440, 4258555845
834, 1172439, 575518, 1972, 796, 573759, 10197, 10197, 4022740697
837, 1177396, 2160, 578033, 576836, 1061, 9653, 9653, 649025645
842, 1179904, 1811, 579543, 578163, 797, 9795, 9795, 965970230
841, 1174269, 2152, 576073, 574900, 1070, 10037, 10037, 3635906333
839, 1176179, 577253, 1807, 735, 576110, 10137, 10137, 419244906
838, 1176717, 578401, 1653, 653, 576662, 9674, 9674, 283159550
840, 1174783, 576899, 1803, 765, 575452, 9932, 9932, 634098008
845, 1175749, 1884, 577354, 576142, 831, 9769, 9769, 278989810
844, 1178345, 1875, 578895, 577630, 817, 9564, 9564, 2999192404
846, 1174074, 576716, 1908, 832, 575388, 9615, 9615, 1706587444
848, 1175805, 1866, 577679, 575988, 846, 9713, 9713, 2582197868
843, 1180079, 579172, 2039, 914, 578084, 9935, 9935, 2125641878
850, 1174151, 576395, 1883, 807, 575112, 9977, 9977, 164351203
847, 1175145, 576532, 2118, 1007, 575280, 10104, 10104, 9421771
849, 1178194, 578234, 1793, 760, 577151, 10128, 10128, 4150608465
857, 1174872, 2130, 576895, 575033, 1034, 9890, 9890, 2603904565
851, 1177078, 577811, 1907, 818, 576462, 10040, 10040, 4145191353
859, 1175330, 1657, 577519, 575519, 631, 10002, 10002, 1786299064
855, 1176004, 1844, 577425, 576276, 801, 9829, 9829, 3388853308
856, 1176796, 578388, 1908, 826, 576904, 9385, 9385, 2056816795
861, 1177292, 1971, 578241, 576216, 928, 9968, 9968, 2429224885
853, 1175788, 577365, 1715, 693, 575997, 10009, 10009, 1515952445
858, 1177535, 578262, 1889, 800, 576906, 9839, 9839, 1630845492
863, 1176060, 1850, 577814, 575969, 775, 9826, 9826, 1668496510
854, 1175048, 576547, 1887, 828, 575222, 10282, 10282, 1990656829
860, 1173047, 576171, 1903, 820, 574203, 9975, 9975, 2266880137
852, 1176912, 577969, 1811, 784, 576982, 9683, 9683, 2653357752
862, 1177631, 1844, 578358, 577046, 747, 9818, 9818, 4002995012
864, 1177314, 577997, 2003, 910, 576388, 10008, 10008, 4254733618
868, 1175752, 1983, 577223, 576011, 903, 9816, 9816, 1971121380
865, 1176644, 578029, 1770, 708, 576759, 9689, 9689, 2851609318
867, 1177089, 577423, 2047, 923, 575928, 10384, 10384, 314681521
866, 1176268, 577973, 1765, 730, 576684, 9558, 9558, 1102629502
869, 1172854, 1846, 575298, 573973, 795, 10471, 10471, 969420122
874, 1176105, 1815, 577806, 575933, 769, 9891, 9891, 2730507002
872, 1177797, 2028, 578194, 576814, 953, 9904, 9904, 1993706099
870, 1176887, 578174, 1802, 749, 576820, 9671, 9671, 1932577953
877, 1175329, 1954, 577278, 575231, 840, 10013, 10013, 1540677994
871, 1177732, 1808, 578183, 577101, 752, 9944, 9944, 2831653337
873, 1172565, 2117, 575306, 574101, 1019, 10011, 10011, 3347079868
875, 1176154, 577687, 1863, 843, 576153, 9804, 9804, 426281761
878, 1175517, 2152, 577062, 575493, 1102, 9854, 9854, 3768755342
876, 1178086, 578321, 2000, 920, 577141, 9852, 9852, 414680872
880, 1174087, 575789, 2066, 954, 574514, 10382, 10382, 1342808810
879, 1174840, 576390, 1917, 765, 574904, 10432, 10432, 2290089882
881, 1173501, 576020, 1960, 856, 574653, 10006, 10006, 4028990851
891, 1171346, 2070, 575121, 572993, 946, 10108, 10108, 3720616330
883, 1177438, 578618, 1874, 821, 577455, 9335, 9335, 2459100273
882, 1175461, 576441, 2145, 1154, 574799, 10461, 10461, 246688109
890, 1175864, 1674, 577953, 575975, 668, 9797, 9797, 1459862222
884, 1178261, 578392, 1740, 725, 576874, 10265, 10265, 39581281
886, 1179302, 579518, 1796, 770, 578040, 9589, 9589, 1227751221
892, 1175505, 1826, 577389, 575699, 775, 9908, 9908, 3281384667
889, 1173481, 575997, 2108, 952, 574544, 9940, 9940, 2584799209
885, 1176694, 577509, 2012, 924, 576395, 9927, 9927, 23037863
888, 1175152, 577061, 2080, 964, 575313, 9867, 9867, 3261907687
887, 1179429, 1685, 578963, 577937, 658, 10093, 10093, 1981123329
894, 1173899, 1880, 576077, 574370, 824, 10374, 10374, 1762599168
895, 1172069, 576140, 1666, 635, 573472, 10078, 10078, 287981498
898, 1176091, 1921, 577061, 575690, 771, 10324, 10324, 4014514239
901, 1175809, 2077, 576988, 575687, 907, 10075, 10075, 1211491700
900, 1173500, 576531, 1847, 801, 574691, 9815, 9815, 449391664
904, 1176474, 1759, 578086, 576382, 741, 9753, 9753, 293076280
897, 1179818, 2000, 579224, 578200, 902, 9746, 9746, 2812261158
893, 1174490, 576894, 1925, 835, 575332, 9752, 9752, 1725106646
896, 1174702, 576664, 1970, 903, 575401, 9882, 9882, 974482508
907, 1172683, 2176, 575023, 573367, 1085, 10516, 10516, 3332789408
899, 1180573, 580284, 1638, 649, 579244, 9379, 9379, 77654570
903, 1173578, 575687, 2040, 953, 574418, 10240, 10240, 1640831614
905, 1176365, 1773, 577732, 576551, 713, 9798, 9798, 1791406897
902, 1172747, 575514, 1992, 878, 574337, 10013, 10013, 10511505
910, 1177589, 2024, 578507, 576759, 963, 9668, 9668, 3116137240
909, 1172263, 2057, 574814, 573391, 929, 10536, 10536, 2516234167
906, 1174695, 576875, 1935, 820, 575271, 9897, 9897, 3694252906
913, 1174264, 2196, 575995, 574271, 1050, 10376, 10376, 2555105587
912, 1174945, 2082, 577088, 575299, 956, 9760, 9760, 3465819291
915, 1179075, 1791, 579108, 577304, 742, 10065, 10065, 2020737184
911, 1173980, 576935, 1852, 747, 575418, 9514, 9514, 1913890906
908, 1174702, 1878, 576705, 575613, 828, 9839, 9839, 148140808
914, 1179205, 1795, 578743, 577624, 757, 10143, 10143, 4096027333
916, 1178652, 579528, 2023, 937, 577256, 9454, 9454, 1037190831
917, 1177177, 1873, 578033, 576755, 844, 9836, 9836, 1746941033
921, 1180769, 1785, 580200, 578680, 764, 9670, 9670, 3198869250
920, 1175468, 1776, 577398, 575855, 701, 9869, 9869, 3561687360
919, 1176150, 577861, 1876, 835, 576590, 9494, 9494, 3076202157
924, 1175333, 1967, 577496, 575613, 905, 9676, 9676, 2140165205
925, 1174201, 2032, 576503, 574976, 960, 9865, 9865, 3305438361
918, 1176006, 576913, 1869, 802, 575430, 10496, 10496, 371239231
923, 1175332, 577281, 1762, 683, 575804, 9901, 9901, 4206812527
922, 1175523, 577815, 1689, 728, 576085, 9603, 9603, 3631094425
927, 1177199, 578426, 1893, 825, 576467, 9794, 9794, 3241534829
926, 1177011, 1997, 577581, 576527, 878, 10014, 10014, 3332257295
928, 1177559, 2044, 577534, 576416, 891, 10337, 10337, 3653728655
931, 1175124, 576947, 1978, 906, 575171, 10061, 10061, 3695410092
930, 1176488, 1894, 577475, 576294, 865, 9980, 9980, 459946889
936, 1174078, 1926, 576714, 575250, 846, 9671, 9671, 2254924560
932, 1177171, 1788, 577743, 576564, 788, 10144, 10144, 2048535708
938, 1177570, 1837, 578427, 577215, 737, 9677, 9677, 2504595484
939, 1177857, 1649, 579274, 577929, 655, 9175, 9175, 124624556
929, 1177869, 578667, 1839, 760, 577295, 9654, 9654, 2368879370
934, 1175729, 577038, 2099, 981, 575661, 9975, 9975, 2227877508
933, 1174727, 1873, 576554, 575451, 779, 10035, 10035, 3481964742
935, 1173465, 1923, 575409, 574249, 814, 10535, 10535, 1413909294
942, 1176196, 1925, 577797, 575947, 855, 9836, 9836, 2817156431
937, 1177434, 578221, 1880, 814, 577077, 9721, 9721, 2021688580
943, 1176779, 1979, 577904, 576397, 875, 9812, 9812, 1231211155
940, 1176701, 577257, 1971, 916, 576127, 10215, 10215, 1803120537
944, 1178129, 1808, 578661, 577461, 743, 9728, 9728, 2769940558
946, 1176604, 1862, 577528, 576094, 812, 10154, 10154, 24263969
941, 1177840, 578121, 1866, 844, 576905, 10052, 10052, 1120163844
945, 1176229, 1781, 577649, 576367, 732, 9850, 9850, 3403964118
947, 1173996, 1980, 575921, 574619, 858, 10309, 10309, 3034281945
950, 1173553, 1997, 576049, 574628, 961, 9959, 9959, 2516433362
949, 1178108, 1843, 578468, 577286, 771, 9870, 9870, 612639633
951, 1180753, 1899, 579915, 578743, 830, 9683, 9683, 556425843
952, 1177170, 578272, 1713, 769, 576864, 9776, 9776, 933708107
948, 1175648, 577418, 1757, 705, 576156, 9806, 9806, 212905614
956, 1175590, 1886, 577156, 575872, 752, 9962, 9962, 887194709
954, 1176538, 1729, 578038, 576580, 735, 9728, 9728, 2990754006
953, 1177056, 577625, 1929, 869, 576233, 10200, 10200, 2808927845
961, 1170653, 1927, 574596, 572801, 803, 10263, 10263, 445676702
960, 1170895, 2023, 574927, 572799, 896, 10125, 10125, 2370885540
959, 1176360, 1814, 577925, 576444, 741, 9718, 9718, 2150371045
962, 1174612, 577351, 1668, 678, 575647, 9634, 9634, 1321302235
957, 1180120, 579860, 1686, 690, 578456, 9714, 9714, 343591530
963, 1175973, 1762, 577555, 576236, 762, 9829, 9829, 1901466781
958, 1173103, 2123, 575085, 573848, 951, 10548, 10548, 3607355729
955, 1173485, 575790, 1964, 830, 574613, 10144, 10144, 2238610101
968, 1175212, 2279, 576231, 574716, 1148, 10419, 10419, 2436369399
966, 1178143, 1983, 578653, 577013, 916, 9789, 9789, 1799428066
965, 1178180, 578551, 1913, 839, 576553, 10162, 10162, 4026757640
964, 1175731, 577263, 1901, 805, 575996, 9883, 9883, 2227198555
967, 1176274, 577171, 2106, 988, 575491, 10259, 10259, 851170483
970, 1173184, 1724, 575870, 574737, 685, 10084, 10084, 2523746970
972, 1175191, 577340, 1929, 887, 575341, 9847, 9847, 4128038147
969, 1179493, 579532, 1873, 833, 578169, 9543, 9543, 2537936363
975, 1178015, 579313, 1815, 814, 576361, 9856, 9856, 2086178631
976, 1175513, 577883, 1815, 759, 575534, 9761, 9761, 2654019764
973, 1177386, 577927, 1857, 810, 576504, 10144, 10144, 2814233834
971, 1174411, 575893, 1951, 872, 574673, 10511, 10511, 2227989125
974, 1175332, 577325, 1656, 672, 575911, 9884, 9884, 179835952
977, 1175468, 576934, 1892, 857, 575477, 10154, 10154, 503597551
978, 1175774, 577365, 1948, 885, 575784, 9896, 9896, 1435394385
979, 1176533, 1709, 578166, 576769, 619, 9635, 9635, 462936295
981, 1172817, 575239, 1994, 936, 573842, 10403, 10403, 1758111434
980, 1176817, 578068, 1755, 721, 576749, 9762, 9762, 1674941160
984, 1176424, 2102, 577655, 576470, 985, 9606, 9606, 4154235276
985, 1178920, 1785, 579222, 577901, 796, 9608, 9608, 768033324
983, 1177968, 2021, 578231, 577010, 1000, 9853, 9853, 3023518351
989, 1174239, 2264, 575748, 574378, 1133, 10358, 10358, 1591080731
986, 1178807, 579389, 1772, 654, 578200, 9396, 9396, 2373272406
990, 1177863, 578554, 1882, 728, 576885, 9907, 9907, 1431370160
982, 1175539, 576305, 1981, 876, 575191, 10593, 10593, 2485063145
988, 1176613, 577702, 1917, 830, 576390, 9887, 9887, 3143005432
987, 1176712, 577066, 2053, 977, 576004, 10306, 10306, 1343071469
993, 1176513, 576893, 2059, 915, 575830, 10408, 10408, 2024188624
991, 1175839, 577526, 1690, 665, 576318, 9820, 9820, 3321949469
997, 1175191, 576889, 1866, 839, 575261, 10168, 10168, 1722772345
992, 1178086, 578195, 2065, 974, 576928, 9962, 9962, 3887700396
995, 1176827, 577443, 1923, 865, 576022, 10287, 10287, 1441760983
994, 1176399, 576944, 1979, 886, 575742, 10424, 10424, 1512781735
996, 1171109, 574096, 2329, 1189, 572919, 10288, 10288, 1096021213
998, 1176484, 578108, 1798, 791, 576707, 9540, 9540, 3698614560
999, 1176851, 577926, 2135, 1021, 576217, 9776, 9776, 441568322
