sample_id, N_active, N_A_1, N_B_1, N_A_0, N_B_0, N_A_*, N_B_*, seed
13, 3579996, 2369, 1773787, 1772286, 1382, 15086, 15086, 3992268299
5, 3581537, 2460, 1773907, 1772461, 1439, 15635, 15635, 3649521849
2, 3578518, 1967, 1772939, 1771845, 1005, 15381, 15381, 732354513
0, 3584001, 1774464, 2301, 1376, 1773308, 16276, 16276, 12518662
4, 3580498, 1773523, 2221, 1240, 1772314, 15600, 15600, 807240184
10, 3582290, 1774327, 2579, 1605, 1773013, 15383, 15383, 3973828886
12, 3579438, 1773172, 2165, 1230, 1772077, 15397, 15397, 1108420229
8, 3578407, 1772998, 1727, 813, 1771581, 15644, 15644, 3171203362
1, 3579919, 1772590, 2577, 1601, 1771549, 15801, 15801, 1576648847
9, 3579222, 2796, 1773085, 1771997, 1780, 14782, 14782, 823776310
15, 3579614, 2169, 1772820, 1771482, 1193, 15975, 15975, 3045435452
6, 3582576, 1773750, 2453, 1488, 1772729, 16078, 16078, 3192229650
3, 3577519, 2522, 1771525, 1770456, 1484, 15766, 15766, 975700531
7, 3582004, 1773700, 2280, 1325, 1772619, 16040, 16040, 3622835273
11, 3578246, 2238, 1771809, 1770799, 1242, 16079, 16079, 1067928724
16, 3581909, 1774802, 2414, 1469, 1773336, 14944, 14944, 405323479
23, 3579043, 2468, 1772659, 1771229, 1465, 15611, 15611, 2267280406
19, 3579088, 2212, 1772782, 1771808, 1256, 15515, 15515, 3864137668
14, 3581338, 257864, 1510393, 1509386, 256927, 23384, 23384, 184862927
20, 3578108, 2065, 1772496, 1771270, 1087, 15595, 15595, 341134873
17, 3581402, 1772537, 2645, 1702, 1771450, 16534, 16534, 2568190995
21, 3575111, 2356, 1770712, 1769571, 1372, 15550, 15550, 4048258074
26, 3583690, 2401, 1775425, 1774376, 1422, 15033, 15033, 1801299655
28, 3579497, 1969, 1774815, 1773526, 1019, 14084, 14084, 2999546132
22, 3580035, 1770312, 2800, 1742, 1768907, 18137, 18137, 407867371
18, 3577796, 1944, 1772805, 1771757, 1014, 15138, 15138, 1908910195
25, 3580532, 1772320, 2992, 1979, 1771231, 16005, 16005, 193118150
27, 3578120, 1771052, 2557, 1536, 1769761, 16607, 16607, 4239360323
30, 3577250, 2427, 1771985, 1770831, 1457, 15275, 15275, 1981812424
32, 3582015, 2469, 1774319, 1772842, 1453, 15466, 15466, 67443130
37, 3580850, 1999, 1775189, 1773649, 1037, 14488, 14488, 1228817959
31, 3582611, 1987, 1773067, 1771972, 1011, 17287, 17287, 4148882236
35, 3585370, 2433, 1777304, 1776068, 1417, 14074, 14074, 1208611694
29, 3580307, 1774004, 2140, 1166, 1772773, 15112, 15112, 579020982
24, 3577404, 2287, 1771642, 1770593, 1326, 15778, 15778, 2304831643
34, 3579463, 1773646, 2271, 1242, 1772364, 14970, 14970, 3875191745
40, 3582886, 2443, 1775263, 1773912, 1430, 14919, 14919, 3815260334
33, 3580473, 2284, 1773820, 1772747, 1348, 15137, 15137, 85263987
41, 3580327, 3755, 1771499, 1770382, 2767, 15962, 15962, 889206897
39, 3579870, 1773818, 2277, 1311, 1772538, 14963, 14963, 4222967525
36, 3578297, 1771943, 2679, 1653, 1770934, 15544, 15544, 2040380105
45, 3583644, 2487, 1775458, 1774272, 1467, 14980, 14980, 3356230247
38, 3579851, 1772589, 2973, 2000, 1771517, 15386, 15386, 3976434992
43, 3580810, 1774224, 2069, 1103, 1772856, 15279, 15279, 1576077726
48, 3580493, 2283, 1773543, 1772349, 1288, 15515, 15515, 1810241687
42, 3580110, 1773812, 2190, 1178, 1772770, 15080, 15080, 2997407131
46, 3579302, 1773654, 2190, 1240, 1772414, 14902, 14902, 2374666084
44, 3579403, 2198, 1772819, 1771770, 1240, 15688, 15688, 974785111
47, 3581616, 2064, 1774565, 1773573, 1074, 15170, 15170, 2223614897
56, 3581917, 2400, 1774983, 1773278, 1398, 14929, 14929, 2312831407
52, 3581169, 3453, 1773293, 1772140, 2461, 14911, 14911, 3200615930
49, 3583899, 1775853, 2453, 1485, 1774626, 14741, 14741, 3167715600
55, 3581088, 2188, 1774463, 1773205, 1168, 15032, 15032, 3560105582
50, 3580869, 1595916, 174390, 173394, 1594679, 21245, 21245, 351435812
51, 3579380, 1773911, 2508, 1575, 1772324, 14531, 14531, 1709478238
62, 3581749, 13735, 1761612, 1760227, 12747, 16714, 16714, 1344725979
64, 3583427, 2183, 1776280, 1774906, 1224, 14417, 14417, 4008230893
63, 3579624, 2089, 1773603, 1772302, 1104, 15263, 15263, 1895759136
54, 3581759, 1773630, 2202, 1212, 1772561, 16077, 16077, 2084737165
59, 3579985, 1773881, 2243, 1267, 1772700, 14947, 14947, 3300024020
57, 3581770, 1775340, 2124, 1166, 1774274, 14433, 14433, 4016280725
53, 3580508, 596743, 1134039, 1133034, 595758, 60467, 60467, 2529086258
58, 3582711, 1775710, 2164, 1248, 1774211, 14689, 14689, 3305774937
65, 3579977, 1774315, 2290, 1316, 1772638, 14709, 14709, 489247322
60, 3582121, 1774547, 2532, 1588, 1773540, 14957, 14957, 168444882
67, 3580162, 3844, 1771983, 1770892, 2855, 15294, 15294, 124697376
61, 3582921, 1768283, 2254, 1263, 1767157, 21982, 21982, 2830531767
71, 3578517, 2546, 1772243, 1770830, 1552, 15673, 15673, 3804102248
66, 3579672, 2720, 1771924, 1770937, 1711, 16190, 16190, 1644811097
70, 3579607, 2503, 1773393, 1772139, 1500, 15036, 15036, 2031488873
69, 3580700, 2048, 1774611, 1773376, 1069, 14798, 14798, 2672946875
74, 3582795, 2170, 1775101, 1773956, 1174, 15197, 15197, 937485085
75, 3580827, 2055, 1753096, 1752016, 1052, 36304, 36304, 579759657
72, 3581864, 1774724, 2228, 1249, 1773665, 14999, 14999, 3022884531
73, 3581179, 1775076, 1968, 1064, 1773923, 14574, 14574, 159990108
68, 3581096, 57018, 1715982, 1715010, 56006, 18540, 18540, 3392869764
81, 3580694, 2034, 1774533, 1773403, 1040, 14842, 14842, 3006839377
82, 3581791, 2569, 1773834, 1772663, 1585, 15570, 15570, 2976576360
76, 3580839, 2098, 1774680, 1773664, 1081, 14658, 14658, 1707001146
84, 3581225, 2044, 1774907, 1773853, 1037, 14692, 14692, 3097002708
80, 3580190, 1773699, 2427, 1445, 1772439, 15090, 15090, 307898816
78, 3580120, 1773514, 2259, 1343, 1772390, 15307, 15307, 3841815441
77, 3584904, 2225, 1776183, 1775207, 1283, 15003, 15003, 2212804716
85, 3582333, 1774104, 2674, 1746, 1772901, 15454, 15454, 739953392
92, 3581401, 2182, 1774074, 1772716, 1235, 15597, 15597, 1237429023
91, 3579055, 2203, 1772414, 1771289, 1215, 15967, 15967, 2126590833
83, 3582003, 1774521, 2340, 1362, 1773478, 15151, 15151, 3694128680
79, 3579540, 1210005, 540887, 539830, 1208990, 39914, 39914, 2272785314
87, 3579699, 2093, 1772549, 1771522, 1091, 16222, 16222, 152004840
90, 3578671, 1771618, 2612, 1548, 1770473, 16210, 16210, 3846707697
96, 3584242, 2268, 1776906, 1775535, 1315, 14109, 14109, 4262569043
86, 3582913, 2898, 1773235, 1772250, 1882, 16324, 16324, 3594266743
88, 3583763, 1773462, 4342, 3390, 1772433, 15068, 15068, 4139807035
93, 3580279, 90010, 1681657, 1680574, 89024, 19507, 19507, 271510061
97, 3579729, 2251, 1773284, 1772079, 1309, 15403, 15403, 407171454
89, 3578908, 2405, 1772887, 1771874, 1438, 15152, 15152, 3241765142
99, 3580791, 2814, 1773673, 1772380, 1814, 15055, 15055, 1438139812
98, 3579514, 2663, 1772586, 1771286, 1635, 15672, 15672, 2259738091
100, 3582872, 2332, 1775798, 1774479, 1353, 14455, 14455, 3726996800
95, 3582204, 1774363, 2130, 1149, 1773226, 15668, 15668, 673767959
102, 3579104, 160461, 1611167, 1609748, 159448, 19140, 19140, 237034123
94, 3582376, 1775498, 2175, 1164, 1774339, 14600, 14600, 1769453543
108, 3582802, 1853, 1775474, 1774377, 1002, 15048, 15048, 3129674757
112, 3582051, 2304, 1774945, 1773576, 1380, 14923, 14923, 3074031239
103, 3579154, 1771928, 2432, 1448, 1770752, 16297, 16297, 1643665901
105, 3581188, 2236, 1774387, 1773312, 1263, 14995, 14995, 3398448406
101, 3581756, 1774048, 2210, 1220, 1773054, 15612, 15612, 4260758477
113, 3584136, 2771, 1776533, 1775041, 1785, 14003, 14003, 3117074686
110, 3581389, 2182, 1774753, 1773653, 1201, 14800, 14800, 1243727677
104, 3582535, 1774309, 2246, 1283, 1773317, 15690, 15690, 1680411128
111, 3580465, 1773267, 1901, 957, 1772054, 16143, 16143, 4032414061
106, 3583183, 2606, 1774342, 1773353, 1670, 15606, 15606, 1093567867
107, 3582845, 1775346, 2201, 1187, 1774203, 14954, 14954, 2751010708
118, 3582394, 2075, 1776369, 1774832, 1082, 14018, 14018, 4090284774
109, 3580334, 1773563, 2272, 1315, 1772538, 15323, 15323, 1527590169
115, 3579749, 1965, 1774319, 1773313, 1036, 14558, 14558, 306783723
117, 3583153, 1774497, 2510, 1534, 1773202, 15705, 15705, 299956315
119, 3582218, 2278, 1774359, 1773311, 1328, 15471, 15471, 1809492324
125, 3578358, 2472, 1772622, 1771293, 1479, 15246, 15246, 2561669988
123, 3583052, 3281, 1774570, 1773437, 2328, 14718, 14718, 4074566738
127, 3577927, 3330, 1771590, 1769994, 2341, 15336, 15336, 1582825579
122, 3580417, 1773648, 2251, 1309, 1772273, 15468, 15468, 942205404
120, 3581925, 1774570, 2325, 1314, 1773546, 15085, 15085, 4195241874
116, 3582691, 1775676, 2041, 1123, 1774675, 14588, 14588, 2791731832
121, 3584981, 1776339, 2348, 1367, 1775131, 14898, 14898, 3621264173
114, 3581038, 1774519, 1942, 1018, 1773371, 15094, 15094, 3505109983
124, 3581795, 1774351, 2094, 1143, 1773247, 15480, 15480, 2718017062
128, 3580968, 1773880, 2566, 1533, 1772705, 15142, 15142, 2336724686
126, 3581145, 1774514, 2184, 1241, 1773338, 14934, 14934, 1166052673
138, 3581544, 2394, 1773651, 1772024, 1433, 16021, 16021, 1910591167
132, 3579999, 2308, 1773110, 1772085, 1324, 15586, 15586, 3731380773
130, 3584243, 1775937, 2109, 1120, 1774861, 15108, 15108, 563484390
133, 3581191, 1774971, 1980, 1029, 1773855, 14678, 14678, 1719648576
135, 3580111, 2480, 1773000, 1771878, 1517, 15618, 15618, 2224251798
131, 3579859, 1761023, 13879, 12951, 1759958, 16024, 16024, 3096892408
134, 3582125, 1775519, 2593, 1618, 1774419, 13988, 13988, 2819867851
136, 3578050, 1772037, 2162, 1171, 1770844, 15918, 15918, 1825093208
141, 3584322, 3630, 1774327, 1773205, 2584, 15288, 15288, 275234527
137, 3582489, 1775979, 2122, 1113, 1774531, 14372, 14372, 3999026927
139, 3579915, 95315, 1675849, 1674553, 94270, 19964, 19964, 850386906
140, 3581452, 1772819, 2788, 1815, 1771574, 16228, 16228, 158920400
129, 3582409, 1537231, 2764, 1776, 1536252, 252193, 252193, 2771494883
143, 3578826, 1772362, 2519, 1502, 1771255, 15594, 15594, 652588731
142, 3581497, 509520, 1253203, 1252137, 508487, 29075, 29075, 3258419162
147, 3580029, 2145, 1773842, 1772665, 1169, 15104, 15104, 765533673
149, 3581479, 2032, 1775100, 1773922, 1097, 14664, 14664, 1934538576
146, 3579867, 2445, 1772419, 1771287, 1424, 16146, 16146, 1893524773
151, 3578601, 2139, 1772247, 1771141, 1124, 15975, 15975, 2408427481
150, 3582591, 2059, 1774705, 1773657, 1040, 15565, 15565, 496770131
145, 3584113, 1775529, 2615, 1627, 1774294, 15024, 15024, 3910065852
153, 3582412, 1775402, 2499, 1537, 1774340, 14317, 14317, 2356059620
155, 3582270, 2252, 1774825, 1773673, 1300, 15110, 15110, 3898462959
148, 3578894, 2633, 1771530, 1770509, 1666, 16278, 16278, 436220538
144, 3580996, 2140, 1774460, 1773398, 1206, 14896, 14896, 613207386
152, 3580037, 1773560, 2211, 1210, 1772232, 15412, 15412, 1368719804
154, 3583039, 1774549, 2819, 1810, 1773141, 15360, 15360, 779810743
157, 3583963, 1776097, 2261, 1273, 1774878, 14727, 14727, 625149208
156, 3585369, 1775197, 2189, 1283, 1774134, 16283, 16283, 692292037
159, 3580092, 2054, 1773232, 1771884, 1094, 15914, 15914, 2414098967
160, 3581850, 1774400, 2098, 1149, 1773209, 15497, 15497, 1032103885
165, 3580691, 1774883, 1873, 951, 1773642, 14671, 14671, 1474906877
166, 3579099, 2720, 1771385, 1770324, 1742, 16464, 16464, 1904006451
162, 3581636, 1775346, 2120, 1131, 1774275, 14382, 14382, 2905866265
164, 3579476, 1772960, 2409, 1402, 1771673, 15516, 15516, 1452421601
158, 3577395, 1716576, 56096, 55092, 1715569, 17031, 17031, 2795843402
163, 3577722, 1772720, 2436, 1418, 1771616, 14766, 14766, 1098389618
161, 3579931, 1773789, 2273, 1252, 1772733, 14942, 14942, 610813316
168, 3581577, 2192, 1774766, 1773598, 1189, 14916, 14916, 217785848
167, 3579649, 1772393, 3226, 2271, 1771275, 15242, 15242, 3953963994
170, 3583120, 1775582, 2070, 1175, 1774447, 14923, 14923, 3337282939
172, 3579621, 1772901, 2890, 1928, 1771556, 15173, 15173, 2056914834
169, 3584472, 2001, 1776586, 1775602, 1091, 14596, 14596, 2806247686
171, 3580124, 1773549, 2107, 1151, 1772311, 15503, 15503, 579352827
181, 3581079, 1773616, 2243, 1302, 1772378, 15770, 15770, 1067955843
175, 3580751, 1773848, 2487, 1485, 1772575, 15178, 15178, 1593212651
177, 3578915, 1772318, 2506, 1474, 1771115, 15751, 15751, 3318624161
183, 3582282, 2213, 1774702, 1773453, 1286, 15314, 15314, 3461849312
174, 3582578, 1774746, 2519, 1535, 1773758, 15010, 15010, 3264347214
173, 3582716, 1775459, 1905, 999, 1774443, 14955, 14955, 1880178309
180, 3582595, 1755299, 21364, 20392, 1754090, 15725, 15725, 864211893
176, 3580013, 1759348, 14822, 13753, 1758282, 16904, 16904, 3060937387
182, 3580438, 1771175, 4764, 3829, 1769724, 15473, 15473, 3499765031
185, 3578489, 2259, 1772342, 1770997, 1277, 15807, 15807, 4243702150
179, 3582626, 1775097, 2016, 1093, 1773928, 15246, 15246, 1171069980
178, 3578157, 804547, 771341, 770284, 803439, 214273, 214273, 2878213622
190, 3582379, 2271, 1774814, 1773425, 1259, 15305, 15305, 1878761085
191, 3579192, 2411, 1772540, 1771258, 1441, 15771, 15771, 720128876
192, 3582673, 2444, 1775575, 1774237, 1479, 14469, 14469, 1890648377
186, 3579098, 1772883, 2419, 1457, 1771769, 15285, 15285, 3659379836
187, 3581158, 2006, 1774498, 1773440, 1028, 15093, 15093, 1141358709
188, 3581447, 1774775, 1972, 1010, 1773732, 14979, 14979, 1689573831
196, 3580242, 2364, 1773831, 1772498, 1367, 15091, 15091, 504666325
189, 3580206, 1774288, 2214, 1198, 1773142, 14682, 14682, 1393328495
184, 3578112, 1724981, 48672, 47622, 1723731, 16553, 16553, 1938795690
193, 3579975, 1772198, 3142, 2194, 1770893, 15774, 15774, 4023554556
195, 3582683, 2119, 1775450, 1774373, 1173, 14784, 14784, 3738689214
194, 3582620, 2179, 1775514, 1774453, 1254, 14610, 14610, 1262863261
197, 3584749, 2003, 1777286, 1776243, 1029, 14094, 14094, 4109584379
198, 3583212, 1776066, 2011, 1054, 1774889, 14596, 14596, 870849291
200, 3579711, 1773061, 2386, 1333, 1771707, 15612, 15612, 2050404590
199, 3577103, 2466, 1771806, 1770735, 1416, 15340, 15340, 325227398
203, 3584296, 2257, 1776835, 1775699, 1273, 14116, 14116, 3221256147
208, 3579841, 2384, 1773418, 1772038, 1391, 15305, 15305, 1103837132
207, 3580314, 1774068, 2386, 1362, 1772784, 14857, 14857, 3335500638
201, 3578267, 2003, 1773474, 1772400, 1062, 14664, 14664, 246220245
202, 3583758, 1775358, 2046, 1092, 1774298, 15482, 15482, 2569464817
206, 3582049, 1774545, 2399, 1407, 1773546, 15076, 15076, 546604456
204, 3581047, 2286, 1773264, 1772239, 1256, 16001, 16001, 2040490405
210, 3580520, 1773712, 2388, 1428, 1772538, 15227, 15227, 3124223944
216, 3582239, 2784, 1774701, 1773577, 1831, 14673, 14673, 3384154963
209, 3580643, 2150, 1773383, 1772341, 1219, 15775, 15775, 258652858
205, 3580597, 1575773, 196791, 195764, 1574655, 18807, 18807, 3763355044
211, 3580272, 1773418, 2616, 1574, 1772250, 15207, 15207, 1484116013
218, 3583641, 2350, 1775131, 1773893, 1343, 15462, 15462, 3048120180
213, 3582831, 2767, 1774831, 1773768, 1851, 14807, 14807, 4244892747
220, 3580454, 2030, 1774739, 1773523, 1078, 14542, 14542, 1060713903
215, 3583387, 1773855, 2196, 1261, 1772791, 16642, 16642, 2425024201
212, 3580587, 1773584, 2414, 1441, 1772420, 15364, 15364, 2782845774
214, 3578782, 1768054, 6224, 5248, 1766932, 16162, 16162, 2944775361
222, 3580977, 1774675, 1979, 1018, 1773321, 14992, 14992, 4020783204
226, 3581374, 2314, 1773861, 1772703, 1314, 15591, 15591, 3157084318
217, 3578085, 511082, 1253137, 1252133, 510081, 25826, 25826, 1921930217
228, 3581816, 1774359, 2423, 1399, 1772953, 15341, 15341, 3971783761
223, 3581362, 1772823, 2750, 1798, 1771507, 16242, 16242, 3667535682
227, 3581486, 1905, 1775215, 1774242, 980, 14572, 14572, 4017792323
229, 3580747, 2356, 1774560, 1773274, 1315, 14621, 14621, 2925004168
221, 3579322, 1773366, 2008, 1057, 1772313, 15289, 15289, 3950039800
225, 3580287, 1771641, 2490, 1558, 1770588, 17005, 17005, 1421096983
219, 3580202, 1523182, 239210, 238225, 1522093, 28746, 28746, 1371578178
230, 3579511, 2430, 1773248, 1772003, 1364, 15233, 15233, 716510737
234, 3583958, 1777245, 2200, 1220, 1775767, 13763, 13763, 1311634018
232, 3579152, 1773114, 2204, 1184, 1771720, 15465, 15465, 715727436
233, 3580602, 1774143, 2711, 1709, 1772805, 14617, 14617, 3578805295
224, 3581538, 1261048, 503916, 502861, 1259873, 26920, 26920, 2385564977
238, 3581563, 2020, 1773780, 1772480, 1065, 16109, 16109, 987144167
236, 3579805, 2201, 1773545, 1772412, 1277, 15185, 15185, 329472519
235, 3581052, 1767268, 2658, 1646, 1765850, 21815, 21815, 2034115483
231, 3580372, 1773062, 2492, 1521, 1771993, 15652, 15652, 1004276935
240, 3579697, 1866, 1774070, 1772914, 947, 14950, 14950, 1935435299
242, 3580999, 43258, 1730046, 1728746, 42325, 18312, 18312, 2235854646
246, 3582221, 1902, 1776087, 1774605, 939, 14344, 14344, 1914398166
239, 3579577, 1773040, 2097, 1092, 1771882, 15733, 15733, 2469970799
237, 3578898, 1771839, 2933, 1932, 1770680, 15757, 15757, 2154467548
243, 3581934, 1774107, 2684, 1712, 1773021, 15205, 15205, 2033867004
241, 3578787, 1772962, 2234, 1283, 1771966, 15171, 15171, 2821798404
247, 3579487, 1963, 1773063, 1772054, 1019, 15694, 15694, 2796120847
245, 3577374, 1771236, 2849, 1832, 1769955, 15751, 15751, 1685272250
251, 3580436, 3070, 1773426, 1772229, 2013, 14849, 14849, 3374457757
252, 3582379, 1775627, 2298, 1299, 1773963, 14596, 14596, 1677550000
248, 3582946, 1775207, 2361, 1386, 1774102, 14945, 14945, 2561141481
244, 3579750, 1772943, 2408, 1394, 1771913, 15546, 15546, 427163896
253, 3582914, 1775632, 2312, 1347, 1774349, 14637, 14637, 1460842258
257, 3578296, 2215, 1772476, 1771256, 1205, 15572, 15572, 1146704338
256, 3583907, 2247, 1776578, 1775533, 1283, 14133, 14133, 1670949888
258, 3581210, 1774629, 2387, 1425, 1773201, 14784, 14784, 1687846941
249, 3582694, 1769562, 2397, 1457, 1768496, 20391, 20391, 3381614247
250, 3580713, 1740362, 33993, 33050, 1739268, 17020, 17020, 2288198827
261, 3583377, 2534, 1775624, 1774402, 1611, 14603, 14603, 782479603
259, 3582100, 2352, 1774961, 1773841, 1390, 14778, 14778, 650633381
254, 3583031, 1775207, 2382, 1415, 1774165, 14931, 14931, 3323643014
255, 3583408, 1775351, 2067, 1048, 1774160, 15391, 15391, 3756900693
260, 3580547, 1774328, 2356, 1388, 1773065, 14705, 14705, 3931272263
263, 3582845, 2398, 1774233, 1773089, 1447, 15839, 15839, 1272681602
264, 3579286, 2469, 1771932, 1770773, 1502, 16305, 16305, 2714652732
262, 3580727, 1774975, 2456, 1469, 1773677, 14075, 14075, 3538911244
269, 3582723, 2876, 1774289, 1773117, 1963, 15239, 15239, 3023061887
268, 3584085, 2052, 1776428, 1775245, 1060, 14650, 14650, 2862559510
274, 3579647, 2780, 1772909, 1771479, 1801, 15339, 15339, 3963431951
266, 3581255, 2137, 1773288, 1772238, 1224, 16184, 16184, 778359373
270, 3584620, 1775793, 1990, 1003, 1774696, 15569, 15569, 256252263
265, 3579865, 1774044, 1926, 975, 1773066, 14927, 14927, 1004572286
267, 3580752, 1773484, 2180, 1159, 1772509, 15710, 15710, 4106051743
272, 3579046, 1772294, 2273, 1256, 1771065, 16079, 16079, 1436563869
277, 3579592, 2497, 1772372, 1771091, 1484, 16074, 16074, 3363955450
279, 3581643, 2618, 1774477, 1773187, 1639, 14861, 14861, 3944763758
276, 3579632, 2632, 1773397, 1772316, 1685, 14801, 14801, 2999201939
273, 3578928, 2057, 1772597, 1771446, 1086, 15871, 15871, 3707328654
281, 3580182, 2444, 1772894, 1771819, 1423, 15801, 15801, 2296477901
275, 3582217, 2224, 1775079, 1774144, 1294, 14738, 14738, 3218469322
271, 3579320, 1477073, 280344, 279371, 1475900, 33316, 33316, 117721248
278, 3579598, 1773824, 2231, 1260, 1772759, 14762, 14762, 4035259384
280, 3583039, 1920, 1775844, 1774800, 991, 14742, 14742, 613098362
286, 3582511, 2047, 1775644, 1774060, 1146, 14807, 14807, 792313059
285, 3581792, 2207, 1774184, 1772991, 1212, 15599, 15599, 3183938644
282, 3579195, 2268, 1772853, 1771727, 1315, 15516, 15516, 1288738501
283, 3581481, 1774221, 2396, 1420, 1772834, 15305, 15305, 362512834
290, 3579259, 3077, 1772247, 1770960, 2127, 15424, 15424, 2220907528
287, 3582105, 1775339, 2316, 1365, 1774003, 14541, 14541, 3852434278
291, 3582631, 1775490, 2151, 1218, 1774130, 14821, 14821, 322837322
289, 3583296, 1884, 1775275, 1774239, 990, 15454, 15454, 387090308
284, 3581993, 1773899, 2843, 1867, 1772862, 15261, 15261, 2025792170
296, 3583027, 2132, 1774862, 1773624, 1141, 15634, 15634, 416063819
295, 3579072, 1772982, 2109, 1118, 1771623, 15620, 15620, 3239113034
292, 3581168, 6770, 1769079, 1767947, 5758, 15807, 15807, 3352372064
288, 3580311, 1772117, 3242, 2266, 1771084, 15801, 15801, 1099798613
293, 3580516, 1773502, 2200, 1203, 1772283, 15664, 15664, 537134621
300, 3581043, 1774507, 2325, 1351, 1773190, 14835, 14835, 33678315
298, 3579193, 1772533, 2371, 1424, 1771415, 15725, 15725, 3841775780
299, 3579695, 2143, 1773480, 1772473, 1185, 15207, 15207, 3778612025
305, 3580691, 2174, 1774700, 1773354, 1201, 14631, 14631, 1900772491
303, 3581572, 2452, 1772950, 1771780, 1460, 16465, 16465, 3699155007
304, 3580360, 2371, 1773227, 1772189, 1421, 15576, 15576, 1029300660
294, 3582604, 1021587, 742739, 741777, 1020581, 27960, 27960, 1977418421
307, 3581131, 2083, 1774806, 1773514, 1130, 14799, 14799, 2421191647
297, 3583931, 1774977, 2832, 1874, 1773984, 15132, 15132, 1062908503
306, 3584553, 3400, 1774798, 1773637, 2540, 15089, 15089, 1874403404
302, 3581512, 1774268, 2651, 1669, 1773146, 14889, 14889, 2160588637
301, 3582747, 1775206, 2379, 1395, 1774185, 14791, 14791, 1939524374
308, 3579704, 1865, 1773301, 1771922, 934, 15841, 15841, 1828380665
314, 3581834, 1870, 1774423, 1773282, 933, 15663, 15663, 2282533943
310, 3582862, 2254, 1774964, 1773927, 1263, 15227, 15227, 3200176837
313, 3579237, 1773038, 2868, 1904, 1771753, 14837, 14837, 5596511
309, 3583309, 2533, 1774770, 1773697, 1559, 15375, 15375, 2614101810
312, 3581271, 1775487, 1854, 936, 1774236, 14379, 14379, 3127449958
319, 3581882, 2226, 1774675, 1773473, 1302, 15103, 15103, 2075021853
321, 3584205, 1776511, 2407, 1436, 1775195, 14328, 14328, 92777384
316, 3578882, 1772476, 2056, 1113, 1771345, 15946, 15946, 3522597126
315, 3582216, 1774340, 2712, 1697, 1773355, 15056, 15056, 370619679
317, 3579947, 1774035, 1965, 1022, 1773021, 14952, 14952, 1892224976
320, 3576170, 2309, 1770557, 1769497, 1273, 16267, 16267, 716082387
326, 3579519, 2917, 1773110, 1771921, 1895, 14838, 14838, 2226922186
323, 3581987, 1774603, 2459, 1431, 1773484, 15005, 15005, 1536765275
324, 3578544, 1772572, 2132, 1145, 1771461, 15617, 15617, 2508456416
311, 3582712, 1600570, 173731, 172775, 1599628, 18004, 18004, 2934563818
322, 3584550, 1776493, 2096, 1148, 1775463, 14675, 14675, 221751758
318, 3581512, 1637514, 134351, 133389, 1636422, 19918, 19918, 304800664
329, 3579310, 2286, 1773505, 1772177, 1340, 15001, 15001, 59187528
325, 3581512, 1774334, 2299, 1310, 1773139, 15215, 15215, 2601176909
327, 3577674, 104886, 1666587, 1665348, 103915, 18469, 18469, 784198044
333, 3579193, 2642, 1772708, 1771556, 1661, 15313, 15313, 4155294349
330, 3582042, 1774733, 2899, 1940, 1773136, 14667, 14667, 2582947131
336, 3577126, 2043, 1771965, 1770615, 1031, 15736, 15736, 1270543600
335, 3581468, 2052, 1773798, 1772593, 1101, 15962, 15962, 499647131
331, 3576421, 1771257, 2492, 1539, 1770155, 15489, 15489, 4122931090
341, 3581959, 2216, 1775269, 1773810, 1232, 14716, 14716, 3792859053
342, 3579477, 3068, 1771894, 1770402, 2071, 16021, 16021, 417204509
337, 3584559, 1953, 1775474, 1774303, 1007, 15911, 15911, 3844942372
340, 3579251, 2665, 1773015, 1771669, 1630, 15136, 15136, 180717378
328, 3582320, 1774743, 2258, 1252, 1773607, 15230, 15230, 3646897302
334, 3583716, 1775058, 2229, 1260, 1774063, 15553, 15553, 446064337
332, 3582132, 1774321, 2812, 1861, 1773322, 14908, 14908, 3890110436
339, 3576677, 1771826, 2397, 1389, 1770747, 15159, 15159, 322018878
345, 3580887, 6659, 1766963, 1765548, 5675, 18021, 18021, 2769986682
338, 3581789, 1774725, 2239, 1299, 1773662, 14932, 14932, 2970373775
344, 3578344, 1772985, 2016, 1034, 1771651, 15329, 15329, 6119918
346, 3580298, 1773598, 2228, 1220, 1771926, 15663, 15663, 1063347127
348, 3578635, 2230, 1772017, 1770737, 1261, 16195, 16195, 3131141391
343, 3580437, 1772748, 1881, 945, 1771573, 16645, 16645, 90927972
351, 3582981, 2810, 1774658, 1773514, 1795, 15102, 15102, 4049403522
350, 3580817, 1774385, 2338, 1370, 1772778, 14973, 14973, 1707918929
349, 3579323, 1773519, 2444, 1416, 1772202, 14871, 14871, 857402805
355, 3579592, 2233, 1772496, 1771460, 1303, 16050, 16050, 940268385
352, 3578631, 2044, 1772781, 1771787, 1125, 15447, 15447, 4227169546
347, 3581170, 2239, 1773633, 1772645, 1307, 15673, 15673, 1336506953
357, 3581977, 1773692, 2593, 1627, 1772435, 15815, 15815, 2412062457
356, 3579948, 2696, 1773606, 1772533, 1755, 14679, 14679, 4156590551
361, 3583614, 2272, 1776398, 1775004, 1304, 14318, 14318, 4152420194
353, 3581389, 1773360, 2704, 1653, 1772120, 15776, 15776, 531453987
354, 3583880, 1776689, 2101, 1168, 1775458, 14232, 14232, 497941546
363, 3578038, 2263, 1772296, 1770845, 1244, 15695, 15695, 518057927
364, 3581685, 2276, 1774307, 1772997, 1341, 15382, 15382, 2426089781
358, 3583752, 130636, 1641765, 1640717, 129668, 20483, 20483, 2189800827
365, 3579516, 1772397, 2127, 1144, 1771102, 16373, 16373, 2105172824
360, 3580875, 1774293, 2019, 1037, 1773070, 15228, 15228, 2901883066
362, 3581334, 1774285, 2047, 1093, 1773177, 15366, 15366, 1963287309
359, 3579796, 1774049, 1867, 942, 1772888, 15025, 15025, 4133904733
370, 3580017, 2367, 1773644, 1772466, 1374, 15083, 15083, 834203319
366, 3581060, 1773755, 2134, 1145, 1772392, 15817, 15817, 424503195
374, 3578498, 2325, 1772698, 1771369, 1302, 15402, 15402, 1517408859
367, 3581261, 1773729, 2518, 1514, 1772634, 15433, 15433, 3221158170
372, 3582071, 2402, 1774378, 1773217, 1444, 15315, 15315, 3232536947
371, 3581294, 2471, 1774009, 1772791, 1469, 15277, 15277, 2055860468
373, 3581474, 1773870, 2093, 1122, 1772775, 15807, 15807, 1641648906
369, 3581947, 2167, 1774078, 1773082, 1104, 15758, 15758, 44970548
379, 3581211, 2239, 1773682, 1772493, 1307, 15745, 15745, 3221561906
368, 3579288, 701494, 1016276, 1015297, 700435, 72893, 72893, 4108630958
376, 3582218, 1774615, 2863, 1918, 1773330, 14746, 14746, 2708703866
382, 3580408, 2199, 1773262, 1772267, 1206, 15737, 15737, 1274154214
378, 3582946, 1773353, 2394, 1394, 1772229, 16788, 16788, 2533163085
383, 3582499, 1769055, 2087, 1095, 1767720, 21271, 21271, 3757951980
385, 3579669, 2931, 1772796, 1771694, 1910, 15169, 15169, 2278973844
386, 3581391, 1773201, 1854, 897, 1772221, 16609, 16609, 1238813609
387, 3582323, 2039, 1775457, 1774083, 1124, 14810, 14810, 1819690042
380, 3582149, 1774243, 2595, 1622, 1772991, 15349, 15349, 3696601017
377, 3577953, 1771206, 2509, 1499, 1770219, 16260, 16260, 1836250781
375, 3577535, 1772419, 2521, 1481, 1771398, 14858, 14858, 1514293913
388, 3582863, 1774027, 2638, 1598, 1772776, 15912, 15912, 4202621106
384, 3583625, 1775854, 2669, 1703, 1774767, 14316, 14316, 4089285496
391, 3580350, 2313, 1774050, 1772485, 1346, 15078, 15078, 950339387
389, 3580535, 1773741, 2579, 1605, 1772506, 15052, 15052, 2296427424
381, 3580953, 1773324, 2422, 1404, 1772275, 15764, 15764, 660353640
390, 3582122, 1772930, 2842, 1904, 1771732, 16357, 16357, 352042256
398, 3579789, 2248, 1773907, 1772629, 1259, 14873, 14873, 1626720055
396, 3582632, 1775030, 2068, 1071, 1774053, 15205, 15205, 2901739440
394, 3578095, 2189, 1772462, 1771248, 1226, 15485, 15485, 4204775420
400, 3583722, 2092, 1775692, 1774550, 1144, 15122, 15122, 2252823468
392, 3581540, 2539, 1773542, 1772483, 1552, 15712, 15712, 3172599673
403, 3582999, 2222, 1775029, 1773844, 1280, 15312, 15312, 2460014355
404, 3580929, 2053, 1774054, 1772902, 1070, 15425, 15425, 1312633220
397, 3582675, 1773984, 2554, 1573, 1773028, 15768, 15768, 383361591
395, 3580476, 1773105, 3360, 2329, 1772014, 14834, 14834, 972904654
399, 3580820, 1773269, 2105, 1150, 1771848, 16224, 16224, 727099521
401, 3578571, 3244, 1771584, 1770469, 2226, 15524, 15524, 2243884096
405, 3581608, 2392, 1774581, 1773387, 1456, 14896, 14896, 1316765770
406, 3579509, 2486, 1773200, 1771616, 1459, 15374, 15374, 2034275915
393, 3583594, 1636337, 134671, 133703, 1635069, 21907, 21907, 1168996665
408, 3580724, 2388, 1774162, 1772995, 1393, 14893, 14893, 1925713516
402, 3582844, 1639747, 133215, 132188, 1638730, 19482, 19482, 1477596198
409, 3580457, 2238, 1773977, 1772804, 1248, 15095, 15095, 409134857
407, 3576971, 2356, 1771126, 1770067, 1374, 16024, 16024, 3929120826
411, 3581107, 3346, 1773028, 1771871, 2342, 15260, 15260, 2994250624
414, 3579944, 1772509, 3208, 2226, 1771239, 15381, 15381, 177694936
415, 3580667, 12191, 1763025, 1761909, 11184, 16179, 16179, 1556060652
419, 3580024, 2063, 1774233, 1773118, 1090, 14760, 14760, 1209386781
418, 3583050, 1775610, 2015, 1041, 1774620, 14882, 14882, 3968615391
413, 3578572, 1772882, 2397, 1396, 1771739, 15079, 15079, 376840783
416, 3580342, 1773361, 2614, 1568, 1772263, 15268, 15268, 867539632
421, 3579591, 2690, 1772739, 1771203, 1741, 15609, 15609, 1568776883
417, 3580640, 1774380, 1898, 929, 1773195, 15119, 15119, 1301147360
420, 3580775, 1774526, 2083, 1064, 1773356, 14873, 14873, 2289957794
410, 3581348, 2324, 1774325, 1773369, 1370, 14980, 14980, 436387750
412, 3582592, 121584, 1652814, 1651889, 120609, 17848, 17848, 2549596689
422, 3581808, 2196, 1774313, 1773267, 1186, 15423, 15423, 806792361
426, 3583241, 2248, 1775190, 1774022, 1243, 15269, 15269, 783066141
433, 3584483, 2054, 1776592, 1775343, 1104, 14695, 14695, 2075495965
429, 3583073, 1775519, 1845, 932, 1774425, 15176, 15176, 3574031209
425, 3581559, 1773893, 3071, 2122, 1772533, 14970, 14970, 2052199390
428, 3581525, 1954, 1775469, 1774223, 983, 14448, 14448, 4133874243
424, 3581164, 1773506, 2177, 1227, 1772410, 15922, 15922, 2274947858
432, 3581519, 2484, 1774028, 1772740, 1517, 15375, 15375, 1525053169
427, 3582367, 1774395, 2431, 1462, 1773395, 15342, 15342, 967495647
430, 3581327, 1773611, 2344, 1381, 1772595, 15698, 15698, 2419679161
435, 3583181, 1775288, 2143, 1232, 1774278, 15120, 15120, 2101101726
437, 3581281, 2418, 1774709, 1773549, 1455, 14575, 14575, 4073717568
431, 3581144, 1774078, 2251, 1280, 1773069, 15233, 15233, 2721765129
436, 3577026, 1772171, 2151, 1198, 1770726, 15390, 15390, 1141985383
442, 3581427, 2268, 1774764, 1773336, 1289, 14885, 14885, 3754746963
434, 3583229, 1774080, 2939, 1943, 1773103, 15582, 15582, 1886901248
441, 3577416, 2130, 1770953, 1769778, 1167, 16694, 16694, 3876592005
423, 3581266, 1332467, 429129, 428153, 1331407, 30055, 30055, 2680482215
438, 3581105, 1774240, 2433, 1422, 1772786, 15112, 15112, 2400001951
439, 3581563, 1773886, 2358, 1412, 1772899, 15504, 15504, 1604736008
440, 3578771, 2608, 1772602, 1771611, 1614, 15168, 15168, 4117754799
443, 3582300, 2103, 1775063, 1774004, 1116, 15007, 15007, 4281277863
445, 3583393, 2405, 1774894, 1773817, 1397, 15440, 15440, 2707381589
444, 3576554, 1771059, 2152, 1157, 1769978, 16104, 16104, 2801271813
452, 3577439, 1917, 1772317, 1771163, 970, 15536, 15536, 3805855488
450, 3582906, 2329, 1775115, 1773941, 1377, 15072, 15072, 2269545959
451, 3581389, 2214, 1773758, 1772694, 1289, 15717, 15717, 2309987149
449, 3579774, 2031, 1773339, 1772279, 1057, 15534, 15534, 3163743557
454, 3581361, 1967, 1774093, 1772949, 1012, 15670, 15670, 3379268895
447, 3580030, 2101, 1773860, 1772891, 1148, 15015, 15015, 448731518
446, 3583884, 172749, 1595020, 1593988, 171727, 25200, 25200, 787499334
448, 3579457, 1772826, 2732, 1789, 1771824, 15143, 15143, 3733952234
453, 3581132, 1774442, 2400, 1424, 1773466, 14700, 14700, 528852007
456, 3581897, 1774054, 2611, 1599, 1772757, 15438, 15438, 623342351
455, 3582360, 2199, 1775510, 1774428, 1281, 14471, 14471, 522243640
463, 3579730, 2286, 1773224, 1771969, 1317, 15467, 15467, 3716965679
459, 3581234, 2656, 1773572, 1772536, 1654, 15408, 15408, 4251937497
458, 3579979, 1774177, 2100, 1211, 1772951, 14770, 14770, 1929789312
457, 3581445, 1774742, 2073, 1077, 1773615, 14969, 14969, 2256216405
461, 3579194, 1773841, 2117, 1113, 1772581, 14771, 14771, 248500684
460, 3582805, 2182, 1775250, 1773968, 1203, 15101, 15101, 1387786922
462, 3579305, 1773242, 2602, 1605, 1771980, 14938, 14938, 1678771550
465, 3581543, 1775259, 2200, 1229, 1773791, 14532, 14532, 3619136472
470, 3580018, 2360, 1773710, 1772552, 1466, 14965, 14965, 608944239
466, 3581507, 5362, 1771312, 1770113, 4428, 15146, 15146, 3870547023
467, 3580733, 1774457, 2407, 1396, 1773075, 14699, 14699, 3311837743
464, 3579487, 1772718, 2313, 1343, 1771741, 15686, 15686, 2456807095
472, 3579807, 2235, 1774123, 1772793, 1238, 14709, 14709, 2558726372
474, 3583947, 1775557, 1987, 1026, 1774399, 15489, 15489, 391266791
477, 3583932, 2101, 1776196, 1774923, 1184, 14764, 14764, 328557664
469, 3580958, 1774936, 2133, 1177, 1773874, 14419, 14419, 3422337989
468, 3583986, 1773469, 4207, 3239, 1772413, 15329, 15329, 2136138452
471, 3584061, 1775619, 2442, 1441, 1774585, 14987, 14987, 3205285310
478, 3580290, 2219, 1773190, 1772058, 1237, 15793, 15793, 810927266
481, 3576568, 2475, 1771091, 1769811, 1457, 15867, 15867, 1575314637
479, 3578092, 1771478, 2440, 1414, 1770126, 16317, 16317, 2229150790
476, 3581740, 1773928, 2570, 1619, 1772947, 15338, 15338, 2226841855
473, 3580813, 1774757, 2201, 1234, 1773613, 14504, 14504, 3061840759
482, 3580040, 1774398, 2121, 1111, 1773282, 14564, 14564, 1477942546
485, 3581083, 2444, 1774107, 1773000, 1464, 15034, 15034, 3879617651
489, 3581520, 2674, 1773538, 1772103, 1695, 15755, 15755, 3960236480
483, 3578599, 2971, 1772222, 1771087, 1943, 15188, 15188, 2936943156
480, 3580438, 1768376, 6079, 5056, 1767401, 16763, 16763, 3543542510
475, 3580398, 1440567, 321985, 320901, 1439537, 28704, 28704, 3092644846
487, 3580779, 1774011, 2379, 1370, 1772991, 15014, 15014, 4282199736
486, 3576087, 1769802, 3396, 2349, 1768762, 15889, 15889, 4239903406
484, 3579900, 1773141, 2156, 1201, 1772046, 15678, 15678, 1341454378
491, 3579632, 1961, 1773983, 1772957, 989, 14871, 14871, 3759639560
493, 3578991, 1772883, 2184, 1191, 1771701, 15516, 15516, 1606032487
494, 3580916, 1773352, 2590, 1621, 1772175, 15589, 15589, 3460911196
490, 3581638, 1774219, 2571, 1591, 1772881, 15188, 15188, 235222680
499, 3577958, 1773304, 1923, 968, 1771897, 14933, 14933, 2077504404
488, 3576664, 1024143, 735287, 734219, 1023145, 29935, 29935, 1910952308
495, 3584965, 1776423, 2228, 1256, 1775264, 14897, 14897, 1524774824
498, 3579249, 1773545, 2155, 1131, 1772444, 14987, 14987, 4147410620
496, 3579629, 1773526, 2529, 1536, 1772414, 14812, 14812, 2591790167
504, 3581671, 2198, 1774947, 1773771, 1171, 14792, 14792, 2713706384
492, 3580608, 150939, 1620884, 1619918, 149941, 19463, 19463, 1617207761
501, 3578937, 2308, 1773063, 1771748, 1310, 15254, 15254, 3310515444
497, 3583140, 1776546, 2079, 1131, 1775492, 13946, 13946, 3633834742
502, 3582943, 326124, 1440877, 1439748, 325032, 25581, 25581, 2402587074
506, 3579810, 2542, 1773490, 1772300, 1502, 14988, 14988, 3242816491
507, 3578878, 2730, 1769093, 1767983, 1700, 18686, 18686, 2016151191
503, 3583604, 51511, 1721865, 1720642, 50526, 19530, 19530, 3154158846
505, 3579447, 1772288, 2863, 1829, 1771183, 15642, 15642, 706379614
512, 3577767, 2077, 1772951, 1771509, 1150, 15040, 15040, 1355680090
500, 3585337, 1776243, 2265, 1342, 1775219, 15134, 15134, 3381810377
509, 3584135, 1775912, 2034, 1030, 1774839, 15160, 15160, 2935994430
508, 3581488, 1774389, 2136, 1107, 1773148, 15354, 15354, 548645366
510, 3579633, 1773347, 1984, 1057, 1772231, 15507, 15507, 2196570227
515, 3578392, 73124, 1697333, 1696001, 72112, 19911, 19911, 3101406004
514, 3580386, 1774242, 2251, 1297, 1772902, 14847, 14847, 3296336603
517, 3582196, 1775475, 2244, 1247, 1774118, 14556, 14556, 3156260306
519, 3584645, 2395, 1776444, 1775048, 1400, 14679, 14679, 2224868719
516, 3580564, 1773236, 2176, 1194, 1771928, 16015, 16015, 1538800034
518, 3579598, 1773624, 2447, 1473, 1772338, 14858, 14858, 2670559575
513, 3581862, 1774421, 2401, 1396, 1773370, 15137, 15137, 4118125652
524, 3579884, 1773297, 2775, 1747, 1772127, 14969, 14969, 4097688233
520, 3578542, 1772185, 2088, 1169, 1770938, 16081, 16081, 4122483388
523, 3583320, 2547, 1774328, 1773353, 1550, 15771, 15771, 1198481668
511, 3582360, 1775718, 1830, 902, 1774772, 14569, 14569, 2128361110
525, 3582081, 2291, 1775560, 1774250, 1290, 14345, 14345, 3502074324
522, 3580351, 1774439, 2249, 1259, 1773352, 14526, 14526, 3688949118
529, 3583632, 2481, 1775847, 1774632, 1432, 14620, 14620, 424159829
521, 3581946, 1774378, 2684, 1619, 1773349, 14958, 14958, 529866366
528, 3579950, 1774571, 2099, 1066, 1773336, 14439, 14439, 2454435521
530, 3581861, 2487, 1774209, 1773087, 1456, 15311, 15311, 61756864
527, 3580325, 2171, 1774212, 1773202, 1218, 14761, 14761, 2061806114
526, 3583720, 1775674, 2111, 1208, 1774509, 15109, 15109, 1303860049
536, 3582003, 1994, 1775375, 1774116, 1072, 14723, 14723, 3170558034
535, 3577212, 2243, 1771847, 1770668, 1242, 15606, 15606, 2898374843
532, 3583073, 2141, 1774983, 1773925, 1156, 15434, 15434, 933999001
533, 3581754, 2569, 1773654, 1772585, 1572, 15687, 15687, 1492407338
534, 3581007, 2301, 1774242, 1773128, 1286, 15025, 15025, 3202043120
542, 3582163, 2617, 1773968, 1772676, 1626, 15638, 15638, 1724107872
539, 3579242, 1773223, 2382, 1420, 1771701, 15258, 15258, 2402500786
531, 3579501, 1773071, 2523, 1496, 1771775, 15318, 15318, 4038562865
537, 3580690, 1773557, 2083, 1117, 1772259, 15837, 15837, 4179309459
544, 3581957, 1775207, 2131, 1167, 1773838, 14807, 14807, 2699200213
543, 3582123, 1774437, 2556, 1568, 1773254, 15154, 15154, 3319918178
538, 3579357, 1773728, 2304, 1314, 1772749, 14631, 14631, 1720738275
540, 3578653, 1764565, 5726, 4748, 1763460, 20077, 20077, 750518210
541, 3581521, 2460, 1773631, 1772661, 1443, 15663, 15663, 1285107428
552, 3581362, 2117, 1774214, 1773144, 1133, 15377, 15377, 442083474
547, 3582680, 1775343, 2136, 1164, 1774329, 14854, 14854, 2140437609
549, 3582628, 1775285, 2108, 1133, 1774018, 15042, 15042, 86444739
551, 3579946, 2205, 1773478, 1772340, 1243, 15340, 15340, 894495355
546, 3579168, 1773811, 1735, 839, 1772801, 14991, 14991, 352524350
548, 3582858, 1775383, 2452, 1527, 1774366, 14565, 14565, 124780468
545, 3579346, 1569400, 200446, 199443, 1568041, 21008, 21008, 137462001
553, 3581574, 2292, 1774045, 1773015, 1282, 15470, 15470, 909254276
550, 3580178, 1772820, 2451, 1466, 1771781, 15830, 15830, 3274446924
554, 3582668, 2089, 1775159, 1773779, 1161, 15240, 15240, 3262969912
555, 3581613, 1870, 1774939, 1773856, 956, 14996, 14996, 3369434139
561, 3579687, 1772872, 2322, 1396, 1771163, 15967, 15967, 1656262925
564, 3581735, 2093, 1775474, 1774237, 1145, 14393, 14393, 1284994822
560, 3578762, 2030, 1773928, 1772639, 1029, 14568, 14568, 3648935960
565, 3582130, 2494, 1774705, 1773215, 1494, 15111, 15111, 1199784982
556, 3580274, 1774180, 2538, 1544, 1772928, 14542, 14542, 3644083962
558, 3579727, 1773415, 2153, 1147, 1772338, 15337, 15337, 3369191816
562, 3581352, 1773170, 3080, 2125, 1771851, 15563, 15563, 2543978349
567, 3580098, 2503, 1773079, 1771839, 1551, 15563, 15563, 380105273
559, 3578870, 249840, 1519629, 1518518, 248897, 20993, 20993, 1309528994
557, 3579552, 1772862, 2348, 1347, 1771823, 15586, 15586, 1157500198
563, 3578971, 3114, 1771661, 1770686, 2038, 15736, 15736, 142324170
570, 3576149, 2312, 1771178, 1769741, 1330, 15794, 15794, 575675917
566, 3576760, 2391, 1770626, 1769510, 1355, 16439, 16439, 3230624312
568, 3580189, 1771883, 3637, 2674, 1770931, 15532, 15532, 571529976
571, 3579918, 2098, 1773780, 1772639, 1179, 15111, 15111, 3429019430
573, 3582090, 1956, 1775593, 1774188, 997, 14678, 14678, 3860076293
569, 3579242, 2310, 1772638, 1771530, 1314, 15725, 15725, 3187915877
575, 3583430, 2095, 1776235, 1774920, 1126, 14527, 14527, 1542789602
578, 3583434, 2023, 1776347, 1775023, 1009, 14516, 14516, 1408948581
572, 3582966, 1774861, 2155, 1255, 1773791, 15452, 15452, 3704706903
577, 3579918, 2641, 1772529, 1771312, 1678, 15879, 15879, 1962966205
574, 3580916, 1774161, 2529, 1519, 1773079, 14814, 14814, 559587890
579, 3577137, 2327, 1771744, 1770576, 1352, 15569, 15569, 155238185
576, 3577412, 1772361, 2070, 1125, 1770982, 15437, 15437, 4039478310
585, 3578923, 2306, 1773281, 1771987, 1289, 15030, 15030, 1172769452
581, 3577803, 2583, 1772011, 1770883, 1588, 15369, 15369, 3688349099
580, 3579447, 1768249, 6660, 5658, 1767142, 15869, 15869, 360195599
582, 3581404, 1774199, 2474, 1455, 1773170, 15053, 15053, 2453409684
588, 3580780, 2387, 1772650, 1771328, 1417, 16499, 16499, 2786849463
586, 3582716, 1775924, 2381, 1357, 1774518, 14268, 14268, 3423550409
584, 3580002, 2441, 1773304, 1772263, 1464, 15265, 15265, 3823697047
587, 3581199, 2452, 1773265, 1772174, 1438, 15935, 15935, 4106250842
589, 3579398, 1773783, 2185, 1219, 1772341, 14935, 14935, 2269119616
583, 3582052, 1774351, 2552, 1585, 1773364, 15100, 15100, 4223996976
591, 3579865, 2105, 1773584, 1772341, 1149, 15343, 15343, 1534290880
593, 3581137, 1773589, 2652, 1694, 1772512, 15345, 15345, 3547408484
590, 3582191, 1862, 1757918, 1756895, 902, 32307, 32307, 1807155286
592, 3580598, 1773631, 1995, 1022, 1772442, 15754, 15754, 1377022335
595, 3582629, 1775187, 2238, 1239, 1774091, 14937, 14937, 3116504872
603, 3580256, 2644, 1773361, 1772114, 1653, 15242, 15242, 3308347012
594, 3582940, 1775300, 2076, 1138, 1774290, 15068, 15068, 4031858342
598, 3580601, 1774516, 1938, 994, 1773249, 14952, 14952, 2181087461
604, 3582736, 2274, 1775466, 1774081, 1351, 14782, 14782, 722371562
596, 3583332, 1774819, 2161, 1213, 1773785, 15677, 15677, 3942985758
597, 3581065, 1773399, 2376, 1398, 1772288, 15802, 15802, 1127622564
600, 3580942, 1773716, 2215, 1250, 1772701, 15530, 15530, 2464965418
599, 3579759, 2263, 1773414, 1772462, 1336, 15142, 15142, 3134865776
602, 3576471, 1772235, 2427, 1452, 1770771, 14793, 14793, 601620071
601, 3578767, 1570167, 201932, 200924, 1568814, 18465, 18465, 3692890213
606, 3580285, 1773134, 2604, 1592, 1771923, 15516, 15516, 897225006
605, 3579453, 1772949, 2394, 1402, 1771852, 15428, 15428, 2941941729
607, 3579585, 2041, 1773258, 1772117, 1087, 15541, 15541, 3864014137
610, 3580486, 2329, 1773992, 1772554, 1307, 15152, 15152, 4086513339
609, 3578190, 2523, 1771819, 1770685, 1507, 15828, 15828, 1461503313
608, 3579093, 2437, 1772196, 1771009, 1459, 15996, 15996, 3742922892
611, 3582735, 1990, 1741301, 1740240, 1018, 49093, 49093, 2881191711
615, 3579492, 1773861, 2040, 1081, 1772358, 15076, 15076, 2653136772
612, 3578304, 1773177, 2442, 1456, 1772059, 14585, 14585, 2986777833
621, 3581984, 2149, 1775608, 1774340, 1175, 14356, 14356, 1875402832
614, 3578029, 1771784, 3192, 2183, 1770530, 15170, 15170, 4048918893
617, 3578574, 1771099, 2613, 1626, 1770026, 16605, 16605, 665792564
620, 3578234, 2669, 1772112, 1770988, 1735, 15365, 15365, 2764475432
613, 3578858, 1771961, 3328, 2304, 1770875, 15195, 15195, 330017402
619, 3581553, 1773051, 2695, 1727, 1772016, 16032, 16032, 2124928109
616, 3578421, 1771786, 2411, 1417, 1770799, 16004, 16004, 351912468
623, 3580310, 2821, 1773046, 1771710, 1843, 15445, 15445, 4159467117
618, 3580182, 1773864, 2487, 1476, 1772685, 14835, 14835, 1783406742
626, 3580112, 2226, 1773184, 1772083, 1207, 15706, 15706, 2784464562
622, 3579495, 2356, 1773015, 1772018, 1352, 15377, 15377, 3787560698
624, 3580626, 1773645, 2583, 1592, 1772390, 15208, 15208, 3946918875
628, 3583866, 1863, 1776191, 1775195, 891, 14863, 14863, 4274152727
627, 3581390, 2530, 1774129, 1773046, 1523, 15081, 15081, 3952301758
630, 3583320, 1776613, 1913, 984, 1775360, 14225, 14225, 2024549738
631, 3581675, 1774792, 2263, 1310, 1773430, 14940, 14940, 1723392264
638, 3582418, 2521, 1774606, 1773205, 1548, 15269, 15269, 3697574581
629, 3581167, 1774295, 2506, 1508, 1773104, 14877, 14877, 3122145331
625, 3578739, 544539, 1212968, 1211899, 543583, 32875, 32875, 3333049987
632, 3580199, 1770993, 2934, 1943, 1769821, 17254, 17254, 2537467916
635, 3581379, 2163, 1775073, 1773866, 1231, 14523, 14523, 3138823552
639, 3580518, 2650, 1774283, 1773027, 1664, 14447, 14447, 2114385751
641, 3581655, 2482, 1774820, 1773528, 1491, 14667, 14667, 2643908098
633, 3577835, 1772310, 2529, 1547, 1771205, 15122, 15122, 1594574360
640, 3581713, 1774476, 2294, 1371, 1773090, 15241, 15241, 3209895359
637, 3584473, 1775632, 2593, 1605, 1774419, 15112, 15112, 4010496366
636, 3583712, 2133, 1775521, 1774545, 1247, 15133, 15133, 123789871
634, 3581445, 1774647, 2204, 1235, 1773485, 14937, 14937, 1855433652
643, 3582117, 1774526, 2323, 1322, 1773276, 15335, 15335, 199988981
644, 3580451, 2169, 1774333, 1773180, 1233, 14768, 14768, 1839859141
642, 3579238, 1771582, 2703, 1664, 1770455, 16417, 16417, 2410677584
646, 3580857, 1773162, 2126, 1140, 1771959, 16235, 16235, 929734750
645, 3583027, 1773498, 3493, 2501, 1772483, 15526, 15526, 2695167132
650, 3579890, 1773199, 2181, 1164, 1772072, 15637, 15637, 1278336665
651, 3581600, 1774947, 2115, 1149, 1773629, 14880, 14880, 588796086
647, 3582750, 1774156, 2948, 1976, 1773112, 15279, 15279, 3679223660
648, 3580625, 1774723, 1940, 1020, 1773608, 14667, 14667, 3619122315
657, 3582426, 2351, 1775310, 1773913, 1446, 14703, 14703, 292011458
649, 3579360, 1771945, 3230, 2252, 1770799, 15567, 15567, 3088800
654, 3582193, 2913, 1773328, 1772232, 1848, 15936, 15936, 3871804
655, 3582105, 1775212, 1996, 1044, 1774045, 14904, 14904, 2164250527
653, 3582430, 1775065, 1998, 1068, 1773953, 15173, 15173, 3535713193
656, 3582604, 1775236, 2669, 1744, 1774097, 14429, 14429, 1707877019
652, 3581833, 2199, 1774604, 1773641, 1233, 15078, 15078, 2148624588
662, 3579569, 2778, 1773350, 1771753, 1776, 14956, 14956, 1003251102
658, 3580623, 3618, 1772583, 1771465, 2641, 15158, 15158, 3318983009
664, 3580788, 2030, 1773796, 1772435, 1121, 15703, 15703, 3627187321
663, 3581015, 1774997, 2267, 1260, 1773781, 14355, 14355, 969604808
666, 3575836, 1769845, 2923, 1936, 1768694, 16219, 16219, 966584793
667, 3585075, 1776557, 2573, 1597, 1775302, 14523, 14523, 2584560024
668, 3581398, 2212, 1774038, 1772965, 1193, 15495, 15495, 1028107942
659, 3583803, 1775131, 2285, 1298, 1774131, 15479, 15479, 2172584107
661, 3583558, 47071, 1729311, 1728235, 46113, 16414, 16414, 2380775629
665, 3580782, 1774544, 1941, 1006, 1773601, 14845, 14845, 666385085
674, 3585107, 1831, 1777239, 1775998, 965, 14537, 14537, 2217592799
670, 3582531, 1775722, 2439, 1460, 1774114, 14398, 14398, 69623294
671, 3581204, 1773458, 2567, 1653, 1772446, 15540, 15540, 2526944866
660, 3583329, 1775668, 2369, 1423, 1774477, 14696, 14696, 2310441440
672, 3576979, 1771529, 2361, 1350, 1770337, 15701, 15701, 2666708444
673, 3584880, 2273, 1775987, 1774909, 1323, 15194, 15194, 139397610
669, 3580060, 3024, 1772369, 1771256, 2061, 15675, 15675, 184157943
675, 3580824, 2280, 1774362, 1773067, 1247, 14934, 14934, 180370264
676, 3579253, 1771575, 2791, 1793, 1770404, 16345, 16345, 208568015
677, 3579073, 1772630, 2350, 1366, 1771383, 15672, 15672, 487551585
678, 3583601, 1776589, 1868, 922, 1775316, 14453, 14453, 2381768127
679, 3577094, 2355, 1772331, 1771283, 1379, 14873, 14873, 3349463240
682, 3576855, 1772030, 2328, 1331, 1770482, 15342, 15342, 1008347532
680, 3582617, 1774694, 3082, 2101, 1773518, 14611, 14611, 1581116885
686, 3583223, 2381, 1775279, 1774107, 1428, 15014, 15014, 3918131700
681, 3583646, 1775481, 2252, 1245, 1774398, 15135, 15135, 383121878
692, 3579261, 2423, 1773553, 1772147, 1386, 14876, 14876, 2812603117
683, 3581116, 1774664, 2143, 1189, 1773474, 14823, 14823, 1697017820
684, 3581800, 1773994, 2838, 1861, 1772941, 15083, 15083, 1920212982
691, 3577659, 2727, 1770825, 1769593, 1698, 16408, 16408, 26924213
688, 3581527, 1774480, 2226, 1275, 1773372, 15087, 15087, 3976177288
687, 3579557, 1772949, 2808, 1845, 1771783, 15086, 15086, 3728847756
690, 3573989, 2811, 1768959, 1767912, 1791, 16258, 16258, 2143985481
695, 3582327, 1774722, 2769, 1861, 1773357, 14809, 14809, 1890030374
685, 3582069, 1774243, 2348, 1376, 1773252, 15425, 15425, 574338573
699, 3580091, 2399, 1772944, 1771704, 1418, 15813, 15813, 1392639258
694, 3579176, 1772396, 2383, 1379, 1771446, 15786, 15786, 1167888922
693, 3581888, 1774198, 2650, 1717, 1772995, 15164, 15164, 1303014321
697, 3582072, 1774107, 2471, 1468, 1773000, 15513, 15513, 1109350472
689, 3581645, 1773741, 2505, 1530, 1772547, 15661, 15661, 340994329
700, 3583190, 1775813, 2145, 1235, 1774549, 14724, 14724, 1917824319
703, 3579024, 2271, 1772232, 1770918, 1327, 16138, 16138, 1189572777
698, 3582039, 1769577, 7442, 6477, 1768137, 15203, 15203, 3554463288
696, 3578532, 1772104, 2199, 1210, 1771077, 15971, 15971, 2470030531
701, 3578363, 1771369, 3234, 2181, 1770251, 15664, 15664, 991668921
709, 3581320, 1878, 1774125, 1773074, 909, 15667, 15667, 1895422152
704, 3582583, 1775049, 2086, 1090, 1774044, 15157, 15157, 3458270184
708, 3581402, 1774372, 2169, 1184, 1773225, 15226, 15226, 3980291136
702, 3582365, 1774950, 2011, 1060, 1773834, 15255, 15255, 1910579659
705, 3581489, 1774868, 2154, 1153, 1773618, 14848, 14848, 1423229024
707, 3582752, 1774954, 2282, 1324, 1773736, 15228, 15228, 3101900544
706, 3578524, 1772759, 2380, 1370, 1771685, 15165, 15165, 3282373639
711, 3581177, 1774307, 2261, 1313, 1773172, 15062, 15062, 114481002
715, 3579294, 2343, 1772876, 1771316, 1337, 15711, 15711, 3155479808
712, 3579047, 1772666, 2718, 1733, 1771556, 15187, 15187, 107632341
714, 3581109, 2567, 1773505, 1772393, 1632, 15506, 15506, 3234364764
717, 3578203, 1997, 1773153, 1771966, 1029, 15029, 15029, 1267146434
710, 3581042, 4092, 1771529, 1770493, 3086, 15921, 15921, 1368246892
718, 3583769, 2480, 1775203, 1774011, 1503, 15286, 15286, 2446643569
713, 3581573, 1772987, 2879, 1945, 1771928, 15917, 15917, 2786775430
716, 3581872, 1774348, 2623, 1627, 1773374, 14950, 14950, 3534929107
720, 3577189, 1771414, 2418, 1375, 1770212, 15885, 15885, 1207040891
725, 3583164, 19341, 1756519, 1755080, 18360, 16932, 16932, 85397506
722, 3580914, 3420, 1772256, 1771112, 2386, 15870, 15870, 423549354
727, 3581640, 2621, 1773895, 1772542, 1592, 15495, 15495, 815943485
723, 3580358, 1773917, 2314, 1379, 1772794, 14977, 14977, 3644583748
728, 3581829, 1963, 1775887, 1774516, 969, 14247, 14247, 2446441807
726, 3579118, 2153, 1773947, 1772818, 1194, 14503, 14503, 3250224640
724, 3582170, 2125, 1775363, 1774287, 1163, 14616, 14616, 4252501730
730, 3579766, 2781, 1772711, 1771525, 1783, 15483, 15483, 2410318292
719, 3580502, 1684716, 82922, 81974, 1683600, 23645, 23645, 1668600060
732, 3583957, 2123, 1774272, 1773105, 1169, 16644, 16644, 3780522822
721, 3580725, 1038360, 692633, 691662, 1037360, 60355, 60355, 939201916
731, 3581015, 1774719, 2256, 1308, 1773754, 14489, 14489, 2736421915
740, 3583019, 1773506, 3022, 2093, 1772146, 16126, 16126, 2543968208
741, 3577832, 2279, 1772781, 1771459, 1297, 15008, 15008, 1769427050
737, 3579072, 2040, 1773209, 1772024, 1063, 15368, 15368, 86320535
739, 3580576, 2329, 1773614, 1772523, 1392, 15359, 15359, 3729666622
733, 3580185, 1773819, 2297, 1274, 1772617, 15089, 15089, 3017481253
736, 3579944, 1757451, 16622, 15614, 1756279, 16989, 16989, 3449641783
738, 3582526, 1774695, 2250, 1312, 1773435, 15417, 15417, 3044990447
735, 3578191, 1772189, 2295, 1287, 1771090, 15665, 15665, 3876855608
729, 3581861, 2558, 1774390, 1773410, 1563, 14970, 14970, 209391745
742, 3580136, 2429, 1773206, 1772004, 1527, 15485, 15485, 2457756886
734, 3581160, 1774045, 2744, 1731, 1773050, 14795, 14795, 4090716566
743, 3583152, 1776227, 1982, 1048, 1774763, 14566, 14566, 2303526027
744, 3581828, 2737, 1773885, 1772834, 1754, 15309, 15309, 242441177
745, 3578710, 2447, 1772778, 1771760, 1441, 15142, 15142, 4126933390
750, 3578720, 2226, 1773795, 1772523, 1218, 14479, 14479, 3948778962
746, 3579710, 2384, 1772941, 1771864, 1385, 15568, 15568, 1540968837
751, 3580338, 4560, 1771862, 1770642, 3594, 14840, 14840, 3755418301
749, 3581822, 2636, 1774587, 1773224, 1687, 14844, 14844, 1110380312
752, 3583239, 2017, 1775698, 1774668, 1082, 14887, 14887, 3756079603
747, 3579884, 1773791, 2160, 1162, 1772713, 15029, 15029, 2674989765
754, 3581109, 4220, 1772029, 1771022, 3152, 15343, 15343, 4151543925
758, 3581839, 2590, 1775071, 1773750, 1638, 14395, 14395, 1222483598
756, 3580568, 2603, 1773076, 1771938, 1575, 15688, 15688, 567050389
757, 3583582, 2042, 1774249, 1773074, 1087, 16565, 16565, 654547244
753, 3580360, 1773689, 2071, 1037, 1772519, 15522, 15522, 780536295
755, 3580731, 1773538, 2273, 1276, 1772370, 15637, 15637, 1057443712
761, 3580903, 2896, 1772706, 1771260, 1887, 16077, 16077, 621516214
759, 3579171, 2306, 1773764, 1772468, 1337, 14648, 14648, 2317924745
748, 3580085, 1243167, 521540, 520575, 1242151, 26326, 26326, 3479379851
762, 3579054, 2229, 1773156, 1772126, 1281, 15131, 15131, 2137299683
766, 3581963, 2124, 1774715, 1773589, 1195, 15170, 15170, 252514633
768, 3580762, 2872, 1773211, 1771966, 1925, 15394, 15394, 3817946349
767, 3580213, 2699, 1772526, 1771423, 1707, 15929, 15929, 3425082645
763, 3580727, 355441, 1411059, 1410022, 354389, 24908, 24908, 1806212372
765, 3580507, 1729932, 43569, 42533, 1728629, 17922, 17922, 2178251720
770, 3580868, 2409, 1773074, 1771964, 1395, 16013, 16013, 2962059469
774, 3579669, 2196, 1773073, 1771875, 1171, 15677, 15677, 2069462937
772, 3582858, 2417, 1774921, 1773865, 1483, 15086, 15086, 1204586001
773, 3579490, 1772875, 2332, 1334, 1771355, 15797, 15797, 2372593710
775, 3580620, 2151, 1774270, 1773075, 1204, 14960, 14960, 672077500
771, 3583184, 1775834, 2244, 1335, 1774641, 14565, 14565, 3871848750
760, 3580391, 1625224, 2051, 1111, 1624167, 163919, 163919, 3949685775
769, 3579224, 90272, 1682258, 1681161, 89261, 18136, 18136, 1383782731
778, 3579585, 2565, 1773619, 1772391, 1584, 14713, 14713, 2664371334
764, 3579449, 2119, 1773709, 1772697, 1158, 14883, 14883, 695762615
776, 3580298, 2269, 1772632, 1771539, 1274, 16292, 16292, 3577629190
780, 3583778, 2939, 1774736, 1773412, 1969, 15361, 15361, 352409043
777, 3578140, 2127, 1772566, 1771358, 1151, 15469, 15469, 3371443566
782, 3584498, 1776968, 1980, 1049, 1775529, 14486, 14486, 430960512
783, 3578397, 2208, 1772730, 1771458, 1163, 15419, 15419, 2994121712
781, 3582209, 1768788, 5466, 4529, 1767704, 17861, 17861, 2749870591
779, 3579582, 2383, 1772682, 1771727, 1414, 15688, 15688, 967258402
792, 3582386, 1983, 1775697, 1774244, 1060, 14701, 14701, 3378267238
785, 3582040, 1774667, 2163, 1188, 1773496, 15263, 15263, 1414061878
791, 3580710, 3690, 1772080, 1770910, 2650, 15690, 15690, 1935362840
788, 3580721, 2301, 1773621, 1772489, 1366, 15472, 15472, 1590664702
793, 3580744, 2223, 1772717, 1771450, 1286, 16534, 16534, 1077157742
784, 3580384, 2314, 1773348, 1772310, 1328, 15542, 15542, 2971632544
786, 3579281, 2998, 1771852, 1770881, 2012, 15769, 15769, 1814788439
790, 3580969, 2093, 1774790, 1773650, 1128, 14654, 14654, 4144515225
787, 3583755, 1773684, 2008, 1054, 1772671, 17169, 17169, 738452738
789, 3581371, 1773909, 2697, 1732, 1772743, 15145, 15145, 2911030110
794, 3581541, 2001, 1774718, 1773563, 1071, 15094, 15094, 4132966133
797, 3582466, 1940, 1775012, 1773808, 924, 15391, 15391, 2008518536
796, 3579940, 2504, 1773661, 1772501, 1532, 14871, 14871, 653338892
795, 3582839, 1854, 1775306, 1774159, 930, 15295, 15295, 488001721
801, 3584470, 3323, 1775506, 1774263, 2334, 14522, 14522, 2831147702
802, 3578927, 2525, 1772642, 1771355, 1533, 15436, 15436, 2219214634
799, 3582787, 2327, 1775052, 1773981, 1319, 15054, 15054, 2533407287
804, 3580680, 2133, 1772801, 1771668, 1176, 16451, 16451, 3981422040
803, 3580885, 3159, 1772745, 1771740, 2209, 15516, 15516, 31314237
810, 3580668, 2388, 1774118, 1772926, 1414, 14911, 14911, 493544809
809, 3577171, 2063, 1772620, 1771351, 1053, 15042, 15042, 30732065
807, 3584407, 2173, 1776422, 1775333, 1245, 14617, 14617, 1304829632
806, 3580249, 2206, 1773553, 1772335, 1199, 15478, 15478, 1883849785
808, 3580883, 2369, 1774150, 1773189, 1363, 14906, 14906, 1336025740
800, 3578930, 1770850, 3541, 2571, 1769858, 16055, 16055, 1225614586
812, 3579994, 2217, 1773698, 1772339, 1202, 15269, 15269, 784630919
814, 3584446, 2047, 1776514, 1775165, 1148, 14786, 14786, 3186172230
805, 3580005, 1773228, 2345, 1363, 1772221, 15424, 15424, 2466074272
811, 3577838, 2311, 1770526, 1769462, 1361, 17089, 17089, 661777786
798, 3585451, 1743016, 32406, 31382, 1741965, 18341, 18341, 3995061187
815, 3579438, 2223, 1773854, 1772454, 1221, 14843, 14843, 382304645
813, 3577997, 2431, 1772336, 1771271, 1459, 15250, 15250, 2326529917
819, 3582222, 2184, 1774276, 1773101, 1157, 15752, 15752, 1133227776
818, 3582817, 1774924, 2079, 1106, 1773848, 15430, 15430, 2173705973
823, 3581694, 2243, 1775044, 1773945, 1316, 14573, 14573, 424967748
821, 3578248, 1772343, 2209, 1250, 1771106, 15670, 15670, 1701282342
817, 3577810, 2320, 1772435, 1771415, 1304, 15168, 15168, 3466999904
829, 3579120, 2118, 1773137, 1771796, 1161, 15454, 15454, 4082779933
824, 3578125, 1771999, 2335, 1281, 1770542, 15984, 15984, 2787318735
820, 3584762, 1776969, 2006, 1044, 1775883, 14430, 14430, 1016847589
816, 3584170, 12733, 1764191, 1763192, 11792, 16131, 16131, 3773752392
827, 3580806, 1773157, 2429, 1484, 1771716, 16010, 16010, 1454512953
822, 3582117, 1775421, 2048, 1100, 1774282, 14633, 14633, 140627405
826, 3581927, 2444, 1774377, 1773353, 1515, 15119, 15119, 3339623398
825, 3580264, 1773190, 2352, 1397, 1772221, 15552, 15552, 1964485253
828, 3583239, 1775264, 2053, 1068, 1774174, 15340, 15340, 3777758835
830, 3582688, 2480, 1775518, 1774118, 1488, 14542, 14542, 326892571
831, 3576657, 2381, 1772187, 1770849, 1316, 14962, 14962, 3317638931
833, 3582461, 2609, 1773940, 1772884, 1628, 15700, 15700, 2647764896
832, 3578760, 2058, 1772374, 1771287, 1059, 15991, 15991, 1086979257
837, 3582689, 2112, 1774468, 1773063, 1198, 15924, 15924, 3727497696
839, 3584685, 19071, 1757182, 1756040, 18148, 17122, 17122, 2191390846
840, 3584094, 4508, 1773852, 1772781, 3537, 14708, 14708, 2237882316
834, 3580361, 1769519, 5124, 4172, 1768440, 16553, 16553, 2327973559
838, 3583651, 1960, 1776261, 1775267, 1003, 14580, 14580, 2491893348
835, 3580007, 1771818, 3656, 2703, 1770630, 15600, 15600, 4088258030
836, 3581040, 1774102, 2302, 1394, 1772968, 15137, 15137, 3953062816
842, 3582217, 2676, 1773975, 1772901, 1629, 15518, 15518, 4186651898
848, 3580598, 2091, 1774756, 1773633, 1156, 14481, 14481, 3345240548
847, 3583605, 2772, 1775583, 1774393, 1813, 14522, 14522, 2619011744
849, 3582117, 2194, 1774979, 1773611, 1207, 15063, 15063, 299860434
844, 3581056, 1773391, 2501, 1584, 1772336, 15622, 15622, 2084544662
843, 3582726, 2219, 1775249, 1774260, 1208, 14895, 14895, 3229556449
846, 3583580, 1775269, 2124, 1184, 1773987, 15508, 15508, 4008691595
845, 3579549, 1773430, 2297, 1330, 1772106, 15193, 15193, 3528877217
853, 3582889, 2455, 1775595, 1774318, 1519, 14501, 14501, 3307836878
850, 3584441, 2750, 1776146, 1774988, 1809, 14374, 14374, 859250033
852, 3584109, 2617, 1775153, 1774053, 1594, 15346, 15346, 1966341418
841, 3584048, 1770127, 6706, 5737, 1769118, 16180, 16180, 2173204829
854, 3583327, 1776223, 1893, 992, 1774907, 14656, 14656, 1881519048
858, 3582200, 2437, 1774522, 1773414, 1493, 15167, 15167, 2263564068
857, 3581160, 2221, 1774305, 1773130, 1278, 15113, 15113, 2014359122
856, 3581014, 2418, 1774023, 1772964, 1433, 15088, 15088, 2381514566
851, 3580294, 1721125, 51166, 50151, 1720044, 18904, 18904, 3865085924
860, 3582291, 2295, 1775324, 1774145, 1327, 14600, 14600, 1543351882
859, 3581046, 2158, 1774485, 1773516, 1159, 14864, 14864, 3827911643
865, 3583344, 1978, 1775447, 1774476, 1019, 15212, 15212, 3958756689
862, 3584623, 1775948, 2201, 1245, 1774779, 15225, 15225, 2266175096
863, 3580710, 1774393, 2177, 1195, 1773169, 14888, 14888, 55303173
864, 3580019, 3537, 1772526, 1771488, 2538, 14965, 14965, 466160536
861, 3579913, 1773836, 2407, 1452, 1772776, 14721, 14721, 3026321737
866, 3581933, 2080, 1774603, 1773495, 1085, 15335, 15335, 3229028747
855, 3581424, 1337626, 396982, 395982, 1336604, 57115, 57115, 4025448100
867, 3581469, 1773750, 2192, 1209, 1772564, 15877, 15877, 2977255725
870, 3582453, 1774946, 2244, 1242, 1773587, 15217, 15217, 1424533507
869, 3582559, 2212, 1774930, 1773880, 1249, 15144, 15144, 1829001765
873, 3582788, 1775312, 2269, 1364, 1774077, 14883, 14883, 3429314583
874, 3578849, 2343, 1773692, 1772553, 1419, 14421, 14421, 2305814277
876, 3581303, 2079, 1774417, 1773160, 1121, 15263, 15263, 3164439986
868, 3580624, 1772853, 2996, 2063, 1771816, 15448, 15448, 2974573587
871, 3579801, 110226, 1660648, 1659474, 109185, 20134, 20134, 2329936581
872, 3582688, 1775259, 2303, 1341, 1774071, 14857, 14857, 2384362132
878, 3580118, 2934, 1772695, 1771550, 1977, 15481, 15481, 2230122560
880, 3582917, 1934, 1775630, 1774622, 977, 14877, 14877, 2485419579
882, 3583899, 2499, 1774848, 1773718, 1522, 15656, 15656, 3091966819
881, 3580306, 1774042, 1915, 983, 1772966, 15200, 15200, 3495416945
884, 3583229, 1774391, 2976, 2022, 1773076, 15382, 15382, 1330431590
886, 3580130, 2276, 1773667, 1772416, 1281, 15245, 15245, 925298660
877, 3582771, 1775377, 2205, 1201, 1774250, 14869, 14869, 374199396
875, 3580411, 1305860, 461393, 460365, 1304591, 24101, 24101, 1454105745
883, 3583334, 1774259, 2699, 1760, 1773230, 15693, 15693, 361650097
879, 3583973, 1775491, 2463, 1485, 1774438, 15048, 15048, 1748205442
885, 3582905, 1775147, 2750, 1786, 1774084, 14569, 14569, 1780261125
887, 3583345, 1774920, 2220, 1237, 1773792, 15588, 15588, 38829958
888, 3582570, 1774781, 2238, 1350, 1773631, 15285, 15285, 154116290
896, 3582060, 2410, 1773537, 1772197, 1412, 16252, 16252, 2153676033
890, 3579004, 1771677, 2549, 1570, 1770438, 16385, 16385, 1993858563
891, 3580912, 1883, 1774245, 1773145, 963, 15338, 15338, 864042620
894, 3582292, 1774328, 2466, 1505, 1773147, 15423, 15423, 243043564
893, 3580339, 1774069, 1954, 1064, 1772824, 15214, 15214, 4096209668
892, 3580190, 2241, 1774363, 1773229, 1237, 14560, 14560, 160360529
895, 3579979, 1773744, 2035, 1039, 1772471, 15345, 15345, 1095899523
889, 3581697, 1773687, 2543, 1528, 1772719, 15610, 15610, 234284374
898, 3583166, 2139, 1775644, 1774373, 1214, 14898, 14898, 2018766689
902, 3579261, 2126, 1773910, 1772627, 1074, 14762, 14762, 2524927048
899, 3581766, 2865, 1772962, 1771712, 1893, 16167, 16167, 2934859113
900, 3583554, 2035, 1776135, 1775103, 1057, 14612, 14612, 1783903352
897, 3578911, 1773038, 1967, 1019, 1771959, 15464, 15464, 2434259371
904, 3578912, 1773361, 2269, 1221, 1772081, 14990, 14990, 1768765310
901, 3581516, 1773948, 2613, 1659, 1772792, 15252, 15252, 4240214815
906, 3579276, 1772985, 2349, 1359, 1771517, 15533, 15533, 3414900692
903, 3581391, 1774033, 2606, 1627, 1772869, 15128, 15128, 2950834962
908, 3578597, 1772520, 2090, 1094, 1771393, 15750, 15750, 1494814853
905, 3577282, 5661, 1768389, 1767409, 4653, 15585, 15585, 4097603650
916, 3581493, 3175, 1771977, 1770618, 2169, 16777, 16777, 1845305036
912, 3581493, 2055, 1774869, 1773738, 1111, 14860, 14860, 2479832009
911, 3579941, 2154, 1773451, 1772285, 1171, 15440, 15440, 4021578973
907, 3579948, 1771815, 2538, 1540, 1770567, 16744, 16744, 1878353559
914, 3580778, 1773884, 2542, 1488, 1772836, 15014, 15014, 4057310635
915, 3584158, 2064, 1776936, 1775725, 1103, 14165, 14165, 6613433
909, 3583733, 2256, 1775805, 1774686, 1362, 14812, 14812, 3192490829
917, 3583549, 1938, 1775235, 1774136, 970, 15635, 15635, 4140423750
918, 3581818, 1774837, 2178, 1203, 1773352, 15124, 15124, 3131724233
919, 3581751, 2181, 1774915, 1773650, 1171, 14917, 14917, 64642733
913, 3581343, 2302, 1773584, 1772577, 1290, 15795, 15795, 2660741771
920, 3578557, 2290, 1772196, 1770850, 1323, 15949, 15949, 556524250
910, 3580451, 1773534, 2563, 1550, 1772586, 15109, 15109, 1055699832
924, 3582093, 1773915, 2149, 1180, 1772689, 16080, 16080, 3232970379
931, 3580916, 2003, 1775145, 1773786, 1054, 14464, 14464, 2294769544
925, 3582998, 1775268, 2129, 1165, 1773720, 15358, 15358, 1615947219
932, 3582086, 1773262, 2727, 1763, 1772048, 16143, 16143, 2116891309
922, 3579586, 1773985, 2515, 1543, 1772625, 14459, 14459, 269356641
921, 3582892, 1775424, 2214, 1285, 1774371, 14799, 14799, 3539975760
930, 3578074, 1773318, 2353, 1373, 1771836, 14597, 14597, 479498731
926, 3581659, 1772775, 3381, 2352, 1771699, 15726, 15726, 1348466143
927, 3580537, 1774431, 2012, 1109, 1773223, 14881, 14881, 3102252417
934, 3581986, 1774615, 2278, 1335, 1773490, 15134, 15134, 3269694712
929, 3579321, 1773262, 2251, 1255, 1772281, 15136, 15136, 1968885013
933, 3579470, 1772582, 2200, 1242, 1771508, 15969, 15969, 3290294883
936, 3580919, 2560, 1773841, 1772645, 1515, 15179, 15179, 2335262217
923, 3577636, 250728, 1452548, 1451565, 249747, 86524, 86524, 88426867
941, 3580586, 2721, 1773742, 1772271, 1772, 15040, 15040, 1782481223
937, 3582392, 2393, 1774821, 1773674, 1382, 15061, 15061, 4077641586
935, 3577276, 2655, 1771049, 1769792, 1626, 16077, 16077, 2296812722
928, 3582868, 2789, 1774374, 1773364, 1809, 15266, 15266, 2049153385
938, 3582622, 2071, 1775354, 1774285, 1060, 14926, 14926, 318302497
942, 3582896, 2696, 1774471, 1773309, 1674, 15373, 15373, 413222399
944, 3586458, 2418, 1777121, 1775963, 1550, 14703, 14703, 2590998265
939, 3580886, 1774220, 2416, 1448, 1773062, 14870, 14870, 870716411
949, 3580399, 2126, 1774382, 1772981, 1156, 14877, 14877, 3734421187
945, 3582306, 2484, 1774713, 1773542, 1475, 15046, 15046, 455633692
948, 3580055, 1773083, 2490, 1474, 1772042, 15483, 15483, 3951571403
940, 3579179, 1773362, 2116, 1163, 1772288, 15125, 15125, 3752004583
943, 3583435, 1459550, 296978, 295889, 1458420, 36299, 36299, 3829496527
947, 3578542, 3566, 1771941, 1770944, 2559, 14766, 14766, 62215918
953, 3582019, 2191, 1774985, 1773842, 1209, 14896, 14896, 4032043690
952, 3579415, 2076, 1774594, 1773253, 1078, 14207, 14207, 1705872423
958, 3580587, 2531, 1773412, 1771789, 1527, 15664, 15664, 851972131
946, 3579433, 1773641, 2277, 1337, 1772604, 14787, 14787, 131955360
957, 3583718, 2459, 1775510, 1774572, 1507, 14835, 14835, 3350937397
954, 3579410, 1772605, 2451, 1470, 1771560, 15662, 15662, 1709845219
950, 3582430, 2109, 1775108, 1774029, 1216, 14984, 14984, 180247917
960, 3584015, 1776357, 2290, 1336, 1774876, 14578, 14578, 2178570186
951, 3580302, 1772753, 2238, 1215, 1771692, 16202, 16202, 1319502618
955, 3581299, 1774446, 2184, 1225, 1773314, 15065, 15065, 951919739
966, 3579340, 2386, 1773269, 1771921, 1362, 15201, 15201, 1195067363
965, 3580285, 3770, 1772016, 1770726, 2801, 15486, 15486, 219078473
956, 3577465, 1771112, 2388, 1376, 1769997, 16296, 16296, 1602252976
959, 3580349, 8036, 1766795, 1765806, 7064, 16324, 16324, 892542627
962, 3579700, 1773646, 2039, 1052, 1772485, 15239, 15239, 1048248451
961, 3580675, 2439, 1773433, 1772333, 1416, 15527, 15527, 225669318
971, 3579906, 2250, 1774247, 1772916, 1237, 14628, 14628, 4259683235
968, 3584068, 2128, 1775661, 1774675, 1242, 15181, 15181, 2775568006
969, 3581507, 2414, 1773886, 1772803, 1462, 15471, 15471, 293195511
963, 3580477, 1773934, 1923, 951, 1772889, 15390, 15390, 2390733429
972, 3580817, 1773946, 2413, 1451, 1772717, 15145, 15145, 1331831529
970, 3581642, 3590, 1773425, 1772357, 2602, 14834, 14834, 169069420
967, 3580719, 1773927, 2450, 1465, 1772549, 15164, 15164, 1415407123
973, 3584346, 2378, 1775353, 1774137, 1432, 15523, 15523, 4091081917
975, 3579624, 1880, 1773489, 1772176, 923, 15578, 15578, 3817228098
964, 3579006, 1494050, 273674, 272691, 1492953, 22819, 22819, 2354928060
974, 3585507, 2974, 1776039, 1774887, 1999, 14804, 14804, 3212686144
977, 3578325, 1772512, 2410, 1466, 1771287, 15325, 15325, 3307347967
976, 3581531, 2801, 1773486, 1772417, 1821, 15503, 15503, 517111864
982, 3579247, 2623, 1773113, 1771714, 1619, 15089, 15089, 1731999726
980, 3579170, 73727, 1696375, 1695231, 72791, 20523, 20523, 2022459146
985, 3580623, 2148, 1773481, 1772280, 1154, 15780, 15780, 2016573236
986, 3580162, 2368, 1773800, 1772542, 1386, 15033, 15033, 726757955
981, 3582611, 2138, 1774510, 1773514, 1205, 15622, 15622, 2097629539
988, 3581752, 2213, 1774768, 1773531, 1304, 14968, 14968, 2949952902
983, 3579382, 1773419, 2597, 1641, 1771983, 14871, 14871, 3053415819
979, 3580380, 1774045, 2100, 1131, 1773038, 15033, 15033, 1435391214
989, 3582628, 1949, 1776193, 1775091, 967, 14214, 14214, 2549819294
978, 3582790, 682285, 1064298, 1063181, 681202, 45912, 45912, 4278845697
987, 3583304, 1775456, 2007, 1055, 1773998, 15394, 15394, 57411763
984, 3582074, 1774567, 2034, 1081, 1773496, 15448, 15448, 3061781001
990, 3579121, 2219, 1773309, 1772203, 1280, 15055, 15055, 1684261819
992, 3580859, 2676, 1774041, 1772874, 1708, 14780, 14780, 226468532
993, 3583305, 2062, 1775312, 1774081, 1116, 15367, 15367, 4049702542
997, 3580461, 2299, 1774401, 1773233, 1300, 14614, 14614, 2362032027
995, 3580990, 2435, 1773098, 1771801, 1440, 16108, 16108, 2570783614
994, 3580738, 2709, 1773755, 1772725, 1751, 14899, 14899, 2761514760
991, 3580999, 1730192, 40536, 39569, 1729008, 20847, 20847, 243781173
996, 3581639, 2248, 1775222, 1773946, 1239, 14492, 14492, 2751472209
999, 3582600, 2024, 1775662, 1774514, 1062, 14669, 14669, 2066874162
998, 3583323, 1773842, 2826, 1824, 1772765, 16033, 16033, 35734836
