sample_id, N_LCC, N_A_1_LCC, N_B_1_LCC, N_A_0_LCC, N_B_0_LCC, N_A_*_LCC, N_B_*_LCC, seed
9, 2468433, 23027, 1158103, 1154181, 20464, 56329, 56329, 1630828894
1, 2463460, 24834, 1153174, 1149356, 22124, 56986, 56986, 3095267013
15, 2466975, 18833, 1161757, 1157910, 16191, 56142, 56142, 3209979099
4, 2466754, 17888, 1164086, 1159831, 15339, 54805, 54805, 1132529724
3, 2465687, 1167698, 15851, 13374, 1163602, 52581, 52581, 1516353317
14, 2467658, 1157159, 22215, 19483, 1154315, 57243, 57243, 3163434902
5, 2464101, 1156132, 19358, 16601, 1153258, 59376, 59376, 784328902
11, 2460276, 1154007, 20970, 18382, 1151187, 57865, 57865, 82458986
12, 2470054, 1161034, 17395, 14870, 1157607, 59574, 59574, 3958010659
8, 2459557, 19459, 1154612, 1151879, 16789, 58409, 58409, 424884021
2, 2467584, 1160630, 19390, 16693, 1157845, 56513, 56513, 1665391193
13, 2466878, 1163272, 18423, 15839, 1160640, 54352, 54352, 1812434414
6, 2464475, 1156495, 22632, 19997, 1153677, 55837, 55837, 3428138263
10, 2464685, 1158277, 21569, 18952, 1155117, 55385, 55385, 3348000394
7, 2465969, 1148318, 28564, 25749, 1145280, 59029, 59029, 977059033
20, 2462875, 20019, 1157134, 1153504, 17368, 57425, 57425, 2001607955
19, 2465032, 1156041, 22834, 20236, 1153121, 56400, 56400, 1799742360
0, 2459113, 1153356, 21357, 18614, 1150584, 57601, 57601, 3129438092
22, 2466806, 18999, 1160609, 1156445, 16377, 57188, 57188, 3149221831
16, 2466072, 1161463, 18101, 15467, 1158817, 56112, 56112, 340184967
21, 2464657, 17334, 1164247, 1161357, 14829, 53445, 53445, 2232615268
26, 2465192, 21217, 1158002, 1155028, 18515, 56215, 56215, 2916875938
23, 2465585, 23581, 1156480, 1153345, 20825, 55677, 55677, 3502824570
29, 2461564, 23551, 1153978, 1150801, 20892, 56171, 56171, 2794883802
27, 2462982, 23356, 1154742, 1151400, 20824, 56330, 56330, 4083579770
18, 2457980, 1151059, 22648, 19859, 1148322, 58046, 58046, 2455324725
25, 2472226, 1157698, 26497, 23760, 1153585, 55343, 55343, 644777596
24, 2463439, 1158190, 21697, 19086, 1154408, 55029, 55029, 4129198920
31, 2455902, 29795, 1140914, 1137564, 26991, 60319, 60319, 3495481567
17, 2465144, 1148556, 28516, 25834, 1145876, 58181, 58181, 2931051128
28, 2461735, 20336, 1157287, 1154359, 17745, 56004, 56004, 3881934874
30, 2462154, 1157559, 21225, 18506, 1153530, 55667, 55667, 2922674619
35, 2465074, 22075, 1154445, 1150814, 19540, 59100, 59100, 2200059710
33, 2468790, 1159073, 22169, 19644, 1155590, 56157, 56157, 1089528460
34, 2466393, 1160123, 19963, 17421, 1156948, 55969, 55969, 481925623
37, 2469158, 24141, 1157776, 1154624, 21579, 55519, 55519, 2874235933
32, 2464154, 1154574, 20865, 18289, 1151858, 59284, 59284, 1018491791
38, 2468094, 21228, 1158997, 1156359, 18622, 56444, 56444, 365900458
36, 2465280, 31423, 1144663, 1141826, 28796, 59286, 59286, 1102344700
41, 2464556, 17279, 1163666, 1160699, 14690, 54111, 54111, 2529359328
40, 2462618, 1149020, 28242, 25601, 1145581, 57087, 57087, 1390415163
39, 2465851, 1149867, 25948, 23316, 1147170, 59775, 59775, 808244529
42, 2460087, 1156205, 19226, 16578, 1153146, 57466, 57466, 3395981600
46, 2465886, 18486, 1157739, 1154994, 15889, 59389, 59389, 3482894587
44, 2465288, 1159948, 20433, 17786, 1156699, 55211, 55211, 2559471921
43, 2468303, 1161304, 21355, 18721, 1158093, 54415, 54415, 877115960
45, 2463190, 1155836, 21456, 18771, 1153075, 57026, 57026, 156240609
47, 2462108, 20176, 1154767, 1152012, 17509, 58822, 58822, 407913598
52, 2463291, 19808, 1160115, 1155461, 17355, 55276, 55276, 4274423431
55, 2465708, 16916, 1165721, 1161637, 14346, 53544, 53544, 2220797761
49, 2460078, 1150799, 22252, 19499, 1147962, 59783, 59783, 366083184
51, 2461643, 27243, 1147323, 1144268, 24599, 59105, 59105, 447831561
53, 2466697, 1158975, 19995, 17445, 1155746, 57268, 57268, 2280013057
48, 2463854, 1150912, 24704, 22126, 1148312, 58900, 58900, 1898878195
50, 2462144, 21558, 1155538, 1152936, 18900, 56606, 56606, 2598425601
54, 2465883, 1148618, 23437, 20658, 1145162, 64004, 64004, 3183539610
59, 2467918, 1159781, 20005, 17482, 1156562, 57044, 57044, 2355298778
60, 2467138, 1161963, 19631, 16925, 1157855, 55382, 55382, 1105387956
57, 2463722, 1147741, 27116, 24558, 1144425, 59941, 59941, 3549589543
58, 2464402, 1158337, 20569, 17828, 1154808, 56430, 56430, 2394919970
64, 2466798, 19759, 1161571, 1158061, 17119, 55144, 55144, 222433073
61, 2465549, 1160972, 18249, 15653, 1158037, 56319, 56319, 3675033079
67, 2460637, 1163199, 16656, 14042, 1158136, 54302, 54302, 786036706
56, 2464291, 1158237, 20047, 17432, 1155539, 56518, 56518, 3264950856
63, 2467043, 1162805, 19078, 16473, 1160219, 54234, 54234, 2932441274
66, 2465947, 1154643, 23983, 21370, 1151587, 57182, 57182, 2754745900
70, 2463993, 24649, 1151863, 1148576, 21937, 58484, 58484, 3554936199
68, 2460095, 1152895, 21872, 19092, 1150052, 58092, 58092, 299590992
71, 2471755, 1162938, 20379, 17854, 1159780, 55402, 55402, 2436872389
62, 2465599, 51104, 1123036, 1120207, 48390, 61431, 61431, 3842090841
73, 2467919, 27120, 1155551, 1151653, 24573, 54511, 54511, 3385603426
69, 2467893, 1154554, 24923, 22340, 1151460, 57308, 57308, 2214461236
74, 2465973, 19124, 1161806, 1158977, 16558, 54754, 54754, 3050830739
65, 2465774, 20489, 1155163, 1152390, 17964, 59884, 59884, 2812110250
76, 2465603, 18703, 1160916, 1157297, 16135, 56276, 56276, 14173203
75, 2462191, 1154739, 21933, 19192, 1151935, 57196, 57196, 2468407133
72, 2462261, 1150864, 24817, 22069, 1147781, 58365, 58365, 2730926120
77, 2467901, 1164453, 17763, 15172, 1161681, 54416, 54416, 1680960623
79, 2467192, 1152786, 23541, 20996, 1149551, 60159, 60159, 3083125692
89, 2461629, 23556, 1155916, 1151467, 20742, 54974, 54974, 488166207
86, 2468736, 20095, 1162578, 1159022, 17557, 54742, 54742, 591799249
80, 2469125, 1164706, 17021, 14604, 1161296, 55749, 55749, 2884974757
82, 2467787, 1161369, 20743, 18054, 1158371, 54625, 54625, 1851060368
78, 2464028, 1145188, 31320, 28561, 1142255, 58352, 58352, 1444559004
83, 2460363, 30602, 1144527, 1141384, 27836, 58007, 58007, 4240834526
85, 2462643, 20576, 1157111, 1154167, 18005, 56392, 56392, 3717865626
88, 2461712, 1160588, 19432, 16929, 1157397, 53683, 53683, 2671801036
87, 2469141, 1159481, 22929, 20307, 1156390, 55017, 55017, 1669151163
84, 2463767, 1160018, 18126, 15598, 1156749, 56638, 56638, 577333034
90, 2459989, 1149910, 25495, 22746, 1145970, 57934, 57934, 1371342564
92, 2469609, 25214, 1155999, 1152896, 22612, 56444, 56444, 3115237354
81, 2468185, 1160437, 20914, 18192, 1157630, 55506, 55506, 2047220599
91, 2470393, 1162815, 21735, 19155, 1159402, 53643, 53643, 3406700029
94, 2469590, 24250, 1158404, 1154857, 21669, 55205, 55205, 1093135980
97, 2459633, 20275, 1155534, 1151760, 17582, 57241, 57241, 526574901
93, 2461496, 1132877, 41732, 39001, 1129124, 59381, 59381, 1949788174
96, 2464449, 1159020, 18450, 15842, 1155521, 57808, 57808, 538117366
101, 2469783, 17615, 1167865, 1164295, 15120, 52444, 52444, 842130837
98, 2463775, 1151221, 24504, 21899, 1147571, 59290, 59290, 2973071721
106, 2459262, 17325, 1159324, 1155882, 14739, 55996, 55996, 228515367
102, 2463110, 1155899, 21474, 18773, 1152102, 57431, 57431, 1865935451
99, 2465165, 1159669, 20559, 17788, 1156645, 55252, 55252, 546961466
95, 2457852, 1151319, 19452, 16740, 1147689, 61326, 61326, 502282851
100, 2462260, 1160222, 18831, 16092, 1156751, 55182, 55182, 1545115668
103, 2462675, 1155804, 18925, 16373, 1152375, 59599, 59599, 516433795
107, 2467753, 18934, 1162830, 1160041, 16396, 54776, 54776, 1351083307
104, 2462638, 24089, 1150919, 1147836, 21296, 59249, 59249, 3805725940
110, 2464809, 19163, 1160111, 1157295, 16562, 55839, 55839, 3809715175
108, 2460873, 20477, 1155047, 1152137, 17782, 57715, 57715, 239097008
111, 2465002, 1162091, 18248, 15473, 1158732, 55229, 55229, 5161372
114, 2466596, 21029, 1158777, 1156110, 18402, 56139, 56139, 1659938606
115, 2463895, 1159829, 19424, 16928, 1156718, 55498, 55498, 2264875371
113, 2463457, 18302, 1160120, 1157388, 15725, 55961, 55961, 475214576
112, 2461997, 1144530, 30187, 27428, 1141814, 59019, 59019, 1382238953
105, 2471354, 1156417, 23443, 20859, 1153733, 58451, 58451, 3841936362
123, 2466354, 18890, 1159779, 1155849, 16452, 57692, 57692, 1264547647
109, 2462583, 1142389, 32912, 30269, 1138155, 59429, 59429, 3473250285
116, 2460404, 29971, 1146335, 1143283, 27407, 56704, 56704, 246169751
117, 2462015, 1154441, 21912, 19272, 1151654, 57368, 57368, 2448309974
122, 2467546, 16810, 1164794, 1161703, 14247, 54996, 54996, 2428212800
119, 2460719, 19944, 1154904, 1152227, 17270, 58187, 58187, 3117800682
126, 2468407, 17494, 1164024, 1161109, 14982, 55399, 55399, 2239975568
120, 2461418, 1141491, 22166, 19613, 1137930, 70109, 70109, 4271671509
121, 2463266, 1152314, 23889, 21241, 1148986, 58418, 58418, 329632145
125, 2460304, 1155481, 20155, 17443, 1152607, 57309, 57309, 1198754340
127, 2459787, 16795, 1159315, 1156294, 14203, 56590, 56590, 1599289262
118, 2465446, 1157268, 21924, 19219, 1154579, 56228, 56228, 1964071332
124, 2469178, 1142861, 35180, 32565, 1139778, 59397, 59397, 2286628124
129, 2459353, 1157454, 19233, 16575, 1153971, 56060, 56060, 1671658851
128, 2459249, 22201, 1152503, 1149655, 19488, 57701, 57701, 2110719778
131, 2456908, 1154247, 21599, 18866, 1150346, 55925, 55925, 1210733973
134, 2470041, 21004, 1158428, 1155735, 18416, 58229, 58229, 1461076894
130, 2464133, 18035, 1160140, 1157302, 15362, 56647, 56647, 4099554211
135, 2465027, 24636, 1151659, 1148180, 21902, 59325, 59325, 1868313222
133, 2464454, 22903, 1154458, 1151722, 20215, 57578, 57578, 1621255511
136, 2469088, 1159455, 21117, 18565, 1156415, 56768, 56768, 834819045
132, 2472360, 20205, 1163144, 1160497, 17752, 55381, 55381, 3721942270
143, 2461430, 22588, 1153477, 1149739, 19902, 57862, 57862, 2093056254
137, 2466985, 19129, 1161348, 1158506, 16466, 55768, 55768, 3961677151
144, 2460915, 27445, 1145392, 1142167, 24831, 60540, 60540, 2804903104
139, 2461528, 44252, 1126993, 1124030, 41451, 62401, 62401, 2741952898
140, 2465391, 19067, 1155827, 1152898, 16429, 60585, 60585, 2246626791
138, 2463331, 16422, 1163899, 1161002, 13938, 54035, 54035, 680091995
141, 2464669, 19758, 1159234, 1156298, 17197, 56091, 56091, 3362849766
148, 2464595, 17036, 1163649, 1160397, 14435, 54539, 54539, 3782189290
145, 2460104, 26308, 1148522, 1145232, 23708, 58167, 58167, 2131192030
146, 2466176, 1161314, 18721, 16142, 1157903, 56048, 56048, 3392793737
147, 2464673, 23123, 1153996, 1151257, 20411, 57943, 57943, 778516313
142, 2461569, 23628, 1150566, 1148099, 20946, 59165, 59165, 2178033251
149, 2467459, 1151883, 27266, 24683, 1148485, 57571, 57571, 582160725
152, 2462228, 22071, 1157009, 1153237, 19413, 55249, 55249, 2755051261
151, 2468759, 1163302, 19699, 17010, 1158556, 55096, 55096, 1679107494
161, 2473871, 16404, 1169936, 1166114, 13849, 53784, 53784, 1875227764
153, 2462306, 1158596, 20882, 18327, 1154623, 54939, 54939, 1203138881
155, 2464223, 1159679, 18941, 16338, 1156477, 56394, 56394, 2374431516
159, 2467962, 18582, 1164397, 1161392, 15939, 53826, 53826, 210410124
150, 2465935, 1157740, 21835, 19150, 1154870, 56170, 56170, 2658540619
158, 2460303, 1153608, 21154, 18453, 1149540, 58774, 58774, 2783357599
163, 2465207, 23119, 1156538, 1153029, 20491, 56015, 56015, 410471575
157, 2461490, 1145773, 27629, 24960, 1142924, 60102, 60102, 2688421244
160, 2464502, 1161315, 19050, 16480, 1157901, 54878, 54878, 319430389
162, 2469570, 19120, 1162060, 1159313, 16555, 56261, 56261, 1642721353
154, 2464136, 1149194, 25497, 22942, 1146051, 60226, 60226, 2463213546
165, 2461137, 17673, 1159460, 1156322, 15068, 56307, 56307, 4276629832
164, 2461247, 21123, 1154876, 1152108, 18490, 57325, 57325, 1604052507
156, 2462099, 1148092, 27798, 25244, 1144601, 58182, 58182, 2935374417
166, 2463967, 1155359, 19782, 17097, 1152603, 59563, 59563, 3818081051
168, 2466987, 17753, 1164483, 1161612, 15179, 53980, 53980, 2087787040
167, 2461298, 1154161, 21028, 18349, 1151456, 58152, 58152, 990905407
171, 2469652, 21604, 1161849, 1158890, 19015, 54147, 54147, 1597061985
174, 2469116, 14536, 1166973, 1163745, 12002, 55930, 55930, 942124059
177, 2466440, 20311, 1160547, 1157347, 17583, 55326, 55326, 3475857718
176, 2461199, 22184, 1153836, 1150136, 19565, 57739, 57739, 2073251343
175, 2466428, 22719, 1155929, 1153183, 20095, 57251, 57251, 2938240437
181, 2457799, 19311, 1155992, 1152424, 16582, 56745, 56745, 4065885283
170, 2470599, 1163394, 18890, 16262, 1160569, 55742, 55742, 2062810871
172, 2469587, 24457, 1156651, 1153725, 21662, 56546, 56546, 4048081324
180, 2467178, 1163113, 18276, 15697, 1159850, 55121, 55121, 174855265
173, 2457654, 1135321, 36253, 33537, 1131773, 60385, 60385, 64996704
178, 2457267, 18994, 1155357, 1152405, 16371, 57070, 57070, 1825183647
183, 2468136, 18067, 1163556, 1160466, 15615, 55216, 55216, 3519405253
169, 2466075, 1159871, 21198, 18575, 1156893, 54769, 54769, 2298905673
179, 2463287, 1156327, 18355, 15729, 1153474, 59701, 59701, 582113208
182, 2460699, 1156013, 19935, 17296, 1152489, 57483, 57483, 1588395907
188, 2465892, 18076, 1162251, 1158438, 15511, 55808, 55808, 2424211517
185, 2463092, 1160246, 18452, 15823, 1156965, 55803, 55803, 2933056672
187, 2465835, 1158582, 22103, 19373, 1154749, 55514, 55514, 761935469
186, 2468301, 1165893, 16646, 14038, 1162550, 54587, 54587, 1340932832
191, 2470526, 1166662, 17422, 14853, 1163413, 54088, 54088, 1879005036
195, 2464763, 20476, 1157773, 1154427, 17797, 57145, 57145, 876801685
192, 2463566, 21177, 1158551, 1155352, 18552, 54967, 54967, 219876471
197, 2464488, 27890, 1146465, 1142075, 25346, 61356, 61356, 3194022369
184, 2465545, 1158074, 19383, 16798, 1154742, 58274, 58274, 4097142909
189, 2460127, 1150611, 24987, 22363, 1147212, 57477, 57477, 2533895613
190, 2461517, 24880, 1154025, 1151204, 22208, 54600, 54600, 2168208522
193, 2464057, 1157886, 20002, 17338, 1154077, 57377, 57377, 3322538946
199, 2472087, 1165428, 17732, 15241, 1161690, 55998, 55998, 1424801781
201, 2466935, 26869, 1152215, 1148964, 24145, 57371, 57371, 3969894948
198, 2456693, 1150751, 21836, 19167, 1147045, 58947, 58947, 1750135908
196, 2462425, 1140823, 32233, 29607, 1137826, 60968, 60968, 4051678517
194, 2463923, 1156200, 20256, 17620, 1153525, 58161, 58161, 636246060
207, 2457943, 17300, 1159030, 1155317, 14712, 55792, 55792, 259371276
206, 2467232, 20546, 1159469, 1156449, 17944, 56412, 56412, 2127666864
200, 2463512, 1155239, 22954, 20367, 1152288, 56332, 56332, 2140609152
210, 2468394, 18770, 1159418, 1156552, 16198, 58728, 58728, 1152844196
212, 2468572, 20843, 1162044, 1157948, 18207, 54765, 54765, 3278770519
208, 2461313, 1157792, 18776, 16053, 1154654, 57019, 57019, 829478185
204, 2464240, 1158467, 20299, 17746, 1155424, 56152, 56152, 653407497
209, 2463982, 20551, 1157218, 1154431, 18004, 56889, 56889, 507828835
203, 2463476, 1150494, 25411, 22853, 1147770, 58474, 58474, 3884737116
202, 2466003, 1151658, 25674, 23022, 1148867, 58391, 58391, 1855949626
205, 2464597, 1164289, 17173, 14596, 1161113, 53713, 53713, 3529882425
214, 2461079, 1158320, 18851, 16266, 1154606, 56518, 56518, 2136472228
211, 2466531, 18522, 1161220, 1158438, 15883, 56234, 56234, 2960218341
213, 2466236, 21302, 1157876, 1155259, 18651, 56574, 56574, 201251323
215, 2462012, 1150398, 25360, 22684, 1147366, 58102, 58102, 2722040995
221, 2456867, 18919, 1157804, 1154692, 16320, 54566, 54566, 729242016
218, 2462828, 1155438, 20939, 18321, 1152618, 57756, 57756, 1113625636
219, 2465600, 18248, 1160969, 1158166, 15843, 56187, 56187, 950247226
224, 2464295, 19668, 1160036, 1156786, 16943, 55431, 55431, 33123408
217, 2464596, 1159018, 19524, 16870, 1156076, 56554, 56554, 1092235160
216, 2462585, 1161436, 17630, 15047, 1158874, 54799, 54799, 1930738417
223, 2461689, 22875, 1153788, 1150992, 20098, 56968, 56968, 3824381652
225, 2464781, 1160947, 19448, 16829, 1157123, 55217, 55217, 102433357
227, 2467609, 19795, 1161201, 1157766, 17191, 55828, 55828, 2132267888
231, 2465370, 17810, 1161109, 1157611, 15280, 56780, 56780, 3835543471
220, 2463293, 1128726, 46210, 43445, 1125616, 59648, 59648, 1053065314
229, 2466323, 16060, 1166964, 1163908, 13603, 52894, 52894, 1938364677
228, 2460122, 1155554, 19601, 16909, 1152652, 57703, 57703, 182359059
226, 2464669, 59767, 1116266, 1113719, 57029, 58944, 58944, 884113427
230, 2464528, 1149192, 27476, 24721, 1146475, 58332, 58332, 881869233
233, 2463575, 24528, 1152529, 1148939, 21863, 57858, 57858, 469591312
222, 2464938, 1130532, 40553, 37786, 1127719, 64174, 64174, 2705524562
232, 2459331, 22468, 1155004, 1152038, 19839, 54991, 54991, 2678102311
234, 2463039, 1158682, 17947, 15333, 1155059, 58009, 58009, 4122523534
235, 2465111, 19194, 1159779, 1157142, 16732, 56132, 56132, 852178893
239, 2470366, 1161506, 21751, 19146, 1157643, 55160, 55160, 2963516487
237, 2462611, 1153682, 23695, 20974, 1150462, 56899, 56899, 3164104052
236, 2463015, 25576, 1149243, 1146439, 22945, 59406, 59406, 1256015411
243, 2462157, 26632, 1142634, 1138937, 24018, 64968, 64968, 2309344683
238, 2466358, 1149992, 25614, 22911, 1146811, 60515, 60515, 3298863785
241, 2459710, 17915, 1157599, 1154786, 15214, 57098, 57098, 185925176
240, 2463640, 29793, 1147358, 1144159, 27082, 57624, 57624, 1092923927
245, 2463750, 25295, 1153571, 1150387, 22727, 55885, 55885, 2202769213
244, 2463380, 1157205, 22143, 19385, 1154279, 55184, 55184, 1065788320
242, 2469574, 1164335, 17337, 14746, 1161204, 55976, 55976, 1425450442
254, 2461434, 23166, 1155565, 1150533, 20522, 55824, 55824, 2423625274
248, 2459410, 1151929, 22964, 20276, 1148817, 57712, 57712, 2649726430
250, 2463864, 18008, 1160026, 1157075, 15441, 56657, 56657, 2906626884
247, 2468055, 1164504, 17206, 14725, 1160926, 55347, 55347, 3568464293
251, 2464505, 1164697, 16208, 13624, 1161526, 54225, 54225, 2166635499
256, 2462367, 19352, 1159925, 1155877, 16799, 55207, 55207, 2576433277
253, 2464493, 20691, 1157596, 1154320, 17846, 57020, 57020, 2298104140
246, 2469632, 1160091, 20685, 18041, 1156711, 57052, 57052, 3495952050
252, 2463900, 1159928, 19840, 17049, 1155819, 55632, 55632, 1546509037
249, 2463437, 1101717, 59675, 56846, 1098845, 73177, 73177, 1096693614
261, 2465318, 15813, 1164142, 1161085, 13282, 55498, 55498, 1792117113
259, 2464669, 1162525, 17591, 14978, 1158867, 55354, 55354, 2708061698
255, 2462495, 1154294, 21172, 18505, 1151140, 58692, 58692, 3643215038
258, 2463713, 1160631, 17701, 15083, 1157678, 56310, 56310, 3341894292
268, 2460782, 23855, 1152531, 1148628, 21356, 57206, 57206, 1950274476
264, 2460349, 20649, 1155385, 1152342, 17943, 57015, 57015, 3045263854
267, 2464467, 18391, 1160698, 1157421, 15841, 56058, 56058, 2855061356
269, 2469072, 1162526, 19187, 16658, 1158739, 55981, 55981, 1051903323
262, 2463009, 1155135, 20899, 18244, 1151955, 58388, 58388, 3126623850
260, 2465831, 1152375, 24483, 21881, 1149756, 58668, 58668, 440501840
263, 2473685, 23793, 1158391, 1155739, 21204, 57279, 57279, 2043315756
270, 2460447, 1155320, 21301, 18429, 1152069, 56664, 56664, 2656743111
257, 2463252, 1119407, 43350, 40591, 1116276, 71814, 71814, 3681703860
265, 2463207, 1160972, 18163, 15583, 1157663, 55413, 55413, 3787161651
273, 2458604, 1158965, 18242, 15670, 1154725, 55501, 55501, 892376047
271, 2461352, 29508, 1145721, 1142772, 26821, 58265, 58265, 351546940
272, 2469370, 1164597, 17864, 15273, 1161656, 54990, 54990, 3272410961
266, 2462327, 1156303, 19508, 17061, 1153579, 57938, 57938, 3083974419
279, 2469852, 19262, 1165105, 1160430, 16797, 54129, 54129, 1644885793
278, 2461827, 1159843, 18930, 16335, 1156691, 55014, 55014, 663841205
276, 2474804, 19112, 1166435, 1163401, 16536, 54660, 54660, 4112817120
285, 2461723, 31901, 1142523, 1138751, 29200, 59674, 59674, 3227974660
277, 2464129, 1154177, 23525, 20816, 1151405, 57103, 57103, 252172034
275, 2466204, 1160321, 20955, 18407, 1157579, 54471, 54471, 2400495396
280, 2462529, 35008, 1139763, 1136682, 32254, 59411, 59411, 2708838467
284, 2464356, 25319, 1151098, 1148206, 22643, 58545, 58545, 2400167487
281, 2465606, 1158174, 21382, 18847, 1154767, 56218, 56218, 3309117266
274, 2469052, 1153102, 23737, 21075, 1150360, 60389, 60389, 3725444044
283, 2465163, 1158450, 21896, 19366, 1155147, 55152, 55152, 3263854615
282, 2465979, 1159196, 21536, 18915, 1155900, 55216, 55216, 792274843
287, 2459703, 1160754, 17482, 14862, 1157333, 54636, 54636, 3667532074
286, 2467075, 1154392, 25178, 22521, 1151526, 56729, 56729, 2148668245
289, 2460704, 21544, 1153566, 1150687, 18881, 58013, 58013, 4191587247
291, 2466874, 18915, 1159284, 1155977, 16306, 58196, 58196, 1085947777
288, 2459168, 1154217, 21178, 18446, 1151459, 56934, 56934, 2171284399
300, 2466361, 17947, 1163401, 1160080, 15397, 54768, 54768, 3149981240
296, 2465295, 1164115, 17055, 14479, 1160520, 54563, 54563, 4072364137
294, 2464143, 17160, 1161609, 1158434, 14582, 56179, 56179, 1285864168
297, 2468275, 19333, 1161576, 1158654, 16762, 55975, 55975, 477859579
292, 2463886, 1161683, 17857, 15285, 1158081, 55490, 55490, 1023932714
295, 2456481, 23539, 1148529, 1145725, 20716, 58986, 58986, 4158935924
290, 2465077, 20090, 1154536, 1151866, 17413, 60586, 60586, 1862625085
298, 2464915, 19671, 1158129, 1155220, 17043, 57426, 57426, 2026681552
301, 2466616, 20946, 1158266, 1155200, 18412, 56896, 56896, 1127921453
293, 2467032, 1161206, 19949, 17436, 1158581, 54930, 54930, 40227169
303, 2464910, 22775, 1154965, 1150855, 20149, 58083, 58083, 583401095
299, 2465235, 18614, 1160482, 1157813, 16148, 56089, 56089, 2121612008
305, 2466724, 18037, 1162501, 1159724, 15542, 55460, 55460, 1605575131
310, 2461790, 18391, 1160195, 1156527, 15683, 55497, 55497, 4078391220
302, 2460286, 20969, 1154209, 1151287, 18387, 57717, 57717, 662884676
307, 2467167, 29807, 1146627, 1143235, 27090, 60204, 60204, 1254340397
313, 2460652, 19638, 1155081, 1151797, 17008, 58564, 58564, 3294015143
306, 2469773, 1163762, 18708, 16083, 1160678, 55271, 55271, 180778760
308, 2467713, 1160154, 20635, 17985, 1157293, 55823, 55823, 418467736
309, 2467023, 1157783, 21512, 18897, 1154309, 57261, 57261, 3800916910
315, 2468506, 1161456, 19237, 16432, 1158387, 56497, 56497, 2673642725
312, 2464616, 1159753, 19710, 17024, 1156527, 55801, 55801, 1718342766
311, 2462386, 1153788, 22748, 20036, 1150432, 57691, 57691, 3144406308
317, 2461482, 1150259, 28158, 25527, 1146824, 55357, 55357, 776052365
316, 2461258, 1129171, 37701, 34909, 1125975, 66751, 66751, 1570722908
320, 2467177, 21869, 1157405, 1154558, 19241, 57052, 57052, 3034258222
304, 2460799, 19653, 1154785, 1152016, 16955, 58695, 58695, 3520182731
323, 2463536, 23942, 1154204, 1150789, 21255, 56673, 56673, 1862042554
314, 2464964, 23583, 1102930, 1100152, 20837, 108731, 108731, 1763395674
321, 2464425, 1161793, 17106, 14507, 1158827, 56096, 56096, 2218039331
318, 2463448, 1158564, 19250, 16614, 1155810, 56605, 56605, 1422807316
322, 2463764, 1160272, 18929, 16325, 1157450, 55394, 55394, 1500909011
319, 2463896, 1149527, 27457, 24872, 1146316, 57862, 57862, 2442817960
325, 2462201, 1154896, 22095, 19484, 1150962, 57382, 57382, 1856456114
324, 2462316, 26365, 1147632, 1144804, 23729, 59893, 59893, 423967457
326, 2465761, 1152377, 25124, 22431, 1149027, 58401, 58401, 1239680961
332, 2462629, 21862, 1154267, 1150744, 19092, 58332, 58332, 4231738115
330, 2464444, 1157869, 19679, 17008, 1154550, 57669, 57669, 2335043257
331, 2470652, 18395, 1164673, 1161835, 15907, 54921, 54921, 2342561183
328, 2463171, 1158542, 19920, 17345, 1155268, 56048, 56048, 1026698541
329, 2465323, 1157427, 20229, 17607, 1154558, 57751, 57751, 73864280
327, 2463738, 1150950, 24581, 21973, 1148318, 58958, 58958, 4217192690
334, 2461695, 18214, 1158384, 1155477, 15620, 57000, 57000, 4110536428
333, 2465198, 1159092, 19115, 16537, 1155142, 57656, 57656, 1682547164
335, 2464796, 28102, 1147081, 1143982, 25481, 60075, 60075, 3405291420
337, 2461915, 28736, 1145097, 1141734, 26018, 60165, 60165, 2305583153
339, 2460388, 22213, 1152299, 1149236, 19552, 58544, 58544, 1351083021
336, 2463873, 1155316, 21956, 19245, 1151634, 57861, 57861, 3354426480
340, 2462939, 21650, 1151779, 1148727, 18911, 60936, 60936, 4236234200
338, 2467771, 1154810, 25833, 23143, 1151539, 56223, 56223, 1811314657
342, 2466546, 1161890, 17763, 15158, 1158511, 56612, 56612, 3220505517
346, 2464486, 17723, 1161160, 1157237, 15188, 56589, 56589, 2703632570
341, 2463809, 1152735, 21889, 19282, 1148337, 60783, 60783, 1481754778
349, 2462363, 23504, 1154111, 1150593, 20911, 56622, 56622, 2587664841
343, 2458978, 23210, 1151239, 1148475, 20420, 57817, 57817, 3774301653
345, 2466273, 1152205, 27052, 24467, 1148917, 56816, 56816, 3415969454
351, 2457348, 25499, 1148393, 1145306, 22760, 57695, 57695, 1206603843
348, 2466437, 1161136, 17596, 15059, 1157892, 57377, 57377, 3317300665
344, 2464633, 1156010, 22138, 19474, 1153197, 56907, 56907, 1803308617
353, 2460237, 20358, 1154910, 1151878, 17743, 57674, 57674, 673686780
347, 2464094, 16186, 1161076, 1158380, 13666, 57393, 57393, 788991633
358, 2464199, 19224, 1159237, 1155435, 16661, 56821, 56821, 2269955529
354, 2469843, 17977, 1164934, 1161984, 15446, 54751, 54751, 1140136018
357, 2461922, 21466, 1156076, 1152835, 18741, 56402, 56402, 3180947092
350, 2466257, 20359, 1159360, 1156817, 17719, 56001, 56001, 3040071278
352, 2461342, 22058, 1154672, 1151863, 19393, 56678, 56678, 548631596
355, 2464214, 1145022, 28451, 25826, 1142533, 61191, 61191, 3936356043
356, 2465426, 1155329, 23165, 20464, 1152162, 57153, 57153, 3608103273
365, 2458076, 29141, 1141443, 1137231, 26407, 61927, 61927, 1015676718
359, 2465257, 1155256, 22140, 19435, 1152620, 57903, 57903, 1952992511
360, 2467250, 1162903, 18730, 16201, 1159876, 54770, 54770, 2037174352
362, 2467070, 1162930, 16861, 14308, 1160045, 56463, 56463, 1332711124
363, 2466993, 18483, 1161505, 1158486, 15889, 56315, 56315, 4288234051
369, 2459164, 34697, 1137400, 1134227, 31970, 60435, 60435, 3435306916
361, 2465787, 1155916, 23393, 20821, 1153177, 56240, 56240, 806516765
368, 2460980, 1156272, 18529, 15859, 1152486, 58917, 58917, 883189254
371, 2466458, 18511, 1162066, 1158401, 15888, 55796, 55796, 1296197036
367, 2460041, 52993, 1119941, 1116843, 50324, 59970, 59970, 1842398379
364, 2459823, 1147480, 25969, 23265, 1144283, 59413, 59413, 1240756731
366, 2462198, 1158527, 18226, 15587, 1155654, 57102, 57102, 1810260217
370, 2463894, 18879, 1159315, 1156097, 16391, 56606, 56606, 2497571176
372, 2462299, 19784, 1156357, 1153547, 17187, 57712, 57712, 4080131279
381, 2464584, 17711, 1163229, 1158912, 15074, 54829, 54829, 373209598
375, 2466617, 1160786, 17059, 14488, 1156994, 58645, 58645, 407985349
374, 2460069, 1157026, 21427, 18695, 1152815, 55053, 55053, 3149789030
376, 2465022, 1156698, 21528, 18987, 1153613, 57098, 57098, 349140619
377, 2465890, 1158008, 21230, 18584, 1154372, 56848, 56848, 2743506836
373, 2468622, 1163762, 18873, 16278, 1160821, 54444, 54444, 326333912
379, 2468414, 35239, 1143371, 1140049, 32525, 58615, 58615, 3409176470
382, 2468091, 20008, 1160376, 1157477, 17426, 56402, 56402, 1303575225
378, 2463503, 20713, 1156976, 1154197, 18079, 56769, 56769, 2091026271
387, 2463585, 20725, 1156385, 1153000, 18135, 57670, 57670, 3391557518
384, 2469016, 17840, 1162431, 1159675, 15222, 56924, 56924, 3706769434
388, 2463001, 1162707, 17611, 14970, 1158797, 54458, 54458, 3888622037
383, 2457421, 1157507, 18290, 15522, 1154602, 55750, 55750, 2785392095
393, 2465822, 20297, 1160531, 1156145, 17671, 55589, 55589, 3900805745
380, 2469476, 1157633, 23221, 20578, 1155022, 56511, 56511, 3943967382
385, 2468121, 1157895, 24221, 21521, 1154854, 54815, 54815, 470175615
386, 2463923, 1151549, 27152, 24506, 1148796, 55960, 55960, 240200405
389, 2466951, 1160417, 21080, 18497, 1156453, 55252, 55252, 3494314742
391, 2467119, 1156161, 21341, 18721, 1153034, 58931, 58931, 3474508887
392, 2460840, 1159794, 17071, 14438, 1157117, 56210, 56210, 2609682104
394, 2462468, 20900, 1153110, 1149653, 18251, 60277, 60277, 2338056667
390, 2466225, 31846, 1147386, 1144436, 29215, 56671, 56671, 2295350528
395, 2463166, 25676, 1150305, 1147483, 22870, 58416, 58416, 2715325986
396, 2457773, 20466, 1153927, 1150915, 17877, 57294, 57294, 2758899259
399, 2466770, 24095, 1155815, 1152979, 21493, 56194, 56194, 1088545375
398, 2467422, 1166007, 17335, 14792, 1162816, 53236, 53236, 1453953196
400, 2467797, 1155754, 23329, 20661, 1152817, 57618, 57618, 3472899045
406, 2462267, 16688, 1162173, 1158770, 14216, 55210, 55210, 2128907516
405, 2464778, 1151579, 27707, 25134, 1148432, 55963, 55963, 520834075
401, 2464723, 1160875, 17929, 15321, 1157330, 56634, 56634, 3153636200
404, 2464848, 21972, 1157185, 1154375, 19404, 55956, 55956, 2532594099
402, 2460346, 1157179, 18399, 15739, 1154187, 57421, 57421, 3939777006
397, 2463214, 1155621, 23255, 20617, 1152441, 55640, 55640, 716740706
407, 2462888, 1154515, 25434, 22780, 1150309, 54925, 54925, 3693594022
411, 2457133, 22480, 1154025, 1150075, 19817, 55368, 55368, 1435715985
414, 2461251, 19539, 1155965, 1152696, 16895, 58078, 58078, 362088308
410, 2468992, 1169616, 16132, 13607, 1164999, 52319, 52319, 1366098457
403, 2463018, 1148265, 28391, 25698, 1145500, 57582, 57582, 3539152268
409, 2469475, 25551, 1156722, 1153710, 22888, 55302, 55302, 1874732001
408, 2463133, 1157050, 21522, 18911, 1153870, 55890, 55890, 1873388404
417, 2458815, 19475, 1156917, 1153397, 16804, 56111, 56111, 3677963507
412, 2463558, 1152189, 23176, 20483, 1148814, 59448, 59448, 1674171913
420, 2454462, 28080, 1141381, 1137786, 25257, 60979, 60979, 4138212338
413, 2468863, 20611, 1159360, 1156615, 17987, 57145, 57145, 743293965
415, 2469129, 1163112, 19746, 17115, 1159564, 54796, 54796, 593380221
421, 2466444, 1153516, 23540, 20920, 1150068, 59200, 59200, 3686490535
416, 2465414, 1161012, 19018, 16333, 1157991, 55530, 55530, 1348421418
422, 2465145, 21106, 1158947, 1155959, 18551, 55291, 55291, 2066715875
418, 2466534, 22690, 1155897, 1153023, 20024, 57450, 57450, 2133478469
419, 2468918, 1156158, 24117, 21342, 1153387, 56957, 56957, 1305241559
424, 2465320, 23611, 1153547, 1150468, 21018, 58338, 58338, 2620454280
423, 2465755, 1163470, 16726, 14102, 1160731, 55363, 55363, 1668877853
428, 2464838, 1160706, 19242, 16682, 1157732, 55238, 55238, 2763770691
427, 2468287, 1160651, 20469, 17837, 1157488, 55921, 55921, 26197739
425, 2461224, 1155556, 21472, 18893, 1152529, 56387, 56387, 422392809
431, 2463767, 1159655, 18436, 15806, 1156390, 56740, 56740, 662937018
429, 2460644, 1158531, 18401, 15708, 1155118, 56443, 56443, 2683860706
426, 2465849, 1152223, 23976, 21355, 1149225, 59535, 59535, 33360346
433, 2461302, 19661, 1156764, 1153582, 16957, 57169, 57169, 1489076142
435, 2463213, 17723, 1161822, 1158077, 15103, 55244, 55244, 2249039043
434, 2467094, 1163682, 17472, 14950, 1160012, 55489, 55489, 1930965478
432, 2458761, 1135944, 36353, 33727, 1132541, 60098, 60098, 585192367
436, 2463301, 29689, 1140421, 1137703, 26994, 64247, 64247, 2813467759
430, 2464389, 1133465, 43659, 41041, 1130298, 57963, 57963, 2060564549
438, 2465354, 1155516, 20535, 17784, 1152263, 59628, 59628, 3001583572
437, 2465445, 1160954, 18370, 15835, 1158382, 55952, 55952, 1051301786
442, 2473674, 18530, 1167941, 1164927, 15944, 53166, 53166, 2268648596
445, 2466529, 1161829, 20631, 18059, 1157626, 54192, 54192, 339122292
444, 2466200, 1161533, 20516, 17887, 1157524, 54370, 54370, 1247638208
443, 2465041, 18108, 1159901, 1156810, 15548, 57337, 57337, 3610219094
439, 2462927, 1154957, 24112, 21533, 1151923, 55201, 55201, 2058445193
448, 2466340, 1160351, 19845, 17221, 1156613, 56155, 56155, 1135238754
449, 2469857, 1164437, 18972, 16489, 1160751, 54604, 54604, 3984876782
441, 2463249, 1155868, 21002, 18462, 1153193, 57362, 57362, 1911862054
450, 2461565, 1156065, 22233, 19575, 1152244, 55724, 55724, 2928015660
452, 2467261, 16639, 1162383, 1159680, 14191, 57184, 57184, 3286450620
447, 2460995, 1150342, 26974, 24311, 1147382, 55993, 55993, 588557145
456, 2467285, 14697, 1168398, 1164977, 12229, 53492, 53492, 2012996758
455, 2460948, 22753, 1153707, 1149610, 20022, 57428, 57428, 2439628219
446, 2461732, 67316, 1102568, 1099643, 64717, 63744, 63744, 289048679
451, 2461422, 1154164, 22456, 19721, 1150855, 57113, 57113, 3406821081
459, 2468217, 20970, 1162008, 1158366, 18285, 54294, 54294, 3269316249
440, 2466719, 1153451, 25996, 23480, 1150830, 56481, 56481, 2041749594
463, 2467630, 17382, 1163294, 1159411, 14797, 56373, 56373, 1058353387
457, 2465878, 25474, 1155488, 1152613, 22877, 54713, 54713, 1031883415
454, 2464717, 1159090, 20220, 17589, 1156300, 55759, 55759, 3788899629
453, 2463717, 1140109, 34754, 32150, 1136946, 59879, 59879, 303659272
461, 2464988, 1160853, 18862, 16222, 1157691, 55680, 55680, 2768049961
458, 2462517, 1156926, 20927, 18205, 1153895, 56282, 56282, 2479509578
464, 2460623, 31713, 1143608, 1140298, 29022, 57991, 57991, 3946748307
465, 2465524, 18981, 1158328, 1155515, 16314, 58193, 58193, 453132012
466, 2464511, 21960, 1156933, 1153592, 19378, 56324, 56324, 4235695165
460, 2460923, 1153655, 22010, 19276, 1150890, 57546, 57546, 3562705078
471, 2465252, 16298, 1165643, 1162028, 13695, 53794, 53794, 1408166533
462, 2460820, 44039, 1128336, 1125617, 41382, 60723, 60723, 1219454766
470, 2465815, 21835, 1157150, 1154295, 19203, 56666, 56666, 200885478
472, 2468322, 19015, 1164294, 1161062, 16561, 53695, 53695, 2116199093
468, 2463604, 19421, 1159220, 1156378, 16777, 55904, 55904, 3023683368
469, 2468718, 23362, 1157584, 1154626, 20772, 56187, 56187, 1951222221
467, 2459131, 17732, 1156921, 1154125, 15117, 57618, 57618, 4085248364
477, 2463958, 22491, 1155750, 1152446, 19947, 56662, 56662, 1614224215
475, 2463390, 17640, 1160930, 1157883, 15091, 55923, 55923, 3068974715
474, 2467580, 16550, 1163804, 1160895, 13993, 56169, 56169, 2452986279
476, 2462463, 1150270, 24277, 21754, 1147576, 59293, 59293, 4168218547
473, 2464818, 21928, 1156603, 1154012, 19235, 56520, 56520, 4272993778
482, 2461830, 1153808, 21632, 18944, 1150776, 58335, 58335, 2063429772
480, 2461434, 41421, 1134060, 1130722, 38761, 58235, 58235, 3736407642
483, 2460922, 50313, 1124293, 1120768, 47678, 58935, 58935, 571167088
487, 2469746, 20660, 1163125, 1159579, 18048, 54167, 54167, 1031796951
479, 2461829, 1149121, 25218, 22437, 1146273, 59390, 59390, 1540321731
488, 2459632, 16952, 1161016, 1156772, 14428, 55232, 55232, 1195098110
490, 2465406, 22318, 1158219, 1154759, 19652, 55229, 55229, 182330056
478, 2461505, 1147850, 24855, 22042, 1145186, 60786, 60786, 934879128
484, 2460668, 20636, 1154835, 1152177, 17906, 57557, 57557, 3924873381
481, 2456196, 21185, 1152708, 1150020, 18549, 56867, 56867, 3137294446
491, 2462963, 1160688, 19300, 16533, 1157408, 54517, 54517, 4059770847
485, 2460314, 22903, 1153194, 1150377, 20114, 56863, 56863, 1335896958
489, 2463502, 1166135, 15926, 13341, 1162518, 52791, 52791, 2598639215
486, 2462414, 1147302, 26901, 24279, 1144378, 59777, 59777, 3756425311
492, 2463439, 25480, 1151020, 1148124, 22805, 58005, 58005, 1975568617
493, 2467840, 19474, 1161079, 1158062, 16905, 56160, 56160, 438294297
494, 2463926, 22775, 1156168, 1152703, 20074, 56103, 56103, 3212617308
495, 2468123, 1159298, 21415, 18697, 1155759, 56477, 56477, 2365287806
498, 2458344, 21563, 1152584, 1149102, 18981, 58057, 58057, 2273165253
496, 2471518, 1169903, 14132, 11665, 1166884, 54467, 54467, 3890653839
497, 2467284, 1163530, 17924, 15413, 1160891, 54763, 54763, 2221197979
499, 2466500, 1151993, 26551, 23897, 1148575, 57742, 57742, 1698916021
501, 2468708, 1159977, 22879, 20149, 1156509, 54597, 54597, 3904100567
502, 2459150, 20603, 1154507, 1151298, 17812, 57465, 57465, 3671035708
500, 2463353, 1158799, 18098, 15483, 1155177, 57898, 57898, 3023043743
504, 2467228, 1155258, 23185, 20484, 1152227, 58037, 58037, 376452900
506, 2464119, 20167, 1157609, 1154967, 17578, 56899, 56899, 4120393996
507, 2462985, 19274, 1157698, 1154763, 16696, 57277, 57277, 4274837177
510, 2464802, 21348, 1157159, 1154128, 18559, 56804, 56804, 3867080549
505, 2464298, 19507, 1158811, 1156202, 16862, 56458, 56458, 2331924317
508, 2465598, 1162664, 17774, 15259, 1159227, 55337, 55337, 1253666331
513, 2466318, 19456, 1159675, 1156199, 16828, 57080, 57080, 3364018896
503, 2459568, 34197, 1140204, 1137338, 31545, 58142, 58142, 2884772942
516, 2464951, 21003, 1159192, 1155619, 18381, 55378, 55378, 3930114935
512, 2465993, 18804, 1160043, 1157112, 16160, 56937, 56937, 2086386109
517, 2463746, 18629, 1158817, 1155457, 16017, 57413, 57413, 3033126342
514, 2469164, 1160645, 17983, 15423, 1156993, 59060, 59060, 3030472734
511, 2464828, 1161963, 19345, 16768, 1158820, 53966, 53966, 1796194
509, 2460754, 1146560, 27475, 24660, 1143651, 59204, 59204, 3318392303
518, 2470421, 1162367, 19103, 16525, 1158966, 56730, 56730, 437241047
519, 2457170, 18421, 1156681, 1153696, 15750, 56311, 56311, 4074430280
515, 2466743, 1162794, 17359, 14738, 1160238, 55807, 55807, 2282400801
520, 2465531, 19707, 1159519, 1156266, 17105, 56467, 56467, 3953887943
522, 2462528, 17782, 1160904, 1158033, 15151, 55329, 55329, 2353039568
523, 2469611, 1168141, 17211, 14605, 1164192, 52731, 52731, 1267073299
528, 2464254, 18302, 1161423, 1157050, 15783, 55848, 55848, 2699239208
529, 2464865, 17133, 1164171, 1160644, 14611, 54153, 54153, 2078340411
526, 2465387, 21592, 1157430, 1154188, 18923, 56627, 56627, 325993505
521, 2461941, 1161239, 16993, 14528, 1158489, 55346, 55346, 730404648
530, 2463426, 20243, 1159599, 1156534, 17502, 54774, 54774, 3532827700
525, 2464746, 1159675, 18609, 16038, 1156892, 56766, 56766, 3498652089
524, 2461892, 1157397, 20738, 18115, 1154084, 55779, 55779, 3853353447
534, 2466625, 1162258, 18555, 16013, 1159017, 55391, 55391, 4077464538
535, 2468842, 25231, 1156276, 1152952, 22603, 55890, 55890, 4042765773
527, 2468401, 1150874, 22518, 19982, 1147215, 63906, 63906, 1420347967
532, 2462821, 1156154, 22909, 20247, 1152693, 55409, 55409, 967876244
536, 2462279, 18743, 1159354, 1155644, 16192, 56173, 56173, 256730319
531, 2459426, 19324, 1156294, 1152812, 16632, 57182, 57182, 464060884
533, 2466664, 14899, 1166467, 1163731, 12443, 54562, 54562, 1855507597
541, 2463709, 25205, 1151832, 1147528, 22496, 58324, 58324, 2379060329
539, 2470267, 26428, 1152209, 1149039, 23749, 59421, 59421, 246917001
538, 2465028, 19017, 1158891, 1156288, 16458, 57187, 57187, 72483262
537, 2463041, 18400, 1159878, 1157059, 15892, 55906, 55906, 825334226
542, 2463224, 20379, 1157446, 1154536, 17705, 56579, 56579, 3423319595
543, 2458798, 1158223, 18881, 16286, 1154384, 55512, 55512, 3802563444
544, 2463962, 19662, 1158026, 1155133, 17027, 57057, 57057, 2599038186
547, 2461989, 25804, 1149363, 1145876, 23080, 58933, 58933, 2821532959
545, 2462043, 22317, 1156187, 1153451, 19694, 55197, 55197, 2748850986
540, 2466828, 1156745, 19663, 16999, 1153427, 59997, 59997, 2713748220
552, 2467608, 17390, 1162660, 1159058, 14806, 56847, 56847, 3049855423
548, 2464849, 1149170, 26767, 24150, 1146286, 59238, 59238, 914861674
549, 2461213, 1154861, 20861, 18184, 1151911, 57698, 57698, 443157660
546, 2469894, 1161985, 18421, 15890, 1158466, 57566, 57566, 637807891
554, 2461242, 18795, 1154127, 1151308, 16332, 60340, 60340, 620550219
555, 2469024, 17392, 1160821, 1157863, 14830, 59059, 59059, 683992169
558, 2467603, 1158543, 21566, 18943, 1155517, 56517, 56517, 2962452978
550, 2465334, 1135422, 37524, 34958, 1132930, 62250, 62250, 1194744212
556, 2471810, 1166143, 18793, 16308, 1163470, 53548, 53548, 3716332463
557, 2467498, 19347, 1160591, 1157948, 16750, 56431, 56431, 88218421
551, 2466330, 1157489, 23479, 20922, 1154590, 54925, 54925, 581321356
560, 2464463, 1162588, 17372, 14759, 1158874, 55435, 55435, 1711987994
553, 2459599, 27456, 1146846, 1144173, 24526, 58299, 58299, 2918150968
559, 2463511, 1161990, 17834, 15286, 1159019, 54691, 54691, 2333535605
561, 2462171, 1160672, 18023, 15533, 1157015, 55464, 55464, 3369999249
562, 2466458, 1165811, 16497, 13912, 1162586, 53826, 53826, 3888488768
568, 2468080, 16275, 1166765, 1163273, 13853, 53957, 53957, 1733067376
567, 2462409, 1157413, 20690, 18056, 1153020, 56615, 56615, 2825125486
566, 2466787, 19396, 1162269, 1159517, 16735, 54435, 54435, 1293692784
573, 2461979, 21683, 1154902, 1151483, 19003, 57454, 57454, 1688762803
565, 2460517, 1155334, 19275, 16660, 1152348, 58450, 58450, 1982456660
569, 2459888, 1162621, 16951, 14336, 1158924, 53528, 53528, 1048578275
571, 2467217, 21820, 1156680, 1153471, 19196, 58025, 58025, 2162961202
563, 2458943, 1140966, 32870, 30126, 1136973, 59004, 59004, 867469479
572, 2468881, 1158215, 23272, 20671, 1155203, 55760, 55760, 1296194127
564, 2464136, 22693, 1152532, 1149864, 20063, 59492, 59492, 37884604
570, 2465211, 21795, 1155547, 1152780, 19135, 57977, 57977, 1706987993
579, 2458697, 29965, 1144429, 1140560, 27253, 58245, 58245, 3204430366
576, 2462699, 1155375, 21373, 18774, 1152097, 57540, 57540, 2274513514
582, 2466386, 17466, 1163711, 1159791, 14918, 55250, 55250, 3728339609
574, 2459166, 1133784, 39032, 36344, 1130846, 59580, 59580, 3655724436
577, 2458856, 24797, 1149244, 1146408, 22171, 58118, 58118, 3652154723
578, 2465736, 1161547, 18361, 15805, 1158125, 55949, 55949, 1985863955
583, 2464232, 19512, 1156526, 1153519, 16981, 58847, 58847, 110451975
589, 2467032, 19553, 1162831, 1159270, 16974, 54202, 54202, 4107153080
575, 2461956, 23539, 1152753, 1150064, 20758, 57421, 57421, 3320733491
587, 2461061, 28869, 1145195, 1141778, 26189, 59515, 59515, 1544931233
580, 2465140, 1159775, 20576, 17882, 1157119, 54894, 54894, 2150853307
581, 2464380, 19704, 1158078, 1155425, 17017, 57078, 57078, 1216454164
584, 2462792, 1153031, 23936, 21310, 1150213, 57151, 57151, 2954822704
585, 2464238, 1161795, 18339, 15728, 1158724, 54826, 54826, 2958801339
586, 2467670, 1158758, 21730, 19234, 1155598, 56175, 56175, 4221280665
590, 2465046, 1164255, 16415, 13854, 1161306, 54608, 54608, 4212844234
594, 2467062, 24151, 1156213, 1153202, 21608, 55944, 55944, 1609201143
592, 2464178, 1161316, 18155, 15633, 1157656, 55709, 55709, 932051975
588, 2457979, 1155149, 20135, 17475, 1152002, 56609, 56609, 1388842115
595, 2461910, 1154074, 22307, 19564, 1150815, 57575, 57575, 2389248161
597, 2460676, 23790, 1150393, 1146773, 21006, 59357, 59357, 4285460764
602, 2467322, 16678, 1161807, 1157738, 14205, 58447, 58447, 4286072574
596, 2466488, 1154447, 25129, 22492, 1151190, 56615, 56615, 3179387921
593, 2463280, 1150571, 25077, 22324, 1147698, 58805, 58805, 777943035
591, 2464721, 51459, 1121831, 1119232, 48775, 61712, 61712, 971066769
599, 2460298, 24712, 1151660, 1148587, 21997, 56671, 56671, 2383354817
601, 2464125, 22052, 1157306, 1153927, 19438, 55701, 55701, 1892439386
598, 2464861, 1157669, 21731, 19171, 1154436, 55927, 55927, 2574414606
605, 2468446, 14580, 1166723, 1163111, 12076, 55978, 55978, 4242700068
600, 2465609, 1151538, 23380, 20770, 1148293, 60814, 60814, 2782431256
603, 2461441, 23742, 1150785, 1147964, 21020, 58965, 58965, 1428607052
610, 2463284, 20063, 1159168, 1155332, 17449, 55636, 55636, 662539904
609, 2465222, 15961, 1165357, 1161931, 13393, 54290, 54290, 2577705177
612, 2459525, 30884, 1145211, 1141699, 28183, 56774, 56774, 1478108369
606, 2466067, 1160688, 18962, 16257, 1157410, 56375, 56375, 1865298259
604, 2468956, 1164591, 18148, 15606, 1161435, 54588, 54588, 1555588216
611, 2461990, 22285, 1155297, 1151643, 19639, 56563, 56563, 1537729432
613, 2463845, 24396, 1151164, 1147931, 21868, 59243, 59243, 2062455111
618, 2465947, 17538, 1161074, 1157696, 14943, 57348, 57348, 1945751381
616, 2461221, 17616, 1160696, 1157326, 14947, 55318, 55318, 4215871358
608, 2462254, 1151233, 20622, 17792, 1148269, 62169, 62169, 2602954294
615, 2463518, 1162269, 18189, 15432, 1158684, 54472, 54472, 1116563854
607, 2463346, 1158286, 19150, 16604, 1155358, 56974, 56974, 3531320312
617, 2459471, 1156566, 20772, 18123, 1152206, 55902, 55902, 2431429254
614, 2462149, 1153303, 25161, 22543, 1150326, 55408, 55408, 4043104023
621, 2462613, 22771, 1152803, 1149726, 20041, 58636, 58636, 221658846
625, 2463319, 19126, 1159938, 1156140, 16451, 55832, 55832, 3416001499
623, 2465579, 42318, 1134236, 1131163, 39544, 59159, 59159, 2267811235
627, 2466923, 19482, 1161166, 1157705, 16956, 55807, 55807, 2726206998
624, 2469802, 17490, 1166408, 1163497, 14967, 53720, 53720, 4028138724
619, 2470605, 1159622, 21548, 19034, 1156995, 56703, 56703, 1897785201
626, 2464590, 18475, 1160514, 1157356, 15931, 56157, 56157, 30876838
620, 2463741, 29370, 1146252, 1143292, 26653, 59087, 59087, 964726012
628, 2463815, 1158256, 19319, 16690, 1154508, 57521, 57521, 3527234174
634, 2464891, 27391, 1149814, 1146677, 24809, 58100, 58100, 3612348150
622, 2460810, 1153676, 22302, 19705, 1150815, 57156, 57156, 4284542856
632, 2466600, 1158452, 21029, 18399, 1155236, 56742, 56742, 977126765
633, 2462449, 17121, 1158058, 1155098, 14436, 58868, 58868, 1044318323
630, 2466869, 1156598, 20775, 18188, 1153480, 58914, 58914, 1431691760
629, 2470620, 1161680, 19754, 17147, 1158567, 56736, 56736, 1677995488
631, 2466097, 18587, 1161402, 1158797, 16001, 55655, 55655, 3101882739
635, 2457805, 1157350, 18829, 16179, 1154105, 55671, 55671, 1484847177
639, 2466888, 24932, 1156175, 1152285, 22288, 55604, 55604, 1775772694
637, 2468845, 1158810, 23013, 20423, 1155359, 55620, 55620, 78219787
636, 2464701, 1156705, 22885, 20192, 1153553, 55683, 55683, 1272048959
642, 2467591, 17075, 1164603, 1161569, 14532, 54906, 54906, 148021779
641, 2463187, 1151501, 26501, 23719, 1147608, 56929, 56929, 843063455
646, 2462904, 17221, 1162467, 1157839, 14661, 55358, 55358, 647222854
640, 2463222, 18616, 1160700, 1157880, 16132, 54947, 54947, 3052377827
643, 2463456, 17420, 1161741, 1158973, 14846, 55238, 55238, 999788190
648, 2464985, 22278, 1157126, 1153592, 19421, 56284, 56284, 437262168
645, 2460833, 1149851, 25692, 22975, 1146777, 57769, 57769, 264332182
638, 2463341, 1155957, 22245, 19615, 1152898, 56313, 56313, 1215551377
644, 2468325, 1165441, 15866, 13368, 1162696, 55477, 55477, 4194098005
651, 2465963, 21463, 1158808, 1155604, 18774, 55657, 55657, 3253486248
649, 2462957, 1148605, 21783, 19271, 1145658, 63820, 63820, 2434003249
650, 2466792, 1155563, 23473, 20829, 1152589, 57169, 57169, 2168526628
653, 2468144, 20350, 1161986, 1159282, 17826, 54350, 54350, 515295605
647, 2471507, 17506, 1165769, 1163201, 14873, 55079, 55079, 133070795
659, 2467457, 20881, 1161358, 1157950, 18398, 54435, 54435, 3169325442
654, 2462497, 18936, 1158246, 1155407, 16372, 56768, 56768, 3340939097
652, 2468211, 1159344, 21376, 18811, 1156736, 55972, 55972, 3635101120
655, 2459843, 1149232, 23783, 21153, 1145875, 59900, 59900, 933278306
662, 2463704, 25881, 1151369, 1147890, 23298, 57633, 57633, 695390812
661, 2460268, 25575, 1147652, 1144848, 23009, 59592, 59592, 4258306895
657, 2461783, 19649, 1157939, 1155057, 17134, 56002, 56002, 1579816684
656, 2465198, 1160205, 19806, 17150, 1157355, 55341, 55341, 3644101674
660, 2459778, 18157, 1157371, 1154369, 15601, 57140, 57140, 3588089793
667, 2469898, 17091, 1167660, 1163667, 14494, 53493, 53493, 1063824985
658, 2462466, 1156542, 19975, 17290, 1153891, 57384, 57384, 389665680
663, 2470467, 1164119, 20384, 17697, 1160283, 53992, 53992, 1443343137
665, 2461746, 1160013, 17135, 14560, 1156630, 56704, 56704, 2261641146
664, 2467367, 19100, 1162772, 1159366, 16415, 54857, 54857, 1391924169
670, 2470205, 29587, 1151321, 1147783, 27022, 57246, 57246, 282767590
673, 2459753, 22661, 1153579, 1150135, 19890, 56744, 56744, 1085099717
675, 2467232, 15886, 1167027, 1163572, 13307, 53720, 53720, 1654031359
666, 2466164, 18517, 1164305, 1161540, 15834, 52984, 52984, 738932158
674, 2464819, 1158636, 21309, 18739, 1154345, 55895, 55895, 757309750
677, 2469062, 19023, 1163919, 1160578, 16510, 54516, 54516, 2987592695
669, 2462739, 1154513, 21242, 18429, 1151065, 58745, 58745, 1259372647
668, 2463344, 21885, 1155937, 1153257, 19145, 56560, 56560, 2741186405
671, 2462732, 1154503, 23255, 20566, 1151434, 56487, 56487, 3505644903
672, 2466642, 1164659, 16347, 13751, 1161999, 54943, 54943, 2946464531
681, 2465656, 17157, 1160322, 1157415, 14584, 58089, 58089, 2914790890
680, 2469515, 1161030, 20591, 17953, 1157579, 56181, 56181, 3096894850
676, 2465902, 1157394, 22992, 20355, 1154473, 55344, 55344, 3307707512
685, 2465915, 18702, 1164226, 1160178, 16123, 53343, 53343, 3169916930
686, 2467762, 20587, 1160009, 1156849, 18101, 56108, 56108, 2681314011
682, 2462765, 1161556, 17455, 14842, 1158090, 55411, 55411, 945606102
683, 2466043, 1159527, 20828, 18099, 1155509, 56040, 56040, 2820176977
687, 2464623, 24348, 1154599, 1151631, 21771, 56137, 56137, 4188562434
679, 2458897, 1147389, 24356, 21666, 1144542, 60472, 60472, 1768815772
678, 2464854, 1154371, 22344, 19687, 1150802, 58825, 58825, 1494531297
691, 2461323, 22953, 1152981, 1149524, 20299, 57783, 57783, 67418801
689, 2465548, 1157147, 19812, 17137, 1154176, 58638, 58638, 3936675035
684, 2468570, 1159782, 22897, 20434, 1156533, 54462, 54462, 4223617330
695, 2465121, 20411, 1159199, 1155569, 17622, 56160, 56160, 2778959966
694, 2461289, 17807, 1160172, 1156400, 15324, 55793, 55793, 944070624
688, 2464827, 20302, 1158463, 1155781, 17641, 56320, 56320, 1121828923
690, 2467400, 18288, 1161374, 1158735, 15697, 56653, 56653, 3349179926
692, 2464595, 1166013, 14689, 12316, 1162933, 54322, 54322, 2334564633
696, 2467366, 1164171, 18612, 16095, 1159990, 54249, 54249, 1001452671
693, 2463481, 1142706, 29657, 26811, 1139501, 62403, 62403, 3151697241
700, 2466941, 16756, 1166419, 1162096, 14290, 53690, 53690, 2734376598
697, 2464146, 19664, 1158935, 1155356, 17119, 56536, 56536, 2459588070
702, 2462940, 1159013, 19016, 16337, 1155994, 56290, 56290, 1433963952
708, 2463946, 20720, 1159617, 1156222, 18029, 54679, 54679, 3190104152
698, 2463944, 1146904, 28466, 25745, 1143627, 59601, 59601, 979108584
706, 2468436, 29438, 1151096, 1147888, 26830, 56592, 56592, 3099300535
704, 2464807, 1160410, 20466, 18018, 1156585, 54664, 54664, 1680076873
705, 2463198, 1164207, 15927, 13389, 1160529, 54573, 54573, 2911911153
699, 2466957, 1161731, 17294, 14694, 1158888, 57175, 57175, 3618144120
709, 2465991, 19223, 1162154, 1159354, 16714, 54273, 54273, 2898429005
707, 2468161, 1156268, 26120, 23670, 1152445, 54829, 54829, 3022646138
710, 2465300, 22025, 1158609, 1155660, 19402, 54802, 54802, 384158123
703, 2459282, 1152530, 23184, 20365, 1149679, 56762, 56762, 3302119492
701, 2462258, 1156193, 20366, 17813, 1153350, 57268, 57268, 2275559221
714, 2461656, 19353, 1157789, 1154422, 16722, 56685, 56685, 3285609736
712, 2467376, 18517, 1162256, 1158400, 15935, 56134, 56134, 1229707766
715, 2471589, 20039, 1164517, 1161287, 17434, 54156, 54156, 852495953
713, 2465045, 1159371, 19812, 17195, 1155851, 56408, 56408, 957098309
718, 2470029, 17081, 1166278, 1163073, 14553, 54522, 54522, 4147152255
711, 2467703, 21442, 1159829, 1157078, 18684, 55335, 55335, 1294848015
719, 2463695, 19652, 1161211, 1157449, 17045, 54169, 54169, 295959085
720, 2460160, 1159842, 18244, 15676, 1155300, 55549, 55549, 3457041544
716, 2463210, 1150505, 23582, 20773, 1147550, 60400, 60400, 2809991968
724, 2463034, 21189, 1156447, 1153659, 18505, 56617, 56617, 3432979205
723, 2473729, 1168070, 16854, 14365, 1165142, 54649, 54649, 186675158
721, 2466992, 1160226, 21030, 18510, 1155984, 55621, 55621, 3143296168
726, 2468440, 20252, 1161322, 1158380, 17622, 55432, 55432, 3605314611
717, 2467016, 1165026, 17055, 14588, 1162085, 54131, 54131, 2861358404
725, 2461256, 1153290, 23564, 20968, 1149720, 56857, 56857, 2443543822
727, 2464611, 17888, 1160185, 1157202, 15394, 56971, 56971, 3346688846
729, 2468473, 1164258, 17976, 15385, 1160986, 54934, 54934, 3582707461
731, 2463367, 1161239, 17011, 14565, 1157802, 56375, 56375, 2341060079
722, 2460594, 1152783, 22905, 20268, 1149928, 57355, 57355, 4049821342
734, 2462964, 21629, 1154751, 1151557, 19083, 57972, 57972, 1308627354
732, 2465273, 19305, 1159596, 1156658, 16618, 56548, 56548, 2421531548
728, 2467326, 1157268, 22487, 19894, 1154561, 56558, 56558, 2005082721
730, 2473562, 1169296, 16277, 13916, 1165479, 54297, 54297, 2053021325
738, 2463531, 26565, 1150563, 1146710, 23863, 57915, 57915, 861534922
741, 2466606, 24701, 1155752, 1152275, 22028, 55925, 55925, 2251307570
740, 2466686, 16400, 1167119, 1163299, 13782, 53043, 53043, 2890981859
739, 2464007, 21591, 1156040, 1152663, 18981, 57366, 57366, 2718567734
733, 2458121, 1152175, 21559, 18868, 1149199, 58160, 58160, 1734013699
736, 2462916, 18649, 1158927, 1156012, 16084, 56622, 56622, 3786607309
735, 2462907, 1162106, 18916, 16401, 1158640, 53422, 53422, 1996464811
737, 2464625, 1145591, 32284, 29658, 1142196, 57448, 57448, 3468799439
745, 2465230, 18612, 1161607, 1157684, 15891, 55718, 55718, 1092551601
746, 2463696, 27614, 1150466, 1147050, 25006, 56780, 56780, 60504280
742, 2467854, 1159309, 22927, 20271, 1156609, 54369, 54369, 1769507409
750, 2463111, 1157229, 19768, 17101, 1154299, 57357, 57357, 2063020738
743, 2458745, 1149654, 25349, 22702, 1146926, 57057, 57057, 1059154275
747, 2458792, 22039, 1152623, 1149662, 19366, 57551, 57551, 1017720346
752, 2462575, 1157990, 21163, 18411, 1154351, 55330, 55330, 700722966
748, 2463686, 23733, 1151111, 1147749, 21127, 59983, 59983, 2416438469
744, 2460606, 1147706, 27623, 25008, 1144893, 57688, 57688, 1730129615
751, 2462802, 1151771, 18724, 16108, 1147735, 64232, 64232, 1120412318
754, 2470617, 1165649, 17645, 15151, 1162206, 54983, 54983, 3813984747
757, 2460710, 1159396, 17649, 14999, 1155868, 56399, 56399, 2985748632
753, 2461336, 1137821, 37904, 35274, 1134885, 57726, 57726, 1665661270
759, 2466723, 16917, 1163893, 1160624, 14221, 55534, 55534, 2073467330
749, 2470098, 20985, 1160355, 1157777, 18507, 56237, 56237, 2518687802
755, 2465606, 1162878, 18307, 15654, 1159771, 54498, 54498, 83685541
756, 2465449, 1156006, 22942, 20261, 1152888, 56676, 56676, 555388374
758, 2465916, 24571, 1149917, 1147295, 21885, 61124, 61124, 183829723
760, 2473201, 1166656, 17585, 15018, 1163692, 55125, 55125, 2893991263
763, 2461969, 31742, 1144395, 1141163, 29005, 57832, 57832, 328804050
762, 2471619, 1169545, 16793, 14377, 1165728, 52588, 52588, 76254286
761, 2469180, 1161821, 21135, 18689, 1158277, 54629, 54629, 1773057504
770, 2462795, 20607, 1155446, 1151243, 17969, 58765, 58765, 625103066
765, 2465433, 1160853, 20556, 17925, 1157343, 54378, 54378, 1154414004
772, 2464732, 18869, 1163529, 1159075, 16277, 53491, 53491, 4251071157
764, 2457500, 1143834, 27125, 24517, 1140920, 60552, 60552, 3148890159
767, 2466141, 1156733, 19991, 17235, 1153578, 59302, 59302, 641957826
769, 2463664, 20363, 1155554, 1152460, 17695, 58796, 58796, 2343874519
771, 2464083, 17405, 1159514, 1156186, 14894, 58042, 58042, 3744074014
766, 2465650, 1160940, 19622, 17065, 1158189, 54917, 54917, 1242400132
768, 2468252, 1156146, 23405, 20736, 1153317, 57324, 57324, 268278565
774, 2471231, 19199, 1166573, 1163849, 16702, 52454, 52454, 3796837868
779, 2463490, 18519, 1158893, 1155460, 15834, 57392, 57392, 733046327
778, 2466441, 19702, 1161589, 1158507, 17061, 54791, 54791, 946152380
775, 2459231, 20884, 1154179, 1151231, 18197, 57370, 57370, 561792141
773, 2456784, 1151188, 21080, 18486, 1147614, 59208, 59208, 674884272
777, 2461547, 22430, 1153849, 1151132, 19822, 57157, 57157, 443880169
787, 2465994, 19446, 1162899, 1159145, 16804, 53850, 53850, 2308123610
780, 2467292, 1164105, 14875, 12367, 1161095, 57425, 57425, 1797829948
776, 2465108, 1152154, 28772, 26098, 1149246, 54419, 54419, 1474966174
785, 2465037, 18454, 1162112, 1158871, 15964, 54818, 54818, 4055382901
783, 2469751, 1164797, 17819, 15219, 1161232, 55342, 55342, 4238356299
786, 2461091, 16627, 1159830, 1156592, 14044, 56999, 56999, 2416861760
782, 2466631, 1161204, 18664, 16241, 1157794, 56364, 56364, 1577931255
784, 2463792, 39443, 1134376, 1131511, 36838, 60812, 60812, 2089276551
781, 2461942, 1152541, 24403, 21807, 1149647, 56772, 56772, 2580019903
789, 2465566, 22529, 1155413, 1151653, 19779, 58096, 58096, 87982611
792, 2472706, 18125, 1165298, 1161877, 15614, 55896, 55896, 860455320
788, 2462965, 1158399, 20393, 17680, 1155457, 55518, 55518, 2803120018
796, 2469008, 21734, 1159752, 1156419, 19063, 56020, 56020, 625959514
802, 2462719, 23020, 1155772, 1151689, 20302, 55968, 55968, 1831459716
793, 2463441, 19122, 1159120, 1155583, 16452, 56582, 56582, 4066748538
791, 2462826, 1154996, 23309, 20622, 1151255, 56322, 56322, 2166269544
799, 2465249, 1161500, 18309, 15818, 1158176, 55723, 55723, 1630878053
797, 2463849, 27727, 1149070, 1146228, 25016, 57904, 57904, 1431890989
801, 2462720, 19021, 1154836, 1152066, 16411, 60193, 60193, 1370933742
798, 2465116, 20360, 1157661, 1154976, 17703, 57208, 57208, 629965800
794, 2465869, 1159727, 19162, 16600, 1156842, 56769, 56769, 2544029175
790, 2464157, 1162725, 17132, 14547, 1159337, 55208, 55208, 2188724251
805, 2463259, 14548, 1165534, 1160841, 12050, 55143, 55143, 132247718
795, 2457906, 1141631, 30735, 28050, 1138804, 59343, 59343, 2239079153
806, 2466792, 20344, 1159825, 1156327, 17712, 56292, 56292, 2889602105
804, 2463220, 29125, 1145179, 1142468, 26474, 59987, 59987, 4082938807
800, 2466117, 1149753, 27225, 24474, 1147205, 58730, 58730, 3214267627
812, 2462531, 1159711, 18874, 16172, 1155418, 56178, 56178, 3893117145
811, 2465635, 1152855, 26002, 23408, 1149168, 57101, 57101, 2893752227
809, 2463457, 1152642, 25350, 22734, 1149693, 56519, 56519, 4256229991
807, 2464353, 1151979, 24733, 21932, 1148875, 58417, 58417, 3927962643
808, 2469432, 1158063, 21521, 18861, 1155335, 57826, 57826, 4186735641
815, 2458685, 25008, 1149209, 1145941, 22401, 58063, 58063, 257538027
813, 2467637, 1163772, 19081, 16579, 1160295, 53955, 53955, 3178258121
803, 2461108, 1158152, 21165, 18486, 1155427, 53939, 53939, 3866809792
810, 2459817, 1135261, 40493, 37946, 1132035, 57041, 57041, 795774724
819, 2460283, 17890, 1158941, 1155802, 15200, 56225, 56225, 1338137340
817, 2468207, 1164504, 15860, 13233, 1161820, 56395, 56395, 1616974209
816, 2458824, 1145670, 24133, 21553, 1142758, 62355, 62355, 2885145124
822, 2463566, 19662, 1158468, 1155036, 16958, 56721, 56721, 749257634
820, 2461003, 24662, 1152377, 1149619, 21969, 56188, 56188, 4274841611
821, 2463968, 1160327, 17195, 14707, 1156787, 57476, 57476, 2239733826
818, 2461205, 1158978, 19920, 17232, 1155895, 54590, 54590, 3391959059
823, 2471573, 1158597, 23182, 20549, 1154825, 57210, 57210, 3301809209
814, 2468046, 20369, 1160115, 1157546, 17740, 56138, 56138, 1523041489
827, 2462557, 24550, 1151174, 1147530, 21867, 58718, 58718, 1681886053
829, 2466734, 18769, 1162812, 1159515, 16098, 54770, 54770, 1862834902
826, 2461382, 1161690, 17569, 14959, 1157760, 54702, 54702, 1560166025
833, 2459027, 18302, 1158425, 1153901, 15689, 56355, 56355, 1259323069
830, 2464827, 19381, 1160287, 1156612, 16709, 55919, 55919, 420721073
828, 2465260, 1158677, 21963, 19360, 1155260, 55000, 55000, 467512999
825, 2459747, 1162372, 16827, 14293, 1159199, 53528, 53528, 1120950333
824, 2465704, 1160443, 18372, 15811, 1157612, 56733, 56733, 1175691060
836, 2465035, 1165322, 18116, 15734, 1161519, 52172, 52172, 2204456767
835, 2467776, 19863, 1162095, 1159364, 17360, 54547, 54547, 3317093384
837, 2466098, 1159502, 20279, 17619, 1155794, 56452, 56452, 4230978864
832, 2462140, 1156058, 20585, 17888, 1153237, 57186, 57186, 1594506130
831, 2459205, 1150890, 23645, 20763, 1147671, 58118, 58118, 525183355
840, 2466197, 1161357, 19346, 16682, 1157656, 55578, 55578, 3246569810
838, 2468126, 1154936, 20976, 18388, 1151660, 61083, 61083, 2809880375
834, 2456311, 1150637, 22522, 19806, 1147764, 57791, 57791, 870432434
841, 2462631, 1157452, 20809, 18268, 1154162, 55970, 55970, 2521130423
845, 2461125, 16738, 1160799, 1157615, 14277, 55848, 55848, 857258236
842, 2460365, 1161797, 16780, 14213, 1158811, 54382, 54382, 2909813094
839, 2466770, 1157699, 22383, 19719, 1154951, 56009, 56009, 3111818999
844, 2456673, 1152815, 21328, 18689, 1149967, 56937, 56937, 2450952016
847, 2464088, 1157523, 21748, 19113, 1153972, 55866, 55866, 3798297165
843, 2462279, 24928, 1150524, 1147713, 22232, 58441, 58441, 1713116865
848, 2465439, 1163530, 17524, 14951, 1159726, 54854, 54854, 1817097892
846, 2465613, 1157765, 20870, 18157, 1155109, 56856, 56856, 135466742
849, 2457202, 1155045, 18195, 15569, 1151653, 58370, 58370, 1228813307
856, 2465514, 1161137, 20823, 18194, 1156810, 54275, 54275, 3601416194
850, 2461378, 18232, 1159645, 1156217, 15614, 55835, 55835, 1841392773
854, 2462699, 21497, 1156675, 1153683, 18824, 56010, 56010, 1677594660
853, 2466986, 17973, 1163681, 1160875, 15409, 54524, 54524, 3496820276
852, 2465197, 1159253, 18463, 15828, 1155749, 57952, 57952, 2446800614
858, 2464254, 1164083, 17839, 15323, 1159789, 53610, 53610, 2119367165
851, 2465734, 1158910, 19251, 16610, 1156265, 57349, 57349, 3664598838
855, 2464417, 23760, 1155075, 1151762, 21058, 56381, 56381, 4116686004
857, 2467982, 1164136, 17805, 15154, 1160999, 54944, 54944, 2050864408
862, 2463281, 19454, 1160024, 1156509, 16804, 55245, 55245, 1900892564
861, 2464837, 19878, 1158505, 1155256, 17270, 56964, 56964, 2405366415
859, 2467203, 29648, 1148388, 1145566, 27045, 58278, 58278, 183348469
864, 2456114, 17854, 1155229, 1151199, 15250, 58291, 58291, 3283556249
865, 2463992, 21120, 1157104, 1153603, 18403, 56881, 56881, 3832446135
863, 2464407, 1158548, 19434, 16812, 1155051, 57281, 57281, 643611363
860, 2457174, 1146529, 24795, 22005, 1143639, 60103, 60103, 3009587095
866, 2465335, 16711, 1163162, 1159783, 14199, 55740, 55740, 3609772246
867, 2467152, 25091, 1154354, 1151225, 22430, 57026, 57026, 3644790097
868, 2463514, 26733, 1144773, 1141646, 23886, 63238, 63238, 2803567810
873, 2466868, 18127, 1164080, 1160631, 15500, 54265, 54265, 3142008784
869, 2463087, 1158153, 18998, 16405, 1155131, 57200, 57200, 1843559300
870, 2457516, 1154925, 19317, 16665, 1151337, 57636, 57636, 2587866907
874, 2467319, 1154091, 24185, 21501, 1150270, 58636, 58636, 1884683873
872, 2460673, 1150817, 25779, 22967, 1147652, 56729, 56729, 764900033
875, 2458878, 22942, 1152362, 1149250, 20170, 57077, 57077, 3027041270
877, 2462774, 19243, 1158850, 1156097, 16684, 55950, 55950, 2805917694
880, 2468224, 1163357, 16985, 14383, 1160317, 56591, 56591, 2805814806
879, 2469252, 1163134, 20371, 17952, 1159211, 54292, 54292, 365381339
881, 2467389, 17902, 1164468, 1161666, 15341, 54006, 54006, 1656571199
878, 2462027, 1154420, 22110, 19415, 1151240, 57421, 57421, 1699934411
886, 2461888, 21467, 1155885, 1152124, 18658, 56877, 56877, 3087566658
882, 2464111, 26287, 1152207, 1149411, 23716, 56245, 56245, 3426133917
876, 2458515, 1155886, 17129, 14463, 1153259, 58889, 58889, 261903763
890, 2468163, 19260, 1161774, 1157567, 16612, 56475, 56475, 1191196647
871, 2458331, 1144289, 24932, 22141, 1141517, 62726, 62726, 740299532
885, 2465272, 1158905, 19146, 16523, 1155938, 57380, 57380, 1593993322
884, 2460313, 1157261, 19306, 16703, 1154429, 56307, 56307, 886133202
888, 2462818, 14727, 1165398, 1162225, 12222, 54123, 54123, 2480687050
887, 2466412, 1157702, 21726, 19111, 1153983, 56945, 56945, 2604383996
883, 2464978, 1162356, 17190, 14736, 1157860, 56418, 56418, 2407039245
892, 2466190, 1155761, 24031, 21355, 1151371, 56836, 56836, 590270103
889, 2471169, 22395, 1161928, 1159177, 19805, 53932, 53932, 3848580273
894, 2467178, 1158778, 21062, 18414, 1155160, 56882, 56882, 2709414642
891, 2461275, 1159274, 17253, 14705, 1155943, 57050, 57050, 3056297170
899, 2461784, 19320, 1156852, 1153708, 16756, 57574, 57574, 2875146077
896, 2461408, 1150542, 24454, 21717, 1147263, 58716, 58716, 1266272213
893, 2465046, 1160629, 17411, 14952, 1157756, 57149, 57149, 2579659073
898, 2471713, 27881, 1153481, 1150853, 25228, 57135, 57135, 1285330402
895, 2461598, 1162543, 16379, 13740, 1159198, 54869, 54869, 3971091333
903, 2463733, 19197, 1161318, 1158053, 16455, 54355, 54355, 646975316
904, 2469380, 1167457, 15895, 13358, 1163804, 54433, 54433, 3690096555
900, 2469608, 1163508, 19840, 17226, 1160304, 54365, 54365, 1367013894
902, 2461742, 1146029, 29177, 26443, 1142499, 58797, 58797, 2812520564
897, 2460868, 26281, 1149585, 1146884, 23662, 57228, 57228, 2284512392
905, 2470298, 21609, 1160600, 1158196, 19049, 55422, 55422, 2038323933
901, 2461345, 23835, 1148432, 1145815, 21125, 61069, 61069, 2497099974
907, 2464259, 1159129, 18432, 15821, 1155761, 57558, 57558, 2828976265
906, 2466390, 1166386, 15253, 12850, 1162665, 54618, 54618, 2889530558
912, 2461203, 1154925, 21679, 18988, 1151943, 56834, 56834, 241114941
909, 2467076, 1159825, 19541, 16996, 1156814, 56950, 56950, 1680496020
913, 2464833, 1164543, 16037, 13618, 1159925, 55355, 55355, 697272751
908, 2462703, 1159789, 19264, 16728, 1156636, 55143, 55143, 1127864474
910, 2467190, 1167044, 16172, 13753, 1164119, 53051, 53051, 4274384592
916, 2462733, 20248, 1160319, 1156923, 17601, 53821, 53821, 16313848
911, 2462322, 1154691, 21661, 18991, 1151623, 57678, 57678, 2172827071
919, 2459931, 1158653, 17393, 14753, 1154818, 57157, 57157, 1547900357
914, 2461213, 1157465, 19141, 16607, 1153532, 57234, 57234, 574921253
915, 2468580, 1166874, 16749, 14215, 1163992, 53375, 53375, 2867956067
923, 2468651, 21308, 1159995, 1155179, 18745, 56712, 56712, 3198744407
917, 2465493, 1157206, 21595, 18948, 1154698, 56523, 56523, 4288990169
922, 2466736, 17671, 1161545, 1158182, 15020, 57159, 57159, 1353680786
918, 2462427, 1156204, 22192, 19585, 1152240, 56103, 56103, 28409609
921, 2468539, 1163643, 18974, 16298, 1160308, 54658, 54658, 2485675878
927, 2461545, 23322, 1152291, 1149384, 20616, 57966, 57966, 2787184975
928, 2460315, 1159827, 18689, 16095, 1155992, 54856, 54856, 3112344242
924, 2463697, 1160366, 18647, 16123, 1157353, 55604, 55604, 525894731
926, 2457163, 1153858, 19785, 17202, 1150522, 57898, 57898, 670972797
930, 2461443, 1149885, 26411, 23644, 1146287, 57608, 57608, 3593774529
925, 2467940, 1164137, 18645, 16111, 1161321, 53863, 53863, 554079371
929, 2461224, 1150725, 24862, 22226, 1147757, 57827, 57827, 2267677482
920, 2467185, 1153988, 21249, 18657, 1151265, 61013, 61013, 701200586
937, 2464102, 24459, 1154162, 1151002, 21743, 56368, 56368, 3337873176
932, 2463194, 1160394, 19284, 16687, 1156289, 55270, 55270, 1670437031
936, 2466218, 1163073, 19319, 16621, 1159175, 54015, 54015, 568765864
935, 2469313, 1163778, 19273, 16551, 1161089, 54311, 54311, 581186848
938, 2457846, 1157953, 18268, 15604, 1154687, 55667, 55667, 1165650088
934, 2466492, 1156011, 22629, 20017, 1152873, 57481, 57481, 2903717821
933, 2467173, 1155575, 24794, 22118, 1152634, 56026, 56026, 941765819
931, 2469771, 22101, 1157965, 1155264, 19483, 57479, 57479, 1178580416
940, 2461994, 17751, 1159994, 1156256, 15187, 56403, 56403, 186440475
939, 2464674, 1160330, 18059, 15491, 1157320, 56737, 56737, 2481993922
942, 2463551, 21537, 1147464, 1144418, 18920, 65606, 65606, 2544974370
946, 2455573, 24288, 1144069, 1140362, 21568, 62643, 62643, 1034016190
944, 2462459, 1163396, 16631, 14122, 1159872, 54219, 54219, 3622439497
941, 2460056, 1147419, 25313, 22534, 1143934, 60428, 60428, 4254949668
945, 2460543, 19814, 1159106, 1156034, 17175, 54207, 54207, 1738314031
943, 2462095, 1155841, 20962, 18319, 1152255, 57359, 57359, 1558273508
947, 2457194, 18599, 1154020, 1150831, 15964, 58890, 58890, 2766258841
951, 2471314, 16562, 1167181, 1163495, 14086, 54995, 54995, 121880719
952, 2462066, 20422, 1157432, 1154231, 17861, 56060, 56060, 672586847
948, 2464925, 22157, 1157853, 1154836, 19429, 55325, 55325, 1992734024
953, 2472367, 21221, 1156697, 1153711, 18692, 61023, 61023, 2030546947
954, 2463154, 1162961, 18037, 15373, 1159219, 53782, 53782, 1208344665
949, 2466180, 1159180, 21775, 19095, 1155468, 55331, 55331, 103191945
950, 2461813, 1155938, 22285, 19707, 1152351, 55766, 55766, 3564310035
959, 2470298, 17531, 1162528, 1159457, 14946, 57918, 57918, 193304491
964, 2466477, 16955, 1164626, 1161181, 14441, 54637, 54637, 1018922108
960, 2472684, 16983, 1169236, 1166046, 14499, 52960, 52960, 641159990
963, 2466120, 19507, 1160229, 1157330, 16914, 56070, 56070, 3403495703
955, 2459138, 1143168, 27350, 24547, 1139827, 62123, 62123, 3820909742
957, 2466769, 1163140, 17810, 15269, 1159808, 55371, 55371, 2555417497
962, 2467152, 24287, 1157103, 1153631, 21669, 55231, 55231, 2667975518
958, 2465246, 1157333, 19594, 17112, 1154441, 58383, 58383, 2645781685
965, 2472391, 1172408, 14970, 12456, 1168691, 51933, 51933, 1049929605
961, 2468784, 1161814, 19816, 17139, 1158709, 55653, 55653, 3957776450
968, 2467657, 1157771, 21141, 18428, 1154355, 57981, 57981, 1857290113
956, 2460607, 1160271, 17279, 14815, 1157570, 55336, 55336, 1520405920
969, 2461201, 1160938, 18253, 15590, 1157222, 54599, 54599, 2281107908
966, 2468262, 1159305, 23484, 20766, 1156055, 54326, 54326, 4274432860
967, 2465044, 102842, 1069458, 1066573, 100073, 63049, 63049, 3417790284
971, 2464421, 19702, 1154618, 1151439, 17150, 60756, 60756, 2446371612
976, 2464002, 28042, 1151893, 1147564, 25455, 55524, 55524, 1988579964
970, 2466345, 1158203, 20914, 18303, 1155137, 56894, 56894, 438263167
975, 2473516, 20630, 1164844, 1161612, 18142, 54144, 54144, 1790006773
974, 2468394, 1157175, 23430, 20791, 1153882, 56558, 56558, 3079400053
972, 2463828, 1148868, 27768, 25074, 1146052, 58033, 58033, 449790225
979, 2468459, 22756, 1154926, 1152064, 20139, 59287, 59287, 759369867
973, 2462701, 20284, 1156436, 1153717, 17662, 57301, 57301, 3728723367
982, 2471005, 17839, 1166566, 1162950, 15266, 54192, 54192, 2976132999
981, 2470247, 19329, 1162381, 1159242, 16859, 56218, 56218, 2608638964
978, 2463440, 18723, 1160734, 1157956, 16125, 54951, 54951, 4180777483
977, 2460664, 1156911, 19508, 16860, 1154015, 56685, 56685, 1170904612
986, 2462820, 16919, 1160801, 1157006, 14438, 56828, 56828, 1928388603
980, 2459985, 1156187, 20896, 18189, 1153387, 55663, 55663, 339767467
984, 2467639, 1162312, 18563, 15892, 1159508, 55682, 55682, 63411744
991, 2464111, 24017, 1154174, 1150809, 21463, 56824, 56824, 3165319510
985, 2468495, 1160084, 20977, 18355, 1157259, 55910, 55910, 163508728
988, 2462808, 1156291, 21293, 18675, 1152897, 56826, 56826, 2998560019
989, 2465991, 1163183, 18120, 15510, 1159912, 54633, 54633, 1925893483
992, 2470763, 22191, 1162646, 1159201, 19749, 53488, 53488, 2545390003
987, 2462432, 1153958, 23716, 20899, 1150899, 56480, 56480, 3445908289
983, 2467390, 17020, 1164138, 1161453, 14581, 55099, 55099, 2460011315
990, 2469047, 25383, 1154028, 1151062, 22730, 57922, 57922, 3508267360
993, 2463000, 1151724, 25830, 23114, 1148844, 56744, 56744, 4179431693
996, 2462626, 1160453, 17510, 14914, 1157241, 56254, 56254, 2871387964
994, 2462741, 23651, 1143832, 1140722, 20886, 66825, 66825, 1385903965
998, 2461340, 23423, 1153459, 1150388, 20872, 56599, 56599, 4201375244
997, 2469543, 1161443, 21067, 18368, 1158727, 54969, 54969, 3276875324
995, 2460843, 1155678, 20928, 18210, 1152625, 56701, 56701, 1522027997
999, 2463335, 1148504, 29548, 26816, 1145401, 56533, 56533, 2077000867
