sample_id, N_active, N_A_1, N_B_1, N_A_0, N_B_0, N_A_*, N_B_*, seed
1, 3606982, 2094, 1789482, 1788343, 1231, 12916, 12916, 1184189608
12, 3606186, 1676, 1788763, 1787713, 834, 13600, 13600, 2345216037
8, 3605261, 1788314, 1835, 998, 1787330, 13392, 13392, 2742013932
5, 3605461, 1814, 1788624, 1787684, 957, 13191, 13191, 2656025045
2, 3605873, 2036, 1788446, 1787429, 1148, 13407, 13407, 584104994
10, 3608758, 1592, 1790234, 1789280, 774, 13439, 13439, 1910545031
13, 3604680, 1736, 1787986, 1787053, 893, 13506, 13506, 1958581400
0, 3605869, 1788788, 1925, 1019, 1787493, 13322, 13322, 3890342137
7, 3604203, 1788037, 1923, 1064, 1787131, 13024, 13024, 2494387912
6, 3605064, 1788501, 1800, 982, 1787487, 13147, 13147, 2479597116
9, 3607833, 1789980, 2101, 1311, 1788963, 12739, 12739, 2412944863
4, 3603063, 1787203, 1522, 726, 1786294, 13659, 13659, 1049127446
11, 3608046, 1789195, 2060, 1265, 1788306, 13610, 13610, 4233650523
3, 3607750, 1789524, 1794, 996, 1788626, 13405, 13405, 261030783
17, 3608766, 1791113, 1622, 811, 1789924, 12648, 12648, 1292005582
14, 3607078, 1790612, 1673, 852, 1789739, 12101, 12101, 2839736319
15, 3604318, 2110, 1786654, 1785715, 1243, 14298, 14298, 3261575328
20, 3603391, 1785740, 3779, 2878, 1784662, 13166, 13166, 1723045324
19, 3606536, 1878, 1789501, 1788630, 1057, 12735, 12735, 4033021126
24, 3604399, 1970, 1788632, 1787636, 1137, 12512, 12512, 2905968937
18, 3606477, 1559, 1789731, 1788810, 803, 12787, 12787, 1832651720
21, 3603012, 1786923, 2183, 1294, 1785924, 13344, 13344, 4054274913
25, 3606390, 1737, 1789702, 1788612, 923, 12708, 12708, 560238630
16, 3605637, 1788216, 1882, 1043, 1787318, 13589, 13589, 1168369795
22, 3605232, 2311, 1787873, 1786945, 1417, 13343, 13343, 646508281
27, 3605839, 2050, 1788779, 1787915, 1167, 12964, 12964, 168632005
29, 3606103, 1789582, 1538, 717, 1788452, 12907, 12907, 598138772
28, 3606738, 1904, 1789246, 1788265, 1071, 13126, 13126, 821424546
31, 3607145, 1825, 1789755, 1788813, 988, 12882, 12882, 3967950458
23, 3605485, 1788834, 1779, 925, 1787821, 13063, 13063, 3656111318
30, 3605906, 1789226, 1815, 1001, 1788242, 12811, 12811, 1280474129
33, 3605322, 1835, 1789260, 1788186, 1021, 12510, 12510, 88464758
36, 3606107, 1790104, 1742, 931, 1789074, 12128, 12128, 2335931557
32, 3605904, 1777, 1788881, 1787957, 911, 13189, 13189, 993689153
26, 3608307, 1791110, 1508, 713, 1790200, 12388, 12388, 65206596
37, 3608017, 1900, 1790578, 1789499, 1058, 12491, 12491, 2589251649
35, 3606824, 1935, 1789421, 1788540, 1068, 12930, 12930, 2769310674
34, 3603197, 1787192, 2360, 1495, 1786374, 12888, 12888, 416094871
40, 3606969, 1790156, 1653, 830, 1789002, 12664, 12664, 2246617345
42, 3605524, 1789914, 1494, 619, 1788683, 12407, 12407, 1165519367
41, 3605665, 2702, 1787959, 1787095, 1807, 13051, 13051, 3246660033
45, 3604934, 1716, 1788808, 1787637, 873, 12950, 12950, 1596737704
43, 3608130, 1789628, 1908, 1135, 1788705, 13377, 13377, 2650222445
44, 3605214, 1788687, 2022, 1149, 1787778, 12789, 12789, 1670436355
38, 3604663, 1789107, 1885, 1061, 1787900, 12355, 12355, 1862919207
46, 3605167, 1788948, 2110, 1230, 1787879, 12500, 12500, 2794373773
48, 3608383, 1789877, 2387, 1547, 1788750, 12911, 12911, 2687829960
52, 3603991, 1650, 1787851, 1786879, 811, 13400, 13400, 3096947646
49, 3603531, 8488, 1780447, 1779468, 7614, 13757, 13757, 1159984111
47, 3605630, 1788116, 2502, 1625, 1787257, 13065, 13065, 1082778302
51, 3603464, 1691, 1788231, 1787232, 804, 12753, 12753, 3561704813
50, 3605601, 1789743, 1815, 990, 1788543, 12255, 12255, 1721360897
55, 3605367, 2055, 1788479, 1787531, 1156, 13073, 13073, 884406945
57, 3604944, 1623, 1788025, 1786903, 841, 13776, 13776, 1167925217
39, 3605629, 1653110, 131362, 130476, 1652287, 19197, 19197, 1927949465
53, 3604220, 1551, 1789115, 1788227, 749, 12289, 12289, 3345855871
58, 3601554, 1968, 1786640, 1785696, 1092, 13079, 13079, 1155510326
54, 3604252, 1788722, 1605, 773, 1787858, 12647, 12647, 1450876007
61, 3606992, 1622, 1789885, 1788946, 789, 12875, 12875, 144839274
62, 3606586, 1724, 1788576, 1787627, 913, 13873, 13873, 3878446503
56, 3606794, 1646, 1789613, 1788799, 838, 12949, 12949, 960242201
63, 3608919, 1790703, 1868, 1054, 1789812, 12741, 12741, 3794924846
66, 3605279, 1675, 1789488, 1788584, 826, 12353, 12353, 1802126726
59, 3605068, 1788668, 1455, 574, 1787749, 13311, 13311, 2107750168
65, 3605861, 1789036, 1953, 1101, 1787789, 12991, 12991, 3212942842
60, 3603907, 1788311, 1981, 1134, 1787331, 12575, 12575, 3517556414
64, 3603660, 1787740, 1873, 1029, 1786826, 13096, 13096, 1907696675
68, 3607480, 1790240, 1916, 1139, 1789151, 12517, 12517, 299780449
69, 3601743, 1787330, 1919, 998, 1786050, 12723, 12723, 4211672360
67, 3605672, 1784, 1788748, 1787913, 929, 13149, 13149, 930520573
70, 3605664, 1789354, 1722, 853, 1788131, 12802, 12802, 3349072746
71, 3605418, 1731, 1789298, 1788300, 869, 12610, 12610, 653914815
73, 3607373, 1808, 1789824, 1788984, 987, 12885, 12885, 2942682740
75, 3606812, 1845, 1790534, 1789468, 983, 11991, 11991, 2773385491
72, 3606793, 1789539, 1543, 777, 1788276, 13329, 13329, 1757295109
79, 3606556, 2018, 1789539, 1788417, 1170, 12706, 12706, 3478472325
80, 3606711, 1760, 1790166, 1788842, 875, 12534, 12534, 2464114671
82, 3602848, 1848, 1786907, 1785559, 950, 13792, 13792, 398973290
74, 3608152, 1848, 1789229, 1788372, 1019, 13842, 13842, 3759378991
81, 3604056, 1892, 1788240, 1787125, 1045, 12877, 12877, 1640028504
78, 3606001, 1789395, 2061, 1267, 1788402, 12438, 12438, 2253175267
85, 3604787, 1682, 1788933, 1787857, 861, 12727, 12727, 3212575737
77, 3606371, 1789333, 1826, 986, 1788418, 12904, 12904, 3439787627
76, 3605836, 1788432, 1704, 838, 1787558, 13652, 13652, 4176899753
83, 3604995, 1788475, 2003, 1145, 1787248, 13062, 13062, 187687830
86, 3604522, 1785, 1788978, 1787864, 969, 12463, 12463, 688897297
89, 3609182, 1684, 1791158, 1790195, 889, 12628, 12628, 821338992
84, 3605934, 1775, 1789577, 1788611, 955, 12508, 12508, 1632638030
88, 3606016, 1645, 1789545, 1788419, 785, 12811, 12811, 938966816
90, 3604593, 2501, 1787821, 1786855, 1658, 12879, 12879, 3483998407
87, 3605017, 1788777, 1797, 965, 1787836, 12821, 12821, 1802678019
93, 3607824, 1473, 1791177, 1790132, 670, 12186, 12186, 964926313
92, 3604415, 1786198, 1642, 820, 1785125, 15315, 15315, 1060550501
95, 3604318, 1788528, 2090, 1228, 1787156, 12658, 12658, 1058646169
98, 3604082, 1748, 1788630, 1787548, 958, 12599, 12599, 222436487
99, 3608750, 1424, 1791048, 1790160, 634, 12742, 12742, 1091973253
97, 3604907, 1788470, 1785, 929, 1787475, 13124, 13124, 2636646805
100, 3606784, 1651, 1789864, 1788740, 819, 12855, 12855, 822528404
96, 3607282, 1790450, 1766, 944, 1789504, 12309, 12309, 3468950877
101, 3606575, 1789339, 1643, 849, 1788194, 13275, 13275, 3460283194
91, 3601619, 1787011, 1766, 910, 1786052, 12940, 12940, 3131111236
103, 3606268, 1789566, 1883, 976, 1788379, 12732, 12732, 460970071
104, 3605646, 1788946, 1507, 710, 1787829, 13327, 13327, 378987166
106, 3605197, 1528, 1788974, 1787915, 712, 13034, 13034, 3763526780
108, 3606958, 2071, 1789979, 1788851, 1249, 12404, 12404, 301764727
105, 3603593, 1787656, 1813, 948, 1786540, 13318, 13318, 768278472
94, 3604786, 2054, 1788343, 1787444, 1235, 12855, 12855, 2646026060
102, 3605148, 1787810, 1796, 963, 1786961, 13809, 13809, 3593979996
109, 3603760, 1841, 1787563, 1786525, 947, 13442, 13442, 2310394479
110, 3602935, 1878, 1787504, 1786492, 1047, 13007, 13007, 447741144
111, 3601812, 1627, 1786856, 1785889, 788, 13326, 13326, 114167955
112, 3604146, 1869, 1787744, 1786756, 1047, 13365, 13365, 3737419393
107, 3608318, 1790367, 2252, 1430, 1789301, 12484, 12484, 4139678999
115, 3606014, 1788603, 1825, 1017, 1787595, 13487, 13487, 1377912686
122, 3607464, 1620, 1790275, 1789255, 824, 12745, 12745, 3423869951
119, 3605079, 1788203, 1869, 1018, 1787137, 13426, 13426, 220491163
116, 3601725, 1786384, 1888, 1039, 1785434, 13490, 13490, 3469639240
114, 3603355, 1787668, 1753, 881, 1786823, 13115, 13115, 2951976414
117, 3607015, 1789995, 2136, 1254, 1789088, 12271, 12271, 322417042
120, 3605898, 1788671, 1894, 1078, 1787425, 13415, 13415, 2031644582
118, 3606226, 1681, 1789191, 1788282, 862, 13105, 13105, 689777920
113, 3603157, 1788189, 1507, 642, 1787295, 12762, 12762, 1532963638
121, 3604361, 1787902, 1778, 949, 1786822, 13455, 13455, 47924686
126, 3605040, 1788656, 1740, 886, 1787402, 13178, 13178, 3614001117
125, 3604469, 1624, 1788095, 1787179, 819, 13376, 13376, 3643746647
123, 3606133, 1789700, 1705, 884, 1788812, 12516, 12516, 4058631808
127, 3607168, 1818, 1789458, 1788506, 998, 13194, 13194, 3714404972
131, 3607040, 1789459, 1761, 939, 1788553, 13164, 13164, 3823191882
129, 3605988, 2241, 1788846, 1787794, 1377, 12865, 12865, 2451731573
124, 3603482, 1786932, 2220, 1316, 1785994, 13510, 13510, 2627297813
130, 3605850, 1788780, 1744, 897, 1787799, 13315, 13315, 742468743
132, 3608348, 1790142, 1733, 931, 1789168, 13187, 13187, 3913840256
135, 3603965, 1789, 1787628, 1786713, 953, 13441, 13441, 2391702781
133, 3605009, 1788649, 1688, 860, 1787548, 13132, 13132, 3675831551
134, 3608861, 1790051, 2013, 1239, 1789150, 13204, 13204, 2342314849
128, 3603391, 1788294, 1706, 858, 1787475, 12529, 12529, 282570618
136, 3606694, 1788697, 2068, 1204, 1787781, 13472, 13472, 3758357332
141, 3606430, 1789097, 1786, 963, 1787998, 13293, 13293, 3167337458
143, 3606422, 2386, 1788796, 1787839, 1547, 12927, 12927, 3901675263
142, 3608973, 1903, 1790093, 1789181, 1068, 13364, 13364, 633572797
139, 3606239, 1790066, 1702, 889, 1789152, 12215, 12215, 4129507935
138, 3601487, 1785192, 1904, 1081, 1783918, 14696, 14696, 1980026866
144, 3606968, 1790842, 1483, 691, 1789712, 12120, 12120, 1707138514
137, 3604767, 1788701, 1823, 973, 1787696, 12787, 12787, 2208395779
146, 3609582, 1648, 1791627, 1790510, 829, 12484, 12484, 3694371247
149, 3603698, 1640, 1788702, 1787549, 787, 12510, 12510, 377589950
145, 3606928, 1707, 1789922, 1789037, 840, 12711, 12711, 696475779
151, 3606396, 1548, 1790286, 1788902, 756, 12452, 12452, 789295924
148, 3604268, 2253, 1786504, 1785409, 1346, 14378, 14378, 3011904509
147, 3609842, 1790447, 1964, 1187, 1789544, 13350, 13350, 1027492712
140, 3607273, 1789521, 1685, 857, 1788642, 13284, 13284, 3199236813
156, 3603259, 1782, 1787901, 1786737, 915, 12962, 12962, 2428718588
155, 3606410, 1575, 1789491, 1788425, 749, 13085, 13085, 642577945
152, 3609645, 2001, 1791004, 1790111, 1177, 12676, 12676, 1783629384
159, 3604416, 2051, 1787829, 1786840, 1254, 13221, 13221, 1536830607
154, 3605598, 1788820, 1978, 1126, 1787818, 12928, 12928, 3576678468
157, 3603680, 1755, 1787997, 1787101, 961, 12933, 12933, 988840620
150, 3603781, 1788566, 1617, 778, 1787690, 12565, 12565, 284704059
153, 3605747, 1684, 1788286, 1787351, 836, 13795, 13795, 3804697532
162, 3604730, 2105, 1787716, 1786652, 1213, 13522, 13522, 1226444640
160, 3604091, 1896, 1787792, 1786829, 1080, 13247, 13247, 2076624608
163, 3608101, 1659, 1790000, 1788952, 832, 13329, 13329, 1341061563
161, 3602485, 1787885, 1742, 908, 1786716, 12617, 12617, 1625565036
164, 3606842, 2009, 1789396, 1788358, 1153, 12963, 12963, 2571269634
165, 3607022, 1898, 1789496, 1788528, 1064, 13018, 13018, 656288107
170, 3604666, 1950, 1788792, 1787566, 1074, 12642, 12642, 4238491512
167, 3604275, 1788477, 1979, 1109, 1787364, 12673, 12673, 1013107982
158, 3606764, 1790088, 1837, 979, 1789220, 12320, 12320, 1656339635
166, 3603410, 1787475, 1917, 1047, 1786243, 13364, 13364, 3879645905
174, 3606239, 1704, 1789846, 1788537, 872, 12640, 12640, 3237954046
168, 3605699, 1789663, 1563, 744, 1788623, 12553, 12553, 398813921
171, 3605754, 1553, 1789667, 1788723, 723, 12544, 12544, 3454801273
173, 3605688, 1789328, 1716, 956, 1788304, 12692, 12692, 3965768329
176, 3606835, 1735, 1788746, 1787689, 911, 13877, 13877, 3497602152
175, 3604565, 1788798, 1594, 779, 1787714, 12840, 12840, 2749459924
169, 3604750, 1788938, 1796, 953, 1788083, 12490, 12490, 2881098757
179, 3605170, 1789234, 1633, 824, 1787991, 12744, 12744, 1362988463
177, 3604165, 1787777, 2089, 1209, 1786746, 13172, 13172, 4182406605
181, 3605034, 1788977, 1748, 918, 1787811, 12790, 12790, 1581348049
180, 3607393, 1492, 1790694, 1789738, 697, 12386, 12386, 2988877590
186, 3605104, 1687, 1788727, 1787608, 822, 13130, 13130, 4000085596
184, 3606494, 1789233, 1800, 949, 1788260, 13126, 13126, 3458079318
172, 3605602, 2133, 1788209, 1787368, 1272, 13310, 13310, 1595771824
178, 3606843, 1790244, 1479, 683, 1789325, 12556, 12556, 2963917455
187, 3606907, 1787, 1789151, 1788180, 971, 13409, 13409, 362206815
190, 3604244, 1806, 1788609, 1787136, 951, 12871, 12871, 1029998625
182, 3608520, 1790376, 1888, 1061, 1789411, 12892, 12892, 3379343548
183, 3603377, 1787294, 1995, 1163, 1786253, 13336, 13336, 4281168990
188, 3606954, 1880, 1789682, 1788725, 1067, 12800, 12800, 3118123227
189, 3605383, 1788275, 1883, 978, 1787157, 13545, 13545, 3168147688
191, 3604698, 1767, 1787811, 1786766, 956, 13699, 13699, 4048506219
193, 3606096, 1837, 1788975, 1787927, 1041, 13158, 13158, 3154846698
185, 3604711, 2446, 1787436, 1786550, 1607, 13336, 13336, 4013457225
197, 3605437, 1631, 1789336, 1788273, 867, 12665, 12665, 2171330337
198, 3601273, 1963, 1786841, 1785672, 1079, 12859, 12859, 3393538268
194, 3606124, 2077, 1789359, 1788409, 1229, 12525, 12525, 2942118055
192, 3606050, 1788987, 1922, 1064, 1788015, 13031, 13031, 1997001950
199, 3604033, 1788294, 1754, 905, 1786914, 13083, 13083, 4106880462
201, 3605152, 1956, 1787942, 1786960, 1112, 13591, 13591, 3176207083
196, 3604999, 1730, 1787792, 1786935, 932, 13805, 13805, 3836030708
195, 3603533, 1796, 1788024, 1787144, 941, 12814, 12814, 1758093526
206, 3606912, 1738, 1789772, 1788457, 897, 13024, 13024, 3839008727
202, 3605958, 27743, 1761679, 1760734, 26890, 14456, 14456, 2898668120
208, 3602598, 1786664, 2096, 1248, 1785460, 13565, 13565, 1876746756
203, 3601580, 1786354, 1846, 964, 1785464, 13476, 13476, 674498345
200, 3607012, 1807, 1789287, 1788441, 955, 13261, 13261, 2428436867
205, 3604414, 1788357, 1573, 750, 1787474, 13130, 13130, 1318441941
209, 3602692, 1920, 1786818, 1785670, 998, 13643, 13643, 1004300762
204, 3603538, 1787455, 1993, 1192, 1786438, 13230, 13230, 3372323867
210, 3605961, 1748, 1790077, 1789225, 919, 11996, 11996, 1219887628
212, 3604696, 2100, 1788035, 1786932, 1287, 13171, 13171, 2220284084
207, 3605122, 1788414, 1916, 1083, 1787563, 13073, 13073, 1103609241
215, 3605641, 1461, 1789183, 1788199, 624, 13087, 13087, 1532088484
211, 3606702, 1789755, 1611, 789, 1788837, 12855, 12855, 2276532551
220, 3605183, 1699, 1789282, 1788029, 839, 12667, 12667, 2810082774
213, 3607254, 1907, 1789857, 1788780, 1072, 12819, 12819, 1869021399
216, 3600642, 1786047, 1793, 917, 1784973, 13456, 13456, 4198654236
214, 3604173, 1679, 1787809, 1787013, 830, 13421, 13421, 1003037361
217, 3604522, 1787974, 1886, 1081, 1786867, 13357, 13357, 1105785438
225, 3606250, 1800, 1789470, 1788494, 984, 12751, 12751, 2532510773
221, 3604572, 1962, 1788317, 1787448, 1151, 12847, 12847, 2450053892
223, 3605492, 1778, 1788668, 1787707, 935, 13202, 13202, 1911886563
228, 3603621, 1623, 1788560, 1787385, 813, 12620, 12620, 2105877248
219, 3606277, 1789047, 1931, 1088, 1787895, 13158, 13158, 3104537823
222, 3603833, 1848, 1787509, 1786644, 1000, 13416, 13416, 964151562
224, 3605244, 1738, 1787378, 1786551, 893, 14342, 14342, 143646758
218, 3601913, 1787160, 1994, 1115, 1785928, 12858, 12858, 3990584723
226, 3606887, 1696, 1790044, 1789120, 817, 12605, 12605, 2591130045
229, 3604176, 1788083, 1841, 974, 1787122, 13078, 13078, 2878924199
236, 3604566, 1714, 1788447, 1787223, 924, 13129, 13129, 3641777992
227, 3603799, 1716, 1787526, 1786585, 862, 13555, 13555, 2957075392
234, 3606615, 1715, 1789910, 1789040, 880, 12535, 12535, 231491048
231, 3603170, 1930, 1787355, 1786428, 1085, 13186, 13186, 1500682077
233, 3604675, 1930, 1787476, 1786612, 1067, 13795, 13795, 2979411940
235, 3603273, 1799, 1787822, 1786842, 972, 12919, 12919, 3079631655
232, 3605422, 2237, 1787832, 1786995, 1372, 13493, 13493, 1543283297
239, 3604078, 1727, 1788765, 1787635, 889, 12531, 12531, 1570848376
238, 3604311, 1776, 1787201, 1786239, 995, 14050, 14050, 2658606636
230, 3606356, 1790085, 1609, 825, 1788821, 12508, 12508, 4114933028
241, 3603326, 1902, 1787999, 1787077, 1074, 12637, 12637, 740874783
240, 3605303, 2007, 1788320, 1787384, 1096, 13248, 13248, 796619016
249, 3605567, 1821, 1789581, 1788368, 979, 12409, 12409, 448341894
237, 3607005, 1788869, 2084, 1231, 1787957, 13432, 13432, 2855106091
245, 3606466, 2146, 1788784, 1787778, 1276, 13241, 13241, 1461401210
242, 3603393, 1767, 1786898, 1785751, 963, 14007, 14007, 2327099594
244, 3605412, 1788743, 1843, 1035, 1787783, 13004, 13004, 1333921918
247, 3605897, 1787654, 2376, 1552, 1786641, 13837, 13837, 2967136982
250, 3607124, 1757, 1790176, 1789176, 915, 12550, 12550, 367789195
243, 3607399, 1789744, 1951, 1140, 1788840, 12862, 12862, 3898691714
246, 3602755, 1787121, 1813, 974, 1786065, 13391, 13391, 2288854542
248, 3605502, 1788441, 1902, 1100, 1787513, 13273, 13273, 963272357
251, 3604056, 1788319, 1517, 689, 1787449, 13041, 13041, 4150952839
252, 3603572, 1787903, 2007, 1157, 1786809, 12848, 12848, 1239735369
257, 3607065, 1790334, 1895, 1115, 1789131, 12295, 12295, 1148376338
253, 3606520, 1789293, 1694, 876, 1788361, 13148, 13148, 1370635573
255, 3606426, 1789501, 1814, 953, 1788592, 12783, 12783, 2793879288
256, 3604688, 1978, 1788376, 1787526, 1140, 12834, 12834, 820654751
261, 3604194, 1857, 1788230, 1787127, 970, 13005, 13005, 910900954
260, 3605302, 1914, 1788714, 1787599, 1089, 12993, 12993, 3319816689
254, 3605450, 1788666, 1957, 1082, 1787665, 13040, 13040, 3937670519
263, 3603539, 1787427, 2100, 1251, 1786217, 13272, 13272, 2340202100
266, 3604157, 2024, 1787966, 1786611, 1146, 13205, 13205, 4093515970
259, 3607215, 1538, 1790434, 1789390, 715, 12569, 12569, 1415089933
262, 3605954, 1675, 1790093, 1789233, 863, 12045, 12045, 1089384773
258, 3606079, 1789340, 1803, 960, 1788274, 12851, 12851, 2527321933
265, 3604773, 1788525, 1808, 982, 1787340, 13059, 13059, 2005231755
264, 3606895, 1789708, 1724, 892, 1788621, 12975, 12975, 7664973
270, 3601054, 1857, 1786541, 1785518, 994, 13072, 13072, 1551790473
267, 3599591, 1785517, 2077, 1218, 1784415, 13182, 13182, 2722805186
269, 3604236, 1545, 1788398, 1787525, 722, 13023, 13023, 1671187610
277, 3609343, 1799, 1791332, 1789949, 953, 12655, 12655, 1383609993
268, 3607683, 1892, 1789936, 1789047, 1048, 12880, 12880, 3107324579
280, 3603105, 1669, 1787842, 1786588, 808, 13099, 13099, 2447900167
271, 3607686, 1790304, 1851, 1023, 1789238, 12635, 12635, 3324186565
278, 3606041, 1299, 1789727, 1788645, 568, 12901, 12901, 4151346750
276, 3606475, 1964, 1789305, 1788214, 1132, 12930, 12930, 998522468
274, 3604261, 1788516, 1896, 1080, 1787487, 12641, 12641, 141402583
273, 3604619, 1787619, 1994, 1179, 1786803, 13512, 13512, 2999612609
281, 3606936, 1584, 1790174, 1788994, 768, 12708, 12708, 2886028011
275, 3604946, 1788308, 1916, 1037, 1787313, 13186, 13186, 2410973476
272, 3606860, 1789673, 1998, 1117, 1788830, 12621, 12621, 414723377
284, 3606163, 1806, 1789164, 1788228, 951, 13007, 13007, 126547846
282, 3602366, 1860, 1787098, 1786136, 1012, 13130, 13130, 330027258
279, 3604686, 1788314, 1993, 1081, 1787444, 12927, 12927, 2414629861
287, 3605645, 1730, 1788968, 1787866, 909, 13086, 13086, 4292756993
283, 3603822, 1787714, 1751, 899, 1786756, 13351, 13351, 2860871003
285, 3606066, 1511, 1789418, 1788358, 715, 13032, 13032, 1506066192
289, 3605091, 1788999, 1789, 966, 1788095, 12621, 12621, 488624777
291, 3603002, 1902, 1786246, 1785273, 1005, 14288, 14288, 657725482
298, 3606388, 2097, 1789619, 1788244, 1226, 12601, 12601, 4143920708
290, 3605039, 1789450, 1669, 866, 1788468, 12293, 12293, 657282038
288, 3603074, 1788085, 1732, 855, 1787146, 12628, 12628, 2609188235
293, 3605372, 1942, 1788787, 1787739, 1078, 12913, 12913, 413690840
292, 3604987, 1709, 1787904, 1787038, 860, 13738, 13738, 4285935732
286, 3606371, 1788814, 1734, 916, 1787837, 13535, 13535, 2341714303
294, 3602706, 2069, 1787426, 1786458, 1155, 12799, 12799, 602651005
297, 3606953, 1789352, 1679, 877, 1788247, 13399, 13399, 3708911357
295, 3604659, 2069, 1788232, 1787363, 1179, 12908, 12908, 3927598797
301, 3602306, 1767, 1787001, 1785958, 910, 13335, 13335, 2244721332
296, 3603730, 1787981, 1692, 901, 1786852, 13152, 13152, 646767364
299, 3605511, 1789567, 1574, 794, 1788596, 12490, 12490, 1542050742
306, 3606086, 2041, 1788843, 1787912, 1208, 13041, 13041, 2612441472
309, 3606994, 1869, 1789688, 1788721, 1030, 12843, 12843, 1688290940
300, 3606602, 1789520, 1624, 800, 1788504, 13077, 13077, 3871876470
302, 3603982, 1788214, 1661, 851, 1787112, 13072, 13072, 1877965565
303, 3604826, 1538, 1788888, 1787888, 750, 12881, 12881, 292608317
304, 3606286, 1789748, 1670, 880, 1788626, 12681, 12681, 842975831
307, 3604685, 1788244, 1620, 770, 1787281, 13385, 13385, 406441483
305, 3603869, 1788370, 1816, 978, 1787341, 12682, 12682, 3645892236
308, 3608058, 1790361, 1597, 791, 1789293, 13008, 13008, 2375836148
312, 3605067, 1871, 1788823, 1787916, 1049, 12704, 12704, 1742446050
315, 3607042, 1927, 1789176, 1788254, 1049, 13318, 13318, 2108788801
319, 3603375, 1787894, 1841, 1014, 1786570, 13028, 13028, 3629070381
314, 3602741, 1787952, 1750, 893, 1787036, 12555, 12555, 3842491299
316, 3603934, 2366, 1786707, 1785835, 1502, 13762, 13762, 1061324625
318, 3607214, 1790599, 1812, 1030, 1789377, 12198, 12198, 413597148
320, 3607502, 1790552, 1481, 671, 1789124, 12837, 12837, 2757916072
311, 3603157, 1787705, 1850, 938, 1786860, 12902, 12902, 3707375364
313, 3606268, 1789669, 1747, 932, 1788688, 12616, 12616, 3897363241
317, 3605983, 1789713, 1661, 806, 1788669, 12567, 12567, 1166846064
310, 3606295, 84164, 1698860, 1697941, 83296, 21017, 21017, 2451300405
321, 3607273, 1846, 1789431, 1788536, 992, 13234, 13234, 577312351
324, 3604220, 1818, 1788932, 1787597, 1009, 12432, 12432, 1735153029
322, 3604827, 1788382, 1873, 1009, 1787387, 13088, 13088, 2419745154
327, 3607784, 7112, 1784558, 1783595, 6249, 13135, 13135, 1165440060
332, 3606151, 1491, 1789671, 1788671, 694, 12812, 12812, 1067416717
328, 3605451, 1543, 1789660, 1788554, 742, 12476, 12476, 3162654840
326, 3603578, 1788210, 1932, 1047, 1787193, 12598, 12598, 1192035711
331, 3603939, 1777, 1788258, 1787304, 950, 12825, 12825, 3028362635
325, 3604552, 1789019, 1886, 1014, 1787983, 12325, 12325, 3685712992
323, 3607344, 1790520, 1629, 771, 1789470, 12477, 12477, 313239697
335, 3605002, 2317, 1788098, 1787224, 1415, 12974, 12974, 2641564934
330, 3604893, 1789118, 1815, 944, 1788194, 12411, 12411, 1829151038
329, 3607355, 1788978, 1915, 1070, 1788098, 13647, 13647, 3378987276
333, 3606375, 1789600, 1567, 828, 1788708, 12836, 12836, 1251435294
336, 3607923, 1632, 1790490, 1789537, 810, 12727, 12727, 3218687274
337, 3606304, 1806, 1789889, 1788805, 930, 12437, 12437, 1378279608
334, 3608695, 1790114, 1805, 980, 1789204, 13296, 13296, 1286054912
343, 3606065, 1720, 1789074, 1787842, 867, 13281, 13281, 4208691609
341, 3605789, 1787789, 2734, 1919, 1786643, 13352, 13352, 2275508241
338, 3606975, 1789337, 1989, 1130, 1788275, 13122, 13122, 307263535
349, 3607201, 2144, 1789834, 1788565, 1246, 12706, 12706, 3652230724
339, 3605926, 1663, 1789731, 1788878, 830, 12412, 12412, 3978318357
344, 3603898, 1789027, 1613, 776, 1787764, 12359, 12359, 393653781
340, 3605976, 1789606, 1639, 816, 1788739, 12588, 12588, 1635699738
352, 3604105, 2032, 1788087, 1787122, 1204, 12830, 12830, 3165974361
348, 3607658, 1790298, 1620, 799, 1789139, 12901, 12901, 3728420371
345, 3606235, 1479, 1789713, 1788793, 678, 12786, 12786, 3320251290
342, 3604035, 1700, 1787782, 1786943, 832, 13389, 13389, 3366279706
346, 3601162, 1786572, 1687, 816, 1785729, 13179, 13179, 3999209251
353, 3604945, 2064, 1788360, 1787303, 1224, 12997, 12997, 3247135230
347, 3607390, 1789492, 1805, 922, 1788567, 13302, 13302, 2612858711
356, 3607592, 1522, 1790616, 1789538, 688, 12614, 12614, 1961670365
350, 3605265, 2091, 1788696, 1787772, 1190, 12758, 12758, 2217870956
351, 3604459, 20228, 1768533, 1767671, 19369, 14329, 14329, 3103829043
355, 3607817, 1790264, 1604, 774, 1789341, 12917, 12917, 2690847111
364, 3606620, 1586, 1789819, 1788829, 796, 12795, 12795, 656102046
361, 3604129, 1787453, 1931, 1104, 1786457, 13592, 13592, 4099702050
360, 3607891, 1862, 1790666, 1789767, 1068, 12264, 12264, 464185369
357, 3604902, 1788820, 1659, 827, 1787918, 12839, 12839, 48966888
358, 3603481, 1786564, 2545, 1620, 1785680, 13536, 13536, 4045039267
354, 3602532, 1786597, 1917, 1055, 1785717, 13623, 13623, 3483791545
362, 3605697, 1789219, 1872, 1010, 1788304, 12646, 12646, 2538919187
363, 3604696, 1788868, 1629, 797, 1787916, 12743, 12743, 3012119411
365, 3604365, 1789008, 1452, 635, 1788088, 12591, 12591, 4200973370
359, 3606349, 1789399, 1766, 899, 1788545, 12870, 12870, 1827948127
372, 3607621, 1749, 1790604, 1789297, 953, 12509, 12509, 3804284444
366, 3605056, 1789243, 1681, 860, 1788142, 12565, 12565, 2301978688
367, 3604633, 1788062, 1874, 1030, 1786951, 13358, 13358, 1070232708
375, 3606848, 1820, 1789437, 1788349, 956, 13143, 13143, 321261707
371, 3606508, 1793, 1789169, 1788314, 990, 13121, 13121, 3930013358
369, 3605496, 1759, 1788700, 1787766, 893, 13189, 13189, 1245672468
368, 3606017, 1789752, 1596, 777, 1788572, 12660, 12660, 3016474334
378, 3606216, 1789110, 1869, 1046, 1787643, 13274, 13274, 2537844181
374, 3601728, 1786928, 1849, 969, 1785984, 12999, 12999, 1584184163
379, 3605680, 1788755, 1517, 705, 1787617, 13543, 13543, 2428394502
373, 3604811, 1788321, 1822, 977, 1787445, 13123, 13123, 1796428107
376, 3607196, 1789913, 1709, 861, 1789073, 12820, 12820, 3350278615
370, 3607543, 1790052, 1592, 762, 1789137, 13000, 13000, 2893098123
377, 3605850, 1801, 1788463, 1787557, 911, 13559, 13559, 3960078205
386, 3605339, 2222, 1788297, 1787016, 1314, 13245, 13245, 2190577152
382, 3605971, 1955, 1789052, 1788195, 1089, 12840, 12840, 893159853
381, 3605306, 1789206, 1789, 942, 1788181, 12594, 12594, 3658499007
387, 3605001, 2636, 1787736, 1786774, 1773, 13041, 13041, 4197448783
383, 3605990, 1788894, 1717, 869, 1787900, 13305, 13305, 238843035
384, 3606019, 1789940, 1728, 926, 1788753, 12336, 12336, 1678739031
385, 3601631, 1786084, 2345, 1491, 1785123, 13294, 13294, 2205420170
390, 3605951, 2027, 1788745, 1787725, 1220, 13117, 13117, 1145760378
380, 3603120, 2212, 1786363, 1785444, 1347, 13877, 13877, 1264140818
389, 3607900, 1790523, 1571, 787, 1789749, 12635, 12635, 407328323
395, 3605406, 1456, 1789983, 1788720, 629, 12309, 12309, 1548652507
388, 3605778, 1788078, 1950, 1079, 1786969, 13851, 13851, 3636724562
391, 3605351, 1788176, 2118, 1243, 1787246, 13284, 13284, 3074593948
394, 3607141, 1790576, 1499, 703, 1789149, 12607, 12607, 1294091012
392, 3603082, 1787498, 1616, 780, 1786490, 13349, 13349, 3683010575
398, 3604367, 1603, 1788340, 1787028, 806, 13295, 13295, 1268666490
397, 3604262, 2145, 1787864, 1786793, 1276, 13092, 13092, 2065520918
396, 3607132, 1790623, 1533, 743, 1789415, 12409, 12409, 2271229133
399, 3605382, 1789379, 1701, 848, 1788306, 12574, 12574, 317479522
405, 3605832, 1678, 1789400, 1788194, 814, 12873, 12873, 2970287995
393, 3604701, 1788326, 2259, 1354, 1787116, 12823, 12823, 2702231970
402, 3603564, 1797, 1787942, 1787046, 965, 12907, 12907, 1175851048
401, 3605979, 1789419, 1997, 1118, 1788375, 12535, 12535, 896358954
404, 3604373, 2124, 1788391, 1787385, 1267, 12603, 12603, 2495452605
406, 3605794, 2181, 1788817, 1787895, 1293, 12804, 12804, 2193076457
410, 3603084, 1891, 1787481, 1786288, 1072, 13176, 13176, 1444849811
403, 3605376, 1788592, 1977, 1112, 1787527, 13084, 13084, 1733590494
400, 3605467, 1788957, 1795, 972, 1788121, 12811, 12811, 3285921803
407, 3605173, 1789320, 1734, 865, 1788266, 12494, 12494, 1619643617
409, 3604989, 1788292, 1913, 1018, 1787326, 13220, 13220, 2858417323
408, 3606551, 1789862, 1361, 603, 1788873, 12926, 12926, 3215559328
414, 3605580, 1585, 1789597, 1788596, 778, 12512, 12512, 3675799270
417, 3604794, 2241, 1787229, 1786274, 1396, 13827, 13827, 3958865074
412, 3605032, 1788505, 1762, 896, 1787619, 13125, 13125, 592837851
413, 3608450, 1790671, 1737, 856, 1789606, 12790, 12790, 3209777740
416, 3604663, 1787323, 2162, 1217, 1786257, 13852, 13852, 586321491
411, 3606441, 2137, 1788698, 1787831, 1235, 13270, 13270, 1836387922
415, 3603400, 1787209, 1933, 1096, 1786046, 13558, 13558, 3690714044
418, 3602666, 1786904, 1956, 1062, 1785958, 13393, 13393, 1160413994
423, 3602880, 1858, 1787807, 1786594, 1009, 12806, 12806, 3886637129
422, 3607712, 1790463, 1687, 894, 1789358, 12655, 12655, 1113053477
430, 3601367, 1929, 1786790, 1785476, 1038, 13067, 13067, 2485869498
421, 3604916, 1789061, 1945, 1076, 1787694, 12570, 12570, 2208809515
420, 3601327, 2675, 1784712, 1783813, 1845, 14141, 14141, 278831330
433, 3603392, 1835, 1788325, 1787073, 1003, 12578, 12578, 1791851499
428, 3604913, 1789122, 1768, 936, 1787849, 12619, 12619, 3076999832
424, 3606443, 1948, 1789456, 1788510, 1057, 12736, 12736, 290988937
426, 3604362, 1788776, 1717, 859, 1787488, 12761, 12761, 3425204736
425, 3605367, 1788731, 1730, 859, 1787815, 13116, 13116, 2259691682
434, 3605588, 1726, 1788910, 1787749, 895, 13154, 13154, 277012856
429, 3604566, 1821, 1787824, 1786903, 944, 13537, 13537, 2283655995
427, 3604047, 2088, 1787215, 1786394, 1218, 13566, 13566, 3632753634
419, 3604847, 1788768, 1612, 768, 1787873, 12913, 12913, 2663109338
431, 3605579, 1697, 1789302, 1788473, 903, 12602, 12602, 318013756
432, 3605570, 1788229, 1901, 1025, 1787351, 13532, 13532, 4267347994
441, 3605958, 1614, 1790737, 1789614, 789, 11602, 11602, 743397771
436, 3607540, 1819, 1790666, 1789641, 998, 12208, 12208, 359967663
435, 3606222, 1788835, 2266, 1381, 1787800, 12970, 12970, 1772838169
438, 3605345, 2444, 1787979, 1786811, 1651, 13230, 13230, 3787508369
443, 3605475, 1788637, 1669, 796, 1787397, 13488, 13488, 2439005165
442, 3606805, 1789309, 1646, 813, 1788191, 13423, 13423, 668477853
437, 3603140, 2116, 1787381, 1786489, 1260, 12947, 12947, 2476920319
446, 3606720, 1582, 1790117, 1789075, 802, 12572, 12572, 326518293
439, 3607744, 1789569, 1919, 1067, 1788563, 13313, 13313, 622124058
445, 3602986, 1787801, 1848, 971, 1786728, 12819, 12819, 295633720
447, 3606065, 1789097, 1696, 862, 1788138, 13136, 13136, 4078213586
440, 3608114, 1790488, 1823, 935, 1789498, 12685, 12685, 1570703515
449, 3603677, 2354, 1787324, 1786311, 1494, 13097, 13097, 3795251670
456, 3605466, 1858, 1789621, 1788182, 991, 12407, 12407, 1706280755
452, 3601670, 1594, 1786551, 1785449, 732, 13672, 13672, 3138915782
444, 3605071, 1788866, 1491, 718, 1787974, 13011, 13011, 2731078414
450, 3604936, 1788514, 2040, 1249, 1787441, 12846, 12846, 1939199638
448, 3602979, 1578, 1788078, 1787095, 774, 12727, 12727, 643186354
453, 3605314, 1789088, 1975, 1088, 1788219, 12472, 12472, 2212105727
454, 3605575, 1788726, 2111, 1195, 1787651, 12946, 12946, 877222707
459, 3605411, 2080, 1788359, 1787217, 1185, 13285, 13285, 1408948918
460, 3605009, 1610, 1789588, 1788417, 790, 12302, 12302, 891315538
458, 3604977, 1665, 1788868, 1787904, 826, 12857, 12857, 1867072233
457, 3605551, 1788447, 1590, 802, 1787554, 13579, 13579, 767068557
455, 3604942, 1787540, 2068, 1227, 1786651, 13728, 13728, 2729279991
451, 3602885, 1787092, 2107, 1214, 1786204, 13134, 13134, 4154102561
461, 3603216, 1787781, 1906, 1095, 1786722, 12856, 12856, 2407064399
462, 3608117, 1629, 1790225, 1789321, 786, 13078, 13078, 906935710
464, 3604895, 1708, 1788292, 1787331, 840, 13362, 13362, 825529745
465, 3606126, 1489, 1789576, 1788400, 723, 12969, 12969, 2961723242
469, 3606656, 2065, 1789834, 1788747, 1186, 12412, 12412, 1538205395
463, 3606841, 1789549, 1924, 1107, 1788677, 12792, 12792, 3123359166
472, 3606980, 1734, 1789740, 1788666, 904, 12968, 12968, 2714813902
471, 3605969, 1571, 1790010, 1788939, 735, 12357, 12357, 3770840694
475, 3604479, 2053, 1788635, 1787391, 1164, 12618, 12618, 2116724744
466, 3604983, 1789247, 1729, 896, 1787835, 12638, 12638, 4175242591
470, 3605693, 1718, 1789265, 1788328, 920, 12731, 12731, 2900343468
468, 3606683, 1788665, 2568, 1745, 1787771, 12967, 12967, 1234694973
473, 3606428, 1789101, 1741, 903, 1788113, 13285, 13285, 2688856645
467, 3605450, 1788112, 1897, 1087, 1787184, 13585, 13585, 4198219305
474, 3604948, 1788481, 1919, 1003, 1787337, 13104, 13104, 194180457
478, 3603591, 1663, 1787911, 1786750, 809, 13229, 13229, 1495655130
479, 3606740, 1789367, 2077, 1196, 1788070, 13015, 13015, 915515397
482, 3604733, 1788336, 1642, 799, 1787264, 13346, 13346, 3585659230
476, 3604735, 1620, 1788548, 1787618, 803, 13073, 13073, 1795393624
480, 3607701, 1940, 1789464, 1788587, 1134, 13288, 13288, 1260948309
488, 3604543, 1770, 1788971, 1787955, 895, 12476, 12476, 4044166677
481, 3605045, 1788541, 2030, 1187, 1787531, 12878, 12878, 3269484282
485, 3604445, 1788233, 1797, 963, 1786936, 13258, 13258, 13341825
487, 3604023, 1788277, 1541, 714, 1787215, 13138, 13138, 73604261
491, 3606805, 1447, 1790225, 1788908, 599, 12813, 12813, 1926967110
484, 3605707, 1730, 1789372, 1788438, 889, 12639, 12639, 599009060
490, 3604640, 1704, 1787615, 1786719, 874, 13864, 13864, 2052763357
486, 3605472, 1788760, 1990, 1126, 1787900, 12848, 12848, 2962432847
477, 3605952, 1977, 1788831, 1787954, 1124, 13033, 13033, 2080476230
483, 3608137, 1790554, 1804, 960, 1789729, 12545, 12545, 2273027269
497, 3603205, 1982, 1787452, 1786363, 1126, 13141, 13141, 2662883224
493, 3604296, 1787672, 2032, 1184, 1786776, 13316, 13316, 3679475967
489, 3605165, 1788716, 1619, 779, 1787877, 13087, 13087, 1793518524
495, 3606443, 1558, 1789929, 1788765, 727, 12732, 12732, 579992385
492, 3606891, 1789168, 1864, 1019, 1788248, 13296, 13296, 533008805
498, 3606808, 1682, 1789888, 1788866, 798, 12787, 12787, 2514701400
499, 3610262, 1728, 1791444, 1790426, 916, 12874, 12874, 3951310958
494, 3605456, 1788343, 1896, 1099, 1787426, 13346, 13346, 2406457791
502, 3605966, 1899, 1789494, 1788517, 1068, 12494, 12494, 2089162623
501, 3602192, 1786533, 1859, 1012, 1785658, 13565, 13565, 1422071797
500, 3603978, 1643, 1788416, 1787418, 841, 12830, 12830, 3737015813
496, 3604264, 1788709, 1630, 822, 1787749, 12677, 12677, 2107052195
503, 3604068, 1788102, 2207, 1312, 1787115, 12666, 12666, 4065427995
505, 3605944, 2010, 1789129, 1788197, 1124, 12742, 12742, 354296215
509, 3604805, 1790, 1788774, 1787799, 964, 12739, 12739, 224473889
507, 3606773, 1711, 1789275, 1788319, 832, 13318, 13318, 4168435417
514, 3604920, 1952, 1789123, 1787812, 1069, 12482, 12482, 4272798599
511, 3605826, 1789610, 1756, 901, 1788703, 12428, 12428, 851042092
516, 3606386, 1883, 1789935, 1788756, 1032, 12390, 12390, 711175009
506, 3603681, 1787782, 1915, 1134, 1786730, 13060, 13060, 3900290513
504, 3604018, 1759, 1969, 1120, 942, 1799114, 1799114, 1317530880
510, 3604659, 1788848, 1822, 974, 1787877, 12569, 12569, 1850214462
508, 3605146, 1758215, 30451, 29647, 1757237, 14798, 14798, 4246746887
520, 3602745, 1711, 1787759, 1786584, 859, 12916, 12916, 2698984811
517, 3606028, 2111, 1788763, 1787789, 1217, 13074, 13074, 2839014584
513, 3606477, 1787, 1789066, 1788174, 1006, 13222, 13222, 3572528085
515, 3603986, 1787844, 2018, 1109, 1786845, 13085, 13085, 1055084039
519, 3607679, 1439, 1790856, 1789939, 615, 12415, 12415, 3591501838
518, 3605563, 1789298, 1790, 968, 1788329, 12589, 12589, 2173796202
512, 3607589, 1790633, 1586, 779, 1789707, 12442, 12442, 2177132138
521, 3602740, 1787202, 1594, 771, 1786051, 13561, 13561, 3836562854
524, 3607178, 1790457, 1847, 1028, 1789214, 12316, 12316, 2258501506
525, 3608082, 1790026, 2008, 1128, 1788784, 13068, 13068, 3606782972
530, 3603661, 1787109, 1992, 1127, 1785783, 13825, 13825, 3057127613
526, 3605213, 1788541, 1884, 1073, 1787461, 13127, 13127, 545100343
532, 3606124, 1545, 1789663, 1788637, 727, 12776, 12776, 3546757020
529, 3607504, 1810, 1790183, 1789252, 971, 12644, 12644, 1693080058
523, 3603741, 1787671, 1784, 899, 1786819, 13284, 13284, 1378800380
534, 3602823, 1448, 1788093, 1786975, 647, 12830, 12830, 2333485557
527, 3607087, 1787287, 2056, 1238, 1786048, 15229, 15229, 2676348859
533, 3604209, 1639, 1786684, 1785588, 854, 14722, 14722, 371838170
531, 3604755, 1876, 1788570, 1787648, 973, 12844, 12844, 2296576716
522, 3603835, 1787945, 1797, 936, 1786971, 13093, 13093, 567981732
537, 3608376, 1480, 1791357, 1790209, 672, 12329, 12329, 3986954869
535, 3605894, 1653, 1789418, 1788408, 849, 12783, 12783, 2379824326
536, 3603228, 1759, 1788411, 1787502, 918, 12319, 12319, 1919140520
528, 3606775, 1789600, 2072, 1233, 1788756, 12557, 12557, 745830594
539, 3604998, 1623, 1789187, 1788231, 797, 12580, 12580, 2533451356
538, 3604876, 1788994, 1930, 1085, 1787995, 12436, 12436, 3417310900
544, 3601361, 1921, 1786719, 1785645, 1102, 12987, 12987, 2469565398
545, 3605035, 1701, 1789128, 1788084, 838, 12642, 12642, 3490155014
543, 3604523, 1788075, 1961, 1137, 1787050, 13150, 13150, 2769979301
540, 3607774, 1918, 1789651, 1788837, 1014, 13177, 13177, 727686531
546, 3606548, 1790240, 1583, 800, 1789393, 12266, 12266, 3387337300
542, 3607129, 1790347, 1489, 658, 1789367, 12634, 12634, 4147587192
541, 3602408, 1697, 1787419, 1786603, 857, 12916, 12916, 3461866447
549, 3604817, 1782, 1788472, 1787281, 952, 13165, 13165, 3687517128
547, 3605709, 1638, 1788772, 1787891, 836, 13286, 13286, 1358703626
548, 3605453, 1789808, 1898, 1044, 1788747, 11978, 11978, 695887680
555, 3604694, 1591, 1788740, 1787706, 757, 12950, 12950, 655850215
552, 3605590, 1789235, 1824, 981, 1788184, 12683, 12683, 3422397179
557, 3605104, 1727, 1788858, 1787636, 927, 12978, 12978, 1972635058
550, 3605397, 1789096, 1882, 1069, 1788134, 12608, 12608, 1519725901
551, 3607204, 2032, 1788959, 1788097, 1202, 13457, 13457, 2420741549
553, 3604631, 1789111, 1699, 811, 1787940, 12535, 12535, 3307575976
554, 3604646, 1788927, 1707, 921, 1787763, 12664, 12664, 3925963648
559, 3605087, 2094, 1788131, 1787256, 1198, 13204, 13204, 31869300
562, 3606968, 1659, 1790100, 1789067, 824, 12659, 12659, 533881605
563, 3605910, 1979, 1788852, 1787728, 1133, 13109, 13109, 980610970
561, 3608051, 1916, 1790373, 1789468, 1110, 12592, 12592, 3713354698
556, 3605151, 1790, 1788068, 1787166, 931, 13598, 13598, 4015574521
558, 3604922, 1788432, 1944, 1093, 1787497, 12978, 12978, 1560646351
565, 3601336, 1725, 1786482, 1785449, 820, 13430, 13430, 881165560
567, 3606903, 2047, 1789593, 1788585, 1224, 12727, 12727, 395444519
566, 3602623, 19372, 1767376, 1766294, 18491, 15545, 15545, 3467759027
564, 3603896, 1788098, 2083, 1217, 1787110, 12694, 12694, 2420057157
560, 3602889, 1786362, 1793, 950, 1785426, 14179, 14179, 3943592032
569, 3604197, 1788307, 1798, 971, 1786879, 13121, 13121, 2147611138
575, 3605357, 1515, 1789656, 1788380, 686, 12560, 12560, 2437381682
570, 3604109, 1935, 1788359, 1787339, 1090, 12693, 12693, 1409963816
573, 3605822, 1752, 1789008, 1788033, 923, 13053, 13053, 1960313721
572, 3605577, 1789306, 2096, 1242, 1788397, 12268, 12268, 1234948479
574, 3607586, 1790056, 1892, 1053, 1789107, 12739, 12739, 829111866
577, 3604071, 2052, 1788520, 1787284, 1225, 12495, 12495, 172007941
576, 3604852, 1788480, 1648, 826, 1787208, 13345, 13345, 3000103087
578, 3605291, 1788424, 1888, 1035, 1787460, 13242, 13242, 2422888666
568, 3604080, 1788352, 1700, 872, 1787376, 12890, 12890, 1586970165
579, 3606699, 1911, 1789038, 1788149, 1073, 13264, 13264, 3888153488
571, 3605741, 1863, 1788226, 1787347, 1035, 13635, 13635, 3296217404
586, 3606949, 1671, 1790295, 1789195, 838, 12475, 12475, 2332713819
582, 3603552, 2061, 1787928, 1787051, 1144, 12684, 12684, 609697132
580, 3607088, 1789731, 1718, 889, 1788856, 12947, 12947, 3957116163
584, 3607420, 1790194, 1754, 966, 1789136, 12685, 12685, 3181657225
583, 3606208, 2188, 1788562, 1787650, 1366, 13221, 13221, 1835260466
581, 3603082, 1787588, 2057, 1204, 1786453, 12890, 12890, 2315050233
585, 3603845, 1786615, 2447, 1598, 1785589, 13798, 13798, 4225807255
587, 3606728, 1788195, 1718, 904, 1787269, 14321, 14321, 2318129907
589, 3603947, 1808, 1787622, 1786663, 976, 13439, 13439, 4294474948
590, 3604029, 1732, 1788485, 1787234, 902, 12838, 12838, 4004543542
591, 3606035, 2364, 1788368, 1787452, 1493, 13179, 13179, 1242404071
594, 3604575, 1781, 1788162, 1787108, 980, 13272, 13272, 2480873095
588, 3606129, 1789204, 1948, 1111, 1788042, 12912, 12912, 2995869753
593, 3605688, 1789519, 1698, 895, 1788264, 12656, 12656, 48509361
595, 3606169, 1789435, 2136, 1316, 1788512, 12385, 12385, 3432193819
597, 3605912, 1789178, 2078, 1292, 1787814, 12775, 12775, 4161995161
592, 3604508, 1788364, 1877, 1014, 1787259, 12997, 12997, 1654946096
599, 3604968, 1788590, 1618, 789, 1787523, 13224, 13224, 2152937401
602, 3607517, 1790491, 1691, 908, 1789073, 12677, 12677, 2448185308
596, 3602161, 1787048, 1519, 688, 1786120, 13393, 13393, 356144001
600, 3603884, 1788515, 1674, 837, 1787424, 12717, 12717, 3325942412
604, 3601864, 50894, 1735939, 1734958, 50063, 15005, 15005, 1167239395
601, 3602406, 1787633, 1591, 775, 1786639, 12884, 12884, 2784657958
598, 3605107, 1788178, 2041, 1232, 1787312, 13172, 13172, 996174920
603, 3604438, 1787854, 1731, 865, 1786946, 13521, 13521, 2955634760
605, 3602203, 1786961, 1731, 890, 1785841, 13390, 13390, 4074534862
608, 3607025, 1789583, 1713, 969, 1788696, 13032, 13032, 1490678758
614, 3605407, 1879, 1789052, 1788002, 1048, 12713, 12713, 1580784292
612, 3607135, 2854, 1788610, 1787621, 1996, 13027, 13027, 705758791
613, 3602270, 1957, 1787290, 1786369, 1140, 12757, 12757, 4205464854
606, 3604608, 1853, 1787744, 1786896, 943, 13586, 13586, 404064313
607, 3601397, 1785931, 1976, 1122, 1784934, 13717, 13717, 3389727158
610, 3606400, 2202, 1788583, 1787694, 1427, 13247, 13247, 3608334732
609, 3606038, 92232, 1683668, 1682748, 91382, 28004, 28004, 3550226847
617, 3605395, 1689, 1789195, 1788063, 870, 12789, 12789, 1705483714
611, 3605065, 1788874, 1732, 848, 1787953, 12829, 12829, 705145101
619, 3602814, 1923, 1787005, 1785800, 1082, 13502, 13502, 4120178923
616, 3603048, 1788120, 1597, 759, 1787024, 12774, 12774, 2351529662
618, 3605850, 1788888, 1756, 927, 1787737, 13271, 13271, 41467773
620, 3603796, 2067, 1787684, 1786622, 1273, 13075, 13075, 653547361
622, 3606393, 1430, 1790155, 1789071, 605, 12566, 12566, 4277422148
623, 3606513, 1857, 1789484, 1788470, 994, 12854, 12854, 941559848
615, 3606580, 2045, 1789017, 1788200, 1200, 13059, 13059, 1317380077
630, 3603003, 1608, 1787344, 1786059, 750, 13621, 13621, 3500024025
621, 3606994, 1789470, 1840, 992, 1788484, 13104, 13104, 2849607854
624, 3605139, 1788615, 2211, 1302, 1787409, 12801, 12801, 1405198493
631, 3605019, 1855, 1789156, 1788109, 959, 12470, 12470, 1381829298
625, 3605002, 1788604, 1707, 852, 1787689, 13075, 13075, 3419041584
629, 3605370, 1788793, 2129, 1273, 1787535, 12820, 12820, 946555435
626, 3605181, 1786505, 1981, 1149, 1785338, 15104, 15104, 1244046617
627, 3603415, 1788311, 1668, 799, 1787375, 12631, 12631, 2789310558
628, 3607642, 1788057, 1732, 897, 1787238, 14859, 14859, 2068524429
633, 3608637, 1858, 1790883, 1789937, 1015, 12472, 12472, 386378449
635, 3604944, 1636, 1789273, 1788174, 815, 12523, 12523, 3792234206
637, 3605084, 1616, 1788810, 1787784, 786, 13044, 13044, 2128207133
642, 3608155, 1699, 1790876, 1789703, 889, 12494, 12494, 1168368477
641, 3602986, 1787875, 1684, 882, 1786615, 12965, 12965, 895854072
643, 3605942, 1640, 1789421, 1788326, 783, 12886, 12886, 3960791452
644, 3607255, 1580, 1790315, 1789176, 760, 12712, 12712, 748541315
638, 3608929, 1790208, 1715, 929, 1789213, 13432, 13432, 2466666517
632, 3605955, 1788682, 2427, 1563, 1787581, 12851, 12851, 2850496701
634, 3603819, 1788178, 1602, 792, 1787293, 12977, 12977, 631708483
639, 3608404, 1790280, 1984, 1106, 1789460, 12787, 12787, 3496176900
636, 3603131, 1786736, 2202, 1347, 1785738, 13554, 13554, 2061283783
645, 3605003, 1789087, 1824, 983, 1787625, 12742, 12742, 1275321983
640, 3607040, 1788905, 2265, 1462, 1788094, 13157, 13157, 996935029
649, 3607046, 1706, 1790047, 1789001, 894, 12699, 12699, 1049420978
652, 3603130, 1896, 1788137, 1786872, 1005, 12610, 12610, 207352775
653, 3608326, 1846, 1790680, 1789606, 1022, 12586, 12586, 2965908059
646, 3607489, 1642, 1790205, 1789174, 790, 12839, 12839, 623105382
650, 3604903, 2424, 1787577, 1786580, 1560, 13381, 13381, 3133421443
651, 3604274, 1788710, 2106, 1243, 1787363, 12426, 12426, 4104040865
648, 3603880, 1788800, 1580, 720, 1787736, 12522, 12522, 3961445329
656, 3608201, 1640, 1790875, 1789868, 842, 12488, 12488, 2747319044
655, 3605210, 1788477, 1766, 896, 1787451, 13310, 13310, 2563041098
654, 3602430, 1587, 1782920, 1781929, 782, 17606, 17606, 1041861771
647, 3605806, 1789159, 1875, 1047, 1788217, 12754, 12754, 1387496149
657, 3604742, 1860, 1788840, 1787849, 987, 12603, 12603, 2999548662
658, 3606086, 1911, 1789677, 1788770, 1022, 12353, 12353, 495881112
663, 3604487, 1732, 1787552, 1786621, 928, 13827, 13827, 4273909725
659, 3605259, 1613, 1788735, 1787657, 754, 13250, 13250, 244442077
660, 3606915, 1789789, 1658, 817, 1788857, 12897, 12897, 3915036805
667, 3603384, 1985, 1788097, 1787117, 1123, 12531, 12531, 1069959435
662, 3605300, 1788025, 2069, 1244, 1787116, 13423, 13423, 3889532987
661, 3604908, 1425, 1788326, 1787460, 637, 13530, 13530, 1215096527
666, 3605966, 1748, 1789248, 1788208, 940, 12911, 12911, 2525665507
670, 3604548, 1534, 1788687, 1787667, 674, 12993, 12993, 2124918465
672, 3605488, 1975, 1789357, 1787830, 1106, 12610, 12610, 3524023145
665, 3605630, 2148, 1789184, 1788221, 1309, 12384, 12384, 588081734
664, 3604339, 1716, 1787694, 1786827, 860, 13621, 13621, 3890639989
674, 3606131, 1916, 1788911, 1787996, 1050, 13129, 13129, 2609458245
668, 3604528, 1787246, 2851, 1988, 1786287, 13078, 13078, 3363935113
671, 3604356, 1803, 1788085, 1787045, 939, 13242, 13242, 890556711
669, 3603768, 1786086, 2908, 1993, 1785211, 13785, 13785, 3459110135
673, 3608364, 1789763, 1728, 882, 1788813, 13589, 13589, 1946624991
675, 3603951, 1901, 1788239, 1787213, 1026, 12786, 12786, 2299025
678, 3605880, 1952, 1788583, 1787636, 1117, 13296, 13296, 3205062080
680, 3601672, 1787052, 1805, 916, 1785991, 12954, 12954, 1797882177
676, 3606790, 1789649, 1818, 967, 1788368, 12994, 12994, 2985607428
682, 3605599, 1788816, 2106, 1220, 1787727, 12865, 12865, 566933947
688, 3605345, 1765, 1788372, 1787195, 849, 13582, 13582, 1494908539
681, 3604773, 1788923, 1743, 908, 1787875, 12662, 12662, 699179734
677, 3606198, 1789912, 1691, 821, 1788672, 12551, 12551, 320955777
684, 3605433, 1788927, 1899, 1051, 1787552, 13002, 13002, 1267634993
687, 3605988, 1789481, 1812, 946, 1788315, 12717, 12717, 1540809894
686, 3606939, 1692, 1790245, 1789289, 857, 12428, 12428, 1628753617
685, 3603633, 1906, 1787523, 1786594, 1010, 13300, 13300, 1714988153
683, 3604521, 1958, 1787639, 1786825, 1101, 13499, 13499, 2789618949
692, 3605159, 1991, 1788353, 1787316, 1095, 13202, 13202, 3724671460
694, 3602966, 1877, 1787705, 1786516, 954, 12957, 12957, 1411304616
679, 3607347, 1789574, 2198, 1314, 1788665, 12798, 12798, 3511878241
691, 3605527, 1722, 1789259, 1788290, 848, 12704, 12704, 636149897
698, 3607921, 1557, 1790702, 1789547, 715, 12700, 12700, 3258170387
689, 3602817, 1786193, 2175, 1335, 1785224, 13945, 13945, 627562335
695, 3606253, 1625, 1789629, 1788756, 789, 12727, 12727, 2863936901
690, 3609436, 1790600, 1818, 985, 1789597, 13218, 13218, 1207543346
693, 3605587, 1917, 1788023, 1787195, 1038, 13707, 13707, 3583755688
696, 3604095, 1787609, 2244, 1331, 1786353, 13279, 13279, 1001597267
699, 3608316, 1790691, 1883, 1024, 1789338, 12690, 12690, 2832268015
697, 3603133, 1786534, 2084, 1230, 1785479, 13903, 13903, 3869543657
701, 3606484, 1390, 1789472, 1788503, 625, 13247, 13247, 2200278154
703, 3606685, 1911, 1789052, 1788192, 1066, 13232, 13232, 1609999275
709, 3603327, 1571, 1788489, 1787055, 744, 12734, 12734, 4149790204
708, 3605996, 1656, 1790185, 1789103, 876, 12088, 12088, 2664655085
702, 3604524, 1787647, 2024, 1206, 1786591, 13528, 13528, 2146208266
704, 3602518, 1777, 1786481, 1785536, 944, 13890, 13890, 655247103
707, 3607110, 1781, 1789970, 1788836, 985, 12769, 12769, 1189525964
700, 3607374, 1789848, 1790, 947, 1789003, 12893, 12893, 2611207605
710, 3605481, 1515, 1789610, 1788649, 681, 12513, 12513, 3993448258
712, 3604054, 1788831, 1642, 832, 1787553, 12598, 12598, 3049675008
706, 3605832, 1789384, 1747, 938, 1788331, 12716, 12716, 3623125654
711, 3604733, 1788686, 1714, 848, 1787707, 12889, 12889, 716648123
713, 3603957, 1531, 1788464, 1787543, 699, 12860, 12860, 842710535
716, 3606368, 1576, 1789633, 1788392, 757, 13005, 13005, 3614973898
705, 3605573, 1936, 1788415, 1787560, 1074, 13294, 13294, 4157676586
717, 3603306, 1560, 1788090, 1787026, 786, 12922, 12922, 2536204845
718, 3609798, 1709, 1790986, 1790086, 899, 13059, 13059, 2875220699
714, 3606276, 1790194, 1851, 1014, 1788737, 12240, 12240, 886884915
719, 3606282, 1789952, 1942, 1166, 1788918, 12152, 12152, 2168369186
720, 3607870, 1790459, 1824, 992, 1789509, 12543, 12543, 95366298
721, 3605873, 1892, 1788568, 1787673, 1046, 13347, 13347, 1964939219
723, 3606849, 1789572, 1629, 858, 1788530, 13130, 13130, 1841251334
724, 3603998, 1752, 1787997, 1787013, 872, 13182, 13182, 1395522243
722, 3604397, 1788255, 1662, 778, 1787364, 13169, 13169, 2814381315
727, 3605237, 1789077, 1608, 810, 1787946, 12898, 12898, 1909724831
728, 3606714, 1790349, 1742, 932, 1789473, 12109, 12109, 389676191
715, 3602984, 1670517, 115011, 114056, 1669604, 16898, 16898, 609888832
726, 3604542, 1788853, 1411, 623, 1787841, 12907, 12907, 2439877029
729, 3604544, 1788515, 1527, 718, 1787504, 13140, 13140, 1063832711
734, 3606299, 1789585, 1719, 894, 1788317, 12892, 12892, 3650122216
725, 3605680, 2577, 1787831, 1786971, 1687, 13307, 13307, 4286328068
732, 3604433, 1977, 1787989, 1787042, 1147, 13139, 13139, 2141860310
733, 3605610, 1832, 1787988, 1787114, 1016, 13830, 13830, 2441354492
730, 3604786, 1788502, 1880, 1044, 1787568, 12896, 12896, 432843066
736, 3607245, 1789787, 1958, 1077, 1788793, 12815, 12815, 1030964043
737, 3606225, 1977, 1789286, 1788216, 1102, 12822, 12822, 1903782894
735, 3607368, 1790427, 1527, 730, 1789374, 12655, 12655, 3289792336
731, 3603910, 1788221, 2122, 1279, 1787104, 12592, 12592, 339921618
738, 3604858, 1815, 1788656, 1787668, 939, 12890, 12890, 3925984730
740, 3603289, 1787875, 1496, 673, 1786669, 13288, 13288, 2970603280
739, 3603436, 1786637, 1996, 1123, 1785606, 14037, 14037, 1679691176
741, 3605067, 1787351, 3432, 2590, 1786272, 12711, 12711, 56291662
742, 3605659, 1789140, 1659, 841, 1788165, 12927, 12927, 1214809934
747, 3605656, 1740, 1788879, 1787671, 894, 13236, 13236, 1118408163
748, 3603100, 2227, 1786730, 1785401, 1360, 13691, 13691, 533915571
745, 3603320, 1787262, 2110, 1310, 1786220, 13209, 13209, 2141373675
746, 3606840, 1789462, 1722, 905, 1788513, 13119, 13119, 3602567631
751, 3605264, 1610, 1788812, 1787537, 835, 13235, 13235, 2808281131
743, 3605990, 1789653, 1742, 916, 1788777, 12451, 12451, 3923324124
754, 3604459, 1856, 1787622, 1786377, 1038, 13783, 13783, 3157996177
749, 3602544, 2089, 1786811, 1785885, 1221, 13269, 13269, 1881380563
744, 3603715, 1927, 1787376, 1786559, 1111, 13371, 13371, 3961196632
752, 3604030, 1788374, 1835, 937, 1787244, 12820, 12820, 4245664835
753, 3605743, 1789401, 1773, 924, 1788393, 12626, 12626, 114580536
750, 3604022, 1787934, 1776, 924, 1787038, 13175, 13175, 3588603208
756, 3605083, 1715, 1789413, 1788439, 862, 12327, 12327, 3425863527
755, 3610218, 1791996, 1577, 760, 1791019, 12433, 12433, 1458202670
758, 3604641, 67652, 1713425, 1712349, 66765, 22225, 22225, 2393806916
759, 3605791, 1789476, 1959, 1101, 1788499, 12378, 12378, 2866645673
760, 3606146, 1789658, 1971, 1142, 1788747, 12314, 12314, 2067187263
757, 3606914, 1789423, 1809, 957, 1788603, 13061, 13061, 3686162729
762, 3609320, 1789810, 3268, 2413, 1788637, 12596, 12596, 3841326991
764, 3605524, 1788244, 1994, 1176, 1787290, 13410, 13410, 2665816706
763, 3603408, 1744, 1787422, 1786468, 894, 13440, 13440, 1815462337
767, 3605862, 1708, 1789025, 1788024, 861, 13122, 13122, 3310465321
766, 3601562, 1786751, 1639, 857, 1785505, 13405, 13405, 790887060
761, 3602824, 1787351, 1691, 864, 1786500, 13209, 13209, 2042979699
768, 3603792, 4708, 1784752, 1783654, 3830, 13424, 13424, 2228624595
771, 3604130, 2036, 1788222, 1787135, 1165, 12786, 12786, 2220989512
769, 3605418, 1787935, 1961, 1114, 1786784, 13812, 13812, 1600665519
770, 3604205, 2065, 1787413, 1786494, 1159, 13537, 13537, 2197255704
765, 3607366, 1790009, 1983, 1135, 1789169, 12535, 12535, 3122441291
775, 3606372, 1789306, 1909, 1116, 1788259, 12891, 12891, 3588914828
774, 3605581, 1618, 1789078, 1787693, 800, 13196, 13196, 1545806816
777, 3605627, 1788603, 1878, 1039, 1787401, 13353, 13353, 2384301042
778, 3606073, 1757, 1788437, 1787516, 933, 13715, 13715, 2577657209
785, 3605357, 2012, 1788178, 1787197, 1156, 13407, 13407, 239423987
772, 3604602, 1788331, 1763, 910, 1787434, 13082, 13082, 2333368
773, 3603760, 1788244, 1879, 1019, 1787224, 12697, 12697, 1674686389
779, 3603495, 1576, 1686, 832, 749, 1799326, 1799326, 1625222545
776, 3606207, 1788993, 1867, 1008, 1788061, 13139, 13139, 945310752
782, 3605278, 1788625, 2024, 1166, 1787499, 12982, 12982, 4070552026
780, 3603722, 1786630, 1999, 1161, 1785482, 14225, 14225, 3688609313
781, 3607180, 1790532, 1528, 703, 1789301, 12558, 12558, 4279564548
783, 3605228, 1788929, 1847, 972, 1787806, 12837, 12837, 333824608
786, 3604410, 1820, 1788132, 1787149, 1017, 13146, 13146, 1166624579
784, 3607339, 1790137, 1859, 1013, 1788956, 12687, 12687, 324507987
788, 3605778, 1688, 1789435, 1788494, 875, 12643, 12643, 356250104
789, 3605747, 1840, 1788455, 1787482, 952, 13509, 13509, 1470228852
793, 3607711, 1689, 1790688, 1789597, 849, 12444, 12444, 2822312703
791, 3606188, 1967, 1789876, 1788830, 1129, 12193, 12193, 326910001
787, 3607176, 1704, 1789888, 1789025, 875, 12842, 12842, 97637795
797, 3604233, 3305, 1786758, 1785505, 2481, 13092, 13092, 2876214743
792, 3605159, 1788867, 1600, 767, 1787919, 13003, 13003, 1694172549
796, 3604464, 2105, 1787721, 1786676, 1228, 13367, 13367, 2940300220
801, 3607427, 1646, 1790283, 1788817, 817, 12932, 12932, 3954709710
794, 3606643, 1790427, 1385, 598, 1789383, 12425, 12425, 3250774918
790, 3607389, 1789891, 1729, 890, 1788987, 12946, 12946, 2342160022
795, 3603912, 2332, 1787063, 1786191, 1466, 13430, 13430, 1618194797
802, 3605582, 1788886, 2211, 1325, 1787694, 12733, 12733, 3334138592
799, 3601942, 1787661, 1824, 916, 1786569, 12486, 12486, 1825055962
804, 3605834, 1859, 1788844, 1787688, 1025, 13209, 13209, 426852420
800, 3605678, 1511, 1789693, 1788785, 691, 12499, 12499, 259936695
798, 3606111, 1805, 1789112, 1788195, 1009, 12995, 12995, 1542964464
809, 3605751, 1794, 1788798, 1787629, 1014, 13258, 13258, 3701287782
806, 3605072, 1788897, 1884, 1048, 1787889, 12677, 12677, 676930678
803, 3602417, 1786472, 2309, 1432, 1785608, 13298, 13298, 1391628353
811, 3601411, 1970, 1786670, 1785196, 1115, 13230, 13230, 1923027655
810, 3604898, 1632, 1788383, 1787172, 817, 13447, 13447, 315402821
805, 3609022, 1789740, 1985, 1158, 1788787, 13676, 13676, 263983605
807, 3605077, 1788609, 1405, 604, 1787645, 13407, 13407, 1619073661
808, 3604808, 1788605, 1639, 804, 1787508, 13126, 13126, 1977512052
815, 3603717, 2404, 1786972, 1786092, 1531, 13359, 13359, 3804590405
814, 3603063, 1787758, 1666, 870, 1786771, 12999, 12999, 612931595
813, 3600010, 1785477, 1954, 1102, 1784273, 13602, 13602, 1918743849
817, 3605566, 1854, 1788987, 1788016, 1039, 12835, 12835, 2289206123
819, 3606252, 1615, 1789980, 1788981, 784, 12446, 12446, 4020915805
812, 3608454, 1790519, 1639, 843, 1789635, 12909, 12909, 1979642842
822, 3606865, 1834, 1789631, 1788653, 1021, 12863, 12863, 757040225
818, 3605321, 1789118, 1751, 821, 1788045, 12793, 12793, 2805327241
816, 3605295, 1788688, 1575, 765, 1787703, 13282, 13282, 1892578291
820, 3605787, 1727, 1789455, 1788488, 875, 12621, 12621, 4225217070
823, 3606592, 1812, 1789474, 1788558, 910, 12919, 12919, 2596747245
824, 3604460, 1788828, 1811, 1008, 1787527, 12643, 12643, 3619006947
821, 3605878, 1789172, 1542, 766, 1788224, 13087, 13087, 3018207270
825, 3605544, 1789252, 1661, 862, 1788269, 12750, 12750, 608589515
828, 3604836, 1772, 1788508, 1787590, 922, 13022, 13022, 2647295428
829, 3606809, 1790208, 1416, 647, 1789186, 12676, 12676, 3864985672
830, 3606748, 1742, 1789394, 1788435, 905, 13136, 13136, 2339118157
834, 3606102, 1842, 1788222, 1787366, 1004, 13834, 13834, 4248703421
837, 3606629, 1637, 1789920, 1788936, 808, 12664, 12664, 216816073
827, 3606050, 1789156, 1691, 884, 1788193, 13063, 13063, 2313571501
826, 3607969, 1790134, 1874, 1074, 1789317, 12785, 12785, 1852144117
833, 3605653, 1788510, 1918, 1017, 1787662, 13273, 13273, 11423905
832, 3604217, 1768, 1789005, 1788113, 939, 12196, 12196, 1108489088
831, 3603666, 1787655, 2072, 1202, 1786607, 13065, 13065, 3173737436
835, 3604320, 1731, 1788633, 1787814, 850, 12646, 12646, 205119523
836, 3605070, 1814, 1788755, 1787906, 953, 12821, 12821, 59208951
840, 3608703, 1790927, 1955, 1108, 1789695, 12509, 12509, 3424940426
846, 3603350, 1993, 1787890, 1786363, 1152, 12976, 12976, 4084113255
841, 3603029, 1786501, 1825, 996, 1785685, 14011, 14011, 3035494679
842, 3605943, 1788908, 2083, 1208, 1787698, 13023, 13023, 272274761
838, 3603052, 2442, 1786743, 1785807, 1578, 13241, 13241, 3470381923
848, 3607352, 1847, 1789890, 1788536, 1003, 13038, 13038, 58833881
839, 3605190, 1788768, 1507, 670, 1787879, 13183, 13183, 2458583567
850, 3604096, 1787, 1788438, 1787172, 935, 12882, 12882, 3843305026
847, 3605854, 1900, 1789214, 1788228, 1036, 12738, 12738, 1819240723
843, 3609303, 1791072, 1497, 705, 1790257, 12886, 12886, 2958965290
849, 3605264, 1763, 1788640, 1787719, 908, 13117, 13117, 3066208255
845, 3604078, 1788104, 1848, 1015, 1787265, 12923, 12923, 1825593094
851, 3605635, 1789566, 1852, 952, 1788497, 12384, 12384, 3515413868
852, 3604617, 1788452, 1856, 1009, 1787394, 12953, 12953, 575989621
856, 3604267, 1610, 1788417, 1787390, 796, 13027, 13027, 2348669420
853, 3604821, 1788894, 1745, 886, 1787988, 12654, 12654, 3219556122
844, 3605089, 1788859, 2028, 1158, 1787830, 12607, 12607, 3806949283
859, 3604935, 1556, 1789048, 1787995, 744, 12796, 12796, 4258179584
858, 3605648, 1565, 1789245, 1788283, 709, 12923, 12923, 1723742385
854, 3607965, 1790685, 2039, 1257, 1789604, 12190, 12190, 3641250122
861, 3605914, 1789805, 1396, 653, 1788584, 12738, 12738, 2239284922
855, 3606441, 1790303, 1535, 679, 1789154, 12385, 12385, 3344715921
857, 3604615, 1788341, 1645, 834, 1787391, 13202, 13202, 298927513
860, 3603674, 2372, 1786657, 1785800, 1535, 13655, 13655, 2646520689
862, 3602442, 2105, 1786911, 1785938, 1196, 13146, 13146, 2943649667
866, 3605109, 1639, 1788625, 1787537, 794, 13257, 13257, 3248158431
865, 3604826, 2138, 1787857, 1786770, 1313, 13374, 13374, 653329682
870, 3605852, 1952, 1789034, 1787965, 1097, 12902, 12902, 3673300655
867, 3604489, 1788684, 1878, 1049, 1787652, 12613, 12613, 876519347
868, 3605043, 1740, 1788984, 1787968, 897, 12727, 12727, 3358182404
863, 3601516, 1786599, 1691, 833, 1785279, 13557, 13557, 3814139071
864, 3605219, 1788608, 1736, 909, 1787806, 13080, 13080, 149586183
869, 3602482, 1787566, 1745, 933, 1786560, 12839, 12839, 1350044249
873, 3603966, 1884, 1788541, 1787647, 1078, 12408, 12408, 1611352400
871, 3608301, 1789776, 2221, 1371, 1788931, 13001, 13001, 2213379360
878, 3608007, 1790666, 1883, 1031, 1789483, 12472, 12472, 1715325281
876, 3605451, 1702, 1789042, 1788200, 847, 12830, 12830, 3821709179
877, 3606279, 1789640, 1932, 1101, 1788636, 12485, 12485, 3163791122
875, 3607447, 1571, 1790441, 1789485, 744, 12603, 12603, 2221985536
874, 3603316, 1788369, 1693, 891, 1787427, 12468, 12468, 3544518386
882, 3600897, 1786175, 2048, 1135, 1784701, 13419, 13419, 1011585428
879, 3603772, 1788490, 1741, 923, 1787520, 12549, 12549, 2603833011
881, 3609290, 1791438, 1796, 973, 1790425, 12329, 12329, 2152050772
884, 3607905, 1904, 1789677, 1788563, 1065, 13348, 13348, 279725161
883, 3610159, 1791998, 1784, 929, 1790822, 12313, 12313, 3734931866
880, 3605199, 1843, 1789613, 1788569, 978, 12098, 12098, 740680677
872, 3605267, 2247, 1787675, 1786859, 1392, 13547, 13547, 69403194
885, 3605839, 1726, 1789198, 1788241, 874, 12900, 12900, 2632502335
890, 3603506, 1639, 1787685, 1786585, 785, 13406, 13406, 2866149262
889, 3601737, 1733, 1786464, 1785551, 927, 13531, 13531, 1720113860
894, 3603964, 1718, 1788256, 1787118, 940, 12966, 12966, 185945018
895, 3603886, 2135, 1787249, 1786032, 1260, 13605, 13605, 4118244879
888, 3602077, 1787326, 1631, 822, 1786318, 12990, 12990, 2855117657
892, 3605853, 1718, 1788535, 1787564, 892, 13572, 13572, 4050709772
896, 3605841, 1530, 1789213, 1788213, 737, 13074, 13074, 199445615
887, 3606744, 1789533, 1874, 1019, 1788662, 12828, 12828, 509513330
893, 3601970, 1645, 1787046, 1786003, 828, 13224, 13224, 1453062969
891, 3602058, 1787288, 1712, 886, 1786212, 12980, 12980, 2344192398
886, 3608241, 1789479, 1765, 941, 1788570, 13743, 13743, 1227127264
898, 3606003, 1789088, 1870, 1086, 1787957, 13001, 13001, 587711078
900, 3603592, 1722, 1788104, 1787113, 911, 12871, 12871, 2034287224
897, 3603534, 1787411, 1969, 1105, 1786451, 13299, 13299, 2638399334
899, 3605010, 1788613, 1660, 823, 1787398, 13258, 13258, 2446998136
901, 3604054, 1787346, 1905, 1050, 1786133, 13810, 13810, 77419732
904, 3606697, 1802, 1790008, 1788825, 914, 12574, 12574, 2856155668
906, 3605699, 1919, 1787895, 1786927, 1038, 13960, 13960, 943137943
902, 3609654, 1791040, 1652, 853, 1790201, 12954, 12954, 4148565663
905, 3608812, 1790391, 1777, 939, 1789473, 13116, 13116, 2787102256
903, 3601227, 1940, 1786428, 1785506, 1087, 13133, 13133, 1855905418
910, 3607249, 1705, 1790044, 1789076, 864, 12780, 12780, 2961678862
912, 3607163, 2289, 1788820, 1787913, 1417, 13362, 13362, 1007270914
908, 3603302, 1787532, 1835, 953, 1786266, 13358, 13358, 585720235
915, 3605197, 1708, 1788589, 1787558, 852, 13245, 13245, 1115926573
909, 3604058, 1782365, 1857, 976, 1781456, 18702, 18702, 2176536928
907, 3605825, 1788679, 1908, 1098, 1787766, 13187, 13187, 3804380990
916, 3604267, 1834, 1788302, 1787377, 992, 12881, 12881, 2917676560
917, 3602106, 2099, 1786979, 1785957, 1167, 12952, 12952, 2600895450
913, 3604525, 1788876, 1871, 1047, 1788077, 12327, 12327, 730537264
911, 3607023, 1877, 1789572, 1788710, 1052, 12906, 12906, 1538376254
914, 3605746, 1790113, 1691, 884, 1789164, 11947, 11947, 41146352
919, 3606055, 1790378, 1402, 593, 1789258, 12212, 12212, 2675382303
921, 3605800, 1806, 1789683, 1788693, 990, 12314, 12314, 1446618183
923, 3603365, 1717, 1788130, 1787063, 865, 12795, 12795, 3133936401
927, 3606032, 1922, 1789471, 1788345, 1074, 12610, 12610, 2203412125
925, 3606382, 1789041, 2071, 1212, 1787956, 13051, 13051, 167771688
918, 3604405, 1787813, 1613, 740, 1786849, 13695, 13695, 2467658684
928, 3607228, 2008, 1789467, 1788470, 1131, 13076, 13076, 3855616456
922, 3605616, 1789559, 1436, 642, 1788425, 12777, 12777, 354735217
926, 3605995, 1788951, 1762, 873, 1787991, 13209, 13209, 3040627659
930, 3605926, 1789503, 1744, 903, 1788532, 12622, 12622, 595414138
929, 3604977, 1746, 1788542, 1787624, 887, 13089, 13089, 798520813
933, 3607160, 2650, 1788261, 1787152, 1735, 13681, 13681, 978234879
924, 3606891, 1789716, 1777, 916, 1788780, 12851, 12851, 3867121093
920, 3607393, 1965, 1789328, 1788477, 1149, 13237, 13237, 1492683404
931, 3603610, 2242, 1787783, 1786830, 1363, 12696, 12696, 4256990592
934, 3604920, 1789343, 1631, 799, 1788235, 12456, 12456, 1799946340
940, 3607213, 2157, 1789634, 1788714, 1292, 12708, 12708, 2555323396
932, 3606586, 1789199, 1672, 855, 1788262, 13299, 13299, 392148770
941, 3605281, 1773, 1789351, 1788184, 941, 12516, 12516, 2768008381
942, 3607555, 1596, 1790767, 1789736, 776, 12340, 12340, 2344672324
936, 3606231, 1789255, 1712, 844, 1788400, 13010, 13010, 4195420093
939, 3606610, 1788986, 1793, 958, 1787881, 13496, 13496, 1806846645
945, 3602112, 1869, 1787180, 1786031, 944, 13044, 13044, 3400974515
943, 3606426, 1805, 1789415, 1788405, 955, 12923, 12923, 4225549113
935, 3603562, 1788705, 1583, 761, 1787621, 12446, 12446, 4237910053
937, 3604880, 1788556, 2004, 1097, 1787615, 12804, 12804, 944034526
944, 3605041, 1807, 1789129, 1788214, 937, 12477, 12477, 2162593463
938, 3605218, 1788376, 1861, 1033, 1787424, 13262, 13262, 1499674714
951, 3603921, 2182, 1787288, 1786201, 1324, 13463, 13463, 4207030698
949, 3605487, 1938, 1789392, 1788238, 1061, 12429, 12429, 3344209063
948, 3604224, 1609, 1788385, 1787387, 747, 13048, 13048, 4138374370
947, 3607726, 1789975, 1670, 854, 1789035, 13096, 13096, 4073564982
950, 3604905, 1788776, 1589, 765, 1787727, 13024, 13024, 319121341
956, 3604179, 1861, 1788063, 1786920, 1049, 13143, 13143, 3994391284
952, 3607622, 1991, 1789965, 1789109, 1149, 12704, 12704, 834865441
957, 3606293, 1682, 1789601, 1788626, 830, 12777, 12777, 3590947310
954, 3609291, 1801, 1790991, 1789944, 967, 12794, 12794, 3618692955
953, 3605849, 1789744, 1654, 810, 1788879, 12381, 12381, 3935062295
955, 3605137, 1788204, 1846, 1009, 1787064, 13507, 13507, 2751932636
959, 3607051, 1789277, 2137, 1264, 1787995, 13189, 13189, 3815856174
958, 3606697, 2001, 1789334, 1788404, 1150, 12904, 12904, 52955751
946, 3603745, 1697381, 90116, 89264, 1696392, 15296, 15296, 1234393582
961, 3605740, 1551, 1789023, 1788045, 719, 13201, 13201, 2285706517
963, 3604090, 1788468, 1893, 1011, 1787204, 12757, 12757, 2873236405
962, 3605979, 1789235, 2263, 1434, 1787989, 12529, 12529, 4084734976
966, 3607465, 1789685, 2479, 1643, 1788212, 12723, 12723, 325323447
964, 3604133, 1538, 1788530, 1787645, 668, 12876, 12876, 4199120660
973, 3605180, 1765, 1788293, 1787064, 958, 13550, 13550, 3436564422
965, 3608196, 1667, 1791350, 1790444, 893, 11921, 11921, 2877076004
960, 3603664, 1693, 1788075, 1787203, 835, 12929, 12929, 4212914422
968, 3606221, 1700, 1789402, 1788535, 868, 12858, 12858, 608541193
969, 3604636, 1771, 1788607, 1787690, 918, 12825, 12825, 302470094
971, 3602940, 1787399, 1665, 818, 1786392, 13333, 13333, 2029218033
967, 3602253, 1931, 1786922, 1785984, 1054, 13181, 13181, 2079779896
970, 3605690, 1788693, 1647, 846, 1787812, 13346, 13346, 1052065660
977, 3605115, 1966, 1788608, 1787569, 1110, 12931, 12931, 873910479
972, 3606144, 1833, 1789387, 1788509, 943, 12736, 12736, 3301130587
974, 3605718, 1788993, 1782, 873, 1788022, 13024, 13024, 3702878106
975, 3603612, 2057, 1787122, 1786252, 1193, 13494, 13494, 753272647
978, 3605398, 1789113, 1671, 842, 1788072, 12850, 12850, 3587599300
979, 3602609, 1906, 1786978, 1785930, 1055, 13370, 13370, 299585543
982, 3608342, 1889, 1791034, 1790054, 1077, 12144, 12144, 1439019884
981, 3608011, 1503, 1790522, 1789621, 705, 12830, 12830, 2502184139
980, 3606549, 2330, 1788601, 1787683, 1457, 13239, 13239, 3294209798
976, 3604734, 1788213, 1810, 965, 1787284, 13231, 13231, 1524751232
985, 3606677, 1531, 1789433, 1788475, 700, 13269, 13269, 2670773500
983, 3602228, 1969, 1786843, 1785894, 1112, 13205, 13205, 1134038433
984, 3605796, 1788559, 1709, 860, 1787560, 13554, 13554, 1995068737
987, 3606148, 1819, 1789586, 1788243, 980, 12760, 12760, 1927547360
986, 3607882, 1873, 1790554, 1789525, 1062, 12434, 12434, 749841689
989, 3604692, 1886, 1788097, 1787169, 1048, 13246, 13246, 2060814859
988, 3604140, 1788240, 1787, 914, 1787249, 12975, 12975, 3515077785
999, 3603906, 1513, 1788931, 1787794, 686, 12491, 12491, 3926171320
992, 3604690, 1788294, 1858, 1021, 1787149, 13184, 13184, 4090155147
997, 3606974, 1789800, 1820, 1015, 1788661, 12839, 12839, 3447827243
990, 3604109, 2306, 1787679, 1786791, 1443, 12945, 12945, 1702659436
991, 3605117, 1788091, 1706, 880, 1787136, 13652, 13652, 1921181938
995, 3606125, 1789944, 1495, 691, 1788819, 12588, 12588, 1185367904
993, 3605916, 1789862, 1684, 874, 1788904, 12296, 12296, 306001116
994, 3605342, 1788720, 1628, 806, 1787828, 13180, 13180, 2598150555
996, 3606345, 1788477, 1821, 1016, 1787521, 13755, 13755, 711259985
998, 3607447, 1789586, 1644, 804, 1788517, 13448, 13448, 2611780733
