sample_id, N_active, N_A_1, N_B_1, N_A_0, N_B_0, N_A_*, N_B_*, seed
5, 2072305, 472102, 459208, 454239, 467168, 109794, 109794, 3290799216
8, 2077789, 416340, 524112, 519218, 412005, 103057, 103057, 810828562
4, 2076999, 409930, 526160, 521358, 405613, 106969, 106969, 1763746522
9, 2073030, 447899, 482278, 477494, 443193, 111083, 111083, 1733494939
0, 2074298, 467063, 449206, 444605, 462458, 125483, 125483, 171887084
3, 2077190, 470105, 445256, 440888, 465233, 127854, 127854, 2350750595
1, 2077158, 419238, 498812, 494037, 414679, 125196, 125196, 2925590724
10, 2075273, 441906, 477959, 473047, 437403, 122479, 122479, 1423869898
6, 2073064, 489681, 412204, 407573, 484884, 139361, 139361, 1501502923
7, 2076965, 450803, 464457, 459820, 446095, 127895, 127895, 1903482048
2, 2076282, 475101, 453209, 448422, 470372, 114589, 114589, 2891185815
11, 2073502, 462123, 432365, 427732, 457244, 147019, 147019, 1284215213
13, 2075553, 489301, 444002, 439413, 484263, 109287, 109287, 3806287305
15, 2078078, 476839, 429895, 425439, 472001, 136952, 136952, 808869680
14, 2074122, 476571, 441515, 436908, 471816, 123656, 123656, 3491058516
18, 2073562, 492354, 425375, 420637, 487412, 123892, 123892, 4047440379
16, 2078765, 451404, 482493, 477717, 446693, 110229, 110229, 1847146350
17, 2076329, 467630, 451817, 447261, 462829, 123396, 123396, 2568593555
12, 2076830, 491230, 449433, 444740, 486317, 102555, 102555, 2642442807
19, 2073663, 519422, 411892, 407382, 514389, 110289, 110289, 3762127991
22, 2075381, 439535, 464726, 459881, 434743, 138248, 138248, 989577372
20, 2076895, 405847, 489192, 484219, 401333, 148152, 148152, 2484784966
23, 2077754, 511522, 418827, 414298, 506625, 113241, 113241, 2078869846
21, 2077009, 500748, 434600, 430016, 496095, 107775, 107775, 2775714316
24, 2076434, 468973, 461831, 457060, 463978, 112296, 112296, 3532427242
25, 2076830, 510195, 434506, 429917, 505108, 98552, 98552, 1133021719
27, 2073758, 451311, 475086, 470301, 446458, 115301, 115301, 3027798507
26, 2075037, 460500, 460894, 456098, 455849, 120848, 120848, 3739660473
32, 2076413, 462754, 462695, 457949, 457971, 117522, 117522, 2565580180
30, 2073515, 395409, 526606, 521567, 390795, 119569, 119569, 302666666
31, 2080758, 390524, 543278, 538452, 386388, 111058, 111058, 1927466208
28, 2078567, 505432, 421544, 416976, 500453, 117081, 117081, 2367398321
33, 2074132, 475354, 463750, 458848, 470380, 102900, 102900, 4277339123
29, 2075633, 423142, 521052, 516237, 418630, 98286, 98286, 2393201906
34, 2079649, 497773, 445128, 440405, 493155, 101594, 101594, 3566269398
35, 2075678, 471343, 465094, 460411, 466870, 105980, 105980, 1583186737
37, 2077025, 442933, 483348, 478720, 438040, 116992, 116992, 510789306
38, 2073235, 430574, 505662, 500529, 425860, 105305, 105305, 2062372780
40, 2077245, 422735, 508417, 503621, 418008, 112232, 112232, 41222072
36, 2077721, 401415, 516757, 511890, 397025, 125317, 125317, 1530276960
39, 2076428, 498580, 433023, 428175, 493750, 111450, 111450, 1794245246
43, 2074294, 472785, 467662, 462878, 468061, 101454, 101454, 1705385097
45, 2073739, 520650, 395190, 390309, 515784, 125903, 125903, 2320558726
44, 2078709, 449642, 471606, 467106, 444989, 122683, 122683, 2389768267
41, 2076230, 430166, 486070, 481130, 425308, 126778, 126778, 1031675892
42, 2076059, 544724, 389234, 384737, 539680, 108842, 108842, 1470346602
46, 2074312, 489991, 433795, 429032, 485058, 118218, 118218, 3444964007
47, 2075985, 453453, 475566, 470648, 448780, 113769, 113769, 1091378101
49, 2077520, 403764, 517775, 512828, 399371, 121891, 121891, 1649111920
48, 2075246, 527243, 417458, 412865, 522172, 97754, 97754, 3371198970
50, 2075601, 441750, 493178, 488161, 436976, 107768, 107768, 3762858977
51, 2077489, 478745, 458501, 453718, 473953, 106286, 106286, 3294606077
52, 2076856, 374593, 548109, 543326, 370160, 120334, 120334, 2617533597
53, 2075747, 538661, 376412, 371916, 533760, 127499, 127499, 134768034
55, 2076731, 399385, 497609, 492760, 394937, 146020, 146020, 2459068866
54, 2074379, 451126, 474736, 469919, 446286, 116156, 116156, 2358603579
56, 2077226, 413535, 504505, 499627, 408933, 125313, 125313, 810272139
57, 2079310, 415668, 505453, 500872, 411203, 123057, 123057, 3792816695
58, 2077206, 417688, 512109, 507314, 413029, 113533, 113533, 1885976714
59, 2075180, 425114, 489177, 484370, 420567, 127976, 127976, 2895759433
60, 2076086, 480861, 455046, 450207, 476094, 106939, 106939, 2950659282
63, 2075422, 446066, 475657, 470788, 441295, 120808, 120808, 3061881148
61, 2075168, 504999, 433944, 429086, 500023, 103558, 103558, 732872958
64, 2078304, 566416, 384333, 379846, 561421, 93144, 93144, 3703366432
62, 2075084, 499816, 440942, 436274, 494772, 101640, 101640, 3276815723
65, 2074499, 461216, 462135, 457276, 456498, 118687, 118687, 745679440
66, 2078109, 418293, 522207, 517298, 413847, 103232, 103232, 2970560354
68, 2076797, 366830, 544737, 539861, 362317, 131526, 131526, 808975341
67, 2075362, 478318, 426696, 422155, 473417, 137388, 137388, 3798092016
69, 2077371, 501161, 430500, 426117, 496433, 111580, 111580, 1380604900
70, 2078612, 488231, 457180, 452485, 483558, 98579, 98579, 690916996
71, 2075826, 500488, 430961, 426357, 495594, 111213, 111213, 3508759983
72, 2077482, 395920, 536898, 531911, 391535, 110609, 110609, 3455444146
73, 2078007, 501047, 440787, 436116, 496279, 101889, 101889, 1773122111
75, 2075516, 411989, 487597, 482737, 407381, 142906, 142906, 3017590823
77, 2076296, 392462, 525347, 520073, 387870, 125272, 125272, 1838769569
76, 2074907, 394988, 534327, 529195, 390477, 112960, 112960, 609753874
74, 2077960, 471347, 461846, 457150, 466659, 110479, 110479, 3876089003
78, 2076657, 480177, 437601, 432923, 475438, 125259, 125259, 3788677716
80, 2077156, 531365, 388890, 384424, 526365, 123056, 123056, 3584298698
79, 2079726, 508126, 410271, 405820, 503459, 126025, 126025, 1957258999
81, 2074668, 419038, 492432, 487531, 414641, 130513, 130513, 773635055
82, 2072591, 419928, 504511, 499419, 415289, 116722, 116722, 4211713335
84, 2074404, 484867, 445726, 441049, 480012, 111375, 111375, 3143976275
83, 2077006, 532055, 392837, 388201, 527167, 118373, 118373, 1599661048
85, 2078120, 392882, 535282, 530401, 388399, 115578, 115578, 3544991875
86, 2076210, 424806, 488441, 483609, 420112, 129621, 129621, 4009069261
88, 2075969, 472568, 411245, 406667, 467821, 158834, 158834, 1932847421
87, 2078132, 439869, 473332, 468533, 435428, 130485, 130485, 2107380366
90, 2075769, 353379, 567371, 562148, 349073, 121899, 121899, 2504055427
89, 2078378, 441747, 489944, 485393, 437154, 112070, 112070, 748672970
91, 2076268, 438532, 471076, 466161, 433793, 133353, 133353, 1948480596
92, 2074453, 482584, 435212, 430392, 477785, 124240, 124240, 2775129707
93, 2072177, 538593, 376024, 371336, 533462, 126381, 126381, 2322092723
94, 2077989, 425259, 508401, 503641, 420772, 109958, 109958, 2048268242
95, 2079775, 389169, 535412, 530546, 384502, 120073, 120073, 247185807
96, 2076059, 447603, 479370, 474317, 442889, 115940, 115940, 1650513529
97, 2075218, 462544, 437491, 432676, 457803, 142352, 142352, 2337847644
98, 2075994, 497189, 435283, 430769, 492333, 110210, 110210, 4164304183
99, 2072843, 486834, 443736, 439024, 482095, 110577, 110577, 3898830699
101, 2075653, 515461, 412908, 408467, 510381, 114218, 114218, 1498649459
100, 2074030, 517786, 408530, 403951, 512891, 115436, 115436, 4138813234
102, 2077418, 526114, 393339, 388697, 521194, 124037, 124037, 1484873911
103, 2073406, 436968, 489596, 484512, 432146, 115092, 115092, 2100198305
105, 2076055, 413132, 513971, 508919, 408593, 115720, 115720, 1481191424
104, 2079231, 429311, 484484, 479813, 424553, 130535, 130535, 3334016321
106, 2075017, 462123, 479492, 474489, 457299, 100807, 100807, 3376015240
108, 2075568, 484428, 432617, 427844, 479405, 125637, 125637, 2418840116
107, 2076554, 467319, 458216, 453375, 462552, 117546, 117546, 3065811348
109, 2075525, 414405, 509648, 504590, 409900, 118491, 118491, 3968594368
110, 2077166, 497351, 419276, 414797, 492480, 126631, 126631, 1647126196
111, 2077288, 366469, 553080, 548238, 362017, 123742, 123742, 555437575
112, 2080344, 536119, 416780, 412191, 531062, 92096, 92096, 2416497534
113, 2077724, 423755, 509895, 505144, 419220, 109855, 109855, 1878505306
114, 2078475, 390276, 540132, 535363, 385754, 113475, 113475, 1856022684
115, 2075282, 477821, 463418, 458628, 472839, 101288, 101288, 217180263
116, 2074331, 457905, 475997, 470991, 453098, 108170, 108170, 3316738180
117, 2074270, 441570, 473105, 468214, 436839, 127271, 127271, 1173941201
120, 2077299, 472112, 460533, 455759, 467357, 110769, 110769, 1536765407
118, 2076378, 462120, 454987, 450193, 457294, 125892, 125892, 2671285124
119, 2076819, 468608, 458267, 453524, 463620, 116400, 116400, 931192176
122, 2076769, 444441, 482564, 477816, 439844, 116052, 116052, 1391486868
121, 2077240, 450249, 480736, 475940, 445681, 112317, 112317, 2512310217
124, 2074824, 358528, 540749, 535697, 354126, 142862, 142862, 1541984880
126, 2075962, 431040, 482602, 477748, 426438, 129067, 129067, 3885852656
128, 2074800, 430947, 477568, 472455, 426366, 133732, 133732, 3626451218
125, 2077840, 436869, 468378, 463597, 432024, 138486, 138486, 3180571639
123, 2075005, 484496, 468673, 463694, 479672, 89235, 89235, 1105729684
127, 2076525, 510512, 426605, 421896, 505538, 105987, 105987, 1736175415
129, 2077244, 521151, 407098, 402543, 516256, 115098, 115098, 2102843240
130, 2074314, 444784, 479936, 475186, 440158, 117125, 117125, 3030860016
132, 2077003, 456540, 467417, 462731, 451801, 119257, 119257, 1186862264
131, 2074411, 490491, 417205, 412876, 485537, 134151, 134151, 2817881120
133, 2074757, 380826, 539526, 534331, 376464, 121805, 121805, 137457464
134, 2072848, 458785, 469026, 463976, 453857, 113602, 113602, 2610648999
137, 2074036, 498435, 436045, 431161, 493479, 107458, 107458, 3699808669
135, 2077914, 438805, 492643, 487888, 434250, 112164, 112164, 1649556608
136, 2076895, 503317, 419591, 414876, 498473, 120319, 120319, 3413667775
139, 2076855, 443155, 491798, 486764, 438502, 108318, 108318, 3443885247
140, 2077529, 472242, 461642, 456862, 467255, 109764, 109764, 4162541145
138, 2075442, 516600, 396208, 391703, 511615, 129658, 129658, 1349131452
141, 2076092, 472253, 458807, 454048, 467334, 111825, 111825, 2763866486
144, 2078579, 440038, 486898, 481937, 435414, 117146, 117146, 1534907178
145, 2075427, 481967, 421850, 417175, 477143, 138646, 138646, 3045709133
142, 2076970, 457306, 481795, 477069, 452796, 104002, 104002, 1051265917
143, 2077505, 482463, 449326, 444875, 477771, 111535, 111535, 1304814174
148, 2075325, 439564, 493717, 488885, 435165, 108997, 108997, 2780470321
150, 2076303, 471910, 459113, 454480, 467042, 111879, 111879, 2607306157
147, 2079226, 555019, 394684, 390160, 550139, 94612, 94612, 1559072146
146, 2077903, 557311, 374646, 370184, 552260, 111751, 111751, 3288822350
151, 2076449, 451060, 464227, 459244, 446688, 127615, 127615, 945593541
149, 2076901, 480144, 444212, 439455, 475296, 118897, 118897, 807647689
152, 2074485, 477336, 448066, 443279, 472418, 116693, 116693, 2647277240
153, 2076995, 501166, 416130, 411673, 496248, 125889, 125889, 4015156050
155, 2076258, 449444, 480109, 475224, 444635, 113423, 113423, 541139401
154, 2075559, 469542, 474091, 469545, 464815, 98783, 98783, 3810700596
156, 2073235, 462221, 464916, 460142, 457382, 114287, 114287, 1556932585
157, 2075882, 422007, 508298, 503410, 417303, 112432, 112432, 4247629347
159, 2076482, 480269, 454810, 450074, 475483, 107923, 107923, 3077880631
160, 2074601, 442986, 484446, 479505, 438420, 114622, 114622, 2501176671
161, 2075518, 427420, 507759, 502975, 422824, 107270, 107270, 2935448606
163, 2075445, 376775, 553598, 548641, 372351, 112040, 112040, 1884877565
162, 2074908, 485576, 452725, 447917, 480596, 104047, 104047, 2688912178
158, 2076427, 499145, 419421, 414795, 494280, 124393, 124393, 3835937604
165, 2077054, 483825, 447600, 443007, 479038, 111792, 111792, 1602679567
164, 2075074, 480446, 434626, 429912, 475674, 127208, 127208, 3718045188
167, 2074637, 428552, 508421, 503386, 423704, 105287, 105287, 3114836971
166, 2077054, 503441, 446689, 442014, 498448, 93231, 93231, 180995220
170, 2076388, 442821, 482220, 477370, 438285, 117846, 117846, 3466743119
168, 2074015, 499008, 429763, 424915, 493967, 113181, 113181, 403291902
171, 2076570, 489548, 448251, 443640, 484701, 105215, 105215, 3773185320
169, 2075246, 453290, 476466, 471782, 448536, 112586, 112586, 2229294115
174, 2074545, 472714, 440048, 435352, 468009, 129211, 129211, 1630504326
175, 2074881, 411710, 509713, 504654, 406976, 120914, 120914, 2871237556
172, 2077172, 442368, 484796, 479851, 437525, 116316, 116316, 3805909377
173, 2073363, 518309, 424543, 419829, 513328, 98677, 98677, 346797032
176, 2074429, 445619, 481062, 476399, 440867, 115241, 115241, 2297355140
177, 2076266, 527494, 399918, 395519, 522461, 115437, 115437, 107591268
178, 2073813, 402505, 501559, 496632, 398091, 137513, 137513, 3478100262
179, 2076301, 461559, 457228, 452689, 456655, 124085, 124085, 3251947740
181, 2077599, 444781, 499029, 494523, 440288, 99489, 99489, 1788923620
180, 2074962, 575225, 364269, 359643, 570255, 102785, 102785, 2319104201
183, 2077568, 478199, 458166, 453165, 473406, 107316, 107316, 404134347
184, 2076679, 494460, 436597, 431848, 489616, 112079, 112079, 2630363437
187, 2075050, 386674, 549606, 544451, 382077, 106121, 106121, 3499692181
182, 2072839, 386961, 512416, 507457, 382209, 141898, 141898, 2539469507
186, 2074273, 498088, 431294, 426516, 493281, 112547, 112547, 1976124319
185, 2074716, 484562, 446510, 441855, 479635, 111077, 111077, 3142720693
188, 2076424, 520394, 414415, 409862, 515467, 108143, 108143, 1674405711
189, 2078338, 438379, 489470, 484747, 433648, 116047, 116047, 3607992396
190, 2074216, 473577, 471063, 466326, 468638, 97306, 97306, 752890423
191, 2075497, 474852, 453623, 448965, 470065, 113996, 113996, 3038355227
193, 2076101, 424756, 491007, 486199, 419755, 127192, 127192, 1007304307
192, 2076389, 444283, 466802, 461934, 439582, 131894, 131894, 3438327882
194, 2076260, 523941, 404126, 399576, 519271, 114673, 114673, 2481190925
196, 2077081, 461148, 453503, 448830, 456352, 128624, 128624, 25259340
197, 2074872, 468956, 438083, 433299, 463998, 135268, 135268, 76601502
198, 2075446, 462469, 467603, 462812, 457576, 112493, 112493, 1190491802
195, 2076910, 492528, 425193, 420732, 487789, 125334, 125334, 2209657935
200, 2078807, 524385, 409209, 404828, 519485, 110450, 110450, 1449107496
199, 2078157, 550028, 389274, 384675, 545122, 104529, 104529, 1811214985
201, 2078140, 460893, 479504, 474734, 456279, 103365, 103365, 3573311363
202, 2078067, 430835, 488926, 484128, 426608, 123785, 123785, 3824369552
203, 2076763, 511643, 422475, 417902, 506885, 108929, 108929, 3534930666
204, 2079926, 442276, 496245, 491326, 437691, 106194, 106194, 221583468
206, 2079205, 499821, 426447, 421867, 494914, 118078, 118078, 484458055
205, 2077835, 493417, 428349, 423521, 488646, 121951, 121951, 3927389337
207, 2073876, 442959, 477618, 472823, 438230, 121123, 121123, 2945438664
210, 2076281, 496669, 418863, 414435, 491616, 127349, 127349, 491959332
208, 2076471, 497012, 442840, 438159, 492248, 103106, 103106, 563017431
209, 2073644, 469652, 447053, 442442, 464545, 124976, 124976, 1169068823
211, 2075896, 349802, 573928, 568902, 345158, 119053, 119053, 3658700843
212, 2076002, 457669, 469184, 464364, 452727, 116029, 116029, 2966107025
214, 2076332, 387846, 506388, 501343, 383485, 148635, 148635, 3693775044
216, 2076329, 457603, 454151, 449441, 452894, 131120, 131120, 2464498830
213, 2075122, 554832, 387959, 383555, 549842, 99467, 99467, 2893593274
215, 2075120, 487505, 441633, 436912, 482642, 113214, 113214, 1743066149
219, 2074931, 408663, 498240, 492928, 404040, 135530, 135530, 164643941
221, 2073676, 421438, 504287, 499159, 416808, 115992, 115992, 3213872193
220, 2071901, 454262, 457964, 453116, 449421, 128569, 128569, 2093518903
217, 2079098, 435447, 508109, 503273, 430849, 100710, 100710, 4183105863
218, 2075604, 412207, 510691, 505871, 407549, 119643, 119643, 2611663871
222, 2075650, 389178, 543736, 538794, 384628, 109657, 109657, 3350579273
223, 2076496, 450488, 462199, 457450, 445841, 130259, 130259, 3370908168
224, 2077874, 477954, 460558, 455851, 473225, 105143, 105143, 1863023721
228, 2075871, 443049, 485727, 480867, 438294, 113967, 113967, 4038747916
226, 2076727, 523461, 393966, 389274, 518462, 125782, 125782, 3623227508
225, 2073877, 472010, 463654, 459009, 467076, 106064, 106064, 2765747335
229, 2074584, 386448, 549067, 544154, 381859, 106528, 106528, 1477518364
227, 2078713, 487912, 426101, 421682, 483394, 129812, 129812, 1338579338
232, 2074988, 453275, 481807, 477122, 448624, 107080, 107080, 1800337959
230, 2074247, 474079, 409979, 405244, 469311, 157817, 157817, 3046807077
233, 2075753, 469349, 446185, 441424, 464453, 127171, 127171, 3715143940
231, 2074412, 483476, 435468, 430739, 478833, 122948, 122948, 1367126686
235, 2076409, 488406, 452664, 447721, 483702, 101958, 101958, 3834384386
234, 2077349, 477614, 446743, 441795, 472949, 119124, 119124, 2366986174
236, 2076868, 473917, 466390, 461655, 469224, 102841, 102841, 3182807492
238, 2074568, 479512, 458205, 453474, 474491, 104443, 104443, 3463761477
237, 2075215, 462909, 465494, 460664, 458218, 113965, 113965, 3714122297
241, 2074306, 399468, 537018, 532041, 394655, 105562, 105562, 3804880475
240, 2077897, 498577, 435926, 431160, 493850, 109192, 109192, 3788581905
239, 2078101, 484312, 435730, 431367, 479586, 123553, 123553, 1169073158
244, 2073887, 468809, 450781, 446042, 463919, 122168, 122168, 2175735291
242, 2073955, 487560, 425290, 420460, 482859, 128893, 128893, 1439013060
246, 2078314, 437278, 496292, 491537, 432557, 110325, 110325, 1425887350
248, 2075947, 434025, 505174, 500340, 429216, 103596, 103596, 2011074375
245, 2076841, 477161, 457772, 453041, 472383, 108242, 108242, 2312249216
243, 2075181, 473165, 451370, 446829, 468365, 117726, 117726, 446658881
247, 2075776, 390259, 536838, 531771, 385788, 115560, 115560, 2473476136
250, 2077717, 453385, 482254, 477623, 448449, 108003, 108003, 1743424118
251, 2075901, 492439, 437381, 432602, 487719, 112880, 112880, 1106911679
249, 2078733, 555366, 375977, 371602, 550608, 112590, 112590, 499154072
252, 2077977, 465803, 444711, 440237, 460982, 133122, 133122, 1200074557
253, 2077134, 450960, 478711, 473837, 446324, 113651, 113651, 643419965
255, 2076732, 451989, 464965, 460102, 447450, 126113, 126113, 675087427
254, 2076806, 525617, 387359, 382864, 520622, 130172, 130172, 3589222348
256, 2075948, 457763, 460770, 455890, 452967, 124279, 124279, 443179564
258, 2078079, 410188, 527473, 522443, 405719, 106128, 106128, 3704718930
260, 2077429, 516799, 389982, 385313, 512095, 136620, 136620, 2934897442
259, 2077195, 468788, 459050, 454462, 464077, 115409, 115409, 1297430163
257, 2075078, 436928, 499109, 494335, 432058, 106324, 106324, 3727668059
262, 2076742, 428671, 499008, 494203, 424018, 115421, 115421, 214221155
261, 2079906, 526265, 409599, 405181, 521115, 108873, 108873, 4043414982
263, 2076957, 456834, 475086, 470260, 452107, 111335, 111335, 334098881
264, 2077268, 560630, 385398, 380845, 555607, 97394, 97394, 2098841759
268, 2075361, 428418, 505690, 500692, 423699, 108431, 108431, 4097332459
266, 2076078, 463475, 460605, 455869, 458707, 118711, 118711, 2391644411
265, 2073959, 507586, 412986, 408286, 502591, 121255, 121255, 2262200008
271, 2074213, 394405, 512664, 507720, 389974, 134725, 134725, 2322317016
267, 2079806, 466739, 477388, 472741, 461964, 100487, 100487, 1102224591
272, 2077963, 461521, 465401, 460728, 456673, 116820, 116820, 1268205837
270, 2078724, 439751, 484118, 479284, 435151, 120210, 120210, 3722443945
269, 2075450, 536880, 385543, 380943, 532166, 119959, 119959, 4235644924
274, 2076240, 416463, 530513, 525409, 411925, 95965, 95965, 1424453794
273, 2072987, 480340, 458453, 453569, 475771, 102427, 102427, 1104698075
275, 2075048, 430540, 489830, 484785, 425941, 121976, 121976, 3520534196
276, 2073830, 514702, 409769, 404948, 509743, 117334, 117334, 318659900
278, 2076809, 482811, 438921, 434331, 478064, 121341, 121341, 1168293631
277, 2074063, 514843, 413245, 408509, 509606, 113930, 113930, 2834385968
279, 2073451, 528929, 389397, 384798, 523605, 123361, 123361, 977717336
280, 2080097, 535752, 417191, 412678, 530794, 91841, 91841, 1035086854
281, 2073145, 433866, 497833, 492808, 429006, 109816, 109816, 46373784
283, 2076614, 408365, 510364, 505320, 403701, 124432, 124432, 895747064
282, 2074154, 495125, 446203, 441146, 490280, 100700, 100700, 1852171090
284, 2076432, 518032, 423309, 418550, 513449, 101546, 101546, 817641954
287, 2074178, 494115, 424415, 419443, 489601, 123302, 123302, 1483345919
285, 2077151, 476259, 423342, 418676, 471410, 143732, 143732, 2991696102
286, 2073276, 533624, 394137, 389624, 528475, 113708, 113708, 4131611785
288, 2074039, 444832, 474939, 470145, 439933, 122095, 122095, 3690700254
290, 2076847, 413962, 518936, 514110, 409361, 110239, 110239, 1185763907
289, 2071699, 536131, 383381, 378518, 531067, 121301, 121301, 3289617235
291, 2071081, 425479, 488972, 484026, 420628, 125988, 125988, 474464200
292, 2077321, 475010, 452590, 447743, 470172, 115903, 115903, 17398247
293, 2073565, 562238, 369861, 365376, 557472, 109309, 109309, 1989834013
294, 2076165, 477957, 453278, 448422, 473006, 111751, 111751, 2600016719
296, 2078897, 414453, 512037, 507297, 409918, 117596, 117596, 713942914
295, 2074373, 446606, 459899, 455237, 441869, 135381, 135381, 2248598960
299, 2074757, 585058, 341890, 337489, 579908, 115206, 115206, 3538848907
298, 2076962, 486418, 440917, 436159, 481576, 115946, 115946, 1814182209
303, 2072049, 441760, 470950, 465879, 437196, 128132, 128132, 1559933210
297, 2078625, 553115, 391192, 386647, 548163, 99754, 99754, 1870393137
300, 2075888, 503725, 437137, 432542, 498850, 101817, 101817, 1399252079
302, 2075377, 490938, 437464, 432748, 485891, 114168, 114168, 3184427135
301, 2075845, 498790, 432756, 428255, 493942, 111051, 111051, 1448865746
304, 2076215, 517453, 405375, 400813, 512672, 119951, 119951, 3681262289
305, 2074248, 432379, 496371, 491592, 427482, 113212, 113212, 2370819286
306, 2077068, 441012, 492934, 488014, 436472, 109318, 109318, 1878664311
308, 2075147, 441137, 493738, 488946, 436528, 107399, 107399, 691757018
307, 2074438, 479407, 467077, 461965, 474569, 95710, 95710, 182870558
313, 2072943, 492726, 437169, 432167, 487797, 111542, 111542, 1104858253
309, 2077360, 469324, 460843, 456223, 464694, 113138, 113138, 3362079197
310, 2076366, 508377, 417025, 412276, 503372, 117658, 117658, 605859644
311, 2076942, 469966, 468460, 463728, 465142, 104823, 104823, 3566486382
315, 2078097, 427719, 474844, 469881, 423117, 141268, 141268, 388196989
314, 2075240, 433619, 499381, 494608, 428908, 109362, 109362, 3630362081
312, 2076048, 400411, 536170, 531455, 395796, 106108, 106108, 4115130426
317, 2074509, 455093, 479085, 474322, 450225, 107892, 107892, 3409754979
319, 2077352, 497123, 431289, 426597, 492365, 114989, 114989, 3177868844
318, 2075950, 459088, 457452, 452873, 454221, 126158, 126158, 3290848474
320, 2078286, 521926, 420446, 415949, 516885, 101540, 101540, 1882414847
316, 2077146, 451572, 466601, 461985, 446656, 125166, 125166, 2190867628
322, 2079692, 418870, 517281, 512443, 414496, 108301, 108301, 1416106396
323, 2076603, 401941, 506527, 501731, 397324, 134540, 134540, 123422770
321, 2077501, 454357, 487592, 482863, 449813, 101438, 101438, 3876246363
327, 2074585, 468528, 462138, 457442, 463705, 111386, 111386, 153666417
324, 2077695, 452250, 470675, 466071, 447623, 120538, 120538, 1237532598
325, 2076710, 460028, 470380, 465534, 455406, 112681, 112681, 1960243021
326, 2076495, 525046, 386879, 382587, 520007, 130988, 130988, 92627476
329, 2076390, 455348, 464872, 460182, 450646, 122671, 122671, 3510366476
328, 2074283, 463974, 469993, 465034, 459252, 108015, 108015, 3668936321
330, 2075823, 496784, 445072, 440497, 491768, 100851, 100851, 2262278254
332, 2080636, 410323, 501930, 497293, 405786, 132652, 132652, 894686917
334, 2075662, 423921, 508212, 503167, 419120, 110621, 110621, 2660342650
331, 2078436, 437737, 490677, 486148, 432950, 115462, 115462, 2772227561
333, 2072148, 423983, 506357, 501430, 419256, 110561, 110561, 1445403478
337, 2078049, 476490, 439395, 434908, 471672, 127792, 127792, 3727838827
338, 2075859, 425841, 492162, 487354, 421334, 124584, 124584, 4033761644
340, 2075637, 483000, 456532, 451750, 478049, 103153, 103153, 118810142
335, 2073997, 495412, 419478, 414730, 490553, 126912, 126912, 2220313536
336, 2075724, 461850, 419719, 415104, 457073, 160989, 160989, 1373572053
339, 2075363, 440620, 495677, 490856, 436106, 106052, 106052, 4085832468
341, 2075709, 406877, 513172, 508393, 402163, 122552, 122552, 139844500
342, 2076297, 394663, 537050, 532121, 390075, 111194, 111194, 1053430164
343, 2078389, 525107, 415589, 411156, 520303, 103117, 103117, 800520380
345, 2075648, 431084, 490050, 485018, 426442, 121527, 121527, 712761669
344, 2078151, 494271, 437144, 432297, 489389, 112525, 112525, 2330644777
346, 2077394, 510330, 417521, 412891, 505566, 115543, 115543, 1210422355
351, 2075572, 425010, 490933, 486011, 420396, 126611, 126611, 869617305
349, 2075498, 405995, 493151, 488289, 401445, 143309, 143309, 3310084738
347, 2073583, 502533, 394520, 389941, 497443, 144573, 144573, 795583380
350, 2077345, 443823, 501445, 496449, 439194, 98217, 98217, 1540243532
353, 2073389, 471160, 437289, 432453, 466371, 133058, 133058, 3165109920
348, 2075478, 432737, 485267, 480547, 427999, 124464, 124464, 2032407729
352, 2077540, 452649, 493459, 488667, 447831, 97467, 97467, 478555516
354, 2075401, 502907, 429453, 424965, 498242, 109917, 109917, 4286099886
355, 2073560, 471198, 456888, 451832, 466424, 113609, 113609, 227989296
358, 2078269, 462847, 478567, 473733, 458046, 102538, 102538, 3627123303
356, 2078144, 415545, 517528, 512606, 410979, 110743, 110743, 365472195
357, 2077604, 490124, 425779, 421136, 485327, 127619, 127619, 3867598481
360, 2075105, 509945, 426784, 422166, 505026, 105592, 105592, 418533779
359, 2074484, 436767, 499148, 494256, 431979, 106167, 106167, 581136592
361, 2074112, 449886, 475361, 470514, 444985, 116683, 116683, 2690109033
362, 2076573, 539597, 377571, 373201, 534568, 125818, 125818, 1420527551
363, 2075663, 400721, 518885, 514001, 396228, 122914, 122914, 2624707968
364, 2076779, 546536, 393354, 388715, 541724, 103225, 103225, 4055586256
365, 2076573, 459639, 470527, 465708, 454853, 112923, 112923, 1088380893
366, 2077283, 437290, 495262, 490486, 432641, 110802, 110802, 1628216759
367, 2076678, 484214, 438147, 433566, 479393, 120679, 120679, 887729613
368, 2074798, 425219, 511204, 506165, 420500, 105855, 105855, 2274655150
370, 2076403, 411412, 541718, 536604, 406793, 89938, 89938, 4000013664
369, 2075508, 500225, 425701, 421169, 495365, 116524, 116524, 2838978762
372, 2071880, 400476, 509104, 504247, 396009, 131022, 131022, 1137630064
371, 2077251, 492159, 453018, 448198, 487182, 98347, 98347, 158283302
373, 2074696, 479131, 447689, 442949, 474363, 115282, 115282, 878737396
374, 2077163, 412969, 519309, 514313, 408452, 111060, 111060, 479599766
376, 2072919, 426251, 510930, 505769, 421501, 104234, 104234, 2150004168
375, 2075824, 530127, 399080, 394581, 525188, 113424, 113424, 2659750312
377, 2073359, 580904, 340494, 336040, 575451, 120235, 120235, 717148009
378, 2076553, 408630, 494644, 489906, 404185, 139594, 139594, 17711963
381, 2074451, 492768, 433600, 428837, 488052, 115597, 115597, 2996792742
379, 2074207, 441336, 489716, 484828, 436599, 110864, 110864, 1866180611
380, 2075540, 492021, 428868, 424415, 487304, 121466, 121466, 1898965788
383, 2074152, 501379, 433724, 428973, 496394, 106841, 106841, 492836825
382, 2074171, 466117, 461023, 456294, 461197, 114770, 114770, 3426456929
384, 2077071, 474238, 468943, 464191, 469333, 100183, 100183, 1232107576
387, 2075836, 445932, 475371, 470498, 441223, 121406, 121406, 1740680849
385, 2075078, 559038, 366928, 362412, 553828, 116436, 116436, 2963448360
386, 2078604, 435761, 507386, 502507, 431150, 100900, 100900, 806126795
388, 2076090, 467380, 462348, 457619, 462513, 113115, 113115, 1358865847
389, 2077174, 521085, 421303, 416825, 516151, 100905, 100905, 1877689794
390, 2077413, 435544, 499543, 494781, 430853, 108346, 108346, 1863167103
392, 2074444, 416137, 515806, 510934, 411467, 110050, 110050, 644232433
391, 2075824, 471932, 469449, 464485, 467396, 101281, 101281, 2008982535
393, 2075978, 456338, 444283, 439407, 451710, 142120, 142120, 2745618652
394, 2073433, 494100, 437816, 433031, 489156, 109665, 109665, 2016378926
395, 2076750, 536579, 401827, 397606, 531820, 104459, 104459, 3017746646
397, 2073847, 413437, 521131, 516040, 408643, 107298, 107298, 1533066632
399, 2075258, 483116, 450011, 445308, 478197, 109313, 109313, 1290554963
398, 2077077, 474576, 434531, 429919, 469823, 134114, 134114, 3471610752
396, 2078701, 481902, 446959, 442474, 477108, 115129, 115129, 3818607039
400, 2077813, 530585, 398454, 393940, 525700, 114567, 114567, 3212379639
401, 2075210, 422951, 488930, 484036, 418129, 130582, 130582, 1345430514
404, 2075542, 387600, 556789, 551778, 382997, 98189, 98189, 3268933781
403, 2077343, 430768, 501595, 496558, 426026, 111198, 111198, 3807125035
402, 2076347, 448964, 459939, 455154, 444496, 133897, 133897, 565325759
405, 2076299, 426275, 494984, 490081, 421697, 121631, 121631, 2025898289
406, 2074837, 495030, 444118, 439379, 490294, 103008, 103008, 2044956865
411, 2077123, 401863, 535984, 531094, 397086, 105548, 105548, 1409390698
410, 2079254, 409645, 520782, 516037, 405250, 113770, 113770, 2161065321
409, 2077090, 423225, 506885, 502405, 418503, 113036, 113036, 369154485
408, 2076606, 386068, 504109, 499555, 381478, 152698, 152698, 3816199921
407, 2072864, 539667, 370229, 365680, 534478, 131405, 131405, 3230410946
412, 2076890, 513960, 397970, 393371, 509241, 131174, 131174, 4011343245
413, 2078782, 481825, 443373, 438786, 477238, 118780, 118780, 3714661673
414, 2078047, 489779, 439249, 434475, 484894, 114825, 114825, 582380665
417, 2076977, 457421, 447176, 442540, 452642, 138599, 138599, 1165495658
416, 2077087, 467308, 440483, 435848, 462586, 135431, 135431, 304859191
418, 2074846, 440885, 488985, 484174, 436366, 112218, 112218, 2341137288
415, 2074923, 470416, 435540, 431179, 465780, 136004, 136004, 1155403288
419, 2075861, 497168, 442785, 438138, 492270, 102750, 102750, 1512496291
421, 2075383, 437638, 494207, 489442, 433082, 110507, 110507, 1958457010
420, 2077837, 480710, 447743, 443445, 475611, 115164, 115164, 1299913463
422, 2075103, 471090, 456878, 452260, 466289, 114293, 114293, 1840275289
423, 2076328, 530847, 398109, 393637, 526069, 113833, 113833, 1848909204
424, 2074757, 516901, 405472, 400680, 511912, 119896, 119896, 2939482426
425, 2079083, 406205, 528359, 523531, 401642, 109673, 109673, 800002798
426, 2075932, 540824, 403781, 399194, 535833, 98150, 98150, 3373559004
430, 2075506, 475214, 439716, 435047, 470557, 127486, 127486, 503206807
428, 2076310, 433504, 497119, 492368, 428783, 112268, 112268, 3506446206
427, 2074514, 495754, 424376, 419956, 490632, 121898, 121898, 496747394
431, 2074134, 411786, 489277, 484531, 407132, 140704, 140704, 897458728
429, 2078344, 502539, 424358, 419807, 497794, 116923, 116923, 3459364425
432, 2078302, 467075, 464563, 460020, 462360, 112142, 112142, 495608487
434, 2072663, 459377, 472766, 467692, 454484, 109172, 109172, 3109621573
435, 2073464, 513386, 427490, 422850, 508020, 100859, 100859, 2477270033
433, 2074552, 456489, 461919, 457062, 451852, 123615, 123615, 1786073426
436, 2074418, 456252, 472684, 467643, 451497, 113171, 113171, 4115480345
437, 2077770, 405155, 522144, 517487, 400586, 116199, 116199, 2555839491
438, 2075068, 466297, 452555, 447684, 461616, 123458, 123458, 175941357
440, 2074780, 507658, 427126, 422402, 502982, 107306, 107306, 889307848
441, 2077193, 375656, 557712, 552789, 371378, 109829, 109829, 4162697897
442, 2077281, 457405, 466242, 461306, 452908, 119710, 119710, 976042117
439, 2077265, 557448, 396576, 392157, 552434, 89325, 89325, 978494424
443, 2076697, 382702, 536761, 531874, 377960, 123700, 123700, 3714699727
446, 2075404, 455813, 471063, 466319, 451105, 115552, 115552, 3030675203
445, 2076200, 565215, 367446, 362893, 560058, 110294, 110294, 3430823771
444, 2080451, 368351, 563561, 558448, 363891, 113100, 113100, 926553625
448, 2076906, 437867, 486334, 481664, 433123, 118959, 118959, 1343641862
447, 2075927, 516094, 390187, 385569, 511093, 136492, 136492, 3282971011
449, 2078878, 389355, 514251, 509354, 384984, 140467, 140467, 1617014264
450, 2075315, 450045, 484571, 479842, 445469, 107694, 107694, 3796099109
451, 2075218, 444090, 470589, 465615, 439422, 127751, 127751, 210504648
453, 2077235, 447716, 482272, 477333, 443118, 113398, 113398, 846716498
455, 2074927, 405201, 517499, 512662, 400331, 119617, 119617, 3690583959
452, 2076857, 445427, 490788, 485950, 440626, 107033, 107033, 1533715111
454, 2079185, 419855, 500626, 495780, 415398, 123763, 123763, 1459562653
458, 2072679, 441562, 465704, 460936, 436661, 133908, 133908, 3084695588
457, 2077253, 385014, 539052, 533868, 380447, 119436, 119436, 3636779436
456, 2076879, 484930, 451425, 446752, 480214, 106779, 106779, 2996225884
459, 2074499, 507698, 424997, 420203, 502895, 109353, 109353, 885027995
460, 2074755, 508895, 444171, 439331, 504224, 89067, 89067, 2159312379
461, 2073769, 510386, 416906, 412161, 505330, 114493, 114493, 4144233904
462, 2075424, 481106, 441792, 436964, 476480, 119541, 119541, 1841473673
464, 2077157, 479343, 445545, 440612, 474775, 118441, 118441, 657594261
463, 2077370, 618415, 322253, 317942, 612998, 102881, 102881, 4114037971
466, 2077132, 453119, 465787, 461140, 448638, 124224, 124224, 3013228797
467, 2078628, 493864, 433211, 428734, 488963, 116928, 116928, 4213273354
465, 2074507, 415943, 493933, 489073, 411172, 132193, 132193, 1841612877
468, 2076999, 413000, 510711, 505807, 408289, 119596, 119596, 1678100916
469, 2079361, 456088, 463196, 458591, 451500, 124993, 124993, 3974148981
471, 2074731, 473193, 458737, 453896, 468353, 110276, 110276, 3702764975
470, 2075996, 435257, 485707, 481021, 430621, 121695, 121695, 2458449202
472, 2076433, 428201, 495228, 490331, 423467, 119603, 119603, 3970361192
473, 2072380, 514072, 419181, 414409, 509198, 107760, 107760, 1610874565
474, 2074265, 475280, 468557, 463684, 470364, 98190, 98190, 3749880287
476, 2072798, 483214, 453294, 448368, 478182, 104870, 104870, 3316507721
477, 2078084, 471128, 466274, 461463, 466451, 106384, 106384, 189824852
481, 2075406, 451728, 481102, 476503, 446783, 109645, 109645, 3829566752
478, 2075462, 471758, 467187, 462297, 467004, 103608, 103608, 3293436395
475, 2076153, 493360, 443380, 438496, 488625, 106146, 106146, 2449952194
482, 2075011, 370898, 555892, 551045, 366200, 115488, 115488, 3689815972
479, 2075127, 519506, 405960, 401634, 514571, 116728, 116728, 1273925917
480, 2077301, 454168, 489576, 484755, 449646, 99578, 99578, 397199469
484, 2076825, 424962, 516956, 512113, 420312, 101241, 101241, 2882653939
485, 2075516, 415261, 505740, 500878, 410707, 121465, 121465, 432407482
483, 2079291, 495482, 427029, 422386, 490766, 121814, 121814, 1369509428
486, 2077229, 471375, 445430, 440779, 466883, 126381, 126381, 1987545516
488, 2076887, 460187, 455158, 450673, 455387, 127741, 127741, 3283743270
487, 2076062, 458322, 477688, 472949, 453415, 106844, 106844, 497250104
490, 2074147, 491183, 441139, 436333, 486222, 109635, 109635, 878996088
491, 2075410, 473023, 466006, 461164, 468359, 103429, 103429, 3380641312
492, 2074114, 460337, 458637, 453599, 455503, 123019, 123019, 1206996278
493, 2077265, 479746, 460974, 456168, 475011, 102683, 102683, 1022718279
489, 2072590, 546765, 382445, 377889, 541709, 111891, 111891, 1934995404
494, 2077550, 415915, 510363, 505532, 411416, 117162, 117162, 892313285
495, 2077631, 464193, 472088, 467278, 459556, 107258, 107258, 2429730196
497, 2075082, 455977, 488560, 483594, 451277, 97837, 97837, 2012153445
496, 2074450, 509285, 418114, 413473, 504116, 114731, 114731, 2696811042
499, 2078817, 470172, 454861, 450166, 465478, 119070, 119070, 2696378216
498, 2074211, 467295, 455358, 450673, 462359, 119263, 119263, 1592606326
500, 2077122, 473225, 444867, 440220, 468592, 125109, 125109, 2428322278
501, 2076647, 438559, 485801, 480912, 433917, 118729, 118729, 2580068598
503, 2072620, 444322, 470050, 464874, 439594, 126890, 126890, 655225252
502, 2078191, 488048, 440802, 436364, 483477, 114750, 114750, 2746145682
504, 2076168, 483445, 444832, 440144, 478471, 114638, 114638, 2635035462
506, 2074094, 443839, 486555, 481378, 438978, 111672, 111672, 4246911456
505, 2081470, 425894, 495795, 491154, 421481, 123573, 123573, 3762723500
508, 2079843, 499126, 441302, 436602, 494363, 104225, 104225, 1228829097
507, 2075241, 498989, 448701, 443910, 494237, 94702, 94702, 3499487898
509, 2076039, 512174, 409088, 404377, 507518, 121441, 121441, 4037368081
511, 2073349, 499166, 432510, 427736, 494353, 109792, 109792, 3654218481
512, 2075390, 454753, 471175, 466430, 449896, 116568, 116568, 726948274
510, 2076958, 486799, 454762, 450147, 482078, 101586, 101586, 2365389105
515, 2076238, 436469, 510895, 505994, 431880, 95500, 95500, 2541127905
518, 2075097, 499203, 419281, 414714, 494109, 123895, 123895, 1358750985
513, 2074457, 476755, 456480, 451578, 471696, 108974, 108974, 328373420
516, 2075668, 492565, 426954, 422499, 487594, 123028, 123028, 2321404578
517, 2076702, 488866, 423388, 418783, 483953, 130856, 130856, 723269677
519, 2076308, 468307, 457602, 452755, 463474, 117085, 117085, 1826587180
514, 2076859, 460284, 460429, 455686, 455382, 122539, 122539, 310568025
521, 2074713, 471111, 456937, 451942, 466293, 114215, 114215, 3264582140
520, 2076214, 533762, 392445, 387695, 528756, 116778, 116778, 2747947842
524, 2074514, 444416, 480680, 475595, 439703, 117060, 117060, 785655746
522, 2072788, 448701, 486139, 481180, 444062, 106353, 106353, 1794203501
528, 2075166, 434804, 492389, 487467, 430080, 115213, 115213, 1238321002
523, 2077792, 478381, 451517, 446597, 473609, 113844, 113844, 3654430840
525, 2075870, 417402, 499013, 494164, 412749, 126271, 126271, 2027361131
527, 2078315, 497633, 430310, 425780, 493038, 115777, 115777, 3616223736
526, 2080767, 492704, 459695, 455092, 488138, 92569, 92569, 2155483182
531, 2075830, 443607, 489132, 484355, 438836, 109950, 109950, 1236992223
529, 2075735, 445814, 470437, 465587, 440971, 126463, 126463, 697621616
533, 2074486, 459691, 467542, 462987, 454584, 114841, 114841, 3908143972
530, 2078465, 383690, 542179, 537276, 379164, 118078, 118078, 3937066737
532, 2078516, 432342, 450298, 445629, 427771, 161238, 161238, 3407047596
534, 2077030, 454992, 475010, 470326, 450314, 113194, 113194, 10700187
537, 2078227, 451600, 486556, 481670, 446965, 105718, 105718, 1794342364
536, 2074897, 423245, 523685, 518779, 418542, 95323, 95323, 3490194075
539, 2076144, 411888, 495509, 490559, 407140, 135524, 135524, 1543429566
538, 2078147, 454282, 481225, 476413, 449403, 108412, 108412, 3148141704
535, 2077643, 503412, 433317, 428860, 498460, 106797, 106797, 2693302557
540, 2078411, 427111, 492185, 487564, 422531, 124510, 124510, 2419491857
541, 2078651, 445513, 485496, 480894, 440682, 113033, 113033, 3192506292
543, 2075137, 529495, 392473, 387946, 524433, 120395, 120395, 1748131758
542, 2071157, 506488, 417000, 412148, 501383, 117069, 117069, 3236940376
544, 2074512, 531290, 404191, 399537, 526062, 106716, 106716, 1200653447
545, 2076640, 502527, 427259, 422758, 497770, 113163, 113163, 2296716899
546, 2076221, 474851, 469726, 465185, 470019, 98220, 98220, 3436868621
551, 2075444, 458196, 471762, 467193, 453347, 112473, 112473, 663433288
548, 2078622, 422014, 509553, 505007, 417302, 112373, 112373, 3569501917
547, 2079086, 533999, 393928, 389167, 528888, 116552, 116552, 3091014396
549, 2075440, 412347, 493682, 488975, 407824, 136306, 136306, 2226408147
550, 2073395, 478899, 441784, 437177, 473903, 120816, 120816, 659786215
553, 2075805, 365347, 562374, 557391, 360801, 114946, 114946, 2134529872
552, 2077671, 489711, 407523, 403005, 485018, 146207, 146207, 1740188712
554, 2074083, 432696, 486378, 481459, 428052, 122749, 122749, 422748078
556, 2076449, 528820, 377638, 372980, 523885, 136563, 136563, 4086066472
555, 2075593, 446405, 481084, 476263, 441593, 115124, 115124, 1194673428
558, 2077744, 484922, 442380, 438012, 479950, 116240, 116240, 2583247455
559, 2075893, 462636, 463651, 458963, 457835, 116404, 116404, 933533090
560, 2075750, 469266, 470157, 465440, 464523, 103182, 103182, 3600945996
557, 2075635, 455434, 461126, 456309, 450788, 125989, 125989, 2098947586
561, 2075386, 450618, 471891, 467181, 445692, 120002, 120002, 1702261831
565, 2075127, 462948, 445494, 440629, 458128, 133964, 133964, 2656968659
566, 2075593, 379051, 539783, 535090, 374435, 123617, 123617, 484895362
563, 2075536, 429721, 494542, 489989, 425138, 118073, 118073, 915210552
562, 2077672, 536884, 380294, 375993, 532067, 126217, 126217, 2374554477
564, 2079157, 551272, 375845, 371529, 546509, 117001, 117001, 1868630176
568, 2075073, 421271, 518893, 514014, 416507, 102194, 102194, 1223908746
567, 2075546, 444405, 463247, 458276, 439630, 134994, 134994, 2319213345
569, 2074722, 491481, 424713, 419905, 486773, 125925, 125925, 1168189718
574, 2072207, 369247, 550832, 545656, 364636, 120918, 120918, 3168825704
570, 2077814, 427811, 517796, 512821, 423110, 98138, 98138, 2996282676
571, 2076583, 457151, 473731, 469031, 452434, 112118, 112118, 2727857572
572, 2076163, 444167, 479514, 474629, 439439, 119207, 119207, 2736310778
575, 2075351, 422337, 510380, 505532, 417936, 109583, 109583, 2546855839
573, 2076820, 450382, 486944, 482192, 445498, 105902, 105902, 1779677788
576, 2077175, 462140, 470492, 465869, 457570, 110552, 110552, 4233141836
578, 2079752, 436120, 497483, 492705, 431622, 110911, 110911, 477876493
577, 2078725, 455463, 475568, 471202, 450500, 112996, 112996, 3273014723
580, 2076474, 463293, 471962, 467309, 458684, 107613, 107613, 320421927
579, 2078383, 502418, 435857, 431218, 497694, 105598, 105598, 366230777
581, 2079485, 468735, 461298, 456613, 463793, 114523, 114523, 1579684199
583, 2073964, 436416, 485285, 480398, 431575, 120145, 120145, 60571808
582, 2076627, 448129, 472677, 467768, 443351, 122351, 122351, 2849530688
587, 2078049, 498714, 429741, 424877, 493905, 115406, 115406, 3206711823
586, 2077036, 509912, 414073, 409334, 504965, 119376, 119376, 1309303636
585, 2076244, 465412, 467919, 463212, 460545, 109578, 109578, 1996114155
584, 2073680, 468622, 454345, 449665, 463474, 118787, 118787, 274110736
589, 2075718, 515770, 404922, 400352, 510686, 121994, 121994, 1957186672
588, 2077479, 462235, 450825, 445969, 457488, 130481, 130481, 1790464344
590, 2074530, 465460, 462286, 457399, 460619, 114383, 114383, 3857333654
591, 2076490, 432989, 492864, 488075, 428250, 117156, 117156, 1011188407
592, 2076834, 432795, 482268, 477546, 428079, 128073, 128073, 2625197621
593, 2074243, 523213, 415338, 410590, 518388, 103357, 103357, 3610874464
594, 2076123, 441817, 491111, 486202, 437335, 109829, 109829, 1245410936
596, 2076482, 430789, 500245, 495488, 426142, 111909, 111909, 3685694255
595, 2077149, 444509, 453986, 449237, 439733, 144842, 144842, 1825788376
598, 2076737, 491842, 441084, 436372, 487203, 110118, 110118, 3469053356
597, 2074889, 552609, 382338, 377870, 547408, 107332, 107332, 1436727170
600, 2075842, 472567, 449784, 445094, 467733, 120332, 120332, 588864203
599, 2075011, 482153, 447187, 442469, 477538, 112832, 112832, 3163757434
602, 2075043, 439502, 498353, 493544, 434812, 104416, 104416, 682016668
601, 2075270, 522876, 419575, 415016, 518101, 99851, 99851, 3298270112
603, 2076460, 443211, 479575, 474779, 438585, 120155, 120155, 2965607153
604, 2078296, 453203, 474148, 469599, 448698, 116324, 116324, 1875459198
605, 2077484, 433953, 502492, 497595, 429014, 107215, 107215, 745514864
606, 2074726, 416598, 502061, 497059, 412172, 123418, 123418, 1224055855
607, 2074099, 475970, 458716, 453981, 470938, 107247, 107247, 1331696759
608, 2076332, 437697, 465650, 460692, 433115, 139589, 139589, 2612556186
610, 2077210, 435474, 493571, 488659, 430998, 114254, 114254, 486157177
611, 2076682, 446725, 476199, 471288, 442182, 120144, 120144, 986176850
612, 2073614, 443170, 486137, 481168, 438465, 112337, 112337, 978127355
609, 2077616, 497173, 444610, 440114, 492239, 101740, 101740, 2371701336
614, 2076227, 438003, 488875, 483925, 433260, 116082, 116082, 2834445436
615, 2075927, 456836, 477524, 472870, 451965, 108366, 108366, 1335953247
613, 2078905, 447835, 472014, 467399, 443405, 124126, 124126, 966433835
616, 2073305, 411950, 493373, 488385, 407199, 136199, 136199, 230683989
617, 2076240, 424432, 497179, 492179, 419852, 121299, 121299, 868300684
618, 2077033, 493479, 450513, 445907, 488784, 99175, 99175, 3624103359
619, 2073872, 412591, 510037, 505305, 407889, 119025, 119025, 2664570401
622, 2072543, 508568, 416837, 412113, 503657, 115684, 115684, 596720144
620, 2080869, 422693, 506829, 502278, 418323, 115373, 115373, 499287468
621, 2076917, 431456, 494808, 489857, 426858, 116969, 116969, 2173389701
623, 2076193, 488875, 454324, 449646, 484004, 99672, 99672, 3062560361
626, 2074168, 458151, 484182, 479342, 453405, 99544, 99544, 3709641610
624, 2076891, 496590, 428365, 423757, 491487, 118346, 118346, 1356902412
625, 2073560, 481413, 445529, 440877, 476397, 114672, 114672, 1199411776
627, 2077777, 513496, 419832, 415224, 508643, 110291, 110291, 861765429
628, 2078281, 433448, 501358, 496461, 428960, 109027, 109027, 1636542043
629, 2074595, 465697, 459619, 454602, 461035, 116821, 116821, 1882225660
631, 2078605, 477913, 463809, 458950, 473241, 102346, 102346, 1969974079
630, 2076414, 472891, 451806, 446999, 468012, 118353, 118353, 1109615609
632, 2074888, 503629, 428635, 423714, 498776, 110067, 110067, 2641635792
633, 2076593, 403943, 503900, 499078, 399296, 135188, 135188, 3212142651
634, 2079849, 477083, 451292, 446770, 472394, 116155, 116155, 193821420
635, 2078985, 385265, 543952, 539136, 380566, 115033, 115033, 3729999991
637, 2077982, 399495, 526529, 521621, 394977, 117680, 117680, 1406109562
636, 2075135, 513169, 414320, 409519, 508049, 115039, 115039, 2295811441
638, 2075936, 449999, 485384, 480491, 445442, 107310, 107310, 893547784
639, 2078400, 456723, 465587, 461028, 451928, 121567, 121567, 1900541487
640, 2076380, 461600, 472901, 468044, 456829, 108503, 108503, 1560569999
641, 2074190, 395886, 543092, 537961, 391151, 103050, 103050, 2814347441
642, 2076117, 422005, 490562, 485392, 417394, 130382, 130382, 595745732
643, 2076961, 425325, 512173, 507269, 420756, 105719, 105719, 855929670
644, 2077112, 466953, 469550, 464834, 462241, 106767, 106767, 3890182275
645, 2076277, 484842, 439230, 434520, 480237, 118724, 118724, 3906761494
646, 2075372, 464424, 439929, 435267, 459498, 138127, 138127, 318079001
648, 2075019, 362718, 566712, 561815, 358124, 112825, 112825, 3994640651
647, 2075360, 497221, 440023, 435113, 492365, 105319, 105319, 1041195556
649, 2077409, 525203, 385523, 381236, 520357, 132545, 132545, 866870002
650, 2074901, 460481, 464018, 459020, 455824, 117779, 117779, 1794203508
651, 2079002, 470107, 467027, 462484, 465642, 106871, 106871, 3652259698
652, 2075840, 462067, 464476, 459865, 457242, 116095, 116095, 3443733110
653, 2075399, 477754, 446689, 441851, 472973, 118066, 118066, 2800171113
654, 2076987, 482156, 438225, 433547, 477465, 122797, 122797, 188223086
656, 2073738, 400717, 502993, 497904, 396084, 138020, 138020, 88539600
655, 2074087, 425414, 508520, 503586, 420787, 107890, 107890, 3537418556
657, 2077378, 446983, 466728, 462037, 442472, 129579, 129579, 2232192267
658, 2075935, 460609, 491403, 486577, 456010, 90668, 90668, 1078872019
661, 2075913, 411986, 502670, 497866, 407523, 127934, 127934, 4171092902
659, 2077344, 425669, 492544, 487855, 421228, 125024, 125024, 3329033979
660, 2073501, 448937, 464727, 459440, 444119, 128139, 128139, 51257212
662, 2076585, 436827, 493128, 488412, 432024, 113097, 113097, 1331798945
663, 2075251, 524488, 416714, 412273, 519552, 101112, 101112, 637108595
664, 2076444, 459780, 463435, 458759, 455136, 119667, 119667, 3994595928
665, 2077475, 499504, 441060, 436517, 494632, 102881, 102881, 4051561935
666, 2073555, 396620, 522793, 517744, 391974, 122212, 122212, 674483082
667, 2075312, 461937, 473681, 468728, 457244, 106861, 106861, 1161645121
668, 2074320, 544618, 377977, 373486, 539489, 119375, 119375, 2795949261
670, 2074125, 412651, 531499, 526330, 408035, 97805, 97805, 3168005992
669, 2073084, 385406, 545573, 540463, 380880, 110381, 110381, 351466992
671, 2077463, 492248, 438239, 433469, 487557, 112975, 112975, 85866207
672, 2076314, 494356, 436800, 432244, 489732, 111591, 111591, 768320628
673, 2076764, 479147, 434073, 429285, 474261, 129999, 129999, 864788401
675, 2072661, 492363, 404046, 399346, 487220, 144843, 144843, 2981557134
674, 2078520, 445554, 462806, 458187, 440819, 135577, 135577, 2793214504
676, 2078287, 411544, 498484, 493779, 407012, 133734, 133734, 33856379
677, 2075538, 431574, 499712, 494802, 426930, 111260, 111260, 788079613
678, 2073104, 525433, 394313, 389626, 520622, 121555, 121555, 771365046
679, 2078211, 451518, 487823, 482881, 447277, 104356, 104356, 322111899
680, 2076907, 471077, 448867, 444076, 466509, 123189, 123189, 2776803925
681, 2074643, 444836, 474545, 469632, 440256, 122687, 122687, 2619817442
682, 2076344, 480539, 457028, 452296, 475771, 105355, 105355, 1320906298
683, 2077744, 428598, 494452, 489492, 424144, 120529, 120529, 3804229948
684, 2077169, 500399, 426110, 421572, 495366, 116861, 116861, 492486662
686, 2075724, 467580, 451272, 446660, 462584, 123814, 123814, 2576220695
685, 2076139, 449289, 478155, 473303, 444740, 115326, 115326, 1295524629
687, 2075628, 474624, 457769, 453162, 470103, 109985, 109985, 2520409934
688, 2076280, 557325, 378554, 374172, 552295, 106967, 106967, 481861664
689, 2077002, 487064, 441962, 437222, 482164, 114295, 114295, 1057404386
691, 2077315, 480849, 432123, 427434, 475931, 130489, 130489, 2569501080
690, 2074615, 480457, 443801, 439118, 475509, 117865, 117865, 2337596137
693, 2078619, 440733, 474319, 469668, 436147, 128876, 128876, 4055752250
692, 2074478, 485656, 442699, 438001, 480940, 113591, 113591, 2467291281
694, 2077371, 555425, 375528, 371024, 550332, 112531, 112531, 2977039085
695, 2078574, 479843, 460836, 456246, 475127, 103261, 103261, 944012000
697, 2074498, 442571, 496968, 492103, 437818, 102519, 102519, 1213698374
698, 2075233, 439413, 504625, 499732, 434883, 98290, 98290, 764782304
696, 2077200, 392952, 541348, 536415, 388585, 108950, 108950, 2031796200
699, 2076484, 477015, 455457, 450760, 472062, 110595, 110595, 511828336
700, 2075517, 422992, 523169, 518194, 418334, 96414, 96414, 2621158322
701, 2078792, 477590, 443074, 438694, 472696, 123369, 123369, 2863941586
704, 2075947, 524902, 416383, 411812, 519868, 101491, 101491, 1330777742
702, 2072551, 469575, 452006, 446937, 464641, 119696, 119696, 762133361
703, 2073629, 471768, 464970, 460080, 467091, 104860, 104860, 2994733846
706, 2076768, 524281, 418497, 413666, 519456, 100434, 100434, 2842922319
705, 2071807, 464008, 466357, 461389, 459089, 110482, 110482, 3232772390
707, 2073922, 441694, 483165, 478364, 436933, 116883, 116883, 175816966
709, 2076821, 459240, 484117, 479353, 454481, 99815, 99815, 1285162537
710, 2074671, 484916, 451945, 447228, 480032, 105275, 105275, 3476943961
708, 2076069, 489198, 442729, 438213, 484221, 110854, 110854, 2897922306
711, 2077667, 530658, 395990, 391473, 525616, 116965, 116965, 3333271235
712, 2078268, 501218, 430276, 425744, 496254, 112388, 112388, 665460601
713, 2076758, 443134, 482364, 477540, 438580, 117570, 117570, 451664677
714, 2074482, 398150, 528392, 523269, 393543, 115564, 115564, 500454604
715, 2076401, 423815, 514062, 509254, 419150, 105060, 105060, 2440749922
716, 2076936, 450320, 471412, 466744, 445648, 121406, 121406, 2928232880
717, 2076465, 354557, 568819, 563845, 350210, 119517, 119517, 3874548318
719, 2075782, 372750, 542511, 537532, 368411, 127289, 127289, 1171298645
718, 2078600, 349039, 576642, 571514, 344705, 118350, 118350, 2665277241
721, 2075538, 473054, 440335, 435856, 467941, 129176, 129176, 3449816823
720, 2078213, 483135, 441668, 437135, 478409, 118933, 118933, 3289604617
722, 2073904, 466289, 453945, 448911, 461419, 121670, 121670, 2279492424
723, 2077599, 497664, 436108, 431509, 492910, 109704, 109704, 3850759621
724, 2076501, 458751, 468596, 464139, 454177, 115419, 115419, 3538137032
725, 2074716, 492215, 434593, 429802, 487386, 115360, 115360, 2606934703
726, 2073267, 438803, 494971, 489790, 434287, 107708, 107708, 1883286451
728, 2077745, 471462, 462715, 457930, 466848, 109395, 109395, 3378879097
729, 2072914, 554715, 370745, 366016, 549554, 115942, 115942, 3806527118
730, 2076099, 418384, 500765, 495895, 413619, 123718, 123718, 3508715985
727, 2078344, 449134, 469540, 464731, 444353, 125293, 125293, 3550797181
731, 2075305, 450767, 479247, 474621, 446138, 112266, 112266, 3870594228
732, 2076801, 400393, 542959, 537943, 395776, 99865, 99865, 890616868
733, 2072594, 448041, 468522, 463738, 443109, 124592, 124592, 1769407028
734, 2078870, 438218, 487951, 483365, 433468, 117934, 117934, 756533770
735, 2075878, 498367, 434743, 430100, 493528, 109570, 109570, 3655573079
736, 2079120, 415723, 509156, 504384, 411401, 119228, 119228, 3607235081
737, 2078219, 454073, 465233, 460421, 449080, 124706, 124706, 3734816187
738, 2074716, 450862, 480754, 475799, 446199, 110551, 110551, 753630113
740, 2077830, 433082, 509933, 505107, 428288, 100710, 100710, 2810013443
742, 2072729, 494078, 442008, 437254, 489469, 104960, 104960, 2441808705
741, 2076514, 491905, 432245, 427570, 487132, 118831, 118831, 552429270
739, 2075410, 501030, 427936, 423047, 496405, 113496, 113496, 1979988357
743, 2076023, 425854, 512213, 507362, 421210, 104692, 104692, 3123998766
745, 2075524, 447675, 469703, 464762, 442808, 125288, 125288, 1071845158
744, 2076901, 507748, 411405, 406942, 503114, 123846, 123846, 2535861508
746, 2078097, 416275, 503750, 499058, 411678, 123668, 123668, 2256366127
747, 2077318, 458437, 487315, 482407, 453799, 97680, 97680, 3245800858
748, 2076825, 468448, 457867, 453279, 463841, 116695, 116695, 2725201521
749, 2073683, 381899, 551778, 546648, 377190, 108084, 108084, 1159016049
754, 2076611, 432756, 493051, 488078, 427980, 117373, 117373, 2317215755
750, 2075699, 486231, 438339, 433563, 481496, 118035, 118035, 3227940048
751, 2073696, 458455, 481971, 477189, 453307, 101387, 101387, 1351643189
753, 2076366, 524356, 405957, 401353, 519478, 112611, 112611, 2012231608
752, 2078679, 484041, 457426, 452814, 479238, 102580, 102580, 849471463
755, 2076247, 458728, 456193, 451467, 454167, 127846, 127846, 1382804648
756, 2076126, 427330, 478497, 473838, 422747, 136857, 136857, 486274311
757, 2077491, 518064, 410517, 405925, 513021, 114982, 114982, 3127600209
759, 2074992, 406548, 526034, 521178, 401778, 109727, 109727, 52375438
758, 2078410, 420758, 509328, 504586, 416260, 113739, 113739, 2025247282
760, 2075796, 481500, 446379, 441504, 476789, 114812, 114812, 3230843850
761, 2074736, 449210, 486516, 481821, 444399, 106395, 106395, 1892510628
763, 2074228, 445550, 487845, 483027, 440728, 108539, 108539, 2228427110
764, 2074584, 487744, 437790, 433193, 483013, 116422, 116422, 2048598003
762, 2075238, 484945, 466106, 461217, 480142, 91414, 91414, 1008070371
767, 2077214, 449202, 463338, 458462, 444500, 130856, 130856, 1084243015
765, 2077181, 440177, 486450, 481641, 435705, 116604, 116604, 1980947524
766, 2075690, 449368, 484190, 479366, 444804, 108981, 108981, 1177952623
768, 2075427, 491147, 436699, 431834, 486243, 114752, 114752, 1528843484
769, 2078143, 402441, 534407, 529505, 398110, 106840, 106840, 3841877753
771, 2073627, 411633, 507579, 502502, 406793, 122560, 122560, 1891001992
770, 2076974, 469659, 442022, 437357, 464968, 131484, 131484, 11956505
772, 2077471, 525005, 383501, 379028, 520305, 134816, 134816, 2535988163
773, 2074044, 518224, 421856, 416974, 513272, 101859, 101859, 365011457
775, 2076062, 462744, 467026, 462341, 457997, 112977, 112977, 1909448575
774, 2076523, 535055, 399272, 394704, 530126, 108683, 108683, 782892110
776, 2077733, 378737, 536170, 531418, 374564, 128422, 128422, 2537027858
778, 2075588, 553565, 384267, 379644, 548638, 104737, 104737, 3579632902
779, 2078621, 453948, 468986, 464276, 449553, 120929, 120929, 3108713764
777, 2077342, 521393, 403658, 398937, 516678, 118338, 118338, 2637414206
780, 2074227, 443915, 501275, 496457, 439148, 96716, 96716, 3538170087
781, 2075314, 427176, 492233, 487457, 422414, 123017, 123017, 604774812
782, 2074567, 423797, 508817, 503873, 419034, 109523, 109523, 4024660551
783, 2075938, 469124, 472112, 467146, 464256, 101650, 101650, 334174386
784, 2075160, 495101, 450123, 445354, 490128, 97227, 97227, 1202796591
785, 2074719, 392917, 530615, 525665, 388252, 118635, 118635, 1017463634
786, 2076460, 463297, 468116, 463362, 458545, 111570, 111570, 204863535
788, 2075416, 469846, 429675, 424896, 465181, 142909, 142909, 2680284986
787, 2076695, 504812, 432324, 427652, 500003, 105952, 105952, 47141824
789, 2072796, 472654, 447433, 442463, 467898, 121174, 121174, 171112876
790, 2076811, 438371, 486852, 481964, 433890, 117867, 117867, 2187154879
792, 2071853, 425542, 494705, 489647, 420749, 120605, 120605, 3210313254
791, 2074864, 438661, 453571, 448875, 434079, 149839, 149839, 724242657
793, 2075686, 464373, 462805, 457923, 459277, 115654, 115654, 3475231732
794, 2078483, 483876, 450108, 445618, 479379, 109751, 109751, 3381025951
795, 2076017, 501278, 424208, 419398, 496299, 117417, 117417, 3227292166
796, 2074026, 433361, 495194, 490293, 428770, 113204, 113204, 2966503981
797, 2074951, 418915, 521248, 516255, 414309, 102112, 102112, 4189710756
798, 2074684, 437482, 479819, 474654, 432783, 124973, 124973, 1898188591
801, 2074897, 464268, 467285, 462707, 459501, 110568, 110568, 1170347222
800, 2075848, 443548, 480438, 475663, 438899, 118650, 118650, 131161988
799, 2079768, 479064, 451419, 446935, 474216, 114067, 114067, 2349182785
802, 2072019, 430574, 505296, 500119, 425932, 105049, 105049, 1722665565
804, 2076057, 515895, 422758, 418116, 511224, 104032, 104032, 2542440154
803, 2077135, 486004, 441996, 437257, 481304, 115287, 115287, 4101497687
806, 2076979, 405174, 529919, 525065, 400441, 108190, 108190, 688146163
805, 2079006, 483601, 414002, 409462, 478985, 146478, 146478, 1109155715
807, 2076609, 454264, 478551, 473810, 449628, 110178, 110178, 300785465
808, 2079434, 423018, 514450, 509595, 418523, 106924, 106924, 4254821329
809, 2080988, 410457, 496497, 492103, 406033, 137949, 137949, 1027644341
810, 2076141, 420839, 505773, 500676, 416457, 116198, 116198, 2531454637
811, 2078269, 470561, 455787, 451247, 465906, 117384, 117384, 2232539706
812, 2079785, 400557, 536745, 531887, 396140, 107228, 107228, 3750639977
814, 2075565, 438305, 491316, 486502, 433634, 112904, 112904, 1830971897
813, 2075943, 512692, 427546, 422897, 507882, 102463, 102463, 634642701
815, 2074825, 508672, 415026, 410411, 503788, 118464, 118464, 2603065909
816, 2077307, 502613, 429011, 424570, 498019, 111547, 111547, 2992056414
817, 2075023, 454216, 468074, 463377, 449132, 120112, 120112, 3198720892
818, 2075774, 517899, 415447, 410755, 513103, 109285, 109285, 413759225
819, 2074323, 435701, 497687, 492796, 431003, 108568, 108568, 1690345071
820, 2076185, 464218, 470737, 465986, 459226, 108009, 108009, 2771829895
821, 2077391, 410901, 527121, 522254, 406547, 105284, 105284, 91278062
822, 2078121, 437470, 475720, 470825, 432894, 130606, 130606, 343563417
823, 2076669, 462726, 471310, 466425, 458006, 109101, 109101, 1378546129
824, 2074327, 441647, 468915, 464059, 436772, 131467, 131467, 2814864778
825, 2075321, 364319, 566106, 560797, 359869, 112115, 112115, 1982780822
826, 2078045, 499794, 439895, 435397, 494993, 103983, 103983, 347731526
827, 2078468, 450453, 487577, 482817, 446015, 105803, 105803, 3660813715
829, 2070479, 429169, 482487, 477505, 424388, 128465, 128465, 537962780
828, 2076135, 485955, 444436, 439719, 481249, 112388, 112388, 1156347399
830, 2079541, 432370, 502180, 497385, 427710, 109948, 109948, 4032195319
831, 2078513, 474569, 459856, 455108, 469872, 109554, 109554, 1473313539
832, 2074332, 460451, 466747, 461799, 455797, 114769, 114769, 2150007658
833, 2074944, 521542, 396225, 391661, 516540, 124488, 124488, 2265515398
834, 2077472, 457204, 462711, 457990, 452651, 123458, 123458, 208458705
838, 2075301, 481256, 438166, 433619, 476522, 122869, 122869, 1747419074
835, 2076049, 420920, 491999, 487253, 416233, 129822, 129822, 4163008079
836, 2077794, 491207, 439117, 434404, 486404, 113331, 113331, 972399995
837, 2079402, 500269, 429061, 424609, 495605, 114929, 114929, 1392055005
839, 2077077, 433124, 493278, 488507, 428424, 116872, 116872, 493722573
841, 2079107, 452740, 454812, 450230, 448095, 136615, 136615, 2655603418
840, 2075333, 456205, 470507, 465507, 451422, 115846, 115846, 3062060124
842, 2078283, 546463, 360308, 355846, 541538, 137064, 137064, 765578231
843, 2075162, 515925, 404821, 400185, 510879, 121676, 121676, 3408615096
844, 2078544, 471957, 457637, 452903, 467441, 114303, 114303, 3513966643
845, 2078220, 524408, 408799, 404170, 519535, 110654, 110654, 8627172
846, 2075722, 489348, 430430, 425740, 484328, 122938, 122938, 1414500838
848, 2076666, 499306, 423980, 419368, 494618, 119697, 119697, 1933776461
850, 2069805, 449897, 463950, 459119, 444991, 125924, 125924, 4226511555
847, 2077615, 441656, 481503, 476730, 437158, 120284, 120284, 3029595613
849, 2078542, 495850, 421056, 416450, 490934, 127126, 127126, 2124143469
851, 2072762, 421402, 492547, 487643, 416482, 127344, 127344, 1802102298
853, 2074737, 448255, 450952, 446354, 443620, 142778, 142778, 4186606182
852, 2074381, 504654, 419598, 414952, 499825, 117676, 117676, 1273342573
854, 2072938, 415933, 499966, 494976, 411199, 125432, 125432, 16644719
855, 2076554, 495135, 437390, 432820, 490399, 110405, 110405, 3953776991
856, 2074280, 477467, 460665, 455749, 472751, 103824, 103824, 563828475
857, 2075386, 480100, 456178, 451400, 475174, 106267, 106267, 90829572
859, 2074563, 458523, 478375, 473167, 453924, 105287, 105287, 727562137
858, 2075648, 482791, 434065, 429402, 477876, 125757, 125757, 428925890
860, 2076388, 438932, 482023, 477105, 434234, 122047, 122047, 2700520624
861, 2077405, 474828, 447566, 442918, 470081, 121006, 121006, 1598985902
862, 2077900, 446122, 487405, 482594, 441331, 110224, 110224, 1542484439
864, 2074581, 435243, 473754, 468799, 430603, 133091, 133091, 3607320477
863, 2076741, 457713, 478815, 473973, 452936, 106652, 106652, 3992898802
865, 2074935, 509498, 418118, 413504, 504777, 114519, 114519, 585771833
866, 2076961, 494708, 439770, 435070, 489927, 108743, 108743, 4199571876
867, 2076783, 416499, 515656, 510911, 412009, 110854, 110854, 2161476831
868, 2078199, 433330, 496707, 491973, 428599, 113795, 113795, 1027248502
869, 2077172, 529100, 393808, 389281, 524159, 120412, 120412, 3880863477
871, 2076764, 378289, 551121, 546323, 373837, 113597, 113597, 916076352
870, 2078352, 422829, 505027, 500250, 418166, 116040, 116040, 2971113817
872, 2075606, 441044, 486238, 481384, 436344, 115298, 115298, 1972178803
873, 2071870, 467341, 447832, 442959, 462590, 125574, 125574, 3339884427
874, 2075387, 456419, 473774, 468930, 451642, 112311, 112311, 2615948900
875, 2078566, 502959, 436352, 431850, 498411, 104497, 104497, 2667734717
877, 2077179, 424302, 505461, 500541, 419779, 113548, 113548, 899604393
876, 2075052, 532585, 392763, 388176, 527440, 117044, 117044, 139641159
878, 2075144, 496442, 430811, 426025, 491556, 115155, 115155, 1650284859
879, 2076973, 450897, 475728, 470991, 445967, 116695, 116695, 971639480
880, 2077567, 404056, 512168, 507385, 399586, 127186, 127186, 472064165
881, 2075168, 421571, 516301, 511349, 416793, 104577, 104577, 3673927769
883, 2075848, 504181, 431618, 427054, 499443, 106776, 106776, 1080202027
882, 2077269, 460777, 459498, 454943, 455899, 123076, 123076, 837443664
885, 2075285, 447436, 451250, 446546, 442881, 143586, 143586, 264930842
884, 2077951, 413783, 480000, 475193, 409019, 149978, 149978, 1243535230
886, 2077262, 446506, 470212, 465483, 441893, 126584, 126584, 2585390638
887, 2077509, 410731, 503157, 498216, 406205, 129600, 129600, 472481328
888, 2077039, 451573, 494349, 489435, 446926, 97378, 97378, 1692008228
889, 2075837, 528380, 391585, 386907, 523629, 122668, 122668, 2877812974
890, 2076627, 490889, 417287, 412861, 486104, 134743, 134743, 3457149257
891, 2074124, 461991, 474255, 469225, 457251, 105701, 105701, 1920940168
892, 2078268, 440460, 492399, 487435, 435856, 111059, 111059, 2587843766
893, 2075643, 454945, 483875, 479069, 450080, 103837, 103837, 1619536167
894, 2074613, 432269, 461212, 456393, 427623, 148558, 148558, 1041468807
895, 2079068, 401555, 520085, 515110, 397048, 122635, 122635, 394164428
897, 2078278, 457957, 485472, 480609, 453254, 100493, 100493, 220893205
896, 2077575, 431928, 498362, 493577, 427296, 113206, 113206, 1058623382
898, 2075062, 499753, 399909, 395408, 494848, 142572, 142572, 1496743692
900, 2076259, 561325, 383374, 378701, 556299, 98280, 98280, 276477233
899, 2077591, 460314, 474561, 469862, 455456, 108699, 108699, 251368534
901, 2075076, 355295, 568773, 563746, 350688, 118287, 118287, 2653215930
902, 2076323, 448096, 492551, 487692, 443222, 102381, 102381, 208229630
903, 2079153, 441209, 487827, 483159, 436452, 115253, 115253, 1114959721
905, 2076416, 411100, 517916, 513117, 406659, 113812, 113812, 2760242446
904, 2075244, 471745, 464146, 459490, 467013, 106425, 106425, 2898878971
906, 2075238, 423026, 504728, 499878, 418370, 114618, 114618, 3336550285
908, 2076387, 440380, 493807, 489078, 435662, 108730, 108730, 3960638471
907, 2075204, 494624, 425592, 421099, 489623, 122133, 122133, 2664851641
909, 2077053, 533529, 397915, 393507, 528404, 111849, 111849, 3904616981
911, 2073785, 415373, 509142, 504112, 410678, 117240, 117240, 2948894110
910, 2075741, 467715, 471234, 466361, 463043, 103694, 103694, 3997874866
913, 2074181, 508089, 404193, 399720, 503059, 129560, 129560, 1040571411
912, 2075007, 397141, 529493, 524374, 392389, 115805, 115805, 3545888671
914, 2076400, 453123, 475815, 471057, 448305, 114050, 114050, 2593050160
915, 2077927, 491960, 423995, 419566, 487184, 127611, 127611, 153641598
916, 2077241, 553374, 376165, 371853, 548541, 113654, 113654, 2831760178
917, 2074800, 409261, 529720, 524754, 404533, 103266, 103266, 1302393029
918, 2078081, 469231, 472523, 467756, 464645, 101963, 101963, 749751148
919, 2078880, 444380, 475566, 470828, 439766, 124170, 124170, 3250084179
920, 2072693, 485737, 439596, 434893, 480823, 115822, 115822, 2279830082
923, 2074264, 477696, 448048, 443307, 472715, 116249, 116249, 76074954
921, 2074512, 470693, 461367, 456682, 465962, 109904, 109904, 2126757386
922, 2077550, 461399, 436734, 432123, 457096, 145099, 145099, 3932388238
925, 2076860, 407062, 521690, 516548, 402426, 114567, 114567, 3905712105
924, 2074462, 488810, 435341, 430581, 484048, 117841, 117841, 278147354
926, 2074789, 479591, 456128, 451391, 474899, 106390, 106390, 847868313
927, 2075157, 411711, 492711, 488074, 407109, 137776, 137776, 1145983255
928, 2076848, 481174, 428244, 423812, 476300, 133659, 133659, 3460635556
929, 2075569, 427148, 489579, 484736, 422556, 125775, 125775, 1356758259
930, 2078086, 443218, 487724, 482905, 438531, 112854, 112854, 3948176916
931, 2073036, 460406, 459630, 454780, 455552, 121334, 121334, 3090079186
934, 2075482, 414725, 512003, 507019, 410197, 115769, 115769, 530705254
932, 2077090, 439670, 486515, 481970, 434853, 117041, 117041, 605037091
935, 2074745, 454189, 478426, 473807, 449445, 109439, 109439, 2552687722
933, 2078528, 487389, 441415, 436827, 482629, 115134, 115134, 3347761692
936, 2078526, 461654, 476125, 471301, 456818, 106314, 106314, 1344846377
937, 2078950, 418798, 506721, 502189, 414396, 118423, 118423, 1013805371
938, 2079005, 494820, 450669, 446088, 490190, 98619, 98619, 2851143027
939, 2076983, 374747, 544056, 539056, 370238, 124443, 124443, 3469621915
940, 2076646, 400121, 526887, 521912, 395482, 116122, 116122, 1684698562
941, 2076930, 420216, 507440, 502515, 415499, 115630, 115630, 3772477744
942, 2072256, 434736, 514134, 509047, 429997, 92171, 92171, 1806908489
943, 2070897, 513012, 416727, 411979, 507867, 110656, 110656, 2561544343
944, 2075815, 465126, 467145, 462574, 460584, 110193, 110193, 2220922373
945, 2079018, 363272, 573593, 568531, 358864, 107379, 107379, 4116983031
946, 2079347, 456910, 489192, 484339, 452416, 98245, 98245, 3773909511
947, 2075219, 508743, 427555, 423014, 503841, 106033, 106033, 3859287715
948, 2076653, 539763, 387598, 383185, 534607, 115750, 115750, 205943514
950, 2076074, 436154, 490186, 485617, 431477, 116320, 116320, 798709835
949, 2076119, 453717, 463179, 458311, 449158, 125877, 125877, 3842655453
951, 2077790, 469845, 464821, 460250, 464928, 108973, 108973, 1083371767
952, 2075778, 433598, 490778, 485775, 428735, 118446, 118446, 1440839165
953, 2074603, 415329, 495742, 490557, 410741, 131117, 131117, 392363372
954, 2076546, 471726, 468669, 463867, 466880, 102702, 102702, 3612155021
955, 2073934, 449416, 484790, 479765, 444855, 107554, 107554, 50579286
956, 2078129, 447224, 479334, 474775, 442464, 117166, 117166, 3825783996
958, 2075222, 443589, 492120, 487213, 438964, 106668, 106668, 410743434
960, 2077039, 441814, 462892, 458048, 437133, 138576, 138576, 3530022415
957, 2076845, 556096, 394314, 389632, 551175, 92814, 92814, 2709989393
959, 2078543, 462039, 468444, 463663, 457363, 113517, 113517, 1652201108
961, 2075457, 426901, 497252, 492526, 422408, 118185, 118185, 553803769
962, 2077920, 472201, 457831, 453297, 467447, 113572, 113572, 3154143032
963, 2073479, 438305, 471861, 467237, 433514, 131281, 131281, 2347719584
964, 2077505, 458080, 442747, 438137, 453373, 142584, 142584, 2004108125
965, 2076082, 456167, 473578, 468782, 451493, 113031, 113031, 2335526238
966, 2072884, 431619, 508155, 503208, 426686, 101608, 101608, 3252803653
967, 2076750, 458444, 469167, 464499, 453696, 115472, 115472, 3060604313
968, 2079988, 398250, 526187, 521695, 393818, 120019, 120019, 30750157
972, 2072768, 467943, 449139, 444588, 463014, 124042, 124042, 3783330380
969, 2077248, 511224, 406950, 402258, 506670, 125073, 125073, 665875850
971, 2075699, 528325, 408581, 404166, 523243, 105692, 105692, 2560446293
970, 2074225, 474521, 425418, 420754, 469742, 141895, 141895, 3056563143
973, 2077396, 457515, 455712, 450806, 452899, 130232, 130232, 2129551410
974, 2076053, 427849, 498622, 493683, 423153, 116373, 116373, 645215112
976, 2074155, 391736, 533827, 528598, 387182, 116406, 116406, 224849617
975, 2070903, 507217, 407635, 402876, 502133, 125521, 125521, 3157615700
977, 2081174, 518382, 415080, 410447, 513597, 111834, 111834, 1034733930
978, 2074621, 518928, 405787, 401356, 514144, 117203, 117203, 203264752
979, 2074682, 432926, 506883, 501964, 428257, 102326, 102326, 126441979
981, 2076419, 521887, 394708, 390218, 516940, 126333, 126333, 3416730062
980, 2077690, 431918, 500161, 495431, 427326, 111427, 111427, 1258856501
982, 2075996, 347024, 596220, 591123, 342439, 99595, 99595, 2691381263
984, 2072973, 497646, 415579, 410797, 493107, 127922, 127922, 1384106496
983, 2075288, 419347, 482096, 477263, 414824, 140879, 140879, 1337915028
986, 2073465, 393883, 505730, 500919, 389263, 141835, 141835, 956319178
985, 2073960, 446159, 470594, 465684, 441471, 125026, 125026, 2367815896
988, 2077203, 466615, 468818, 463979, 461761, 108015, 108015, 2977063048
987, 2075418, 376052, 569198, 564227, 371557, 97192, 97192, 1469841181
989, 2077940, 561469, 366891, 362561, 556473, 115273, 115273, 379428261
990, 2080566, 520367, 393727, 389373, 515561, 130769, 130769, 1222504069
991, 2077300, 450394, 479913, 475182, 445851, 112980, 112980, 2667861095
993, 2075799, 496139, 419346, 414762, 491278, 127137, 127137, 1010713426
992, 2075395, 520640, 417471, 412807, 515491, 104493, 104493, 748735976
994, 2073924, 410474, 513793, 508788, 405797, 117536, 117536, 3128019692
995, 2077052, 428669, 495895, 491245, 423939, 118652, 118652, 378498575
996, 2076692, 471450, 460822, 456028, 466698, 110847, 110847, 1967566796
997, 2077206, 471339, 447735, 443040, 466728, 124182, 124182, 3514324696
998, 2075603, 431530, 482688, 477693, 426994, 128349, 128349, 1718716721
999, 2074058, 414293, 509841, 504739, 409519, 117833, 117833, 1388282255
