sample_id, N_active, N_A_1, N_B_1, N_A_0, N_B_0, N_A_*, N_B_*, seed
3, 2312274, 1122, 1147861, 1147084, 601, 7803, 7803, 3141650593
4, 2311993, 1008, 1147811, 1147149, 489, 7768, 7768, 547773077
5, 2312670, 887, 1148149, 1147498, 398, 7869, 7869, 2754461137
0, 2313206, 1148286, 1197, 672, 1147623, 7714, 7714, 4290705728
7, 2310795, 1147239, 1027, 476, 1146569, 7742, 7742, 3282852612
2, 2313912, 1148738, 1071, 566, 1148263, 7637, 7637, 1404308405
6, 2314260, 1148314, 905, 410, 1147725, 8453, 8453, 609536917
9, 2314587, 1149087, 1051, 522, 1148543, 7692, 7692, 3195179326
11, 2313260, 1148714, 940, 453, 1148119, 7517, 7517, 2342193047
1, 2313267, 1148024, 849, 372, 1147324, 8349, 8349, 3754295161
10, 2311707, 975, 1147803, 1147230, 439, 7630, 7630, 521791021
8, 2308960, 1145736, 1080, 528, 1145134, 8241, 8241, 1993503746
16, 2312753, 1387, 1147361, 1146621, 854, 8265, 8265, 1060775657
15, 2311676, 1019, 1147777, 1147107, 509, 7632, 7632, 3575636859
19, 2311214, 1044, 1147329, 1146582, 511, 7874, 7874, 1371245609
12, 2310811, 1146777, 1311, 819, 1146182, 7861, 7861, 3220944395
14, 2312057, 930, 1147602, 1147057, 400, 8034, 8034, 3835158230
13, 2311692, 1146962, 1188, 650, 1146400, 8246, 8246, 2307581394
17, 2314339, 1149317, 1071, 561, 1148574, 7408, 7408, 4016444082
20, 2312225, 1147484, 1019, 526, 1146932, 8132, 8132, 2665724924
22, 2314156, 903, 1149248, 1148533, 382, 7545, 7545, 21203089
21, 2312124, 1147712, 976, 470, 1147096, 7935, 7935, 2387117310
25, 2313728, 981, 1149101, 1148284, 508, 7427, 7427, 955142511
18, 2311606, 1147342, 1179, 636, 1146825, 7812, 7812, 716929814
27, 2310602, 1028, 1147180, 1146434, 516, 7722, 7722, 2353509450
23, 2313623, 1148532, 1266, 764, 1147873, 7594, 7594, 958116620
26, 2309993, 1146618, 1039, 541, 1145857, 7969, 7969, 1469741264
24, 2311059, 1147048, 1009, 483, 1146487, 8016, 8016, 82104496
28, 2310763, 1492, 1146573, 1145847, 909, 7971, 7971, 301064991
31, 2313425, 1148517, 940, 445, 1147765, 7879, 7879, 3554153149
30, 2310485, 1129, 1146865, 1146207, 564, 7860, 7860, 258904730
29, 2315839, 1150253, 799, 349, 1149726, 7356, 7356, 3778478950
34, 2312587, 1059, 1148658, 1147953, 549, 7184, 7184, 1286798097
32, 2314670, 1105, 1149057, 1148423, 577, 7754, 7754, 2432621362
33, 2312339, 953, 1148120, 1147427, 465, 7687, 7687, 852134935
35, 2315642, 1149923, 1131, 666, 1149188, 7367, 7367, 1034804322
37, 2311496, 973, 1147750, 1147048, 489, 7618, 7618, 1201488446
40, 2309596, 1367, 1145770, 1145072, 823, 8282, 8282, 3769642080
36, 2308614, 1145407, 1078, 550, 1144755, 8412, 8412, 3139991486
43, 2313224, 1138, 1148196, 1147545, 611, 7867, 7867, 1890454421
41, 2312470, 1147574, 1050, 537, 1146817, 8246, 8246, 237092697
39, 2312095, 1147478, 1014, 476, 1146869, 8129, 8129, 3583387794
42, 2312346, 1244, 1147945, 1147365, 690, 7551, 7551, 3116574675
38, 2314092, 1148697, 1086, 563, 1148158, 7794, 7794, 915245063
44, 2313124, 1147839, 1041, 527, 1147213, 8252, 8252, 262750080
46, 2310122, 1146848, 1128, 590, 1146162, 7697, 7697, 2060305364
47, 2312108, 1147601, 1232, 672, 1146921, 7841, 7841, 3301060620
52, 2314528, 1016, 1149167, 1148494, 507, 7672, 7672, 498728423
54, 2312355, 980, 1148096, 1147304, 507, 7734, 7734, 290923870
50, 2314192, 733, 1149524, 1148903, 290, 7371, 7371, 907350306
45, 2313135, 1171, 1148099, 1147577, 642, 7823, 7823, 1288079421
49, 2314278, 1149335, 1068, 525, 1148500, 7425, 7425, 3481303764
51, 2311804, 1147715, 959, 477, 1146891, 7881, 7881, 1684252127
48, 2312474, 1148039, 1338, 813, 1147464, 7410, 7410, 417394180
53, 2310305, 907, 1146793, 1146268, 419, 7959, 7959, 1017772256
55, 2314836, 1167, 1149472, 1148691, 686, 7410, 7410, 2108946853
62, 2311253, 1193, 1147461, 1146452, 625, 7761, 7761, 3014108503
57, 2312801, 1225, 1147278, 1146662, 688, 8474, 8474, 2558776430
58, 2313533, 1140, 1148300, 1147728, 619, 7873, 7873, 856923586
60, 2312932, 1267, 1147142, 1146634, 701, 8594, 8594, 501721399
61, 2312640, 1147807, 1093, 590, 1147174, 7988, 7988, 1112517426
64, 2314059, 1000, 1148275, 1147623, 473, 8344, 8344, 1445346907
63, 2313713, 1148532, 1092, 555, 1147674, 7930, 7930, 545829844
56, 2313422, 1148233, 1004, 479, 1147684, 8011, 8011, 1293364523
59, 2311800, 916, 1147557, 1147026, 417, 7942, 7942, 3888128198
65, 2311491, 1147227, 1158, 622, 1146486, 7999, 7999, 2985015755
68, 2312496, 1024, 1148286, 1147582, 522, 7541, 7541, 1804545586
67, 2312305, 1147664, 1082, 568, 1147071, 7960, 7960, 2709829024
66, 2312699, 1147895, 1375, 823, 1147366, 7620, 7620, 875776375
71, 2314400, 1224, 1148709, 1147987, 716, 7882, 7882, 3903175272
70, 2310949, 1147259, 962, 462, 1146612, 7827, 7827, 317767841
69, 2312295, 937, 1147924, 1147366, 440, 7814, 7814, 2973772690
72, 2310208, 986, 1146336, 1145786, 476, 8312, 8312, 1607689150
73, 2313378, 1148524, 1019, 482, 1147761, 7796, 7796, 527618855
75, 2311348, 1146990, 1233, 686, 1146181, 8129, 8129, 2087719306
78, 2313855, 866, 1149530, 1148893, 390, 7088, 7088, 3460143687
77, 2312380, 1129, 1148044, 1147432, 597, 7589, 7589, 2297492708
74, 2312038, 1147484, 1022, 500, 1146830, 8101, 8101, 4113780133
79, 2315170, 1112, 1149843, 1149306, 601, 7154, 7154, 3693610566
76, 2314121, 987, 1148477, 1147913, 520, 8112, 8112, 2846140882
81, 2312611, 990, 1148472, 1147882, 487, 7390, 7390, 47130366
80, 2315005, 930, 1149598, 1149071, 432, 7487, 7487, 2565166903
84, 2312808, 926, 1147861, 1147185, 434, 8201, 8201, 1476308192
83, 2311210, 1147875, 930, 427, 1146794, 7592, 7592, 2242545363
85, 2313041, 1149044, 993, 527, 1148087, 7195, 7195, 3887343038
89, 2313487, 1177, 1148532, 1147932, 666, 7590, 7590, 735098159
82, 2313747, 1147965, 1347, 834, 1147333, 8134, 8134, 266089054
86, 2311906, 1147682, 989, 488, 1147025, 7861, 7861, 1569694702
88, 2312582, 1051, 1147945, 1147438, 526, 7811, 7811, 2996967272
91, 2312519, 1167, 1147455, 1146884, 645, 8184, 8184, 4131141989
90, 2312520, 977, 1148251, 1147639, 497, 7578, 7578, 3949647120
87, 2311099, 1147621, 870, 374, 1146864, 7685, 7685, 2588513286
95, 2311380, 1101, 1146902, 1146211, 588, 8289, 8289, 1516169590
92, 2312099, 1146651, 1440, 865, 1145983, 8580, 8580, 53074991
94, 2313537, 1148617, 1063, 579, 1148014, 7632, 7632, 472361488
99, 2312370, 1049, 1147980, 1147231, 538, 7786, 7786, 3003442891
96, 2312649, 989, 1147700, 1147147, 495, 8159, 8159, 2243574931
93, 2310717, 1146381, 1015, 487, 1145608, 8613, 8613, 1187148250
102, 2312378, 975, 1148002, 1147302, 453, 7823, 7823, 1422759756
97, 2313053, 1148235, 1073, 564, 1147519, 7831, 7831, 716839223
104, 2311569, 1147169, 969, 476, 1146317, 8319, 8319, 666802606
101, 2310003, 1147005, 962, 433, 1146439, 7582, 7582, 1383769990
98, 2312868, 1147037, 1799, 1271, 1146501, 8130, 8130, 44365862
100, 2313063, 1114, 1010, 490, 575, 1154937, 1154937, 448168855
105, 2310905, 1147065, 1071, 576, 1146479, 7857, 7857, 2453619436
106, 2311077, 1147316, 1079, 585, 1146703, 7697, 7697, 2804750192
111, 2310482, 1446, 1145822, 1144923, 909, 8691, 8691, 1328314288
109, 2313642, 1148699, 972, 439, 1148012, 7760, 7760, 3640513479
107, 2312619, 1147540, 977, 500, 1147014, 8294, 8294, 834606279
110, 2314087, 1149322, 956, 469, 1148734, 7303, 7303, 3612467527
103, 2312757, 1147535, 979, 456, 1146977, 8405, 8405, 1123903759
113, 2312984, 912, 1148285, 1147556, 405, 7913, 7913, 3168833826
108, 2311788, 1147357, 948, 451, 1146676, 8178, 8178, 2177049497
117, 2313693, 992, 1148886, 1148091, 454, 7635, 7635, 3657898786
119, 2310650, 1188, 1146490, 1145657, 681, 8317, 8317, 2245271852
114, 2311894, 1147646, 985, 494, 1146993, 7888, 7888, 2438057503
116, 2312662, 1241, 1147096, 1146556, 729, 8520, 8520, 1877884811
112, 2312332, 1147890, 895, 423, 1147312, 7906, 7906, 2820381090
115, 2311489, 1077, 1147417, 1146888, 591, 7758, 7758, 3505345272
118, 2311941, 1147348, 1072, 576, 1146693, 8126, 8126, 1165053160
124, 2310856, 896, 1147362, 1146597, 433, 7784, 7784, 986729760
120, 2312696, 1148450, 949, 458, 1147881, 7479, 7479, 3901086963
122, 2311897, 1147326, 1265, 746, 1146648, 7956, 7956, 2576877322
125, 2312049, 1147968, 1048, 564, 1147133, 7668, 7668, 1604624409
126, 2313024, 1148035, 1204, 662, 1147351, 7886, 7886, 3937588577
128, 2311268, 1067, 1147308, 1146416, 545, 7966, 7966, 3386596681
121, 2313836, 1148454, 1033, 510, 1147735, 8052, 8052, 2910822885
129, 2312534, 1016, 1147534, 1146875, 509, 8300, 8300, 3109500339
130, 2312873, 988, 1147480, 1146629, 480, 8648, 8648, 3124788114
132, 2313161, 948, 1148188, 1147448, 397, 8090, 8090, 3690100576
123, 2311535, 1146931, 1572, 1030, 1146394, 7804, 7804, 46266967
133, 2311772, 1113, 1147394, 1146613, 582, 8035, 8035, 1678548656
127, 2312824, 1349, 1147533, 1147002, 850, 8045, 8045, 3070079724
134, 2314124, 1149187, 964, 455, 1148234, 7642, 7642, 3892817415
131, 2311036, 1173, 1147110, 1146455, 654, 7822, 7822, 363969673
136, 2311995, 1159, 1147425, 1146717, 662, 8016, 8016, 1831571081
135, 2309902, 1002, 1146655, 1145895, 472, 7939, 7939, 3327022978
137, 2313841, 784, 1149306, 1148710, 327, 7357, 7357, 3224990605
138, 2313330, 1148893, 873, 385, 1148259, 7460, 7460, 1055114336
141, 2312602, 995, 1148173, 1147486, 488, 7730, 7730, 992189841
140, 2311651, 1128, 1146920, 1146379, 588, 8318, 8318, 3457866344
139, 2312802, 899, 1148471, 1147936, 412, 7542, 7542, 1639864383
144, 2310893, 1067, 1147360, 1146555, 559, 7676, 7676, 3847276208
143, 2312042, 1148076, 892, 389, 1147331, 7677, 7677, 2330593708
142, 2310874, 1147168, 1099, 593, 1146494, 7760, 7760, 167153337
147, 2313830, 944, 1148782, 1148154, 470, 7740, 7740, 1719001440
145, 2312396, 1095, 1147593, 1146887, 585, 8118, 8118, 2435715607
146, 2311452, 1147908, 900, 369, 1147059, 7608, 7608, 2382144925
151, 2313859, 1047, 1148675, 1148129, 550, 7729, 7729, 4267364153
150, 2314212, 1148749, 912, 455, 1148212, 7942, 7942, 3368714629
148, 2310982, 1147113, 1059, 544, 1146522, 7872, 7872, 3351571424
149, 2310344, 1146753, 982, 443, 1146132, 8017, 8017, 1944710341
153, 2312165, 906, 1148460, 1147947, 400, 7226, 7226, 4054678161
154, 2312114, 1040, 1147522, 1146925, 567, 8030, 8030, 2046049242
155, 2313186, 1148440, 895, 426, 1147823, 7801, 7801, 2050360689
152, 2309284, 1145969, 1293, 782, 1145124, 8058, 8058, 2914690417
156, 2311802, 1147950, 912, 401, 1147419, 7560, 7560, 1475647556
157, 2314162, 962, 1148634, 1148087, 441, 8019, 8019, 2979356006
158, 2313837, 1148699, 912, 436, 1148106, 7842, 7842, 527412739
159, 2311928, 1063, 1147460, 1146899, 540, 7983, 7983, 1111276799
160, 2313859, 927, 1148258, 1147583, 447, 8322, 8322, 2926357384
161, 2311862, 1024, 1147322, 1146677, 513, 8163, 8163, 2750761114
162, 2314182, 882, 1149302, 1148562, 404, 7516, 7516, 1477422158
164, 2313950, 1152, 1148434, 1147793, 603, 7984, 7984, 1370277433
165, 2311538, 915, 1147817, 1147033, 397, 7688, 7688, 832715367
168, 2312399, 1046, 1147884, 1147174, 529, 7883, 7883, 1521431102
163, 2312204, 1289, 1147733, 1147139, 743, 7650, 7650, 2227915677
170, 2312776, 1106, 1148146, 1147492, 604, 7714, 7714, 2608810835
166, 2312796, 1148089, 1182, 647, 1147504, 7687, 7687, 997004447
171, 2311425, 1147316, 956, 433, 1146642, 8039, 8039, 1613607596
169, 2311842, 1405, 1147121, 1146594, 892, 7915, 7915, 2586795755
167, 2311091, 854, 1147530, 1146963, 378, 7683, 7683, 1392311200
173, 2312648, 1147911, 838, 368, 1147071, 8230, 8230, 447164946
172, 2313070, 1147863, 1042, 521, 1147336, 8154, 8154, 3203342137
177, 2311324, 1106, 1146392, 1145650, 608, 8784, 8784, 3437592684
174, 2312724, 1148860, 1015, 468, 1148123, 7129, 7129, 3124411243
176, 2310452, 1111, 1146405, 1145835, 579, 8261, 8261, 1481527267
178, 2311789, 1237, 1148019, 1147384, 719, 7215, 7215, 1471296963
175, 2311419, 1147014, 1088, 605, 1146422, 8145, 8145, 3127028430
180, 2315540, 1149530, 1125, 618, 1148767, 7750, 7750, 229486466
179, 2310941, 1146935, 921, 427, 1146190, 8234, 8234, 3842120300
183, 2310705, 1146917, 1519, 982, 1146137, 7575, 7575, 3653854820
185, 2312595, 1047, 1147790, 1147127, 525, 8053, 8053, 1099620541
182, 2310980, 1146707, 1121, 602, 1146182, 8184, 8184, 3140147135
181, 2311695, 1148172, 910, 419, 1147498, 7348, 7348, 2837717521
189, 2311748, 1022, 1147905, 1147233, 526, 7531, 7531, 3907477461
186, 2313926, 1149093, 1035, 552, 1148552, 7347, 7347, 3806683514
184, 2313000, 1148192, 919, 453, 1147696, 7870, 7870, 4254792066
188, 2311793, 1147837, 971, 458, 1147225, 7651, 7651, 1479443398
192, 2311727, 964, 1147692, 1146981, 426, 7832, 7832, 541432392
190, 2312668, 1148650, 1012, 502, 1148016, 7244, 7244, 1123685266
191, 2311624, 1147875, 1051, 561, 1147157, 7490, 7490, 216676586
196, 2313123, 1355, 1147865, 1147189, 832, 7941, 7941, 2479418859
194, 2312462, 1252, 1147643, 1146904, 739, 7962, 7962, 3670662579
197, 2314590, 969, 1149264, 1148605, 512, 7620, 7620, 1468155152
187, 2312190, 1147797, 961, 439, 1147289, 7852, 7852, 3781607546
193, 2314710, 1149388, 1054, 541, 1148737, 7495, 7495, 569341294
198, 2312339, 1147780, 1069, 581, 1147189, 7860, 7860, 1047010533
195, 2310343, 1146921, 1103, 585, 1146190, 7772, 7772, 2172839716
200, 2311538, 1053, 1147259, 1146558, 528, 8070, 8070, 523705090
202, 2313588, 970, 1149002, 1148215, 433, 7484, 7484, 1423117147
199, 2313345, 1148640, 1012, 516, 1147877, 7650, 7650, 2822462276
206, 2312860, 841, 1148793, 1148182, 388, 7328, 7328, 3501431978
204, 2311264, 1147453, 990, 465, 1146808, 7774, 7774, 635012584
203, 2313154, 1027, 1148165, 1147635, 515, 7906, 7906, 3090444141
205, 2313078, 1001, 1147955, 1147399, 495, 8114, 8114, 492068027
209, 2312210, 881, 1147297, 1146581, 351, 8550, 8550, 3483414168
201, 2309977, 1146203, 1131, 593, 1145610, 8220, 8220, 4209880032
211, 2313678, 970, 1147703, 1146924, 471, 8805, 8805, 544911162
207, 2310338, 1146224, 1097, 542, 1145689, 8393, 8393, 2237720496
208, 2311134, 1146, 1147338, 1146647, 637, 7683, 7683, 3517346545
212, 2313980, 1148476, 1244, 751, 1147715, 7897, 7897, 4017426652
210, 2310640, 1146221, 954, 443, 1145668, 8677, 8677, 1968814113
213, 2313163, 1147863, 989, 468, 1147361, 8241, 8241, 2894517556
219, 2311006, 1146907, 1032, 537, 1146084, 8223, 8223, 3605098347
216, 2312891, 1148075, 1003, 492, 1147577, 7872, 7872, 3427947540
221, 2312383, 1016, 1148329, 1147765, 477, 7398, 7398, 3508359210
215, 2313387, 1148332, 997, 460, 1147776, 7911, 7911, 1334811882
220, 2316121, 1150129, 1065, 567, 1149476, 7442, 7442, 2379290407
218, 2310351, 1146462, 1136, 593, 1145820, 8170, 8170, 1813821987
217, 2312359, 1147879, 1003, 500, 1147279, 7849, 7849, 1873457638
222, 2311020, 1147221, 1061, 566, 1146536, 7818, 7818, 3478358388
224, 2311898, 1147836, 974, 477, 1146899, 7856, 7856, 1875979853
214, 2315215, 1149636, 870, 408, 1149083, 7609, 7609, 758106387
227, 2311069, 1034, 1147176, 1146379, 524, 7978, 7978, 2113878153
223, 2310348, 1147105, 948, 447, 1146396, 7726, 7726, 952558265
226, 2314191, 1098, 1148969, 1148350, 606, 7584, 7584, 1842475796
231, 2312447, 1005, 1148336, 1147648, 500, 7479, 7479, 3389552901
229, 2313239, 1148566, 1096, 611, 1147868, 7549, 7549, 3693027907
225, 2312072, 1147014, 1340, 790, 1146496, 8216, 8216, 3826805258
232, 2311123, 1009, 1147325, 1146618, 489, 7841, 7841, 2164941452
230, 2310993, 1147238, 1119, 579, 1146383, 7837, 7837, 2747699056
233, 2312519, 970, 1148525, 1147711, 491, 7411, 7411, 596182133
228, 2313118, 1041, 1148446, 1147920, 523, 7594, 7594, 1468330788
237, 2310989, 1119, 1146706, 1145949, 571, 8322, 8322, 2473504118
238, 2313857, 969, 1148720, 1147909, 499, 7880, 7880, 4218341079
234, 2313550, 1148032, 1279, 751, 1147336, 8076, 8076, 92113849
236, 2311485, 1146923, 1165, 638, 1146253, 8253, 8253, 4011444858
242, 2310992, 974, 1147652, 1146776, 488, 7551, 7551, 4110228665
240, 2313965, 1040, 1148208, 1147420, 517, 8390, 8390, 1291747806
241, 2312525, 1398, 1147705, 1147122, 840, 7730, 7730, 132561801
239, 2313243, 1147609, 1224, 686, 1146880, 8422, 8422, 3265215002
235, 2312831, 1148455, 1093, 580, 1147893, 7405, 7405, 2657511369
244, 2311380, 1147277, 1045, 532, 1146564, 7981, 7981, 2929892559
250, 2313087, 1224, 1148081, 1147114, 672, 7998, 7998, 1105134542
246, 2313532, 1080, 1148186, 1147537, 577, 8076, 8076, 2817031217
247, 2313846, 1106, 1148303, 1147729, 562, 8073, 8073, 4036392798
249, 2314802, 1202, 1148850, 1148199, 703, 7924, 7924, 1050468254
245, 2312650, 1148296, 909, 437, 1147494, 7757, 7757, 1990350669
243, 2313262, 1148526, 988, 460, 1147834, 7727, 7727, 1320646993
248, 2311353, 927, 1147170, 1146525, 457, 8137, 8137, 10013000
253, 2310746, 1581, 1146120, 1145495, 1068, 8241, 8241, 4070540015
251, 2310961, 1147150, 1116, 571, 1146444, 7840, 7840, 641398871
252, 2314958, 1148766, 1034, 470, 1148170, 8259, 8259, 4184934962
254, 2313706, 1182, 1148288, 1147737, 687, 7906, 7906, 1658490305
256, 2313042, 1399, 1148095, 1147560, 922, 7533, 7533, 3441098975
255, 2313517, 1148536, 998, 493, 1147648, 7921, 7921, 268516382
258, 2311988, 891, 1147911, 1147318, 356, 7756, 7756, 622796307
264, 2313195, 975, 1148703, 1148001, 464, 7526, 7526, 2373118222
257, 2313133, 1148031, 1187, 610, 1147459, 7923, 7923, 1701658320
265, 2311613, 1147354, 1009, 498, 1146270, 8241, 8241, 776296269
259, 2311337, 1147338, 1174, 658, 1146781, 7693, 7693, 3625888739
263, 2312735, 1147971, 945, 434, 1147361, 8012, 8012, 3015833098
261, 2311335, 1247, 1146392, 1145875, 733, 8544, 8544, 3374657971
262, 2312199, 1147620, 1037, 525, 1147053, 7982, 7982, 565648844
260, 2311143, 1147637, 967, 444, 1147127, 7484, 7484, 1643649766
266, 2312005, 1147150, 1065, 560, 1146408, 8411, 8411, 1497852740
268, 2315224, 1149246, 866, 396, 1148558, 8079, 8079, 1306538463
267, 2312584, 984, 1147891, 1147329, 458, 7961, 7961, 1443137953
270, 2312977, 996, 1147356, 1146726, 493, 8703, 8703, 626925654
269, 2311689, 1147803, 1217, 676, 1146945, 7524, 7524, 564394680
273, 2311745, 982, 1147654, 1146915, 494, 7850, 7850, 4175256911
271, 2312306, 1147896, 923, 434, 1147159, 7947, 7947, 2286904829
277, 2313449, 1049, 1148324, 1147627, 541, 7954, 7954, 1691211703
272, 2313089, 1053, 1148319, 1147709, 534, 7737, 7737, 3878441550
279, 2313517, 1092, 1148582, 1147899, 596, 7674, 7674, 4103142060
282, 2313920, 1072, 1148876, 1148129, 559, 7642, 7642, 1546710889
275, 2312206, 1168, 1147754, 1147206, 654, 7712, 7712, 2626394780
274, 2313574, 1148567, 1023, 572, 1147972, 7720, 7720, 3020510736
280, 2312892, 908, 1148042, 1147371, 399, 8086, 8086, 420558503
281, 2311283, 1008, 1147472, 1146854, 477, 7736, 7736, 656560296
283, 2313161, 1060, 1148661, 1148085, 557, 7399, 7399, 2960002417
278, 2312534, 1148104, 1037, 547, 1147298, 7774, 7774, 2245199788
276, 2311478, 1147553, 1241, 717, 1146947, 7510, 7510, 3165520274
286, 2311294, 1036, 1147214, 1146584, 500, 7980, 7980, 1167964563
290, 2314361, 1149173, 1538, 1004, 1148238, 7204, 7204, 224197582
285, 2311338, 1146731, 977, 508, 1146164, 8479, 8479, 3864070105
295, 2313227, 917, 1148542, 1147519, 425, 7912, 7912, 560029340
289, 2312731, 1147544, 1052, 528, 1146711, 8448, 8448, 2711761399
292, 2311806, 939, 1147757, 1147121, 443, 7773, 7773, 1257542129
284, 2311157, 1147101, 1209, 691, 1146432, 7862, 7862, 3895919932
288, 2313367, 902, 1148373, 1147830, 436, 7913, 7913, 984710556
294, 2311897, 1135, 1146326, 1145676, 604, 9078, 9078, 3619262603
287, 2313106, 1175, 1148142, 1147589, 652, 7774, 7774, 161538565
291, 2311814, 1147369, 1013, 530, 1146848, 8027, 8027, 4074610228
296, 2315171, 1122, 1149004, 1148279, 576, 8095, 8095, 2073490106
293, 2311953, 1147686, 988, 487, 1147122, 7835, 7835, 1697391133
299, 2312843, 1007, 1148284, 1147589, 483, 7740, 7740, 2494652661
297, 2312977, 1148433, 1132, 621, 1147737, 7527, 7527, 4034280354
301, 2312736, 909, 1148643, 1148022, 396, 7383, 7383, 3520897370
300, 2310326, 1146775, 1002, 526, 1146101, 7961, 7961, 503065341
304, 2310922, 986, 1146929, 1146272, 495, 8120, 8120, 2497814043
306, 2313622, 1094, 1147957, 1147418, 551, 8301, 8301, 555833321
307, 2313481, 815, 1149232, 1148527, 371, 7268, 7268, 3886112765
309, 2311664, 1166, 1147304, 1146562, 632, 8000, 8000, 1193710825
305, 2312233, 1147494, 1176, 638, 1146971, 7977, 7977, 767731627
303, 2314671, 1149465, 864, 359, 1148891, 7546, 7546, 296013711
302, 2309946, 1146362, 960, 442, 1145658, 8262, 8262, 3938894012
308, 2312022, 1148209, 1040, 513, 1147556, 7352, 7352, 2667297445
310, 2313625, 1123, 1148169, 1147508, 623, 8101, 8101, 1932327123
298, 2314383, 1148442, 1341, 834, 1147910, 7928, 7928, 273324793
312, 2311507, 863, 1147188, 1146475, 391, 8295, 8295, 3407374824
313, 2312483, 1131, 1147842, 1147212, 626, 7836, 7836, 4043101898
314, 2315009, 1018, 1149189, 1148512, 516, 7887, 7887, 198352229
311, 2310988, 1145863, 1155, 624, 1145312, 9017, 9017, 1928598379
315, 2312533, 1081, 1148019, 1147257, 544, 7816, 7816, 552246886
322, 2312605, 1065, 1148502, 1147703, 569, 7383, 7383, 2457407404
319, 2312394, 1132, 1148088, 1147323, 597, 7627, 7627, 509009443
316, 2312334, 1148287, 946, 464, 1147431, 7603, 7603, 286723824
317, 2312782, 1014, 1147851, 1147341, 558, 8009, 8009, 1935506849
320, 2314725, 914, 1149424, 1148842, 421, 7562, 7562, 523643977
321, 2312903, 1158, 1147601, 1147050, 578, 8258, 8258, 1149376396
325, 2311489, 982, 1147432, 1146710, 499, 7933, 7933, 337296420
324, 2313865, 1410, 1148374, 1147790, 859, 7716, 7716, 1496140571
318, 2312234, 1214, 1147246, 1146734, 674, 8183, 8183, 128089027
327, 2310231, 1065, 1147051, 1146191, 538, 7693, 7693, 2197335864
323, 2311810, 1147361, 1165, 621, 1146707, 7978, 7978, 2587753231
329, 2313255, 1073, 1148277, 1147469, 586, 7925, 7925, 357368661
328, 2312404, 1148257, 1116, 590, 1147455, 7493, 7493, 2635597459
333, 2312795, 989, 1148321, 1147489, 466, 7765, 7765, 944880546
334, 2312939, 1113, 1148391, 1147676, 579, 7590, 7590, 3433215886
331, 2309743, 1145575, 1222, 674, 1144964, 8654, 8654, 1067829382
330, 2312457, 1293, 1147361, 1146871, 790, 8071, 8071, 1153142945
337, 2310261, 1511, 1146059, 1145338, 975, 8189, 8189, 3122222030
326, 2311345, 1146925, 1004, 464, 1146400, 8276, 8276, 703960873
335, 2314853, 1149125, 1165, 667, 1148602, 7647, 7647, 3561045813
340, 2311047, 1142, 1146682, 1145973, 624, 8313, 8313, 2150149209
332, 2312479, 1148385, 918, 428, 1147732, 7508, 7508, 2093358575
336, 2312177, 1147044, 1617, 1085, 1146505, 7963, 7963, 3431567404
341, 2310687, 1147141, 1028, 518, 1146316, 7842, 7842, 2813985324
338, 2313756, 1137325, 11507, 10941, 1136715, 8634, 8634, 3104481882
344, 2311728, 996, 1147426, 1146711, 483, 8056, 8056, 1159144791
345, 2312412, 1186, 1148318, 1147562, 716, 7315, 7315, 1336481171
342, 2311596, 985, 1147154, 1146578, 471, 8204, 8204, 21790270
339, 2311563, 1147376, 1058, 527, 1146708, 7947, 7947, 2913118921
343, 2314409, 910, 1149192, 1148659, 440, 7604, 7604, 896445136
346, 2311229, 1147974, 959, 458, 1147102, 7368, 7368, 3802234074
350, 2311568, 1455, 1146817, 1146200, 904, 8096, 8096, 1972146841
353, 2314198, 919, 1149414, 1148632, 429, 7402, 7402, 2026094865
347, 2311311, 1006, 1147561, 1147017, 507, 7610, 7610, 210226630
348, 2312841, 1066, 1147507, 1146967, 579, 8361, 8361, 2414319782
349, 2309513, 1146516, 1105, 568, 1145806, 7759, 7759, 16307386
354, 2310811, 944, 1147555, 1147010, 430, 7436, 7436, 1000618316
352, 2313250, 1148516, 893, 388, 1147843, 7805, 7805, 3270823199
357, 2311456, 931, 1147931, 1147358, 434, 7401, 7401, 2210277846
355, 2308787, 1145532, 1277, 750, 1144864, 8182, 8182, 4112770256
351, 2311899, 1147201, 1298, 766, 1146494, 8070, 8070, 270149619
356, 2311905, 1147651, 1293, 783, 1146806, 7686, 7686, 2144775742
358, 2312277, 1147472, 1107, 592, 1146544, 8281, 8281, 2911441641
360, 2315904, 1149404, 1201, 738, 1148669, 7946, 7946, 477083550
359, 2312202, 1147733, 1145, 600, 1147106, 7809, 7809, 1681109246
364, 2311786, 1147736, 941, 422, 1146873, 7907, 7907, 3856700399
361, 2313229, 1148016, 912, 404, 1147221, 8338, 8338, 3548183535
362, 2312954, 1148146, 956, 465, 1147539, 7924, 7924, 3068963305
367, 2311480, 1147789, 844, 389, 1147028, 7715, 7715, 1603445946
363, 2314448, 1149106, 1036, 533, 1148611, 7581, 7581, 275566248
366, 2313250, 1147812, 1064, 591, 1147201, 8291, 8291, 31988723
369, 2312508, 1148071, 788, 322, 1147385, 7971, 7971, 265999841
371, 2311726, 1010, 1147205, 1146590, 505, 8208, 8208, 1000537245
370, 2313098, 1148265, 1030, 569, 1147530, 7852, 7852, 3234306411
365, 2308552, 1144710, 1839, 1354, 1144117, 8266, 8266, 2227685447
368, 2312975, 1147854, 1201, 698, 1147250, 7986, 7986, 1564319310
372, 2310367, 973, 1146892, 1146256, 436, 7905, 7905, 941219564
376, 2314414, 931, 1149034, 1148329, 426, 7847, 7847, 150467165
373, 2312333, 1148131, 1092, 579, 1147239, 7646, 7646, 3667797372
375, 2313227, 1148020, 1383, 841, 1147439, 7772, 7772, 1531707424
377, 2312190, 1147414, 1017, 516, 1146685, 8279, 8279, 2079955184
383, 2314253, 992, 1149204, 1148457, 486, 7557, 7557, 1745178367
374, 2311989, 1147645, 958, 500, 1147066, 7910, 7910, 2470546753
380, 2314026, 946, 1148989, 1148441, 444, 7603, 7603, 1663281368
379, 2311299, 1147349, 912, 396, 1146800, 7921, 7921, 2102069421
381, 2312455, 1148396, 967, 482, 1147820, 7395, 7395, 1716661065
378, 2313622, 1148701, 920, 444, 1148063, 7747, 7747, 3422773258
385, 2312903, 1120, 1148300, 1147786, 609, 7544, 7544, 3118117520
384, 2311483, 972, 1147611, 1147086, 432, 7691, 7691, 926184199
386, 2310279, 1146618, 1215, 658, 1145806, 7991, 7991, 2001567425
382, 2308871, 1145824, 1056, 572, 1145263, 8078, 8078, 3367679583
389, 2312773, 1211, 1147905, 1147190, 683, 7892, 7892, 1102501392
388, 2312760, 1066, 1147767, 1147126, 575, 8113, 8113, 801913191
387, 2313521, 1148672, 1043, 517, 1148063, 7613, 7613, 1891793281
391, 2313875, 1165, 1149133, 1148435, 622, 7260, 7260, 2877566892
393, 2315587, 1149759, 916, 423, 1149075, 7707, 7707, 2624439101
390, 2310618, 1052, 1146719, 1146156, 545, 8073, 8073, 2645507956
398, 2313282, 905, 1148684, 1147876, 413, 7702, 7702, 1179420418
392, 2314834, 1149437, 830, 331, 1148816, 7710, 7710, 1464642314
396, 2314040, 1148544, 1205, 649, 1147892, 7875, 7875, 710881473
395, 2313378, 1089, 1148324, 1147768, 579, 7809, 7809, 1652999646
400, 2313396, 1148862, 892, 390, 1147938, 7657, 7657, 1073329282
394, 2310324, 1146919, 1093, 558, 1146276, 7739, 7739, 4083630164
397, 2312688, 1147920, 1094, 586, 1147370, 7859, 7859, 2384258580
401, 2313845, 914, 1148686, 1148134, 403, 7854, 7854, 2978652327
403, 2313795, 868, 1149064, 1148435, 382, 7523, 7523, 3098325946
399, 2313984, 1148458, 1114, 600, 1147918, 7947, 7947, 405778508
402, 2312742, 1147614, 1150, 612, 1146998, 8184, 8184, 4062492966
407, 2312124, 1119, 1148119, 1147581, 583, 7361, 7361, 3914449045
405, 2312029, 1107, 1147122, 1146500, 616, 8342, 8342, 3861721504
406, 2312177, 1147822, 974, 462, 1147247, 7836, 7836, 1717274884
404, 2313278, 1003, 1148732, 1148147, 500, 7448, 7448, 1135872583
409, 2312600, 920, 1147792, 1147242, 442, 8102, 8102, 2296194038
411, 2312380, 1066, 1148238, 1147567, 571, 7469, 7469, 4016752033
408, 2312359, 1147653, 1054, 534, 1147128, 7995, 7995, 2134757358
410, 2312448, 1148120, 1132, 579, 1147555, 7531, 7531, 588921498
415, 2313271, 1014, 1148043, 1147190, 492, 8266, 8266, 1582980987
413, 2312809, 932, 1147912, 1147347, 410, 8104, 8104, 4026641219
414, 2312508, 993, 1148213, 1147668, 476, 7579, 7579, 573353314
412, 2311528, 1147315, 1075, 540, 1146720, 7939, 7939, 1885581624
416, 2313034, 1125, 1148286, 1147656, 635, 7666, 7666, 3131274252
417, 2314718, 1148954, 1287, 805, 1148006, 7833, 7833, 545461058
422, 2312131, 1121, 1148235, 1147452, 601, 7361, 7361, 3959491179
421, 2312139, 1147457, 1031, 532, 1146695, 8212, 8212, 2863907227
418, 2308665, 1145865, 1116, 568, 1145082, 8017, 8017, 2681918722
420, 2314687, 1149141, 974, 452, 1148188, 7966, 7966, 323917472
425, 2313338, 975, 1148200, 1147550, 469, 8072, 8072, 3133864498
419, 2312535, 1148143, 1001, 472, 1147603, 7658, 7658, 739002427
426, 2310338, 1772, 1146072, 1145310, 1210, 7987, 7987, 2695108088
427, 2313388, 889, 1148552, 1147917, 370, 7830, 7830, 1564628008
424, 2311862, 1147116, 1497, 1001, 1146454, 7897, 7897, 2903744982
423, 2313059, 1148302, 1052, 527, 1147740, 7719, 7719, 1251654093
428, 2313291, 878, 1148072, 1147488, 399, 8227, 8227, 1138303668
431, 2314102, 1149265, 1116, 556, 1148405, 7380, 7380, 785884693
429, 2311445, 1146723, 1013, 451, 1146190, 8534, 8534, 2107256151
433, 2312059, 942, 1147750, 1147004, 443, 7960, 7960, 2590345394
430, 2311168, 959, 1146819, 1146137, 429, 8412, 8412, 2412175907
435, 2310845, 981, 1146814, 1146150, 472, 8214, 8214, 2325548552
434, 2312931, 1148341, 1073, 526, 1147545, 7723, 7723, 975677231
436, 2313707, 1213, 1148687, 1148155, 712, 7470, 7470, 55976692
437, 2312795, 1164, 1148268, 1147449, 640, 7637, 7637, 3330928256
432, 2312879, 1148351, 929, 426, 1147875, 7649, 7649, 1456674
440, 2313300, 1148718, 1014, 497, 1148027, 7522, 7522, 3848902840
439, 2308983, 1099, 1145653, 1145017, 556, 8329, 8329, 3617136674
446, 2309089, 1002, 1146732, 1145739, 502, 7557, 7557, 3885956530
441, 2313624, 819, 1148995, 1148417, 365, 7514, 7514, 1447751192
442, 2314668, 1122, 1149182, 1148446, 654, 7632, 7632, 2663269517
438, 2311930, 1147622, 1190, 667, 1147049, 7701, 7701, 1528685339
443, 2312017, 1147627, 817, 356, 1146957, 8130, 8130, 1236997319
444, 2311809, 1147114, 1530, 999, 1146430, 7868, 7868, 1576503608
447, 2311134, 1029, 1147131, 1146530, 484, 7980, 7980, 2630683299
445, 2312091, 1238, 1147208, 1146679, 704, 8131, 8131, 1661187070
452, 2310704, 1036, 1146355, 1145737, 512, 8532, 8532, 2429973757
450, 2315516, 782, 1149625, 1149139, 306, 7832, 7832, 2727146707
448, 2311792, 1147802, 1195, 683, 1147242, 7435, 7435, 1218851806
449, 2312294, 1147974, 1060, 546, 1147140, 7787, 7787, 3401696787
453, 2310397, 1146430, 930, 413, 1145680, 8472, 8472, 773914399
455, 2313706, 1148429, 967, 486, 1147876, 7974, 7974, 1211859950
454, 2310783, 1146904, 958, 444, 1146325, 8076, 8076, 3991199633
457, 2312663, 1100, 1147723, 1147060, 604, 8088, 8088, 3747596111
458, 2313220, 1148382, 1093, 607, 1147670, 7734, 7734, 4198809888
451, 2314654, 1148991, 1103, 624, 1148326, 7805, 7805, 2219207370
459, 2313814, 1015, 1148718, 1148163, 476, 7721, 7721, 3434447733
456, 2312214, 1147806, 1236, 754, 1147212, 7603, 7603, 3858586669
460, 2311105, 988, 1147342, 1146800, 453, 7761, 7761, 2313962470
461, 2314509, 1146490, 984, 501, 1145820, 10357, 10357, 1044231188
462, 2312574, 909, 1147968, 1147368, 391, 7969, 7969, 788959441
463, 2311890, 1088, 1146972, 1146402, 620, 8404, 8404, 2732704642
465, 2313869, 1148709, 979, 490, 1147985, 7853, 7853, 3865753377
468, 2313161, 1148847, 875, 353, 1148226, 7430, 7430, 810053930
471, 2311918, 1147777, 1268, 722, 1146989, 7581, 7581, 269290954
467, 2311451, 1147278, 982, 521, 1146712, 7979, 7979, 2728772916
464, 2313012, 1148567, 958, 462, 1147961, 7532, 7532, 3168686702
470, 2314027, 1147854, 1188, 720, 1147105, 8580, 8580, 2890717144
466, 2314752, 933, 1149187, 1148659, 431, 7771, 7771, 1614970781
469, 2311104, 1146447, 1545, 999, 1145809, 8152, 8152, 3359699108
474, 2311647, 1399, 1147113, 1146370, 839, 7963, 7963, 2627697378
475, 2310268, 1146748, 1021, 504, 1146127, 7934, 7934, 2939974327
473, 2311328, 1146952, 1215, 666, 1146291, 8102, 8102, 1193794710
472, 2313928, 1148483, 1219, 735, 1147881, 7805, 7805, 1157994646
476, 2312391, 1147577, 1220, 736, 1146684, 8087, 8087, 2962916151
478, 2313821, 1072, 1148778, 1148111, 596, 7632, 7632, 2188324546
477, 2313446, 1147993, 1085, 581, 1147487, 8150, 8150, 3506412409
480, 2311818, 1567, 1147118, 1146504, 1019, 7805, 7805, 3440713172
481, 2314534, 1223, 1148015, 1147425, 705, 8583, 8583, 1924489675
482, 2313675, 1233, 1148945, 1148347, 736, 7207, 7207, 2459289141
479, 2312213, 1147514, 1219, 691, 1146923, 7933, 7933, 1001836524
484, 2313070, 1148867, 991, 478, 1148044, 7345, 7345, 3360356181
485, 2310936, 1349, 1147203, 1146606, 824, 7477, 7477, 1195332870
487, 2313099, 1027, 1148750, 1147894, 534, 7447, 7447, 2015933638
483, 2312289, 1147880, 1117, 576, 1147374, 7671, 7671, 2012112625
486, 2311525, 1147575, 1064, 535, 1146881, 7735, 7735, 2206819114
493, 2312942, 1117, 1148749, 1147920, 602, 7277, 7277, 3520719436
488, 2314276, 1149407, 955, 430, 1148758, 7363, 7363, 1522886529
495, 2311741, 865, 1147647, 1146931, 360, 7969, 7969, 2066841632
491, 2313253, 1148985, 970, 472, 1148316, 7255, 7255, 793191432
489, 2312248, 1147672, 1190, 645, 1147145, 7798, 7798, 4261922576
492, 2312327, 1227, 1147725, 1147093, 760, 7761, 7761, 2612732271
496, 2312163, 968, 1148166, 1147411, 444, 7587, 7587, 2854981778
494, 2310424, 1146761, 1221, 676, 1145938, 7914, 7914, 3207459427
497, 2313116, 1106, 1148347, 1147797, 596, 7635, 7635, 1615556855
499, 2311693, 1147491, 1085, 549, 1146614, 7977, 7977, 2983626570
490, 2311684, 1146697, 1372, 850, 1146151, 8307, 8307, 3755719625
503, 2311752, 890, 1147819, 1147009, 428, 7803, 7803, 2435123139
505, 2312396, 1147440, 1076, 559, 1146775, 8273, 8273, 1508104346
501, 2313451, 1070, 1148378, 1147833, 566, 7802, 7802, 4227837539
506, 2314447, 1148968, 1011, 538, 1148152, 7889, 7889, 3724190334
498, 2313422, 1003, 1148640, 1148159, 530, 7545, 7545, 541752021
504, 2311291, 1145992, 2231, 1734, 1145434, 7950, 7950, 1222819081
502, 2312735, 1147775, 1179, 649, 1147268, 7932, 7932, 4086496382
500, 2310956, 1146876, 1032, 523, 1146311, 8107, 8107, 2662660367
507, 2312564, 1147392, 1082, 585, 1146813, 8346, 8346, 1891446980
509, 2311140, 1099, 1147187, 1146508, 572, 7887, 7887, 1228881575
510, 2310941, 1023, 1147142, 1146599, 521, 7828, 7828, 3544392048
508, 2315304, 1149964, 964, 485, 1149409, 7241, 7241, 3205158944
515, 2312772, 978, 1148443, 1147851, 444, 7528, 7528, 3203148287
511, 2311755, 1101, 1147685, 1147142, 595, 7616, 7616, 1425411587
518, 2310731, 1228, 1146936, 1146140, 671, 7878, 7878, 3241301980
514, 2311245, 1146976, 1005, 504, 1146376, 8192, 8192, 912148922
516, 2312837, 1165, 1147577, 1146975, 664, 8228, 8228, 3832192949
517, 2313761, 1148876, 866, 384, 1148249, 7693, 7693, 2268984513
513, 2312746, 1148204, 1143, 626, 1147523, 7625, 7625, 24955138
519, 2313630, 1148487, 1213, 694, 1147816, 7710, 7710, 1506702806
520, 2314928, 1149287, 946, 444, 1148729, 7761, 7761, 839895050
521, 2313157, 1148340, 1037, 523, 1147657, 7800, 7800, 890300502
526, 2313353, 1164, 1148312, 1147557, 656, 7832, 7832, 1789004171
522, 2314784, 1148972, 970, 459, 1148369, 8007, 8007, 3565049558
523, 2314065, 1149179, 944, 442, 1148242, 7629, 7629, 2547849706
512, 2313988, 1160, 931, 410, 623, 1155432, 1155432, 126402823
527, 2310396, 1146712, 1126, 596, 1145946, 8008, 8008, 1531790752
524, 2313581, 1148772, 1072, 558, 1148065, 7557, 7557, 668187188
530, 2312744, 1221, 1147879, 1147087, 665, 7946, 7946, 3404105602
531, 2311965, 989, 1147541, 1146791, 456, 8094, 8094, 2626697130
525, 2312572, 1148111, 913, 422, 1147534, 7796, 7796, 1046045957
529, 2314421, 1014, 1148548, 1147991, 522, 8173, 8173, 2462682791
535, 2312729, 1172, 1148246, 1147304, 645, 7681, 7681, 3841462564
528, 2313635, 1148644, 1062, 556, 1148053, 7660, 7660, 2139846651
536, 2314166, 1009, 1148753, 1148186, 528, 7845, 7845, 1210980174
532, 2313397, 1148610, 1005, 483, 1148063, 7618, 7618, 1973654475
533, 2312049, 1147373, 1233, 732, 1146773, 7969, 7969, 609504716
534, 2313666, 1148861, 876, 408, 1148335, 7593, 7593, 1818573285
537, 2311433, 1147869, 915, 460, 1147037, 7576, 7576, 1143438612
540, 2314041, 1046, 1148636, 1148077, 512, 7885, 7885, 362034636
538, 2311320, 1147330, 1006, 498, 1146630, 7928, 7928, 425916975
544, 2314106, 1065, 1149254, 1148682, 571, 7267, 7267, 3769791130
547, 2313972, 1001, 1148936, 1148279, 496, 7630, 7630, 1133621249
543, 2312492, 1148314, 941, 425, 1147740, 7536, 7536, 127176791
539, 2310700, 1105, 1146269, 1145660, 592, 8537, 8537, 3059345815
542, 2315530, 1149858, 1003, 519, 1149298, 7426, 7426, 958634226
541, 2308811, 1145691, 1059, 525, 1145128, 8204, 8204, 4281061649
549, 2310677, 1063, 1147133, 1146310, 549, 7811, 7811, 4152492430
545, 2313635, 1148353, 1088, 541, 1147551, 8051, 8051, 1283330469
551, 2312595, 908, 1148122, 1147390, 421, 7877, 7877, 1266304863
550, 2314758, 1148979, 1085, 589, 1148059, 8023, 8023, 509551095
546, 2308771, 1146298, 1114, 596, 1145589, 7587, 7587, 1883973472
548, 2312853, 1148305, 764, 292, 1147692, 7900, 7900, 757857741
553, 2313008, 1148555, 1104, 584, 1147655, 7555, 7555, 4242320691
552, 2314484, 1072, 1149060, 1148393, 621, 7669, 7669, 1368371116
558, 2312921, 835, 1148364, 1147560, 354, 7904, 7904, 1646303668
555, 2312130, 1199, 1147134, 1146437, 650, 8355, 8355, 10718815
557, 2313139, 1148558, 853, 365, 1147903, 7730, 7730, 1956179846
556, 2311604, 1147210, 1083, 552, 1146635, 8062, 8062, 4005568958
560, 2313861, 946, 1148785, 1148269, 455, 7703, 7703, 1581907784
554, 2311761, 1147288, 1041, 495, 1146733, 8102, 8102, 1552641256
567, 2313216, 1175, 1147843, 1147202, 652, 8172, 8172, 2704562924
559, 2313142, 1148611, 906, 387, 1147976, 7631, 7631, 291014282
565, 2310661, 1076, 1146977, 1146284, 568, 7878, 7878, 947733139
563, 2314119, 1017, 1148537, 1147985, 496, 8042, 8042, 3559049764
561, 2312474, 1066, 1147553, 1147070, 557, 8114, 8114, 3227347626
564, 2314074, 882, 1149321, 1148709, 384, 7389, 7389, 50329619
562, 2312088, 1147302, 1072, 537, 1146795, 8191, 8191, 2328708768
570, 2313959, 1227, 1148843, 1148226, 709, 7477, 7477, 2962312548
566, 2311981, 1147958, 876, 342, 1147339, 7733, 7733, 2514743294
568, 2309298, 1145774, 1138, 634, 1145194, 8279, 8279, 3319270221
569, 2311101, 1147049, 1051, 550, 1146391, 8030, 8030, 972024951
576, 2311291, 1105, 1146777, 1146127, 548, 8367, 8367, 3352971967
574, 2311219, 1147181, 1008, 480, 1146642, 7954, 7954, 2762778813
575, 2313067, 1148335, 977, 490, 1147521, 7872, 7872, 1445652039
573, 2312229, 1147826, 1112, 527, 1147096, 7834, 7834, 2860219467
571, 2312489, 1610, 1147869, 1147310, 1092, 7304, 7304, 3316963138
577, 2313283, 1148944, 842, 359, 1148374, 7382, 7382, 3327306199
578, 2312776, 1040, 1148530, 1147888, 564, 7377, 7377, 1296789116
572, 2311461, 1155, 1146938, 1146367, 643, 8179, 8179, 1942089294
581, 2310569, 1068, 1147189, 1146615, 577, 7560, 7560, 2241145032
580, 2313135, 1067, 1148363, 1147784, 569, 7676, 7676, 3403802184
579, 2313191, 1147955, 1322, 788, 1147354, 7886, 7886, 3619279944
582, 2310914, 1147408, 968, 448, 1146574, 7758, 7758, 4007141772
584, 2314092, 1149296, 964, 473, 1148573, 7393, 7393, 1502048706
586, 2313594, 922, 1148694, 1148076, 464, 7719, 7719, 3647623631
587, 2315169, 1005, 1149646, 1148989, 517, 7506, 7506, 3124695720
585, 2314032, 1148324, 1101, 614, 1147453, 8270, 8270, 2354434563
583, 2312741, 1148543, 1116, 580, 1147766, 7368, 7368, 2927133812
588, 2311763, 921, 1148094, 1147375, 405, 7484, 7484, 1301408774
589, 2315376, 887, 1150323, 1149754, 368, 7022, 7022, 962198612
590, 2312876, 1148469, 1272, 717, 1147602, 7408, 7408, 1150881392
591, 2312709, 1068, 1147619, 1147071, 571, 8190, 8190, 918457064
592, 2311685, 1147854, 920, 427, 1147254, 7615, 7615, 3913743936
597, 2315142, 1149761, 976, 434, 1149019, 7476, 7476, 3856602575
594, 2310926, 1144, 1147185, 1146617, 552, 7714, 7714, 809605353
593, 2313955, 1148621, 1027, 515, 1148058, 7867, 7867, 3388805396
601, 2312753, 1512, 1147281, 1146623, 985, 8176, 8176, 1593224845
595, 2311591, 1148073, 983, 459, 1147416, 7330, 7330, 2917061561
599, 2312288, 1148048, 1028, 503, 1147437, 7636, 7636, 1724217054
600, 2310934, 1146334, 1439, 886, 1145695, 8290, 8290, 888331459
602, 2313420, 1335, 1147940, 1147366, 819, 7980, 7980, 1830628370
596, 2312130, 1147793, 920, 371, 1147224, 7911, 7911, 3955553363
603, 2310991, 1147674, 1010, 495, 1146858, 7477, 7477, 4149679580
598, 2311432, 959, 1147461, 1146919, 453, 7820, 7820, 1181964320
605, 2310997, 1146969, 1020, 499, 1146213, 8148, 8148, 131948460
607, 2314035, 1149389, 1114, 598, 1148522, 7206, 7206, 779103895
604, 2310818, 1147592, 964, 413, 1146821, 7514, 7514, 1228700056
608, 2309748, 1146447, 1063, 526, 1145562, 8075, 8075, 2769492243
609, 2312083, 1062, 1147809, 1147215, 547, 7725, 7725, 1071152480
612, 2313675, 1079, 1148775, 1148044, 555, 7611, 7611, 4294102723
606, 2311824, 1147986, 1006, 502, 1147312, 7509, 7509, 3726854023
611, 2311708, 1148023, 947, 493, 1147351, 7447, 7447, 1266820222
610, 2314510, 1149282, 1239, 735, 1148534, 7360, 7360, 3099448013
614, 2314507, 1149136, 925, 445, 1148485, 7758, 7758, 2618806590
613, 2310845, 1147036, 1037, 510, 1146348, 7957, 7957, 1012754381
615, 2315615, 949, 1149694, 1149110, 428, 7717, 7717, 2709024750
620, 2309535, 1171, 1146281, 1145599, 682, 7901, 7901, 338138582
616, 2313337, 1147240, 1672, 1184, 1146625, 8308, 8308, 2643953871
619, 2313384, 1148691, 826, 316, 1148045, 7753, 7753, 675626369
618, 2311623, 1147347, 1213, 651, 1146756, 7828, 7828, 1883477498
624, 2312401, 1177, 1147537, 1146705, 638, 8172, 8172, 2335132501
621, 2311961, 1147601, 1033, 525, 1146878, 7962, 7962, 373540780
617, 2312177, 1147466, 1246, 691, 1146846, 7964, 7964, 2523401422
627, 2311142, 1013, 1147557, 1146933, 535, 7552, 7552, 956853723
623, 2311265, 1147339, 1114, 616, 1146478, 7859, 7859, 1918693839
625, 2310810, 1140, 1146328, 1145735, 611, 8498, 8498, 1853839108
626, 2311391, 1929, 1146405, 1145748, 1403, 7953, 7953, 3027509132
631, 2311407, 910, 1147852, 1147106, 413, 7563, 7563, 3039066569
628, 2311336, 1147488, 937, 464, 1146853, 7797, 7797, 81119127
622, 2312310, 1147508, 1128, 622, 1146964, 8044, 8044, 2072764199
633, 2314697, 896, 1149736, 1148534, 397, 7567, 7567, 1234182590
630, 2312929, 1147756, 1280, 774, 1147025, 8047, 8047, 1341862745
635, 2313700, 1189, 1148481, 1147533, 621, 7938, 7938, 759687228
629, 2311412, 1147234, 1089, 554, 1146515, 8010, 8010, 1482834174
632, 2310684, 1146641, 1125, 593, 1145919, 8203, 8203, 3559336316
638, 2312046, 1053, 1147918, 1147184, 591, 7650, 7650, 3528825603
636, 2312087, 1252, 1146815, 1146262, 744, 8507, 8507, 1877898166
634, 2312034, 1147871, 1125, 610, 1147036, 7696, 7696, 689953811
637, 2311955, 1147804, 1100, 601, 1147144, 7653, 7653, 2538615856
642, 2311339, 1015, 1147405, 1146825, 472, 7811, 7811, 2122829690
646, 2311205, 1161, 1147087, 1146371, 630, 7978, 7978, 576188560
640, 2314490, 941, 1149473, 1148843, 469, 7382, 7382, 4105564516
644, 2312565, 905, 1148403, 1147845, 382, 7515, 7515, 3786077689
649, 2312757, 1214, 1147640, 1147042, 707, 8077, 8077, 2852638929
645, 2309315, 1146285, 1006, 512, 1145466, 8023, 8023, 3949261868
641, 2314192, 1148730, 1007, 490, 1148201, 7882, 7882, 3392431503
639, 2312948, 1147430, 1213, 696, 1146893, 8358, 8358, 1930242131
643, 2312703, 1148291, 946, 463, 1147765, 7619, 7619, 1719380760
647, 2314617, 1149666, 958, 447, 1148954, 7296, 7296, 3706755006
650, 2312085, 1160, 1147472, 1146869, 634, 7975, 7975, 326421970
648, 2313592, 1038, 1148567, 1148030, 515, 7721, 7721, 2446781226
653, 2311622, 1096, 1147313, 1146565, 560, 8044, 8044, 2372280737
651, 2310266, 1146876, 1045, 506, 1146139, 7850, 7850, 4007091761
655, 2312496, 1175, 1147151, 1146515, 649, 8503, 8503, 1532865252
652, 2314380, 1006, 1149171, 1148632, 473, 7549, 7549, 2761642385
657, 2313861, 1237, 1148690, 1148139, 679, 7558, 7558, 1044026549
659, 2312229, 1148406, 952, 454, 1147711, 7353, 7353, 1145204337
654, 2312624, 1147832, 934, 453, 1147249, 8078, 8078, 199404787
658, 2313587, 1148419, 1385, 846, 1147601, 7668, 7668, 2401912672
656, 2312989, 1147997, 940, 446, 1147400, 8103, 8103, 90663392
660, 2309665, 1145026, 1495, 978, 1144418, 8874, 8874, 3884459309
661, 2311398, 1191, 1146798, 1146267, 696, 8223, 8223, 2697096756
664, 2313448, 1077, 1148802, 1148107, 564, 7449, 7449, 140054824
662, 2310479, 1146800, 933, 430, 1146208, 8054, 8054, 4050268450
663, 2313600, 1148692, 1025, 497, 1148118, 7634, 7634, 2855217784
665, 2310623, 1146959, 1112, 561, 1146225, 7883, 7883, 2825903012
669, 2315343, 1125, 1149278, 1148730, 626, 7792, 7792, 857411225
666, 2314233, 1148878, 1024, 526, 1148313, 7746, 7746, 3675779098
670, 2311930, 1147297, 1184, 647, 1146692, 8055, 8055, 3159163777
668, 2314571, 1149803, 845, 315, 1149026, 7291, 7291, 3906260783
673, 2312241, 1043, 1147769, 1147207, 522, 7850, 7850, 4057206028
672, 2312698, 1131, 1148229, 1147615, 613, 7555, 7555, 2254143762
671, 2314922, 1149909, 986, 464, 1149279, 7142, 7142, 2745885144
674, 2312397, 1035, 1148073, 1147475, 510, 7652, 7652, 3326542022
667, 2313000, 1148598, 1113, 600, 1147927, 7381, 7381, 2539739069
675, 2312170, 1147660, 1149, 604, 1146869, 7944, 7944, 1157299797
676, 2313867, 1148907, 1007, 465, 1148154, 7667, 7667, 2264883278
681, 2312345, 1222, 1147033, 1146428, 680, 8491, 8491, 1616477192
677, 2313320, 1219, 1147672, 1147125, 714, 8295, 8295, 4232151598
678, 2312058, 1147583, 1130, 543, 1147038, 7882, 7882, 1096217882
685, 2314130, 1243, 1148599, 1147954, 728, 7803, 7803, 773330322
679, 2314020, 1148881, 1060, 600, 1148313, 7583, 7583, 1565718744
684, 2314733, 1148911, 1163, 642, 1148109, 7954, 7954, 971552869
680, 2313474, 1148855, 1126, 629, 1148312, 7276, 7276, 2752601322
688, 2315253, 1149738, 940, 436, 1149039, 7550, 7550, 1279172647
682, 2311547, 1147210, 833, 336, 1146668, 8250, 8250, 1715101069
686, 2313965, 1148545, 1097, 595, 1147804, 7962, 7962, 3462059419
683, 2312398, 1147620, 1348, 824, 1146992, 7807, 7807, 1509919827
690, 2311853, 1096, 1147501, 1146830, 586, 7920, 7920, 936050628
691, 2311888, 1198, 1147603, 1146800, 681, 7803, 7803, 2530094565
687, 2312970, 1148065, 1081, 568, 1147388, 7934, 7934, 1643401564
693, 2312311, 1026, 1147683, 1147031, 529, 8021, 8021, 2345619415
689, 2314000, 1148583, 960, 453, 1148028, 7988, 7988, 728071
695, 2312898, 1126, 1148152, 1147325, 591, 7852, 7852, 1982320013
696, 2311653, 1206, 1147951, 1147180, 658, 7329, 7329, 349337356
698, 2313053, 932, 1147966, 1147289, 438, 8214, 8214, 1362228427
694, 2311493, 1147091, 954, 494, 1146362, 8296, 8296, 1650443175
701, 2313030, 982, 1149017, 1148134, 429, 7234, 7234, 2794540513
699, 2313271, 1075, 1148624, 1148002, 542, 7514, 7514, 833813411
692, 2313344, 1148423, 1116, 618, 1147877, 7655, 7655, 2122840421
697, 2312086, 1147683, 752, 272, 1146995, 8192, 8192, 744874370
704, 2312211, 1054, 1147809, 1147316, 534, 7749, 7749, 1177606088
700, 2312575, 1148723, 966, 447, 1147983, 7228, 7228, 2894646742
706, 2315306, 923, 1149992, 1149485, 396, 7255, 7255, 2131971570
705, 2312959, 1148470, 822, 340, 1147925, 7701, 7701, 611842102
708, 2312422, 907, 1147923, 1147341, 413, 7919, 7919, 3824385215
702, 2314974, 1149259, 1225, 717, 1148759, 7507, 7507, 2414543811
703, 2312316, 1147428, 1119, 591, 1146906, 8136, 8136, 2321969684
710, 2313710, 1148867, 1120, 621, 1148002, 7550, 7550, 1311630280
709, 2311878, 1147151, 1153, 636, 1146582, 8178, 8178, 1328292316
712, 2312575, 1098, 1147780, 1147129, 586, 7991, 7991, 111508372
707, 2312559, 1148042, 993, 493, 1147363, 7834, 7834, 2649767921
711, 2311939, 928, 1147987, 1147413, 419, 7596, 7596, 3521269466
713, 2314470, 916, 1149041, 1148443, 458, 7806, 7806, 261227443
717, 2311290, 1414, 1146932, 1146197, 837, 7955, 7955, 31871391
715, 2311705, 1147369, 958, 461, 1146597, 8160, 8160, 1962292133
714, 2313446, 1149350, 882, 420, 1148570, 7112, 7112, 3084054966
719, 2313493, 1148915, 915, 427, 1148200, 7518, 7518, 2207885459
722, 2311937, 939, 1148346, 1147426, 450, 7388, 7388, 2958179346
718, 2310470, 1267, 1146488, 1145824, 753, 8069, 8069, 1022654302
721, 2313426, 862, 1148563, 1147923, 370, 7854, 7854, 1192835647
716, 2311365, 1146984, 1027, 484, 1146276, 8297, 8297, 983388331
720, 2311632, 1147510, 1394, 851, 1146711, 7583, 7583, 4251192834
724, 2312137, 1145, 1147913, 1147029, 618, 7716, 7716, 2007429501
727, 2310204, 1146632, 1117, 601, 1146008, 7923, 7923, 1055349599
723, 2313802, 1148919, 982, 516, 1148303, 7541, 7541, 1270163247
726, 2312715, 1147998, 1069, 548, 1147342, 7879, 7879, 3708389719
725, 2313901, 1149278, 861, 386, 1148622, 7377, 7377, 868673334
732, 2310707, 1042, 1146703, 1145921, 495, 8273, 8273, 2667987925
729, 2311314, 1092, 1146860, 1146320, 552, 8245, 8245, 1976183470
734, 2313132, 868, 1148191, 1147415, 380, 8139, 8139, 4236847172
733, 2312892, 1490, 1148095, 1147451, 992, 7432, 7432, 4011254700
731, 2314403, 1149581, 875, 362, 1148835, 7375, 7375, 4203536738
728, 2312600, 1148093, 912, 462, 1147589, 7772, 7772, 1282459644
735, 2313927, 1011, 1149025, 1148453, 474, 7482, 7482, 3514890855
730, 2313057, 1148296, 1087, 598, 1147762, 7657, 7657, 1715611619
737, 2313137, 987, 1148536, 1147779, 515, 7660, 7660, 1805063172
738, 2312645, 1019, 1148128, 1147465, 479, 7777, 7777, 395050612
741, 2312715, 895, 1148130, 1147384, 402, 7952, 7952, 3579173254
743, 2312717, 1089, 1148127, 1147361, 564, 7788, 7788, 442342655
742, 2311820, 1147711, 1023, 523, 1146887, 7838, 7838, 54466110
736, 2313033, 1147769, 1041, 495, 1147204, 8262, 8262, 3959368758
740, 2312904, 1147375, 994, 490, 1146751, 8647, 8647, 543055991
747, 2314671, 843, 1149373, 1148616, 339, 7750, 7750, 3130079138
744, 2311794, 1147634, 1044, 567, 1146971, 7789, 7789, 3062477171
749, 2311060, 1250, 1147107, 1146350, 693, 7830, 7830, 3137344710
745, 2311595, 1147607, 1201, 645, 1146890, 7626, 7626, 2256171077
739, 2313034, 1148412, 964, 460, 1147782, 7708, 7708, 1306505198
746, 2311492, 985, 1147401, 1146831, 425, 7925, 7925, 1044108833
751, 2313492, 941, 1148693, 1148029, 431, 7699, 7699, 495268540
752, 2311018, 1194, 1146878, 1145875, 629, 8221, 8221, 792602554
748, 2312542, 857, 1148620, 1148115, 344, 7303, 7303, 3491673335
754, 2312826, 1310, 1147714, 1147065, 771, 7983, 7983, 726134914
750, 2312501, 1148077, 1002, 490, 1147468, 7732, 7732, 3144890285
753, 2312969, 1094, 1148108, 1147521, 572, 7837, 7837, 1298944284
757, 2315133, 923, 1149076, 1148438, 464, 8116, 8116, 1459043136
760, 2314219, 1117, 1149109, 1148316, 627, 7525, 7525, 3632126106
758, 2312281, 940, 1147972, 1147386, 437, 7773, 7773, 1931062396
763, 2313703, 1204, 1148795, 1148083, 689, 7466, 7466, 1168670999
755, 2311144, 1047, 1147181, 1146585, 541, 7895, 7895, 2539678926
756, 2312749, 1148302, 1013, 500, 1147676, 7629, 7629, 2943718016
759, 2312332, 1148188, 1053, 541, 1147308, 7621, 7621, 2328917152
767, 2312276, 1228, 1147426, 1146671, 681, 8135, 8135, 1750954575
761, 2313707, 1148784, 1109, 612, 1148226, 7488, 7488, 1621182877
762, 2311433, 1146784, 1251, 739, 1146063, 8298, 8298, 3863707212
769, 2312972, 1049, 1148578, 1147749, 512, 7542, 7542, 1142403829
766, 2311914, 1147951, 1075, 577, 1147141, 7585, 7585, 216579590
773, 2313498, 1037, 1148442, 1147453, 480, 8043, 8043, 673988690
764, 2315094, 1149014, 1148, 634, 1148398, 7950, 7950, 3081236548
765, 2309430, 1145209, 1137, 609, 1144587, 8944, 8944, 3443728358
771, 2313357, 1011, 1148433, 1147905, 472, 7768, 7768, 2221891500
775, 2311395, 991, 1147557, 1146761, 486, 7800, 7800, 201415207
770, 2310468, 1321, 1146139, 1145491, 787, 8365, 8365, 1718594862
776, 2310924, 961, 1146310, 1145724, 469, 8730, 8730, 1271623040
768, 2313392, 1148531, 998, 498, 1147969, 7698, 7698, 3333472105
772, 2312593, 940, 1148023, 1147471, 419, 7870, 7870, 1292973773
777, 2312587, 1147491, 1083, 555, 1146904, 8277, 8277, 4203577049
774, 2312877, 1148221, 1051, 544, 1147629, 7716, 7716, 628616727
778, 2313576, 1084, 1148229, 1147679, 566, 8009, 8009, 1866949772
779, 2311306, 1147246, 1202, 605, 1146641, 7806, 7806, 3955298173
780, 2313693, 1101, 1148110, 1147588, 626, 8134, 8134, 1777899171
781, 2311494, 982, 1147568, 1147033, 457, 7727, 7727, 3927736585
786, 2314051, 985, 1149219, 1148474, 457, 7458, 7458, 516926824
782, 2311547, 1004, 1147302, 1146648, 507, 8043, 8043, 2207264678
784, 2313916, 1205, 1148748, 1148176, 643, 7572, 7572, 2580073599
783, 2313698, 1148509, 1077, 540, 1147780, 7896, 7896, 2684301937
788, 2311865, 883, 1148094, 1147470, 382, 7518, 7518, 390835500
787, 2312949, 1148010, 1076, 564, 1147355, 7972, 7972, 2469978383
790, 2312264, 1074, 1148023, 1147416, 553, 7599, 7599, 3185701807
791, 2310277, 1229, 1146724, 1146181, 709, 7717, 7717, 4063506772
785, 2313406, 1148276, 1119, 608, 1147669, 7867, 7867, 2797475086
796, 2312312, 1108, 1147937, 1147124, 611, 7766, 7766, 3327513830
792, 2313414, 1148228, 1269, 779, 1147304, 7917, 7917, 4288915122
789, 2310034, 1145917, 1383, 842, 1145352, 8270, 8270, 1921175594
793, 2311175, 1147094, 969, 446, 1146390, 8138, 8138, 3168440727
797, 2311377, 1143, 1147298, 1146505, 593, 7919, 7919, 2315800463
795, 2311403, 1147696, 1180, 666, 1146955, 7453, 7453, 1866061377
794, 2311440, 1147379, 1031, 495, 1146793, 7871, 7871, 3884390302
798, 2308627, 1145065, 1078, 563, 1144501, 8710, 8710, 3722548763
799, 2312294, 1147372, 1161, 588, 1146889, 8142, 8142, 2845533709
803, 2312035, 947, 1147556, 1146876, 444, 8106, 8106, 944716059
807, 2314693, 896, 1149267, 1148543, 403, 7792, 7792, 2508700027
805, 2313022, 1148346, 1014, 509, 1147745, 7704, 7704, 2527308710
806, 2314291, 1149199, 1165, 651, 1148362, 7457, 7457, 1676032180
800, 2312382, 1147203, 1083, 618, 1146630, 8424, 8424, 3320539587
801, 2311942, 1051, 1146812, 1146286, 511, 8641, 8641, 1896137983
804, 2312773, 1148025, 1224, 725, 1147475, 7662, 7662, 4124658284
809, 2312723, 1148525, 1005, 481, 1147790, 7461, 7461, 3014875208
802, 2310244, 1146543, 1197, 666, 1145892, 7973, 7973, 3397555802
808, 2315264, 1149023, 1219, 744, 1148442, 7918, 7918, 2619785472
810, 2314142, 1264, 1148698, 1148044, 768, 7684, 7684, 381392127
813, 2313282, 985, 1148703, 1147914, 492, 7594, 7594, 3996625145
811, 2317456, 894, 1151111, 1150516, 427, 7254, 7254, 4190593528
817, 2312233, 1042, 1147773, 1147012, 586, 7910, 7910, 370720906
812, 2312345, 899, 1148215, 1147700, 395, 7568, 7568, 4129113703
818, 2315007, 1041, 1148913, 1148191, 532, 8165, 8165, 955486928
814, 2310614, 1209, 1146755, 1146155, 709, 7893, 7893, 3661410383
815, 2313518, 1148810, 936, 434, 1148226, 7556, 7556, 1086455469
816, 2313485, 1147900, 957, 432, 1147218, 8489, 8489, 2184391895
819, 2313918, 1148648, 993, 467, 1147726, 8042, 8042, 2211346547
821, 2311232, 1147638, 1043, 502, 1146691, 7679, 7679, 3622924656
824, 2312091, 903, 1147359, 1146725, 422, 8341, 8341, 3183852012
822, 2314393, 1085, 1149387, 1148742, 571, 7304, 7304, 1142432996
820, 2312595, 1147822, 1167, 636, 1147144, 7913, 7913, 3229035831
823, 2314587, 1148861, 1162, 664, 1148168, 7866, 7866, 1917341514
830, 2313073, 1146, 1148578, 1147788, 641, 7460, 7460, 3255312195
825, 2311611, 1146888, 1531, 1011, 1146279, 7951, 7951, 625404281
827, 2314464, 1149567, 885, 414, 1149028, 7285, 7285, 2422864772
831, 2312444, 1164, 1147428, 1146834, 640, 8189, 8189, 3886599167
826, 2314118, 1148788, 1091, 596, 1148275, 7684, 7684, 280284546
835, 2311372, 1136, 1147747, 1146932, 565, 7496, 7496, 3337081114
828, 2312423, 1147880, 1047, 536, 1147358, 7801, 7801, 1283082636
832, 2313410, 1148312, 1010, 493, 1147729, 7933, 7933, 1532653549
838, 2312493, 1087, 1148577, 1147558, 601, 7335, 7335, 1473077367
829, 2312988, 826, 1147973, 1147472, 353, 8182, 8182, 524096814
833, 2311571, 1147708, 870, 369, 1147130, 7747, 7747, 1046573991
837, 2312199, 1147345, 978, 495, 1146663, 8359, 8359, 564764636
834, 2311437, 982, 1147504, 1146971, 440, 7770, 7770, 1268861795
839, 2314245, 981, 1149412, 1148796, 494, 7281, 7281, 86535767
836, 2313165, 1148115, 1065, 582, 1147535, 7934, 7934, 3456839710
841, 2312941, 1011, 1148368, 1147760, 530, 7636, 7636, 3930670369
844, 2311897, 977, 1147993, 1147294, 439, 7597, 7597, 2377525297
843, 2311507, 1079, 1147346, 1146706, 570, 7903, 7903, 971102207
845, 2312374, 1093, 1147898, 1147293, 564, 7763, 7763, 2331562022
847, 2310598, 1191, 1146394, 1145817, 704, 8246, 8246, 452392933
848, 2314474, 1067, 1148606, 1147793, 572, 8218, 8218, 2449692168
842, 2313936, 1148596, 1207, 672, 1148019, 7721, 7721, 4250311148
840, 2313754, 83601, 1062633, 1062098, 83058, 11182, 11182, 2102493295
846, 2314076, 1046, 1148826, 1148335, 515, 7677, 7677, 1482588922
851, 2313217, 1187, 1148161, 1147575, 628, 7833, 7833, 3696344320
852, 2314977, 1384, 1148606, 1147978, 877, 8066, 8066, 2872792022
849, 2311985, 1148031, 971, 449, 1147344, 7595, 7595, 3782661386
850, 2312613, 1148267, 940, 422, 1147746, 7619, 7619, 4288795504
854, 2310692, 1014, 1147108, 1146504, 510, 7778, 7778, 2422356993
855, 2313229, 978, 1147913, 1147296, 458, 8292, 8292, 1215193103
853, 2311618, 914, 1147768, 1147248, 426, 7631, 7631, 3549536667
859, 2312696, 967, 1148504, 1147817, 462, 7473, 7473, 2728180984
860, 2313932, 965, 1149511, 1148779, 493, 7092, 7092, 3743048361
862, 2313527, 1114, 1148554, 1147817, 588, 7727, 7727, 3803573471
858, 2311388, 1147281, 1021, 515, 1146809, 7881, 7881, 1203841286
856, 2313217, 1010, 1148333, 1147802, 516, 7778, 7778, 2802646329
857, 2312200, 1148415, 991, 488, 1147728, 7289, 7289, 3772246483
866, 2311799, 1147406, 1095, 568, 1146526, 8102, 8102, 1035303564
868, 2311142, 1118, 1147244, 1146440, 618, 7861, 7861, 1828352114
861, 2312099, 1147666, 1189, 657, 1147055, 7766, 7766, 1760100631
865, 2314373, 1148802, 1144, 621, 1148236, 7785, 7785, 3502826512
864, 2310808, 1147502, 1057, 535, 1146854, 7430, 7430, 425929863
863, 2311419, 1146733, 1302, 771, 1146133, 8240, 8240, 1069928618
867, 2315429, 851, 1150335, 1149818, 385, 7020, 7020, 91715060
869, 2312424, 1146820, 1809, 1271, 1146178, 8173, 8173, 1492428966
871, 2314156, 1088, 1148888, 1148332, 568, 7640, 7640, 3393923566
870, 2311250, 1146682, 1486, 918, 1146086, 8039, 8039, 200898169
873, 2312222, 1147781, 1087, 588, 1147218, 7774, 7774, 553665533
874, 2313094, 1148316, 1071, 563, 1147698, 7723, 7723, 365994483
876, 2312286, 961, 1148026, 1147394, 425, 7740, 7740, 2596053550
872, 2309859, 1146904, 787, 290, 1146358, 7760, 7760, 1744457045
878, 2314272, 1149478, 889, 419, 1148760, 7363, 7363, 1630490616
880, 2313061, 1082, 1148504, 1147676, 553, 7623, 7623, 4277593287
877, 2314303, 841, 1149480, 1148954, 356, 7336, 7336, 831869340
879, 2312635, 1147794, 966, 477, 1147110, 8144, 8144, 3519443434
881, 2312519, 956, 1148114, 1147447, 436, 7783, 7783, 1146362642
875, 2310505, 1146679, 1036, 492, 1146094, 8102, 8102, 3429453537
882, 2311680, 1148127, 1021, 487, 1147533, 7256, 7256, 1718470507
883, 2310695, 1146552, 1110, 562, 1145849, 8311, 8311, 4047091535
886, 2312591, 1147639, 1227, 706, 1146861, 8079, 8079, 1341600806
885, 2312300, 1052, 1148002, 1147449, 545, 7626, 7626, 2776796339
889, 2312003, 1120, 1147338, 1146754, 621, 8085, 8085, 1429428802
891, 2311137, 1018, 1147683, 1147041, 553, 7421, 7421, 3921639472
890, 2313218, 1148025, 1269, 753, 1147217, 7977, 7977, 2590549358
888, 2312750, 1148124, 1043, 505, 1147432, 7823, 7823, 1865751113
887, 2312946, 1148638, 862, 398, 1147970, 7539, 7539, 3735916363
884, 2309911, 1146900, 1128, 582, 1146195, 7553, 7553, 3970289111
893, 2310829, 1098, 1147012, 1146438, 595, 7843, 7843, 2311303685
892, 2312217, 1148068, 936, 422, 1147541, 7625, 7625, 238191788
894, 2309308, 1036, 1146087, 1145354, 509, 8161, 8161, 1595009482
895, 2310589, 1296, 1146782, 1145952, 733, 7913, 7913, 3710381221
896, 2311419, 1294, 1147028, 1146170, 769, 8079, 8079, 3159908731
898, 2312613, 1054, 1147714, 1146929, 552, 8182, 8182, 3920719045
900, 2313315, 1176, 1147645, 1147054, 630, 8405, 8405, 1128478366
897, 2311677, 1089, 1147743, 1147118, 517, 7605, 7605, 446214084
901, 2310881, 1152, 1146874, 1146226, 621, 8004, 8004, 1328146765
904, 2310718, 1303, 1146252, 1145513, 788, 8431, 8431, 2134382912
899, 2313382, 1148882, 877, 359, 1148092, 7586, 7586, 1969635901
907, 2311233, 1247, 1146507, 1145846, 741, 8446, 8446, 2638910850
903, 2311764, 1147597, 1145, 609, 1146891, 7761, 7761, 434825683
902, 2311099, 1147080, 974, 471, 1146458, 8058, 8058, 2056962348
908, 2310217, 1095, 1146910, 1146260, 564, 7694, 7694, 3575780281
911, 2310722, 1138, 1147237, 1146341, 618, 7694, 7694, 1444741465
905, 2313380, 1147885, 1094, 598, 1147229, 8287, 8287, 2874955707
909, 2314271, 1127, 1148972, 1148142, 616, 7707, 7707, 947904438
910, 2315367, 1164, 1149305, 1148794, 662, 7721, 7721, 2613480596
906, 2313845, 1148941, 1033, 520, 1148375, 7488, 7488, 426072770
914, 2312270, 1080, 1148482, 1147840, 588, 7140, 7140, 2909826955
915, 2310783, 1206, 1147020, 1146297, 654, 7803, 7803, 3310393465
912, 2313306, 1148557, 982, 472, 1147901, 7697, 7697, 3918249746
913, 2312209, 1147829, 1060, 550, 1147282, 7744, 7744, 3070768331
919, 2312935, 834, 1148459, 1147749, 353, 7770, 7770, 3941031227
921, 2312614, 1401, 1147481, 1146733, 871, 8064, 8064, 1561821367
917, 2313017, 1114, 1148091, 1147389, 609, 7907, 7907, 2074587490
918, 2312114, 1147347, 950, 445, 1146802, 8285, 8285, 1311823841
922, 2312748, 1148454, 1005, 519, 1147726, 7522, 7522, 757266600
923, 2313502, 1148525, 1082, 554, 1148031, 7655, 7655, 3664468933
924, 2311544, 1147704, 900, 380, 1147032, 7764, 7764, 4103388037
920, 2311865, 1147575, 973, 457, 1146900, 7980, 7980, 2859230866
916, 2312770, 1147926, 1187, 662, 1147361, 7817, 7817, 3940059064
926, 2315533, 1149263, 1072, 558, 1148608, 8016, 8016, 882023591
927, 2311206, 1075, 1147471, 1146807, 553, 7650, 7650, 134345326
925, 2311707, 1147932, 1227, 729, 1147339, 7240, 7240, 3277513198
928, 2310968, 1301, 1146297, 1145732, 780, 8429, 8429, 2320175529
929, 2316683, 1150175, 1158, 622, 1149684, 7522, 7522, 1279351115
931, 2311783, 868, 1147731, 1147025, 369, 7895, 7895, 1467771240
930, 2311686, 1147187, 987, 462, 1146668, 8191, 8191, 1388128084
935, 2313046, 1089, 1148498, 1147823, 582, 7527, 7527, 859829714
932, 2312452, 1147673, 1081, 574, 1147116, 8004, 8004, 3423771321
933, 2312151, 1147, 1146302, 1145730, 634, 9169, 9169, 1690985570
939, 2313011, 994, 1148031, 1147398, 472, 8058, 8058, 1052313612
938, 2313553, 1147855, 1212, 711, 1146887, 8444, 8444, 961663404
934, 2312650, 1147602, 1031, 538, 1147049, 8215, 8215, 232225067
940, 2310672, 1099, 1146806, 1146259, 578, 7965, 7965, 67973459
937, 2310686, 1146672, 1237, 712, 1146141, 7962, 7962, 3833887044
936, 2311326, 1146047, 1488, 968, 1145469, 8677, 8677, 2915201781
944, 2309664, 1215, 1145841, 1145255, 697, 8328, 8328, 932509275
941, 2309273, 1145801, 1500, 921, 1145185, 7933, 7933, 4213691836
942, 2315302, 1149435, 857, 380, 1148804, 7913, 7913, 2746539996
946, 2312604, 1447, 1147464, 1146860, 929, 7952, 7952, 2626923346
949, 2310956, 1149, 1146937, 1146140, 634, 8048, 8048, 3217831454
945, 2312750, 1147793, 1100, 591, 1146818, 8224, 8224, 1994215571
948, 2310391, 1057, 1147157, 1146463, 538, 7588, 7588, 1472266549
950, 2312788, 1050, 1148416, 1147682, 562, 7539, 7539, 2167000210
947, 2314333, 1148770, 951, 458, 1148178, 7988, 7988, 1895983247
943, 2311982, 1147990, 996, 489, 1147425, 7541, 7541, 3441823743
953, 2311848, 1451, 1146833, 1146197, 901, 8233, 8233, 2674549991
954, 2310449, 897, 1146489, 1145874, 371, 8409, 8409, 1714805123
952, 2313552, 1148570, 1014, 502, 1147990, 7738, 7738, 194764001
959, 2313184, 1249, 1148151, 1147422, 768, 7797, 7797, 1607719768
955, 2311756, 1147323, 1234, 726, 1146693, 7890, 7890, 4053747613
957, 2313052, 1153, 1147971, 1147337, 593, 7999, 7999, 3725363341
960, 2314504, 1517, 1148667, 1148001, 1005, 7657, 7657, 677182424
951, 2311172, 919, 1146898, 1146343, 408, 8302, 8302, 272959882
962, 2309248, 1101, 1145702, 1145051, 594, 8400, 8400, 3648852886
961, 2312969, 1149185, 805, 356, 1148587, 7018, 7018, 2716016500
956, 2312688, 1148110, 999, 479, 1147500, 7800, 7800, 109537986
958, 2311841, 1146660, 1194, 649, 1146076, 8631, 8631, 3867961637
963, 2315219, 1112, 1149220, 1148668, 599, 7810, 7810, 1343353585
964, 2312491, 1148161, 988, 487, 1147343, 7756, 7756, 2703177050
969, 2312061, 970, 1147169, 1146624, 472, 8413, 8413, 445898218
972, 2313286, 1407, 1147837, 1147096, 848, 8049, 8049, 461658363
968, 2312777, 1148112, 1273, 749, 1147427, 7608, 7608, 245173067
971, 2312852, 1266, 1147726, 1147200, 742, 7959, 7959, 1151243593
967, 2312268, 1147368, 1076, 569, 1146793, 8231, 8231, 3709325509
973, 2310548, 1147, 1147206, 1146242, 611, 7671, 7671, 59319274
965, 2311160, 1147048, 1054, 554, 1146482, 8011, 8011, 3802381988
966, 2313473, 1149096, 920, 437, 1148562, 7229, 7229, 1893302876
974, 2314420, 1219, 1148647, 1147939, 735, 7940, 7940, 546463738
970, 2310783, 1143730, 1101, 584, 1143196, 11086, 11086, 3008545141
975, 2313245, 904, 1148571, 1147950, 408, 7706, 7706, 3527268544
981, 2309483, 1060, 1146278, 1145365, 528, 8126, 8126, 119333812
977, 2314080, 1147, 1149240, 1148717, 678, 7149, 7149, 1192744982
979, 2313469, 1149103, 1089, 535, 1148140, 7301, 7301, 912688493
976, 2311743, 1147158, 1218, 659, 1146602, 8053, 8053, 1910656549
982, 2316380, 1027, 1149885, 1149282, 530, 7828, 7828, 1888140029
987, 2313823, 1187, 1149163, 1148520, 711, 7121, 7121, 3811515643
984, 2312803, 1147427, 942, 478, 1146846, 8555, 8555, 2722471593
986, 2310851, 1146986, 1139, 571, 1146285, 7935, 7935, 3864374055
980, 2312978, 1157, 1087, 557, 629, 1154774, 1154774, 265700935
985, 2313201, 1148049, 1007, 489, 1147430, 8113, 8113, 4246417680
978, 2311367, 1377, 1146726, 1146254, 808, 8101, 8101, 3729752256
983, 2313587, 1148749, 868, 344, 1148192, 7717, 7717, 3831479680
988, 2312614, 1103, 1148124, 1147499, 596, 7646, 7646, 859304402
990, 2313378, 912, 1148518, 1147882, 432, 7817, 7817, 3863605114
991, 2312011, 1014, 1147715, 1147121, 501, 7830, 7830, 1138791610
989, 2313724, 1148374, 1316, 796, 1147724, 7757, 7757, 4272103495
992, 2312926, 1030, 1148045, 1147519, 534, 7899, 7899, 2615938474
994, 2311444, 1147066, 1224, 671, 1146311, 8086, 8086, 1400905163
996, 2310751, 1147138, 930, 420, 1146379, 7942, 7942, 983342884
993, 2312415, 1147851, 1175, 657, 1147184, 7774, 7774, 3350801291
995, 2312234, 1147449, 1457, 974, 1146764, 7795, 7795, 3155041020
997, 2313376, 1148576, 1050, 515, 1148021, 7607, 7607, 3586181891
999, 2313736, 888, 1148395, 1147742, 409, 8151, 8151, 1484082538
998, 2312704, 1147853, 1008, 502, 1147221, 8060, 8060, 3212133209
