sample_id, N_LCC, N_A_1_LCC, N_B_1_LCC, N_A_0_LCC, N_B_0_LCC, N_A_*_LCC, N_B_*_LCC, seed
8, 3636277, 655, 1807976, 1807390, 530, 9863, 9863, 3661253885
10, 3634780, 909, 1806413, 1806085, 771, 10301, 10301, 366200023
13, 3636849, 873, 1807330, 1807052, 714, 10440, 10440, 2593302422
0, 3638479, 826, 1808395, 1807903, 677, 10339, 10339, 2907054758
2, 3636271, 1041, 1807528, 1807236, 884, 9791, 9791, 79848511
11, 3634649, 1805994, 857, 712, 1805288, 10899, 10899, 400709351
1, 3635038, 1806451, 812, 663, 1805966, 10573, 10573, 2539346119
5, 3633915, 1806391, 628, 475, 1805909, 10256, 10256, 2483401472
6, 3636740, 1808304, 652, 519, 1807871, 9697, 9697, 2039183795
14, 3634925, 848, 1805981, 1805553, 689, 10927, 10927, 1965016166
4, 3634692, 1057, 1805754, 1805570, 895, 10708, 10708, 1321954968
12, 3636255, 1806679, 866, 713, 1806301, 10848, 10848, 1260473379
16, 3638163, 841, 1808601, 1808206, 683, 9916, 9916, 670077169
9, 3636341, 1806962, 838, 674, 1806739, 10564, 10564, 417876037
3, 3637509, 1808303, 733, 596, 1808109, 9884, 9884, 2763774895
7, 3636718, 1807490, 747, 595, 1807332, 10277, 10277, 1189960597
19, 3637424, 1807961, 888, 722, 1807455, 10199, 10199, 2045535521
21, 3634691, 934, 1805889, 1805610, 780, 10739, 10739, 1257896872
15, 3634535, 1806310, 898, 745, 1806164, 10209, 10209, 2410859087
20, 3634910, 587, 1806831, 1806426, 460, 10303, 10303, 3558824921
18, 3636250, 589, 1807139, 1806961, 469, 10546, 10546, 1284813193
17, 3633995, 1805925, 690, 538, 1805750, 10546, 10546, 3264255367
26, 3637667, 639, 1808049, 1807606, 509, 10432, 10432, 2322334468
22, 3638333, 686, 1808452, 1808283, 540, 10186, 10186, 1672952350
23, 3636091, 1807414, 682, 549, 1807072, 10187, 10187, 920421987
25, 3635164, 1806612, 734, 585, 1806327, 10453, 10453, 4225603647
28, 3633664, 1527, 1804121, 1803830, 1366, 11410, 11410, 139334231
29, 3636452, 577, 1807198, 1806935, 456, 10643, 10643, 1645772213
30, 3636341, 1807816, 920, 741, 1806896, 9984, 9984, 630594437
33, 3635169, 817, 1805667, 1805344, 675, 11333, 11333, 1558488576
27, 3637778, 1807748, 665, 523, 1807540, 10651, 10651, 1396231915
34, 3633877, 853, 1806148, 1805754, 694, 10214, 10214, 3890339747
24, 3636203, 1807949, 607, 466, 1807429, 9876, 9876, 520709550
32, 3638340, 704, 1807984, 1807818, 550, 10642, 10642, 2957913692
31, 3635810, 1806602, 855, 691, 1806446, 10608, 10608, 2235965223
36, 3637629, 1807934, 613, 467, 1807737, 10439, 10439, 2885035243
43, 3634975, 744, 1807248, 1806705, 602, 9838, 9838, 771625448
35, 3635415, 764, 1806488, 1806323, 618, 10611, 10611, 547248245
44, 3636478, 643, 1806781, 1806427, 521, 11053, 11053, 1034731679
40, 3633872, 1805871, 724, 563, 1805690, 10512, 10512, 743170075
37, 3633323, 1805643, 1010, 861, 1805389, 10210, 10210, 4019526494
42, 3633533, 1805748, 761, 610, 1805390, 10512, 10512, 2424079040
38, 3636145, 1807667, 669, 526, 1807435, 9924, 9924, 844469644
46, 3636712, 1807523, 482, 340, 1807073, 10647, 10647, 751665452
45, 3634538, 1806048, 965, 786, 1805771, 10484, 10484, 2593190652
41, 3633098, 1805553, 802, 670, 1805395, 10339, 10339, 3181923901
39, 3635889, 1807265, 835, 692, 1806823, 10137, 10137, 522067116
47, 3638575, 1808963, 679, 533, 1808540, 9930, 9930, 1367220752
50, 3636227, 1806730, 850, 698, 1806465, 10742, 10742, 3350226781
51, 3635306, 1807258, 873, 720, 1806717, 9869, 9869, 1336743004
53, 3637502, 863, 1807975, 1807631, 727, 10153, 10153, 2127015415
59, 3637075, 1029, 1807931, 1807454, 855, 9903, 9903, 3425860684
48, 3634137, 701, 1805903, 1805736, 569, 10614, 10614, 463169515
49, 3636206, 1807091, 713, 570, 1806688, 10572, 10572, 1720541242
60, 3640002, 910, 1809298, 1808916, 762, 10058, 10058, 2601064750
56, 3636170, 1807262, 666, 544, 1806622, 10538, 10538, 1763762288
55, 3632408, 762, 1804975, 1804693, 620, 10679, 10679, 2908047054
52, 3635737, 1806313, 1299, 1145, 1805930, 10525, 10525, 1161588166
57, 3635195, 1806109, 718, 573, 1805643, 11076, 11076, 2279678522
61, 3634727, 916, 1805727, 1805418, 766, 10950, 10950, 322281584
58, 3636740, 662, 1807746, 1807562, 508, 10131, 10131, 856239470
54, 3637336, 1807096, 951, 785, 1806874, 10815, 10815, 2539566204
66, 3635156, 761, 1806166, 1805700, 621, 10954, 10954, 2667179748
64, 3634883, 704, 1805887, 1805647, 547, 11049, 11049, 2259892895
62, 3636523, 684, 1807663, 1807417, 523, 10118, 10118, 1617175848
63, 3635119, 941, 1806288, 1806080, 754, 10528, 10528, 2900035903
65, 3637042, 898, 1807451, 1807173, 732, 10394, 10394, 1065792076
67, 3635371, 1806991, 583, 436, 1806495, 10433, 10433, 460928890
70, 3635559, 883, 1806851, 1806500, 723, 10301, 10301, 1178219653
72, 3637120, 718, 1808050, 1807560, 572, 10110, 10110, 983180317
73, 3636964, 1807315, 866, 725, 1806952, 10553, 10553, 1781260013
71, 3634768, 1806502, 615, 472, 1806177, 10501, 10501, 3782308761
75, 3634372, 644, 1806484, 1806245, 493, 10253, 10253, 1563021304
76, 3639279, 710, 1809253, 1808947, 587, 9891, 9891, 867922857
68, 3638138, 1807956, 842, 684, 1807794, 10431, 10431, 3325356591
83, 3635725, 771, 1806840, 1806577, 635, 10451, 10451, 3793280133
79, 3636700, 1807415, 874, 731, 1807018, 10331, 10331, 2154538103
77, 3638423, 845, 1807957, 1807719, 680, 10611, 10611, 4241964778
74, 3634278, 809, 1805692, 1805526, 659, 10796, 10796, 457597583
69, 3637763, 1807541, 619, 474, 1807333, 10898, 10898, 1682433626
78, 3636220, 1807257, 931, 772, 1807070, 10095, 10095, 550854094
80, 3633444, 1805198, 947, 780, 1804761, 10879, 10879, 3638969346
86, 3634226, 658, 1806366, 1806093, 515, 10297, 10297, 2705020671
88, 3636340, 958, 1807282, 1806862, 812, 10213, 10213, 321058846
81, 3635999, 1807002, 951, 798, 1806776, 10236, 10236, 3642849333
82, 3636647, 1807336, 705, 578, 1807088, 10470, 10470, 3425125349
84, 3638962, 908, 1808355, 1808184, 729, 10393, 10393, 2364651083
87, 3634917, 730, 1806036, 1805826, 569, 10878, 10878, 3895653182
91, 3637376, 1808605, 738, 607, 1808020, 9703, 9703, 180049767
92, 3637078, 579, 1807890, 1807519, 454, 10318, 10318, 974974544
85, 3633285, 879, 1804528, 1804316, 710, 11426, 11426, 245886436
89, 3636277, 1807217, 729, 571, 1806968, 10396, 10396, 2069078532
94, 3636576, 722, 1807702, 1807379, 561, 10106, 10106, 1620558939
98, 3636434, 581, 1807243, 1806826, 442, 10671, 10671, 3295737877
96, 3637378, 856, 1807556, 1807259, 697, 10505, 10505, 1895116123
93, 3636501, 672, 1807609, 1807442, 526, 10126, 10126, 454702090
95, 3636694, 1807442, 703, 556, 1807105, 10444, 10444, 3532199321
101, 3637252, 700, 1808506, 1807961, 559, 9763, 9763, 2730139703
97, 3634853, 1807157, 623, 481, 1806766, 9913, 9913, 786915187
90, 3636327, 883, 1806402, 1806249, 717, 11038, 11038, 1669436022
100, 3637379, 1807568, 822, 687, 1807412, 10445, 10445, 1098027135
103, 3638241, 1808254, 765, 594, 1807810, 10409, 10409, 4038515497
99, 3637224, 1807385, 746, 598, 1807177, 10659, 10659, 1211207310
107, 3635285, 721, 1806932, 1806573, 561, 10249, 10249, 3590793588
102, 3638171, 1808637, 690, 544, 1808152, 10074, 10074, 2724249875
105, 3635235, 1806116, 866, 733, 1805758, 10881, 10881, 3395250650
113, 3635875, 710, 1806887, 1806310, 560, 10704, 10704, 388666173
106, 3637728, 1808173, 995, 828, 1807744, 9994, 9994, 4251898461
108, 3635549, 1806870, 763, 617, 1806411, 10444, 10444, 2775168409
109, 3638581, 1807906, 1027, 858, 1807660, 10565, 10565, 1329127721
104, 3635958, 1807289, 819, 649, 1807093, 10054, 10054, 3033082209
111, 3637640, 770, 1807903, 1807651, 602, 10357, 10357, 3569244996
110, 3639010, 1808401, 832, 671, 1808126, 10490, 10490, 4077556523
112, 3636965, 724, 1807634, 1807470, 587, 10275, 10275, 2839918408
114, 3634336, 1806267, 784, 626, 1805923, 10368, 10368, 1939263624
115, 3634992, 905, 1806188, 1805876, 729, 10647, 10647, 1242689203
118, 3637008, 685, 1807676, 1807268, 533, 10423, 10423, 2038163771
120, 3634975, 1010, 1806181, 1805674, 836, 10637, 10637, 1643809200
116, 3635810, 811, 1806520, 1806375, 662, 10721, 10721, 3273116055
117, 3636635, 889, 1807308, 1807051, 723, 10332, 10332, 2025010112
121, 3635172, 1806203, 844, 685, 1805880, 10780, 10780, 2946201755
122, 3636698, 601, 1808175, 1807892, 476, 9777, 9777, 1945008156
119, 3633517, 1805385, 1116, 978, 1805088, 10475, 10475, 3862666889
123, 3636332, 959, 1807133, 1806753, 811, 10338, 10338, 941211479
127, 3634006, 1012, 1805136, 1804776, 840, 11121, 11121, 661119966
124, 3636490, 1807278, 802, 635, 1807097, 10339, 10339, 2526261175
129, 3636296, 750, 1806773, 1806595, 618, 10780, 10780, 807227276
133, 3633725, 790, 1806448, 1806129, 656, 9851, 9851, 1484032535
128, 3636179, 1807465, 890, 718, 1807066, 10020, 10020, 2967760848
130, 3633429, 1805599, 750, 592, 1805304, 10592, 10592, 3444739686
132, 3633952, 1806444, 664, 524, 1805900, 10210, 10210, 2986504724
126, 3635082, 795, 1806580, 1806365, 640, 10351, 10351, 737264037
125, 3634521, 585, 1806241, 1806058, 457, 10590, 10590, 1635432517
131, 3634303, 1806161, 850, 686, 1805750, 10428, 10428, 718903209
134, 3635685, 836, 1806792, 1806569, 696, 10396, 10396, 3031962535
138, 3638695, 779, 1808183, 1807686, 625, 10711, 10711, 804570115
135, 3635963, 710, 1807076, 1806892, 563, 10361, 10361, 2969071999
136, 3635753, 658, 1807120, 1806939, 506, 10265, 10265, 463418338
142, 3636452, 777, 1807977, 1807459, 629, 9805, 9805, 2804549957
137, 3637265, 704, 1807893, 1807705, 555, 10204, 10204, 3529687672
147, 3637193, 764, 1808094, 1807306, 601, 10214, 10214, 2158988986
145, 3633588, 925, 1805580, 1805157, 762, 10582, 10582, 4173500752
144, 3637379, 874, 1808159, 1807880, 730, 9868, 9868, 2918529696
139, 3635832, 826, 1806633, 1806468, 671, 10617, 10617, 2099163254
146, 3633960, 1805859, 1213, 1062, 1805442, 10192, 10192, 2778885243
140, 3631817, 1804111, 794, 628, 1803938, 11173, 11173, 2886628430
141, 3639317, 1809061, 704, 571, 1808799, 10091, 10091, 1670819630
151, 3636417, 570, 1807691, 1807099, 437, 10310, 10310, 2402179283
150, 3635054, 909, 1806553, 1806286, 740, 10283, 10283, 4045779535
149, 3634991, 1001, 1806627, 1806185, 822, 10178, 10178, 1988658906
148, 3636506, 1807513, 774, 615, 1806988, 10308, 10308, 1803278346
143, 3634164, 1805809, 712, 562, 1805479, 10801, 10801, 741751392
152, 3635804, 774, 1806593, 1806375, 628, 10717, 10717, 683155011
155, 3638295, 803, 1808581, 1808086, 653, 10086, 10086, 2997059943
156, 3632123, 635, 1805129, 1804724, 481, 10577, 10577, 2642533394
153, 3633261, 1805663, 750, 594, 1805318, 10468, 10468, 2286417542
159, 3635462, 632, 1807088, 1806768, 500, 10237, 10237, 3261647202
164, 3637060, 949, 1807769, 1807282, 800, 10130, 10130, 3532319318
163, 3635178, 669, 1807039, 1806520, 522, 10214, 10214, 2916227185
158, 3633861, 1806366, 674, 533, 1805886, 10201, 10201, 1663502601
160, 3634546, 1806663, 674, 544, 1806379, 10143, 10143, 2335211517
161, 3636426, 1807274, 703, 563, 1806848, 10519, 10519, 1851951606
157, 3635188, 1806188, 817, 665, 1805938, 10790, 10790, 3885407684
154, 3637117, 1807245, 1078, 924, 1806984, 10443, 10443, 1064921096
162, 3636472, 1807355, 748, 606, 1807087, 10338, 10338, 1191624493
170, 3636340, 692, 1807699, 1807127, 564, 10129, 10129, 553573654
168, 3636436, 856, 1807511, 1807179, 720, 10085, 10085, 2133397064
166, 3635997, 1807716, 682, 529, 1807456, 9807, 9807, 1454417381
167, 3633917, 1805442, 861, 710, 1805098, 10903, 10903, 2040926620
165, 3636932, 1807385, 857, 708, 1807194, 10394, 10394, 1021344812
172, 3637084, 673, 1807356, 1807050, 527, 10739, 10739, 3260052282
169, 3636311, 1807289, 734, 574, 1806930, 10392, 10392, 3539163382
177, 3637431, 803, 1807788, 1807330, 656, 10427, 10427, 1999430545
171, 3635331, 739, 1806115, 1805924, 589, 10982, 10982, 1301464812
174, 3636200, 1807072, 949, 784, 1806327, 10534, 10534, 1105653420
173, 3639976, 1809714, 688, 567, 1809461, 9773, 9773, 4292269721
179, 3635937, 793, 1807143, 1806733, 622, 10323, 10323, 1792718497
175, 3636176, 678, 1807578, 1807375, 529, 10008, 10008, 1354649384
178, 3636562, 1807513, 846, 675, 1807182, 10173, 10173, 2719940326
182, 3634822, 1807118, 543, 410, 1806685, 10033, 10033, 195776063
181, 3633694, 1805770, 851, 678, 1805317, 10539, 10539, 1832899907
183, 3636538, 1806748, 946, 796, 1806446, 10801, 10801, 3092022800
187, 3635784, 746, 1806888, 1806519, 585, 10523, 10523, 214270749
186, 3636892, 891, 1807027, 1806650, 730, 10797, 10797, 3944714135
176, 3636275, 1807426, 824, 661, 1807186, 10089, 10089, 1559922538
180, 3640078, 1809034, 807, 664, 1808881, 10346, 10346, 2869278154
190, 3638075, 884, 1808019, 1807659, 723, 10395, 10395, 3994920991
185, 3636014, 1807156, 606, 477, 1806799, 10488, 10488, 879057152
189, 3633883, 1805826, 897, 729, 1805503, 10464, 10464, 2884621596
184, 3636953, 1807405, 915, 768, 1807199, 10333, 10333, 574032896
191, 3635285, 578, 1806999, 1806780, 444, 10242, 10242, 591904736
188, 3635631, 769, 1807033, 1806859, 616, 10177, 10177, 3388136616
194, 3636731, 758, 1807111, 1806861, 625, 10688, 10688, 3484158785
195, 3638315, 1807852, 796, 624, 1807651, 10696, 10696, 1819425254
192, 3637591, 826, 1807795, 1807632, 664, 10337, 10337, 1500997171
202, 3636619, 714, 1807661, 1807204, 548, 10246, 10246, 3345651263
193, 3635171, 842, 1806340, 1806179, 680, 10565, 10565, 1439476308
196, 3637766, 1807705, 819, 663, 1807385, 10597, 10597, 1224333116
200, 3637949, 892, 1807862, 1807653, 708, 10417, 10417, 3506463693
198, 3635560, 1806608, 728, 556, 1806352, 10658, 10658, 1169426231
199, 3636634, 604, 1807672, 1807466, 462, 10215, 10215, 1411822176
205, 3635994, 654, 1806887, 1806531, 498, 10712, 10712, 2986625846
197, 3638053, 1808245, 785, 630, 1808087, 10153, 10153, 2436045631
201, 3635636, 1806886, 721, 591, 1806622, 10408, 10408, 941755993
210, 3635371, 885, 1806371, 1805929, 728, 10729, 10729, 3424501337
213, 3638125, 620, 1809237, 1808536, 464, 9634, 9634, 2792890314
209, 3635467, 732, 1806620, 1806354, 567, 10597, 10597, 3852251203
208, 3633834, 763, 1805394, 1805177, 606, 10947, 10947, 734295572
203, 3634847, 698, 1806515, 1806351, 545, 10369, 10369, 2640993914
206, 3635136, 1807058, 777, 633, 1806738, 9965, 9965, 1097139475
204, 3636323, 1807238, 600, 478, 1807057, 10475, 10475, 1276517843
212, 3636892, 1807564, 696, 562, 1807286, 10392, 10392, 2390524689
216, 3635675, 1807100, 533, 405, 1806791, 10423, 10423, 3689762550
214, 3637101, 1807238, 815, 672, 1806986, 10695, 10695, 1722612990
217, 3636381, 733, 1807584, 1807231, 593, 10120, 10120, 2177919990
207, 3634804, 1806994, 676, 544, 1806846, 9872, 9872, 4288060921
215, 3640848, 686, 1810086, 1809818, 552, 9853, 9853, 1123381579
211, 3638777, 1808563, 682, 530, 1808408, 10297, 10297, 754854982
222, 3636155, 831, 1807458, 1807089, 679, 10049, 10049, 3969658058
218, 3635352, 1806485, 871, 728, 1806174, 10547, 10547, 907093681
219, 3634537, 1806304, 750, 596, 1805975, 10456, 10456, 201201111
225, 3637712, 1807648, 847, 689, 1807314, 10607, 10607, 116420135
221, 3633723, 1805430, 840, 706, 1805275, 10736, 10736, 1021732430
226, 3636871, 1807868, 688, 534, 1807531, 10125, 10125, 2665492207
223, 3636875, 1807853, 715, 561, 1807426, 10160, 10160, 2627461067
227, 3634533, 1805440, 1188, 1013, 1805212, 10840, 10840, 2936423659
233, 3637168, 770, 1808128, 1807336, 636, 10149, 10149, 3368408213
224, 3637681, 1808047, 893, 746, 1807753, 10121, 10121, 91149372
220, 3637392, 719, 1808007, 1807831, 571, 10132, 10132, 2593308947
229, 3636276, 936, 1806918, 1806569, 803, 10525, 10525, 3623116469
228, 3633286, 1805388, 795, 645, 1805170, 10644, 10644, 2782614802
230, 3636555, 650, 1807956, 1807769, 508, 9836, 9836, 4179691646
232, 3634473, 1805679, 654, 511, 1805337, 11146, 11146, 111542352
238, 3634222, 790, 1805854, 1805504, 636, 10719, 10719, 1887801126
234, 3636575, 1807295, 1053, 905, 1806948, 10187, 10187, 3343125033
231, 3635220, 1805936, 909, 779, 1805684, 10956, 10956, 2923379947
236, 3636698, 1807284, 877, 704, 1806867, 10483, 10483, 1682967888
237, 3634801, 688, 1806490, 1806223, 538, 10431, 10431, 1465219472
242, 3636558, 1807409, 711, 557, 1807085, 10398, 10398, 2439443401
245, 3633985, 688, 1806472, 1806057, 530, 10119, 10119, 1174350753
235, 3635091, 1806608, 858, 686, 1806233, 10353, 10353, 4246994493
239, 3633953, 1805922, 776, 615, 1805706, 10467, 10467, 55871851
240, 3635907, 1806884, 763, 612, 1806506, 10571, 10571, 32953417
241, 3635567, 1806862, 828, 658, 1806439, 10390, 10390, 1398827943
247, 3634735, 947, 1805983, 1805627, 790, 10694, 10694, 3162488663
243, 3636269, 1806813, 941, 778, 1806653, 10542, 10542, 755015760
252, 3632865, 1211, 1804917, 1804391, 1052, 10647, 10647, 2740383838
244, 3634549, 1806028, 931, 759, 1805745, 10543, 10543, 1341732819
248, 3635718, 608, 1807432, 1807125, 479, 10037, 10037, 267049397
251, 3634581, 928, 1806033, 1805686, 752, 10591, 10591, 33778368
256, 3636217, 1026, 1807192, 1806921, 892, 10093, 10093, 347308413
246, 3635679, 1806426, 844, 704, 1806081, 10812, 10812, 2966582291
250, 3635882, 1807124, 873, 719, 1806654, 10256, 10256, 808797477
249, 3636268, 1806973, 962, 775, 1806612, 10473, 10473, 2736270876
255, 3636749, 695, 1807408, 1807222, 540, 10442, 10442, 1341683153
254, 3636932, 597, 1807737, 1807548, 450, 10300, 10300, 981256014
253, 3637053, 1807749, 705, 543, 1807456, 10300, 10300, 556911317
259, 3635269, 983, 1806063, 1805795, 834, 10797, 10797, 942102993
258, 3636580, 1806457, 1025, 852, 1806120, 11063, 11063, 2020554414
257, 3637098, 1807540, 663, 522, 1807381, 10496, 10496, 3706592262
263, 3636182, 1807418, 743, 596, 1807221, 10102, 10102, 3503429964
262, 3634535, 993, 1805729, 1805575, 808, 10715, 10715, 2959923808
261, 3634417, 1806542, 683, 518, 1806320, 10177, 10177, 3355481825
265, 3636769, 631, 1807598, 1807413, 477, 10325, 10325, 808183743
266, 3637238, 717, 1808008, 1807663, 554, 10148, 10148, 1125138820
264, 3634376, 1805979, 771, 633, 1805781, 10606, 10606, 3917055087
272, 3635431, 712, 1807287, 1806746, 568, 10059, 10059, 1067901164
267, 3635899, 1806683, 727, 567, 1806498, 10712, 10712, 228502876
260, 3637325, 1807216, 793, 634, 1807000, 10841, 10841, 969677273
271, 3636056, 1806744, 1081, 926, 1806477, 10414, 10414, 4088863618
275, 3638796, 787, 1809183, 1808591, 623, 9806, 9806, 3181862226
269, 3636265, 1806323, 1023, 849, 1805966, 11052, 11052, 3910685157
276, 3638277, 860, 1808574, 1808044, 723, 10038, 10038, 1610686960
268, 3637812, 1807888, 729, 578, 1807753, 10432, 10432, 1539024784
273, 3638485, 1808400, 744, 598, 1808137, 10303, 10303, 2131020743
277, 3634340, 825, 1806132, 1805836, 671, 10438, 10438, 3872802484
274, 3636658, 1807578, 657, 521, 1807322, 10290, 10290, 418336317
270, 3638002, 1807866, 894, 738, 1807696, 10404, 10404, 1733386275
281, 3639513, 709, 1809089, 1808710, 559, 10223, 10223, 299591392
284, 3637559, 815, 1807900, 1807280, 674, 10445, 10445, 1166695037
280, 3635409, 779, 1807098, 1806833, 623, 10038, 10038, 2064226437
279, 3637141, 1807172, 695, 560, 1806934, 10890, 10890, 3154171593
282, 3638890, 1808544, 817, 670, 1808121, 10369, 10369, 510935861
278, 3634825, 1806625, 643, 508, 1806317, 10366, 10366, 2354167633
283, 3635795, 1807231, 830, 677, 1806665, 10196, 10196, 4048483870
286, 3632160, 740, 1805037, 1804665, 584, 10567, 10567, 251190200
291, 3637380, 703, 1808066, 1807594, 553, 10232, 10232, 132940528
290, 3636666, 1807590, 695, 556, 1807097, 10364, 10364, 2185477709
288, 3635297, 1806677, 933, 793, 1806240, 10327, 10327, 3030895848
292, 3635809, 1807727, 638, 498, 1807126, 9910, 9910, 3993140578
295, 3636715, 948, 1806644, 1806225, 786, 11056, 11056, 1134999214
289, 3637130, 1807333, 843, 670, 1807168, 10558, 10558, 1502748792
298, 3636747, 729, 1807115, 1806808, 567, 10764, 10764, 2637965533
287, 3636154, 1807109, 605, 473, 1806747, 10610, 10610, 2800831306
285, 3636247, 1030, 1806842, 1806651, 892, 10416, 10416, 2913254113
297, 3637147, 767, 1807845, 1807574, 633, 10164, 10164, 929049790
296, 3635492, 783, 1806207, 1805947, 629, 10963, 10963, 614471391
293, 3637091, 1807650, 809, 649, 1807413, 10285, 10285, 1620976226
299, 3634148, 945, 1805472, 1805302, 765, 10832, 10832, 3077373039
294, 3635051, 1807091, 527, 409, 1806674, 10175, 10175, 355461977
301, 3634950, 1806903, 617, 471, 1806629, 10165, 10165, 1069803573
309, 3631268, 681, 1804416, 1804051, 518, 10801, 10801, 808462912
300, 3634939, 675, 1806426, 1806231, 519, 10544, 10544, 1570140922
302, 3635097, 1806832, 600, 453, 1806614, 10299, 10299, 1936307287
311, 3634218, 891, 1806775, 1806261, 735, 9778, 9778, 605267322
303, 3636250, 1806677, 826, 685, 1806518, 10772, 10772, 515664539
312, 3636442, 701, 1806995, 1806560, 554, 10816, 10816, 2295135249
305, 3634615, 1806437, 787, 619, 1806066, 10353, 10353, 1774793611
304, 3636048, 1807430, 669, 520, 1807121, 10154, 10154, 3147573253
310, 3634587, 837, 1806151, 1805812, 685, 10551, 10551, 3754337188
307, 3635845, 1807251, 709, 571, 1806876, 10219, 10219, 1311020109
308, 3636014, 1807494, 570, 428, 1807210, 10156, 10156, 3663469657
306, 3634492, 1805135, 915, 762, 1804804, 11438, 11438, 2522660072
313, 3635334, 665, 1807339, 1807124, 524, 9841, 9841, 3650579996
316, 3634037, 842, 1805892, 1805538, 683, 10541, 10541, 501690925
315, 3634993, 938, 1806549, 1806020, 786, 10350, 10350, 2456750368
321, 3633382, 591, 1806002, 1805507, 472, 10405, 10405, 2777377243
323, 3637901, 663, 1808204, 1807910, 524, 10300, 10300, 3170736324
322, 3636903, 892, 1807256, 1806917, 710, 10564, 10564, 2858910967
319, 3636847, 782, 1807356, 1807089, 600, 10510, 10510, 3162239779
314, 3636497, 1805995, 912, 750, 1805782, 11529, 11529, 2020929915
326, 3635548, 778, 1806919, 1806469, 638, 10372, 10372, 1534468791
318, 3635831, 1806244, 959, 808, 1805834, 10993, 10993, 3071376800
324, 3632374, 1804988, 926, 753, 1804349, 10679, 10679, 3868566412
320, 3636046, 1806866, 826, 659, 1806265, 10715, 10715, 1902081620
330, 3636637, 748, 1807849, 1807348, 602, 10045, 10045, 3358252499
317, 3636456, 1807533, 776, 619, 1807216, 10156, 10156, 3120646576
327, 3635387, 713, 1806623, 1806245, 570, 10618, 10618, 4218592696
325, 3636591, 1807001, 790, 642, 1806848, 10655, 10655, 1449037486
328, 3634773, 1027, 1805809, 1805458, 899, 10790, 10790, 2613701161
331, 3633716, 811, 1805354, 1805079, 648, 10912, 10912, 332744346
329, 3635330, 1806896, 679, 537, 1806654, 10282, 10282, 1862810484
335, 3637312, 820, 1807366, 1807117, 661, 10674, 10674, 968139360
334, 3638247, 719, 1808129, 1807916, 571, 10456, 10456, 2410617590
336, 3635135, 778, 1805922, 1805625, 626, 11092, 11092, 3412991251
337, 3635960, 730, 1807148, 1806877, 593, 10306, 10306, 2184992192
339, 3634841, 1806947, 747, 588, 1806239, 10160, 10160, 2881124454
332, 3633050, 1805364, 835, 671, 1804754, 10713, 10713, 4158678258
338, 3635949, 614, 1807332, 1807084, 465, 10227, 10227, 2465652087
333, 3634976, 1806129, 671, 528, 1805736, 10956, 10956, 1664686171
343, 3636597, 693, 1807360, 1807107, 553, 10442, 10442, 3105574302
340, 3635875, 707, 1806961, 1806746, 569, 10446, 10446, 1741666105
342, 3637154, 1807291, 940, 797, 1806980, 10573, 10573, 3295331807
351, 3633528, 761, 1805770, 1805291, 600, 10553, 10553, 2719749609
346, 3635605, 1806250, 876, 714, 1805789, 10988, 10988, 1513034397
341, 3634150, 1806227, 759, 604, 1806060, 10250, 10250, 2087799424
348, 3638009, 1807690, 803, 652, 1807340, 10762, 10762, 2525484100
349, 3636317, 551, 1807384, 1807042, 426, 10457, 10457, 1021000119
352, 3634652, 710, 1806709, 1806114, 569, 10275, 10275, 1633198024
355, 3638131, 583, 1808376, 1808090, 452, 10315, 10315, 104584051
347, 3637307, 1807683, 609, 475, 1807446, 10547, 10547, 754710688
344, 3639017, 1808942, 723, 587, 1808775, 9995, 9995, 2891057449
345, 3632768, 1805378, 800, 668, 1805192, 10365, 10365, 3399135389
358, 3637428, 858, 1807937, 1807352, 731, 10275, 10275, 4279827265
353, 3635189, 1806659, 696, 550, 1806484, 10400, 10400, 3260224370
354, 3635000, 1806974, 807, 652, 1806663, 9952, 9952, 3705962019
350, 3633008, 1804961, 818, 650, 1804785, 10897, 10897, 4147670768
359, 3636419, 1807198, 778, 622, 1806955, 10433, 10433, 2115135115
362, 3634974, 731, 1806735, 1806343, 567, 10299, 10299, 568176705
360, 3636818, 1807767, 764, 614, 1807549, 10062, 10062, 194960129
356, 3634694, 1805815, 1072, 912, 1805515, 10690, 10690, 3567297925
357, 3636324, 798, 1807447, 1807265, 652, 10081, 10081, 735341903
361, 3636844, 868, 1807646, 1807450, 736, 10072, 10072, 1877240446
363, 3637176, 760, 1807817, 1807442, 597, 10280, 10280, 3825724486
365, 3635224, 1807353, 660, 523, 1807060, 9814, 9814, 3674670782
366, 3634527, 899, 1806398, 1806062, 730, 10219, 10219, 1278893698
370, 3635477, 789, 1807317, 1806649, 620, 10051, 10051, 1747211695
372, 3633991, 864, 1806074, 1805486, 703, 10432, 10432, 3393030988
369, 3636102, 1807201, 782, 623, 1806640, 10428, 10428, 1962815717
368, 3636564, 1807339, 899, 734, 1806970, 10311, 10311, 2212420972
364, 3635835, 1806598, 1133, 940, 1806410, 10377, 10377, 1386820573
373, 3635777, 703, 1807096, 1806750, 560, 10334, 10334, 3788605763
371, 3637917, 764, 1807926, 1807688, 633, 10453, 10453, 1659979627
374, 3635871, 1807330, 868, 706, 1806971, 9998, 9998, 2066405837
379, 3640784, 905, 1809798, 1809254, 749, 10039, 10039, 175814110
375, 3634801, 1806805, 657, 506, 1806447, 10193, 10193, 3685292475
377, 3633941, 1806156, 796, 643, 1805560, 10393, 10393, 3472166585
380, 3635281, 661, 1806889, 1806606, 511, 10307, 10307, 1667334486
384, 3636454, 727, 1807804, 1807129, 568, 10113, 10113, 2822839290
376, 3632240, 1804824, 912, 739, 1804559, 10603, 10603, 2395711990
367, 3635729, 1807285, 704, 566, 1807042, 10066, 10066, 1655123475
378, 3638927, 1809163, 586, 463, 1808797, 9959, 9959, 1185156978
382, 3634328, 1806395, 705, 554, 1806010, 10332, 10332, 159206353
381, 3634537, 1806259, 947, 789, 1805804, 10369, 10369, 3964643671
383, 3634536, 1806106, 1019, 874, 1805679, 10429, 10429, 2892563009
385, 3634829, 725, 1806651, 1806369, 564, 10260, 10260, 2031281457
388, 3637482, 1807595, 913, 757, 1807257, 10480, 10480, 1815099432
386, 3635582, 1806442, 748, 592, 1806256, 10772, 10772, 3764058839
391, 3637752, 1808270, 876, 724, 1807810, 10036, 10036, 3102096769
387, 3636189, 1807386, 945, 783, 1806953, 10061, 10061, 2433659549
392, 3635582, 746, 1806633, 1806271, 590, 10671, 10671, 139604327
389, 3635388, 809, 1805809, 1805626, 664, 11240, 11240, 1387032718
393, 3635949, 1806848, 764, 624, 1806485, 10614, 10614, 2370200992
396, 3634997, 1317, 1805506, 1805220, 1142, 10906, 10906, 868243326
394, 3635468, 1807345, 706, 551, 1806902, 9982, 9982, 3217986026
397, 3635170, 1806768, 856, 713, 1806137, 10348, 10348, 333131704
390, 3634850, 1806025, 723, 571, 1805763, 10884, 10884, 1204354882
398, 3635232, 1806652, 711, 567, 1806198, 10552, 10552, 3509650300
400, 3635431, 1806204, 714, 572, 1805881, 11030, 11030, 3758115490
395, 3635440, 1807125, 690, 542, 1806771, 10156, 10156, 1287940248
403, 3636316, 724, 1806897, 1806622, 587, 10743, 10743, 2566338107
399, 3634571, 1806081, 857, 692, 1805689, 10626, 10626, 3693282909
402, 3638301, 1808805, 720, 563, 1808335, 9939, 9939, 1936254339
401, 3638717, 807, 1808652, 1808470, 674, 10057, 10057, 2833074675
406, 3635876, 962, 1806487, 1806305, 804, 10659, 10659, 2165626118
404, 3640941, 1810202, 709, 558, 1809898, 9787, 9787, 1301686731
410, 3635469, 858, 1807093, 1806397, 693, 10214, 10214, 3239687306
405, 3635815, 1807949, 503, 366, 1807351, 9823, 9823, 1387796943
409, 3636237, 640, 1807666, 1807232, 487, 10106, 10106, 3562138899
408, 3639033, 798, 1808737, 1808496, 638, 10182, 10182, 136637316
407, 3636945, 702, 1807543, 1807367, 559, 10387, 10387, 828417956
418, 3635466, 702, 1806914, 1806343, 543, 10482, 10482, 3486873477
414, 3635532, 635, 1806530, 1806323, 504, 10770, 10770, 849110995
412, 3637170, 799, 1808081, 1807787, 655, 9924, 9924, 3286796014
415, 3637228, 1808069, 549, 403, 1807569, 10319, 10319, 1542045215
411, 3637233, 1807514, 621, 507, 1807131, 10730, 10730, 2337281040
417, 3639840, 1809062, 748, 594, 1808658, 10389, 10389, 2468264569
413, 3635744, 1807569, 613, 470, 1807218, 9937, 9937, 4266651308
424, 3637555, 1010, 1808030, 1807584, 845, 10043, 10043, 461843548
421, 3634511, 661, 1806346, 1806010, 520, 10487, 10487, 2377795536
419, 3635210, 1806785, 730, 579, 1806334, 10391, 10391, 3613882043
416, 3636370, 665, 1807349, 1807182, 526, 10324, 10324, 1932422633
420, 3635818, 1807364, 832, 668, 1806838, 10058, 10058, 2910870718
425, 3634573, 1806195, 731, 569, 1805904, 10587, 10587, 1869414962
426, 3636193, 1807057, 695, 543, 1806816, 10541, 10541, 2188618729
422, 3639005, 1808370, 775, 621, 1808227, 10506, 10506, 3737914297
423, 3637892, 1808237, 734, 581, 1808100, 10120, 10120, 3356941135
432, 3637842, 594, 1808584, 1808208, 454, 10001, 10001, 1544174734
428, 3635421, 1807100, 703, 562, 1806490, 10283, 10283, 2151640115
434, 3637102, 790, 1807666, 1807399, 627, 10310, 10310, 1939221866
430, 3638130, 1807748, 1046, 894, 1807242, 10600, 10600, 5831945
435, 3640700, 1177, 1809039, 1808646, 1038, 10400, 10400, 1954102391
427, 3634157, 1806458, 681, 536, 1805998, 10242, 10242, 3714950813
429, 3636300, 1807351, 658, 511, 1807142, 10319, 10319, 3047015043
436, 3636054, 974, 1806660, 1806249, 831, 10670, 10670, 864130114
431, 3637703, 1808062, 650, 511, 1807896, 10292, 10292, 387438714
440, 3638205, 693, 1808534, 1808198, 562, 10109, 10109, 1754347123
441, 3633775, 724, 1805601, 1805277, 575, 10799, 10799, 185559267
433, 3636584, 1806782, 879, 714, 1806587, 10811, 10811, 2430184457
442, 3634091, 809, 1806277, 1806014, 651, 10170, 10170, 2682269428
449, 3634290, 750, 1806316, 1805729, 601, 10447, 10447, 2758597771
444, 3636339, 959, 1807223, 1806808, 815, 10267, 10267, 1097930332
437, 3634658, 1805700, 734, 588, 1805510, 11063, 11063, 3199966256
439, 3635298, 1807030, 622, 475, 1806529, 10321, 10321, 2595333432
438, 3633330, 776, 1805798, 1805592, 618, 10273, 10273, 748726637
445, 3634223, 1034, 1805806, 1805484, 863, 10518, 10518, 3381060319
447, 3633167, 870, 1805241, 1804995, 717, 10672, 10672, 3985674699
443, 3637645, 1807984, 895, 745, 1807597, 10212, 10212, 3828961100
450, 3639959, 769, 1809370, 1809141, 617, 10031, 10031, 3967721010
454, 3634057, 887, 1805834, 1805352, 730, 10627, 10627, 857240753
457, 3635885, 795, 1807213, 1806842, 629, 10203, 10203, 1693193965
456, 3634948, 663, 1806522, 1806137, 522, 10552, 10552, 389603348
448, 3632924, 1805464, 685, 539, 1805288, 10474, 10474, 2338660202
452, 3634790, 1805222, 902, 743, 1804747, 11588, 11588, 1660871056
446, 3635690, 1807000, 967, 800, 1806733, 10095, 10095, 4222042158
451, 3636782, 1806775, 927, 780, 1806526, 10887, 10887, 223150935
453, 3632926, 1804438, 1187, 1024, 1803937, 11170, 11170, 1869498276
455, 3636171, 1023, 1806778, 1806607, 859, 10452, 10452, 963330412
461, 3636947, 807, 1808174, 1807670, 644, 9826, 9826, 200332399
459, 3636276, 1807168, 691, 566, 1806859, 10496, 10496, 4215275426
462, 3635478, 715, 1806863, 1806501, 575, 10412, 10412, 3314755367
463, 3634494, 733, 1806233, 1805798, 580, 10575, 10575, 2370981821
458, 3636342, 1807514, 840, 694, 1807280, 10007, 10007, 3392385418
467, 3635643, 688, 1806907, 1806546, 544, 10479, 10479, 2196462649
460, 3634331, 1806400, 745, 601, 1806215, 10185, 10185, 3118917476
464, 3635379, 1009, 1806467, 1806081, 846, 10488, 10488, 4136257005
469, 3636149, 906, 1806953, 1806512, 728, 10525, 10525, 3980581757
465, 3635939, 1807048, 971, 821, 1806625, 10237, 10237, 2636539723
468, 3634609, 808, 1806315, 1806020, 650, 10408, 10408, 475795722
470, 3635400, 1806675, 765, 618, 1806370, 10486, 10486, 3735715142
466, 3638523, 1808170, 947, 794, 1807950, 10331, 10331, 1423236981
473, 3635300, 1806879, 623, 464, 1806580, 10377, 10377, 874401217
475, 3631168, 1804287, 853, 703, 1804041, 10642, 10642, 278930690
471, 3636608, 1807449, 705, 549, 1807213, 10346, 10346, 983577865
472, 3634801, 1806386, 610, 486, 1806173, 10573, 10573, 214308202
476, 3637958, 605, 1807730, 1807572, 473, 10789, 10789, 540221700
474, 3638664, 1808722, 721, 568, 1808387, 10133, 10133, 1488075030
482, 3635909, 822, 1806423, 1806165, 673, 10913, 10913, 2534474724
479, 3639999, 1809425, 713, 567, 1809244, 10025, 10025, 1616002305
480, 3634541, 1806533, 714, 544, 1806214, 10268, 10268, 999487453
477, 3637265, 852, 1807758, 1807571, 710, 10187, 10187, 2447913330
484, 3635450, 1807077, 677, 539, 1806647, 10255, 10255, 673619145
483, 3634750, 1805977, 1072, 910, 1805531, 10630, 10630, 1482899032
486, 3634483, 1070, 1806075, 1805764, 890, 10342, 10342, 2836629269
481, 3637119, 1807465, 557, 446, 1807129, 10761, 10761, 3229565689
485, 3636282, 1806928, 870, 720, 1806770, 10497, 10497, 787833248
488, 3637268, 617, 1808529, 1808304, 488, 9665, 9665, 1560601877
478, 3634548, 1805763, 735, 593, 1805549, 10954, 10954, 2943868849
489, 3633559, 1120, 1804727, 1804461, 963, 11144, 11144, 1168043238
492, 3635767, 1806831, 917, 741, 1806456, 10411, 10411, 939479369
498, 3638213, 732, 1808302, 1807723, 584, 10436, 10436, 1799812101
490, 3632915, 1805221, 609, 463, 1804996, 10813, 10813, 3142044300
491, 3633999, 1805615, 826, 683, 1805347, 10764, 10764, 2083508328
487, 3637779, 1807914, 839, 686, 1807674, 10333, 10333, 2642371179
493, 3633453, 614, 1805163, 1804926, 472, 11139, 11139, 3150424490
501, 3635592, 567, 1807169, 1806800, 440, 10308, 10308, 2037898227
495, 3634577, 1806172, 770, 618, 1805857, 10580, 10580, 1649732820
500, 3635458, 696, 1807121, 1806881, 548, 10106, 10106, 1568146142
494, 3636677, 1807223, 674, 536, 1807030, 10607, 10607, 3703891778
496, 3635617, 1806582, 774, 647, 1806246, 10684, 10684, 1661125273
499, 3636925, 1807505, 791, 631, 1807258, 10370, 10370, 1867051454
503, 3633699, 687, 1805931, 1805527, 524, 10515, 10515, 2333152657
497, 3635173, 1806732, 731, 612, 1806462, 10318, 10318, 1309972905
504, 3633871, 891, 1805994, 1805684, 738, 10282, 10282, 3624051115
502, 3634480, 993, 1806060, 1805682, 831, 10457, 10457, 1849402483
510, 3638756, 589, 1808670, 1808455, 454, 10294, 10294, 475324307
507, 3632734, 1805159, 850, 696, 1804917, 10556, 10556, 3347472609
506, 3636865, 1807506, 671, 531, 1807175, 10491, 10491, 3550854746
512, 3636077, 1807108, 784, 630, 1806679, 10438, 10438, 3858514772
508, 3635252, 1806810, 789, 632, 1806441, 10290, 10290, 2545765925
509, 3635584, 1806706, 787, 625, 1806332, 10567, 10567, 1277668953
516, 3632890, 822, 1805404, 1805091, 675, 10449, 10449, 2038132474
513, 3636820, 771, 1807634, 1807303, 620, 10246, 10246, 3632254780
511, 3636634, 695, 1806715, 1806526, 524, 11087, 11087, 2770938598
505, 3636046, 1807113, 790, 643, 1806832, 10334, 10334, 1530069105
517, 3637532, 1807937, 627, 480, 1807618, 10435, 10435, 725571192
515, 3636610, 1807636, 622, 489, 1807433, 10215, 10215, 3222666551
518, 3636634, 1807159, 908, 736, 1806925, 10453, 10453, 598214617
519, 3635807, 788, 1806737, 1806288, 628, 10683, 10683, 2264919886
514, 3633114, 1015, 1804811, 1804654, 848, 10893, 10893, 2622587532
525, 3635420, 755, 1806604, 1806242, 589, 10615, 10615, 4139418853
521, 3637859, 1808377, 676, 539, 1808141, 10063, 10063, 1043202912
524, 3636733, 1807296, 733, 605, 1806831, 10634, 10634, 992159005
527, 3634019, 759, 1805496, 1805041, 601, 11061, 11061, 3606395531
522, 3636806, 1807582, 725, 589, 1807396, 10257, 10257, 1297757902
530, 3635365, 814, 1806218, 1806047, 666, 10810, 10810, 857742112
529, 3638599, 1808431, 637, 485, 1808154, 10446, 10446, 3859247708
532, 3635232, 756, 1806522, 1806159, 607, 10594, 10594, 2519862273
520, 3632216, 1804847, 887, 751, 1804677, 10527, 10527, 2530231265
531, 3638204, 1807997, 797, 656, 1807692, 10531, 10531, 365268161
523, 3635215, 1807043, 556, 423, 1806767, 10213, 10213, 3292565857
534, 3638840, 885, 1808232, 1807957, 712, 10527, 10527, 2252834492
528, 3636197, 1806905, 766, 617, 1806709, 10600, 10600, 2010495710
537, 3636348, 734, 1807024, 1806761, 585, 10622, 10622, 2908786916
535, 3635843, 1807414, 787, 631, 1806737, 10137, 10137, 71915428
536, 3635600, 973, 1806118, 1805860, 807, 10921, 10921, 2973875969
526, 3635350, 702, 1806940, 1806791, 567, 10175, 10175, 1078299847
533, 3634685, 1805520, 708, 541, 1805334, 11291, 11291, 1343678085
538, 3636882, 1807276, 1000, 833, 1806897, 10438, 10438, 680950074
543, 3637389, 912, 1807955, 1807510, 740, 10136, 10136, 2121578904
541, 3633440, 735, 1805338, 1805016, 577, 10887, 10887, 850780739
544, 3636307, 663, 1807379, 1807033, 518, 10357, 10357, 3292333810
546, 3635634, 727, 1807551, 1807150, 582, 9812, 9812, 3760589867
540, 3637386, 1807858, 739, 584, 1807517, 10344, 10344, 744074791
545, 3636657, 1807743, 680, 538, 1807392, 10152, 10152, 3063230910
542, 3632874, 1804863, 703, 556, 1804652, 11050, 11050, 605068328
539, 3637238, 1806597, 1616, 1472, 1806311, 10621, 10621, 1507717699
548, 3635786, 679, 1807049, 1806810, 538, 10355, 10355, 2622836592
547, 3635392, 1807010, 750, 609, 1806693, 10165, 10165, 3817118039
551, 3634184, 689, 1806105, 1805782, 552, 10528, 10528, 1332618951
550, 3635404, 758, 1807006, 1806842, 620, 10089, 10089, 2510921840
555, 3638033, 1808483, 737, 589, 1807922, 10151, 10151, 3245736586
549, 3634916, 1806134, 896, 721, 1805895, 10635, 10635, 305174235
554, 3636528, 1807485, 696, 561, 1807174, 10306, 10306, 150079685
560, 3636939, 789, 1807911, 1807460, 615, 10082, 10082, 4266587668
552, 3635321, 597, 1806518, 1806332, 454, 10710, 10710, 1653846485
557, 3634933, 1806349, 720, 590, 1805982, 10646, 10646, 3179631557
556, 3636781, 1807393, 758, 599, 1807133, 10449, 10449, 159208711
553, 3635278, 668, 1806129, 1805974, 521, 10993, 10993, 2166639351
561, 3635688, 763, 1806869, 1806515, 611, 10465, 10465, 1454060173
558, 3636144, 871, 1805980, 1805716, 697, 11440, 11440, 463201960
562, 3635023, 1806491, 695, 525, 1806192, 10560, 10560, 1931311795
568, 3632755, 673, 1805658, 1805323, 535, 10283, 10283, 3103443856
563, 3635343, 1806695, 704, 551, 1806365, 10514, 10514, 3913969809
565, 3637291, 666, 1808172, 1807903, 514, 10018, 10018, 2566608624
559, 3635626, 1806465, 761, 601, 1806223, 10788, 10788, 3861804942
564, 3635607, 1803746, 953, 790, 1803542, 13288, 13288, 996944478
569, 3639436, 824, 1809205, 1808943, 670, 9897, 9897, 69021135
567, 3633849, 1806056, 750, 604, 1805811, 10314, 10314, 1645236007
566, 3636753, 805, 1807340, 1807129, 667, 10406, 10406, 3662024151
572, 3634179, 1806046, 961, 784, 1805490, 10449, 10449, 4090000401
573, 3636676, 1807831, 641, 508, 1807510, 10093, 10093, 1058013157
570, 3638357, 1808700, 793, 651, 1808451, 9881, 9881, 3213978031
577, 3636961, 808, 1807709, 1807216, 642, 10293, 10293, 104760407
576, 3636563, 609, 1807673, 1807311, 474, 10248, 10248, 1723069014
574, 3635619, 1806756, 704, 551, 1806264, 10672, 10672, 2458498338
571, 3636642, 1807293, 556, 438, 1807051, 10652, 10652, 1872875134
578, 3635257, 708, 1806915, 1806381, 563, 10345, 10345, 2334451125
579, 3635273, 630, 1806763, 1806556, 516, 10404, 10404, 505280974
580, 3638903, 695, 1808611, 1808467, 554, 10288, 10288, 2457519255
588, 3636760, 949, 1808218, 1807695, 802, 9548, 9548, 1730301539
575, 3634842, 1806250, 761, 612, 1806045, 10587, 10587, 3715153236
590, 3638674, 1017, 1808588, 1808147, 858, 10032, 10032, 166025695
583, 3636302, 1807148, 737, 593, 1806884, 10470, 10470, 1304052718
582, 3633030, 1805302, 942, 783, 1805009, 10497, 10497, 137626061
581, 3635396, 1806142, 940, 775, 1805803, 10868, 10868, 1258173786
587, 3634282, 1806739, 728, 577, 1806432, 9903, 9903, 3314120061
593, 3636656, 808, 1807243, 1806967, 646, 10496, 10496, 120487265
591, 3636552, 1807966, 712, 563, 1807783, 9764, 9764, 3522797143
589, 3635077, 1807163, 656, 518, 1806850, 9945, 9945, 2787741102
597, 3633958, 762, 1805553, 1805142, 597, 10952, 10952, 2568714807
585, 3636897, 1807561, 877, 728, 1807293, 10219, 10219, 228375729
584, 3633680, 1805733, 879, 730, 1805578, 10380, 10380, 3421968897
596, 3638655, 575, 1809186, 1808873, 431, 9795, 9795, 2728218270
592, 3635768, 858, 1806473, 1806265, 696, 10738, 10738, 692609310
586, 3636904, 891, 1807482, 1807329, 724, 10239, 10239, 3076377850
595, 3637987, 1808275, 820, 669, 1807727, 10248, 10248, 2895088545
594, 3633799, 1806109, 664, 526, 1805636, 10432, 10432, 681516665
599, 3637533, 724, 1807361, 1806961, 563, 10962, 10962, 3609326695
606, 3636112, 568, 1807581, 1807083, 430, 10225, 10225, 3955644048
602, 3635333, 846, 1806545, 1806186, 716, 10520, 10520, 2616135662
603, 3634014, 796, 1805912, 1805461, 643, 10601, 10601, 809113521
601, 3633665, 797, 1805889, 1805634, 651, 10347, 10347, 1372931393
600, 3635321, 786, 1806305, 1806122, 634, 10737, 10737, 3371740591
598, 3634885, 1806459, 865, 708, 1806275, 10289, 10289, 2298096674
604, 3635631, 1806908, 724, 579, 1806626, 10397, 10397, 1787795189
608, 3634488, 1806730, 604, 472, 1806090, 10296, 10296, 1892863064
605, 3637217, 1808246, 688, 547, 1808002, 9867, 9867, 975307260
609, 3634402, 691, 1806191, 1805957, 537, 10513, 10513, 2304313057
613, 3636507, 618, 1807330, 1806888, 475, 10598, 10598, 1080907522
612, 3637278, 1807850, 872, 718, 1807334, 10252, 10252, 1290333168
607, 3635510, 1806124, 1020, 869, 1805943, 10777, 10777, 1244238334
611, 3637027, 1807495, 673, 525, 1807330, 10502, 10502, 1643311967
614, 3638292, 791, 1808094, 1807759, 650, 10499, 10499, 1003559208
610, 3635372, 742, 1806803, 1806654, 575, 10299, 10299, 1315953364
615, 3637688, 1807391, 735, 594, 1806886, 11041, 11041, 2359620652
617, 3635460, 1806977, 933, 760, 1806370, 10210, 10210, 683852968
621, 3638618, 678, 1809204, 1808845, 545, 9673, 9673, 3022898136
619, 3637512, 675, 1808313, 1807951, 545, 10014, 10014, 1552411271
625, 3637105, 480, 1808792, 1808156, 365, 9656, 9656, 1061896136
623, 3638864, 585, 1808617, 1808293, 439, 10465, 10465, 4028965355
618, 3637697, 1808220, 649, 490, 1807972, 10183, 10183, 1109050609
616, 3636004, 1807832, 772, 646, 1807658, 9548, 9548, 2028989079
620, 3634000, 1805709, 820, 657, 1805388, 10713, 10713, 1197654157
622, 3635675, 1807160, 907, 750, 1806798, 10030, 10030, 1679238691
624, 3639211, 1809058, 674, 530, 1808721, 10114, 10114, 337894390
626, 3635609, 853, 1806723, 1806509, 700, 10412, 10412, 1051559364
628, 3640260, 757, 1809808, 1809580, 625, 9745, 9745, 3426078870
627, 3635775, 1806530, 899, 752, 1806268, 10663, 10663, 3738487222
631, 3636431, 1807832, 583, 452, 1807326, 10119, 10119, 1979878476
632, 3636689, 953, 1807558, 1807262, 778, 10069, 10069, 3354749525
633, 3636495, 915, 1807583, 1807227, 736, 10017, 10017, 4270361603
629, 3637150, 731, 1807186, 1806962, 575, 10848, 10848, 4232207999
630, 3634818, 775, 1806286, 1806020, 631, 10553, 10553, 4193119001
638, 3640474, 785, 1809315, 1809060, 644, 10335, 10335, 2523301421
635, 3635401, 1806882, 864, 702, 1806375, 10289, 10289, 3119782945
637, 3639273, 733, 1809736, 1809487, 597, 9360, 9360, 3596810353
640, 3637477, 561, 1808077, 1807803, 430, 10303, 10303, 4075055056
634, 3638180, 1808377, 683, 549, 1808135, 10218, 10218, 2050053088
644, 3633873, 901, 1805655, 1804985, 742, 10795, 10795, 590796023
639, 3639112, 1808791, 746, 599, 1808150, 10413, 10413, 3166179493
636, 3638958, 854, 1808552, 1808376, 690, 10243, 10243, 3671736782
642, 3635140, 648, 1806879, 1806582, 495, 10268, 10268, 3625375021
650, 3638415, 844, 1808665, 1808186, 688, 10016, 10016, 914163496
647, 3637246, 1807731, 865, 720, 1807338, 10296, 10296, 1772759606
646, 3636652, 895, 1807444, 1807236, 745, 10166, 10166, 1628721533
645, 3636241, 737, 1807428, 1807293, 577, 10103, 10103, 22920229
648, 3636648, 824, 1807074, 1806838, 658, 10627, 10627, 2014894051
641, 3634639, 1806305, 772, 617, 1806153, 10396, 10396, 1470679820
643, 3638088, 1808300, 761, 600, 1807667, 10380, 10380, 3289183800
654, 3635469, 811, 1806838, 1806566, 656, 10299, 10299, 1366234934
651, 3634910, 1806781, 916, 746, 1806467, 10000, 10000, 1352775515
656, 3636501, 734, 1806942, 1806733, 578, 10757, 10757, 1005097406
652, 3636679, 1808126, 720, 577, 1807772, 9742, 9742, 1290235401
649, 3634528, 1806440, 744, 603, 1806053, 10344, 10344, 2198594333
655, 3635498, 1806709, 746, 622, 1806445, 10488, 10488, 2226009131
653, 3638045, 1807999, 929, 757, 1807832, 10264, 10264, 3467158712
659, 3638507, 1808660, 666, 526, 1808259, 10198, 10198, 2485216286
667, 3638589, 1031, 1808022, 1807360, 866, 10655, 10655, 2656640141
657, 3633619, 939, 1805021, 1804849, 798, 11006, 11006, 1032267412
660, 3633656, 1806015, 614, 489, 1805694, 10422, 10422, 1578705219
658, 3637087, 1807244, 605, 479, 1807043, 10858, 10858, 83828502
665, 3636027, 726, 1807082, 1806860, 585, 10387, 10387, 3566548680
670, 3636375, 827, 1806814, 1806366, 658, 10855, 10855, 2630303902
661, 3635064, 1806455, 661, 501, 1806111, 10668, 10668, 1489691372
662, 3634266, 879, 1806037, 1805831, 719, 10400, 10400, 4051173795
668, 3633764, 1806382, 679, 544, 1805717, 10221, 10221, 476931762
666, 3637093, 1807752, 627, 487, 1807511, 10358, 10358, 2186713831
663, 3635825, 1806936, 743, 602, 1806350, 10597, 10597, 3843822809
664, 3636047, 1807481, 651, 501, 1807304, 10055, 10055, 257682089
673, 3636033, 595, 1807162, 1806785, 465, 10513, 10513, 727913791
669, 3638229, 573, 1808513, 1808364, 433, 10173, 10173, 624579406
675, 3634145, 1805120, 1060, 888, 1804811, 11133, 11133, 3766089293
671, 3636837, 1807492, 925, 770, 1807328, 10161, 10161, 3911204912
676, 3635814, 662, 1807011, 1806736, 505, 10450, 10450, 4293136213
679, 3635725, 1806048, 927, 767, 1805573, 11205, 11205, 2857113776
677, 3637720, 590, 1808349, 1808130, 459, 10096, 10096, 2267631183
672, 3634729, 1805652, 877, 735, 1805479, 10993, 10993, 2016275812
674, 3635151, 632, 1806685, 1806485, 489, 10430, 10430, 3080629385
682, 3634932, 725, 1806979, 1806615, 573, 10020, 10020, 3479801334
680, 3636829, 1807115, 908, 742, 1806638, 10713, 10713, 2510127188
678, 3633900, 1805467, 902, 725, 1805284, 10761, 10761, 3691668386
683, 3636069, 1807445, 602, 459, 1807109, 10227, 10227, 972419685
684, 3634108, 1805317, 1052, 866, 1805133, 10870, 10870, 1093069670
681, 3633910, 840, 826, 660, 674, 1815455, 1815455, 3663837421
685, 3636264, 1807318, 721, 580, 1806961, 10342, 10342, 3354117343
688, 3637472, 1808061, 607, 481, 1807619, 10352, 10352, 528702959
691, 3636347, 926, 1807338, 1807067, 768, 10124, 10124, 360702009
692, 3635328, 1806937, 1079, 909, 1806425, 9989, 9989, 2413176789
686, 3632731, 1805077, 1091, 930, 1804767, 10433, 10433, 2384945091
687, 3632502, 1805008, 925, 755, 1804808, 10503, 10503, 1470386744
695, 3636217, 696, 1807792, 1807456, 551, 9861, 9861, 3077729467
693, 3635073, 1806660, 837, 667, 1806371, 10269, 10269, 1895449846
690, 3635305, 1806007, 889, 729, 1805722, 10979, 10979, 3597032512
689, 3633546, 1804485, 1379, 1207, 1803959, 11258, 11258, 466203731
694, 3634554, 941, 1805614, 1805406, 777, 10908, 10908, 149504983
696, 3634547, 752, 1806151, 1805846, 592, 10603, 10603, 1474735423
699, 3637589, 673, 1808510, 1808040, 538, 9914, 9914, 2666165106
697, 3634642, 1805871, 803, 656, 1805604, 10854, 10854, 1604321876
703, 3638324, 661, 1808621, 1808328, 524, 10095, 10095, 4261244833
709, 3635563, 821, 1806097, 1805472, 671, 11251, 11251, 3235204134
702, 3635878, 958, 1806982, 1806629, 797, 10256, 10256, 3217157643
698, 3637841, 1807803, 919, 762, 1807469, 10444, 10444, 4212038024
701, 3635296, 1806927, 523, 401, 1806587, 10429, 10429, 2114394138
708, 3633697, 658, 1805795, 1805628, 510, 10553, 10553, 3091256089
705, 3633203, 1805314, 1190, 1020, 1805019, 10330, 10330, 2096605083
712, 3634709, 721, 1806653, 1805963, 566, 10403, 10403, 1063215676
707, 3637003, 1807596, 623, 481, 1807401, 10451, 10451, 822148618
710, 3637073, 1807431, 1090, 938, 1806900, 10357, 10357, 1295501611
706, 3636273, 1807698, 709, 555, 1807211, 10050, 10050, 484551902
704, 3635357, 1806662, 728, 580, 1806235, 10576, 10576, 4062921435
700, 3636846, 873, 1807331, 1807161, 705, 10388, 10388, 800075808
711, 3636221, 1807032, 865, 699, 1806785, 10420, 10420, 4246731224
716, 3633419, 961, 1805647, 1805158, 801, 10426, 10426, 3183929367
713, 3634604, 742, 1806266, 1806045, 609, 10471, 10471, 1890662978
720, 3637397, 682, 1808712, 1808362, 563, 9539, 9539, 3900270256
714, 3637329, 1807401, 988, 831, 1807037, 10536, 10536, 2787000372
719, 3638391, 1808677, 855, 698, 1808059, 10051, 10051, 517348391
715, 3637993, 1807945, 753, 579, 1807412, 10652, 10652, 2575430897
717, 3636438, 1807459, 714, 568, 1807109, 10294, 10294, 4059643794
725, 3634889, 781, 1806455, 1806024, 639, 10495, 10495, 1899721160
727, 3636859, 744, 1806848, 1806609, 580, 11039, 11039, 254268333
722, 3633716, 1805922, 847, 704, 1805605, 10319, 10319, 1216420326
721, 3633307, 1805407, 733, 572, 1805193, 10701, 10701, 2169621634
718, 3636810, 1807001, 1009, 871, 1806825, 10552, 10552, 243792199
729, 3636638, 831, 1807566, 1807104, 653, 10242, 10242, 2707170528
724, 3636591, 1807764, 528, 395, 1807532, 10186, 10186, 2773544277
730, 3634611, 723, 1806236, 1805896, 584, 10586, 10586, 255707136
723, 3635787, 1806671, 885, 736, 1806449, 10523, 10523, 3593183543
726, 3639184, 1808683, 552, 422, 1808497, 10515, 10515, 2631790077
732, 3637151, 1807931, 720, 580, 1807550, 10185, 10185, 720140583
733, 3636307, 1806741, 878, 719, 1806285, 10842, 10842, 3724269445
731, 3635114, 1806011, 780, 643, 1805700, 10990, 10990, 648316412
728, 3636738, 624, 1807805, 1807628, 501, 10090, 10090, 2217038319
736, 3636755, 850, 1807238, 1806847, 702, 10559, 10559, 3564219844
738, 3636686, 946, 1807494, 1806866, 796, 10292, 10292, 4140557275
735, 3636044, 872, 1806414, 1806147, 701, 10955, 10955, 3312053646
734, 3639435, 1809473, 693, 556, 1809113, 9800, 9800, 2517158727
741, 3634681, 766, 1806588, 1806245, 608, 10237, 10237, 1211313631
745, 3635691, 782, 1806751, 1806163, 611, 10692, 10692, 3386170911
737, 3637229, 1808256, 765, 606, 1807248, 10177, 10177, 3586584421
739, 3633873, 1806258, 848, 689, 1806104, 9987, 9987, 562476400
742, 3635505, 875, 1806774, 1806512, 726, 10309, 10309, 3108240237
747, 3635322, 913, 1806932, 1806584, 763, 10065, 10065, 708365497
743, 3634369, 1805831, 943, 784, 1805493, 10659, 10659, 1359120339
740, 3636633, 1807785, 744, 607, 1807485, 10006, 10006, 1193838631
744, 3637412, 669, 1807599, 1807440, 528, 10588, 10588, 2305667461
746, 3637865, 1807673, 767, 615, 1807302, 10754, 10754, 1211406119
750, 3633427, 892, 1805045, 1804672, 736, 11041, 11041, 3381175411
749, 3636195, 961, 1806484, 1806276, 816, 10829, 10829, 3170707317
751, 3634877, 838, 1806589, 1806264, 704, 10241, 10241, 2643896236
753, 3633869, 1805860, 853, 707, 1805173, 10638, 10638, 3657285544
752, 3638480, 1809045, 643, 495, 1808693, 9802, 9802, 31892275
757, 3634179, 751, 1806685, 1806046, 611, 10043, 10043, 2577728960
748, 3636183, 1806513, 923, 769, 1806310, 10834, 10834, 97458855
754, 3637397, 1807154, 1347, 1176, 1806830, 10445, 10445, 678827916
760, 3635373, 713, 1806774, 1806321, 551, 10507, 10507, 3357222610
761, 3637795, 769, 1807802, 1807354, 604, 10633, 10633, 3698939644
763, 3636042, 774, 1806915, 1806564, 615, 10587, 10587, 3189645243
756, 3637408, 840, 1807218, 1807066, 678, 10803, 10803, 1685537262
759, 3639066, 829, 1808079, 1807876, 684, 10799, 10799, 1367496985
762, 3635800, 1806810, 754, 599, 1806537, 10550, 10550, 2684171361
755, 3631697, 1804475, 960, 785, 1804143, 10667, 10667, 139643680
758, 3634313, 1806860, 716, 590, 1806679, 9734, 9734, 3180516914
773, 3637122, 687, 1807965, 1807439, 549, 10241, 10241, 2138232924
766, 3637018, 1807431, 882, 708, 1807105, 10446, 10446, 2765382646
765, 3635899, 1807111, 806, 667, 1806919, 10198, 10198, 3264421230
770, 3635346, 645, 1806588, 1806195, 494, 10712, 10712, 4146217960
767, 3637778, 1807900, 863, 710, 1807617, 10344, 10344, 2587484932
768, 3635805, 1806495, 885, 725, 1805918, 10891, 10891, 1996729902
764, 3635612, 1807091, 823, 670, 1806684, 10172, 10172, 599765826
774, 3638018, 542, 1808765, 1808446, 415, 9925, 9925, 3388270630
769, 3635354, 1806147, 927, 757, 1805987, 10768, 10768, 410428417
777, 3636720, 769, 1807128, 1806730, 619, 10737, 10737, 1360952384
772, 3638181, 1808282, 612, 460, 1808109, 10359, 10359, 2685777321
775, 3635603, 1806558, 724, 580, 1806297, 10722, 10722, 4053332426
776, 3635041, 879, 1806111, 1805873, 720, 10729, 10729, 2554229859
781, 3632589, 947, 1805650, 1805232, 804, 9978, 9978, 1302348801
771, 3637054, 1083, 1806992, 1806852, 943, 10592, 10592, 3296453622
778, 3636786, 1808561, 623, 495, 1807873, 9617, 9617, 2785198567
782, 3633425, 1805253, 947, 791, 1804712, 10861, 10861, 1638656543
779, 3634599, 1805657, 919, 765, 1805434, 10912, 10912, 989580926
784, 3636404, 735, 1806671, 1806507, 589, 10951, 10951, 3467610571
783, 3636039, 1806733, 707, 568, 1806203, 10914, 10914, 2404398198
788, 3636078, 634, 1807193, 1806900, 495, 10428, 10428, 1329729981
780, 3636975, 1808085, 734, 599, 1807907, 9825, 9825, 2725020923
785, 3636421, 1807914, 532, 397, 1807696, 9941, 9941, 2152479644
786, 3634324, 1806301, 637, 499, 1806111, 10388, 10388, 2959810046
789, 3637369, 855, 1807607, 1807325, 702, 10440, 10440, 3931569043
787, 3636825, 1807415, 787, 627, 1807218, 10389, 10389, 4196863065
792, 3636178, 877, 1806948, 1806802, 719, 10416, 10416, 3131472615
795, 3638193, 602, 1808457, 1808187, 471, 10238, 10238, 1791703443
797, 3635564, 625, 1807434, 1807113, 486, 9953, 9953, 3107339213
791, 3639019, 781, 1808749, 1808586, 641, 10131, 10131, 717649711
790, 3633696, 1805623, 624, 484, 1805453, 10756, 10756, 3061312221
793, 3635038, 1805327, 1282, 1106, 1805129, 11097, 11097, 3959512439
798, 3635520, 676, 1806799, 1806459, 530, 10528, 10528, 1802204853
796, 3636756, 1808412, 627, 490, 1807803, 9712, 9712, 2937196402
800, 3634984, 882, 1806294, 1805992, 736, 10540, 10540, 3955063152
802, 3636584, 783, 1807125, 1806761, 651, 10632, 10632, 3832100259
794, 3636673, 709, 1807191, 1807018, 545, 10605, 10605, 3642693798
799, 3634596, 1805906, 879, 714, 1805609, 10744, 10744, 2382707096
804, 3633128, 836, 1805239, 1804903, 670, 10740, 10740, 3620769441
801, 3637097, 1807503, 752, 595, 1807205, 10521, 10521, 2781459140
805, 3636200, 802, 1807679, 1807486, 631, 9801, 9801, 3408647649
808, 3634644, 1171, 1805846, 1805270, 1007, 10675, 10675, 1103809034
809, 3637066, 1807984, 857, 702, 1807567, 9978, 9978, 19735227
812, 3638521, 648, 1808519, 1808038, 502, 10407, 10407, 1390904149
803, 3633736, 687, 1805260, 1805014, 531, 11122, 11122, 2839762838
806, 3639352, 1809207, 503, 365, 1808887, 10195, 10195, 1715955365
811, 3634927, 1806511, 735, 569, 1805868, 10622, 10622, 3510646665
810, 3636299, 764, 1807435, 1807137, 625, 10169, 10169, 1508849036
807, 3634189, 1806003, 722, 571, 1805667, 10613, 10613, 3939688245
816, 3635366, 866, 1806682, 1806211, 687, 10460, 10460, 2801986055
815, 3633545, 762, 1805289, 1804953, 615, 10963, 10963, 343403708
818, 3637364, 1015, 1807649, 1807014, 852, 10417, 10417, 652002550
817, 3636951, 800, 1807892, 1807568, 637, 10027, 10027, 1572074386
814, 3637382, 1107, 1807589, 1807273, 937, 10238, 10238, 33437679
813, 3634766, 1805864, 943, 763, 1805538, 10829, 10829, 2465751379
824, 3635129, 1046, 1805772, 1805170, 891, 11125, 11125, 1215800418
821, 3635877, 677, 1806864, 1806603, 535, 10599, 10599, 3144542886
822, 3638780, 735, 1808976, 1808616, 591, 9931, 9931, 2445010096
819, 3634621, 827, 1806043, 1805731, 662, 10679, 10679, 3578836795
825, 3636354, 548, 1807831, 1807464, 409, 10051, 10051, 762151035
820, 3637331, 1807975, 686, 520, 1807606, 10272, 10272, 365083390
827, 3636719, 677, 1807613, 1807197, 534, 10349, 10349, 4188880642
828, 3634782, 715, 1806411, 1806071, 573, 10506, 10506, 2140532713
826, 3637154, 1807971, 735, 589, 1807579, 10140, 10140, 3067431218
831, 3634462, 856, 1806293, 1805965, 704, 10322, 10322, 3206748994
830, 3636926, 629, 1808278, 1808035, 498, 9743, 9743, 4199129591
833, 3632676, 1805169, 899, 730, 1804566, 10656, 10656, 2757842000
838, 3639160, 862, 1808997, 1808296, 709, 10148, 10148, 4080317788
823, 3633992, 1805456, 755, 602, 1805209, 10985, 10985, 3446636130
836, 3637700, 672, 1808417, 1807959, 530, 10061, 10061, 2211896615
839, 3635438, 942, 1806190, 1805750, 780, 10888, 10888, 1904093592
829, 3633664, 648, 1805910, 1805738, 504, 10432, 10432, 2469790568
837, 3637916, 1807909, 924, 750, 1807733, 10300, 10300, 3792424275
832, 3635208, 1806746, 845, 672, 1806267, 10339, 10339, 2769676968
843, 3633019, 695, 1805321, 1804871, 534, 10799, 10799, 3665577695
835, 3637041, 1808346, 617, 478, 1808070, 9765, 9765, 3571446127
845, 3636204, 839, 1807331, 1806813, 685, 10268, 10268, 2455226241
840, 3633992, 1806459, 642, 507, 1806032, 10176, 10176, 1601277384
844, 3635229, 816, 1806514, 1806212, 659, 10514, 10514, 1976176660
834, 3636860, 1806421, 1219, 1035, 1806249, 10968, 10968, 1666799000
848, 3634767, 854, 1806213, 1805838, 720, 10571, 10571, 3052157229
847, 3635315, 1806830, 807, 638, 1806382, 10329, 10329, 242416451
841, 3634510, 1806332, 807, 650, 1806115, 10303, 10303, 3555421743
849, 3634866, 823, 1806095, 1805835, 677, 10718, 10718, 516727201
850, 3633401, 743, 1806142, 1805718, 588, 10105, 10105, 2218154594
842, 3636241, 1807196, 834, 668, 1806997, 10273, 10273, 3838610331
855, 3635865, 716, 1807047, 1806812, 568, 10361, 10361, 312111717
846, 3639698, 1809080, 628, 498, 1808934, 10279, 10279, 48155997
858, 3634589, 559, 1805767, 1805440, 417, 11203, 11203, 1119504752
857, 3634984, 1806506, 754, 576, 1806240, 10454, 10454, 2599428159
853, 3636832, 1807840, 681, 535, 1807538, 10119, 10119, 1495589897
852, 3635215, 1806122, 928, 772, 1805701, 10846, 10846, 2077184371
851, 3634752, 1806438, 1028, 869, 1806173, 10122, 10122, 2617539491
856, 3638190, 1808565, 819, 664, 1808186, 9978, 9978, 2855007612
861, 3636863, 1808257, 656, 506, 1807786, 9829, 9829, 3450796627
854, 3638226, 821, 1808126, 1807966, 651, 10331, 10331, 1074394176
859, 3636824, 1807851, 636, 508, 1807453, 10188, 10188, 264301665
862, 3635015, 751, 1806225, 1806018, 613, 10704, 10704, 3636146731
864, 3635414, 611, 1807510, 1807140, 461, 9846, 9846, 3673695022
863, 3635705, 784, 1806695, 1806504, 622, 10550, 10550, 1709352905
866, 3635195, 655, 1806744, 1806283, 521, 10496, 10496, 1471931990
867, 3636750, 956, 1807327, 1806878, 789, 10400, 10400, 2511154193
860, 3632928, 1805212, 720, 564, 1805020, 10706, 10706, 176407576
865, 3637638, 534, 1808613, 1808435, 410, 9823, 9823, 89996119
870, 3636297, 562, 1807951, 1807546, 412, 9913, 9913, 3934038203
869, 3633241, 872, 1805449, 1804972, 704, 10622, 10622, 487929258
873, 3634819, 766, 1806376, 1805964, 623, 10545, 10545, 1022946020
871, 3638822, 786, 1809073, 1808803, 628, 9766, 9766, 4038475413
868, 3637714, 1809066, 514, 389, 1808781, 9482, 9482, 1838337595
880, 3634635, 867, 1805969, 1805680, 717, 10701, 10701, 565675830
875, 3635045, 1806768, 706, 560, 1806167, 10422, 10422, 2614593987
874, 3633710, 1806130, 777, 608, 1805845, 10175, 10175, 681713982
876, 3636455, 1807371, 712, 561, 1807053, 10379, 10379, 43284432
872, 3632243, 1805038, 628, 482, 1804511, 10792, 10792, 1560261237
883, 3637387, 756, 1808143, 1807490, 606, 10196, 10196, 2728118594
878, 3634271, 1806413, 794, 638, 1805870, 10278, 10278, 3489539050
881, 3634666, 828, 1806175, 1805830, 665, 10584, 10584, 287832651
879, 3636813, 843, 740, 582, 692, 1816978, 1816978, 3775857929
877, 3638300, 1807476, 901, 764, 1807297, 10931, 10931, 2708682024
885, 3638130, 1808274, 580, 435, 1807945, 10448, 10448, 1531892516
882, 3634354, 1806542, 634, 513, 1806303, 10181, 10181, 2021931210
884, 3636326, 1807890, 637, 499, 1807718, 9791, 9791, 2740470220
889, 3636981, 1219, 1807043, 1806669, 1080, 10485, 10485, 1768429205
890, 3634924, 770, 1806659, 1806344, 613, 10269, 10269, 2385890123
887, 3636845, 627, 1807539, 1807351, 504, 10412, 10412, 307949203
894, 3636212, 772, 1806977, 1806572, 629, 10631, 10631, 2770485039
892, 3637169, 1807871, 647, 516, 1807431, 10352, 10352, 3041319469
888, 3633223, 692, 1805613, 1805359, 551, 10504, 10504, 2472570985
886, 3635164, 1806412, 1034, 852, 1806042, 10412, 10412, 3142023435
891, 3635835, 1807151, 970, 813, 1806929, 9986, 9986, 1442913262
893, 3635897, 1807323, 649, 503, 1806864, 10279, 10279, 1397063815
896, 3636889, 801, 1807008, 1806681, 645, 10877, 10877, 977609140
899, 3634004, 779, 1805928, 1805512, 611, 10587, 10587, 504939664
902, 3636671, 950, 1806474, 1805975, 794, 11239, 11239, 883311873
904, 3634634, 1020, 1805826, 1805356, 842, 10795, 10795, 391826670
897, 3637879, 1808546, 834, 694, 1808269, 9768, 9768, 3599905912
895, 3635055, 829, 1806744, 1806465, 661, 10178, 10178, 2009529932
903, 3638302, 702, 1808631, 1808354, 569, 10023, 10023, 4087042569
901, 3635934, 836, 1806445, 1806272, 687, 10847, 10847, 2796472435
898, 3636318, 1807598, 726, 587, 1807379, 10014, 10014, 2515578671
900, 3636305, 1807592, 581, 442, 1807232, 10229, 10229, 1670161948
907, 3637635, 828, 1808134, 1807697, 682, 10147, 10147, 1902353374
911, 3636501, 868, 1807427, 1807191, 711, 10152, 10152, 1336071800
906, 3634191, 926, 1805890, 1805726, 777, 10436, 10436, 4047797413
913, 3636055, 773, 1807233, 1806867, 624, 10279, 10279, 2121803805
905, 3634962, 843, 1806149, 1805961, 699, 10655, 10655, 3942256642
908, 3637163, 897, 1807316, 1807035, 737, 10589, 10589, 4123209313
909, 3634040, 1805438, 761, 607, 1805208, 11013, 11013, 3973125101
916, 3637852, 894, 1807775, 1807516, 741, 10463, 10463, 1981410865
917, 3635150, 534, 1807014, 1806588, 398, 10308, 10308, 3951544837
912, 3637998, 929, 1807672, 1807528, 747, 10561, 10561, 2115523012
910, 3637580, 1808233, 800, 657, 1807988, 9951, 9951, 724048803
914, 3638868, 1808735, 677, 529, 1808047, 10440, 10440, 268373425
919, 3634065, 759, 1806858, 1806545, 615, 9644, 9644, 2224095709
918, 3640783, 1810143, 636, 500, 1809982, 9761, 9761, 2173985288
924, 3635383, 673, 1806881, 1806386, 531, 10456, 10456, 3932175603
925, 3633604, 1805890, 682, 547, 1805247, 10619, 10619, 4212191797
915, 3635339, 1807300, 821, 676, 1806818, 9862, 9862, 2426827853
921, 3640392, 1809931, 743, 593, 1809239, 9943, 9943, 1072756898
927, 3635728, 787, 1806849, 1806583, 659, 10425, 10425, 4119468337
930, 3637909, 453, 1808366, 1808199, 343, 10274, 10274, 4173955685
922, 3637157, 1807061, 964, 803, 1806701, 10814, 10814, 3535292413
920, 3637559, 1807855, 737, 607, 1807628, 10366, 10366, 1258266621
923, 3639545, 1809188, 930, 770, 1809027, 9815, 9815, 2980528152
929, 3635914, 1806974, 901, 744, 1806685, 10305, 10305, 1499834244
933, 3635939, 739, 1806745, 1806544, 587, 10662, 10662, 3455173185
926, 3635897, 1806866, 615, 466, 1806660, 10645, 10645, 1605259026
928, 3634204, 1806219, 762, 619, 1805914, 10345, 10345, 2772738098
932, 3634090, 745, 1806200, 1806031, 588, 10263, 10263, 3733067372
931, 3637585, 855, 1808128, 1807906, 680, 10008, 10008, 1269286797
934, 3634985, 1806229, 1066, 882, 1805804, 10502, 10502, 66722754
937, 3637319, 857, 1807382, 1807151, 703, 10613, 10613, 4074481107
935, 3634144, 913, 1805726, 1805531, 746, 10614, 10614, 3327753616
936, 3638330, 1808687, 576, 452, 1808135, 10240, 10240, 2057995514
944, 3635919, 744, 1806729, 1806110, 590, 10873, 10873, 3223258877
938, 3637063, 544, 1808371, 1808020, 400, 9864, 9864, 3098197218
945, 3634297, 1233, 1806284, 1805620, 1068, 10046, 10046, 1527493697
943, 3636694, 699, 1807431, 1806997, 543, 10512, 10512, 1729185933
941, 3633686, 1806105, 642, 501, 1805832, 10303, 10303, 442134115
950, 3637966, 824, 1808471, 1808009, 682, 9990, 9990, 1043783902
948, 3636410, 728, 1807722, 1807303, 577, 10040, 10040, 779525052
940, 3638428, 760, 1808271, 1808107, 610, 10340, 10340, 4266477950
942, 3637662, 674, 1808400, 1808204, 546, 9919, 9919, 2589717094
947, 3636149, 1806968, 819, 654, 1806672, 10518, 10518, 2291953526
946, 3636143, 1806707, 1090, 911, 1806557, 10439, 10439, 3019345636
949, 3637560, 576, 1808037, 1807774, 441, 10366, 10366, 2218570852
939, 3636231, 1806923, 788, 635, 1806761, 10562, 10562, 518224979
951, 3639692, 605, 1809562, 1809393, 458, 9837, 9837, 4178453284
952, 3634440, 959, 1806242, 1806072, 767, 10200, 10200, 1124178695
957, 3633287, 1030, 1805399, 1805206, 862, 10395, 10395, 4017440157
961, 3635764, 567, 1806976, 1806341, 434, 10723, 10723, 4291256007
958, 3640128, 1809288, 862, 694, 1809012, 10136, 10136, 1844135241
955, 3635352, 1338, 1805533, 1805346, 1191, 10972, 10972, 589489879
956, 3632731, 1804798, 810, 670, 1804579, 10937, 10937, 3343905613
954, 3635048, 1807382, 532, 388, 1806954, 9896, 9896, 2547794929
953, 3634245, 1805874, 736, 585, 1805688, 10681, 10681, 1438763280
959, 3637038, 800, 1807676, 1807517, 649, 10198, 10198, 3925270179
960, 3639079, 1808391, 913, 754, 1808107, 10457, 10457, 848186992
966, 3637264, 607, 1808379, 1807931, 471, 9938, 9938, 1634385481
962, 3637350, 1808094, 716, 574, 1807860, 10053, 10053, 3029835996
963, 3636335, 622, 1807474, 1807205, 490, 10272, 10272, 2340018878
967, 3636963, 813, 1808034, 1807562, 656, 9949, 9949, 5968214
965, 3635194, 1806362, 1042, 881, 1806063, 10423, 10423, 838641115
964, 3636790, 1806910, 561, 417, 1806532, 11185, 11185, 2693164383
973, 3634287, 937, 1805754, 1805079, 767, 10875, 10875, 2742029656
974, 3636899, 870, 1807490, 1806893, 720, 10463, 10463, 1245961248
968, 3634770, 739, 1806567, 1806350, 598, 10258, 10258, 2086464840
976, 3636137, 675, 1807881, 1807436, 535, 9805, 9805, 1793359285
969, 3633588, 943, 1806055, 1805789, 783, 10009, 10009, 2306667245
970, 3635224, 1806880, 719, 573, 1806704, 10174, 10174, 2406043918
975, 3636666, 1807418, 784, 636, 1807104, 10362, 10362, 2974935434
972, 3634321, 1806209, 721, 561, 1805958, 10436, 10436, 1575897256
978, 3633913, 642, 1805910, 1805624, 499, 10619, 10619, 3788049891
971, 3636001, 804, 1806942, 1806745, 650, 10430, 10430, 2349295179
980, 3635043, 744, 1806258, 1805713, 580, 10874, 10874, 2293178373
982, 3637097, 1808187, 731, 576, 1807757, 9923, 9923, 2126097245
984, 3635991, 646, 1807078, 1806724, 517, 10513, 10513, 3592573797
979, 3635881, 1806871, 902, 744, 1806694, 10335, 10335, 4214752077
977, 3636485, 1807275, 674, 540, 1806982, 10507, 10507, 59095795
985, 3636179, 627, 1807472, 1807080, 482, 10259, 10259, 1725969385
988, 3635767, 650, 1806784, 1806554, 521, 10629, 10629, 609433526
987, 3634561, 725, 1806440, 1806159, 573, 10332, 10332, 1636106453
981, 3633357, 1805215, 803, 655, 1804984, 10850, 10850, 2129778094
991, 3636094, 768, 1806930, 1806641, 617, 10569, 10569, 3942078292
992, 3635550, 932, 1806999, 1806693, 752, 10087, 10087, 96160852
990, 3635765, 1806688, 814, 649, 1806332, 10641, 10641, 1037116838
989, 3635656, 783, 1807165, 1806988, 648, 10036, 10036, 3817080711
983, 3636323, 1807408, 742, 575, 1807104, 10247, 10247, 3329121932
986, 3637773, 1808213, 709, 563, 1807908, 10190, 10190, 614737484
994, 3633558, 1005, 1805579, 1805276, 852, 10423, 10423, 3711787363
998, 3636268, 689, 1807994, 1807265, 544, 9888, 9888, 3104935302
996, 3636259, 1075, 1806938, 1806587, 929, 10365, 10365, 2607081511
995, 3638343, 1054, 1807971, 1807756, 894, 10334, 10334, 3734642149
997, 3636154, 1807519, 779, 645, 1807205, 10003, 10003, 2024862628
999, 3638243, 1808498, 646, 521, 1808276, 10151, 10151, 4129303267
993, 3637230, 1807544, 857, 726, 1807319, 10392, 10392, 2094988319
