sample_id, N_LCC, N_A_1_LCC, N_B_1_LCC, N_A_0_LCC, N_B_0_LCC, N_A_*_LCC, N_B_*_LCC, seed
10, 1957687, 401863, 426700, 407028, 382376, 169860, 169860, 2300103379
12, 1953982, 397908, 435297, 415694, 378655, 163214, 163214, 3245742847
13, 1954313, 436647, 392010, 372768, 416966, 167961, 167961, 3373160374
4, 1958213, 404559, 421696, 402009, 385867, 172041, 172041, 2527370658
14, 1952861, 412217, 421953, 402452, 392407, 161916, 161916, 3637007494
6, 1956576, 453879, 373470, 354914, 433813, 170250, 170250, 1917850736
9, 1957747, 404419, 419209, 399804, 385209, 174553, 174553, 2311043088
0, 1953305, 406370, 422958, 403621, 387626, 166365, 166365, 108543048
11, 1954677, 423593, 404804, 385924, 404356, 168000, 168000, 2862994110
5, 1956841, 433165, 395261, 376608, 413523, 169142, 169142, 1946166398
8, 1957340, 402246, 431088, 411874, 383212, 164460, 164460, 2954763684
2, 1958337, 430918, 398617, 380145, 411033, 168812, 168812, 3691441479
3, 1953178, 412864, 417148, 397883, 393629, 165827, 165827, 2735362637
7, 1952883, 417479, 411139, 391726, 398605, 166967, 166967, 3126574173
15, 1953768, 394578, 435834, 416707, 375749, 165450, 165450, 908766154
1, 1963898, 422314, 411886, 392848, 403572, 166639, 166639, 192731815
17, 1951017, 379870, 450009, 429147, 361133, 165429, 165429, 1476947119
20, 1956824, 424135, 407879, 389037, 404859, 165457, 165457, 380814408
18, 1951921, 403244, 420967, 401188, 384356, 171083, 171083, 2864629439
16, 1949328, 397277, 427193, 407332, 378494, 169516, 169516, 206819121
22, 1954895, 438134, 392819, 374041, 418435, 165733, 165733, 2100187163
19, 1956656, 398688, 433207, 413607, 379532, 165811, 165811, 844257952
21, 1956408, 380710, 446710, 426983, 362097, 169954, 169954, 1018201709
23, 1951056, 396477, 430240, 410257, 377328, 168377, 168377, 4294259597
24, 1955532, 414651, 413101, 393426, 395626, 169364, 169364, 2912321042
30, 1955693, 401509, 426516, 407217, 382203, 169124, 169124, 307336981
26, 1954438, 406487, 428520, 408405, 387174, 161926, 161926, 1025882212
27, 1957654, 424416, 406308, 386956, 405298, 167338, 167338, 47063772
28, 1949357, 439256, 394388, 375214, 419307, 160596, 160596, 3197507149
25, 1954228, 414791, 416947, 397640, 395926, 164462, 164462, 3772749546
29, 1958221, 430668, 400665, 382010, 411296, 166791, 166791, 2805229822
31, 1952206, 384036, 448888, 428540, 364980, 162881, 162881, 1162207460
33, 1956593, 431947, 401069, 381959, 412342, 164638, 164638, 1115665998
32, 1959224, 442990, 381527, 363694, 423833, 173590, 173590, 2501838084
35, 1958790, 431344, 401566, 383300, 411936, 165322, 165322, 1441420346
36, 1952759, 435725, 394739, 375420, 415883, 165496, 165496, 1971234173
34, 1956746, 397180, 438299, 418008, 377949, 162655, 162655, 1180040695
37, 1963280, 387776, 447389, 427473, 369824, 165409, 165409, 3973798811
42, 1955088, 422051, 405015, 385655, 402735, 169816, 169816, 329339583
38, 1958308, 417040, 405931, 387231, 398116, 174995, 174995, 4248888404
40, 1951781, 410448, 420041, 401033, 391011, 164624, 164624, 1076178347
41, 1957034, 448683, 378437, 359942, 428462, 170755, 170755, 4117546791
45, 1951720, 407458, 417845, 398129, 388752, 169768, 169768, 2904124290
39, 1956929, 414311, 415151, 395535, 394878, 168527, 168527, 3365040797
43, 1952508, 405122, 419681, 400090, 385927, 170844, 170844, 2328441478
46, 1956238, 403123, 422411, 402887, 384101, 171858, 171858, 716028406
44, 1956234, 419684, 403257, 384771, 400668, 173927, 173927, 3047579941
47, 1957956, 426710, 405857, 387149, 407074, 165583, 165583, 1519170846
51, 1960616, 408809, 425840, 405994, 390141, 164916, 164916, 3036848008
50, 1956583, 446214, 384301, 365065, 427025, 166989, 166989, 1857695046
52, 1961815, 402523, 431797, 412310, 383423, 165881, 165881, 368792875
48, 1956179, 392020, 437411, 417452, 373856, 167720, 167720, 1470064555
49, 1963288, 407768, 431640, 412374, 388854, 161326, 161326, 1666851557
53, 1956072, 409289, 417541, 397866, 390110, 170633, 170633, 2013734429
56, 1954277, 426897, 404320, 384648, 407072, 165670, 165670, 3444235622
55, 1951487, 413094, 414778, 395201, 393416, 167499, 167499, 3917839685
54, 1949538, 416685, 412919, 394032, 397090, 164406, 164406, 1069172588
58, 1952890, 393748, 431271, 411261, 374492, 171059, 171059, 875613165
61, 1948811, 427200, 405619, 386638, 408362, 160496, 160496, 652870571
57, 1959409, 417950, 416987, 398063, 398141, 164134, 164134, 1402866830
62, 1953735, 413542, 416615, 396956, 393816, 166403, 166403, 442695249
60, 1954496, 409357, 421172, 401439, 389830, 166349, 166349, 3657419337
59, 1954065, 421539, 406938, 387788, 402000, 167900, 167900, 2937822294
63, 1954286, 415307, 417488, 398247, 396046, 163599, 163599, 2987460979
64, 1953141, 450883, 378382, 359109, 430669, 167049, 167049, 1910825080
66, 1952439, 395754, 431555, 412140, 376444, 168273, 168273, 2147293774
68, 1950852, 400878, 428636, 408592, 381884, 165431, 165431, 2251225772
67, 1958880, 403384, 426418, 406946, 385036, 168548, 168548, 3997879782
69, 1952122, 406601, 423993, 404407, 387843, 164639, 164639, 1122648249
65, 1954374, 398297, 423328, 403578, 379125, 175023, 175023, 867483980
70, 1955294, 419887, 409714, 390598, 400551, 167272, 167272, 1407826527
71, 1960791, 405398, 426081, 406477, 386753, 168041, 168041, 2462065013
75, 1951946, 400957, 428607, 408753, 382611, 165509, 165509, 3076544323
72, 1951417, 376295, 445215, 424767, 356870, 174135, 174135, 232017057
74, 1953070, 424925, 402862, 383161, 405422, 168350, 168350, 2249051629
78, 1953535, 436266, 390712, 372150, 416553, 168927, 168927, 1922319094
76, 1949654, 416899, 404767, 385025, 397483, 172740, 172740, 1218702240
77, 1955375, 450552, 384307, 365970, 430374, 162086, 162086, 397256937
79, 1950261, 396643, 427394, 408368, 377582, 170137, 170137, 3903594797
73, 1954440, 421240, 404071, 384927, 401786, 171208, 171208, 3665095922
80, 1957353, 392778, 441870, 421659, 374506, 163270, 163270, 2358272222
83, 1957911, 412541, 416073, 396714, 393575, 169504, 169504, 2936721735
85, 1952832, 376509, 449801, 429498, 357476, 169774, 169774, 2761303039
81, 1955537, 426979, 397299, 378391, 407436, 172716, 172716, 2393574264
86, 1957010, 396716, 436771, 417264, 377495, 164382, 164382, 2901728711
82, 1952599, 434411, 394717, 376093, 414702, 166338, 166338, 1011917418
84, 1959004, 450798, 386875, 367829, 431150, 161176, 161176, 1485748853
87, 1957813, 406211, 429499, 410919, 386276, 162454, 162454, 3874386936
88, 1952312, 409097, 417904, 398286, 390155, 168435, 168435, 505935370
89, 1951312, 432550, 391013, 371949, 413146, 171327, 171327, 1830503299
90, 1959284, 437763, 390964, 372374, 418263, 169960, 169960, 2452354132
92, 1960352, 376296, 454133, 434520, 357479, 168962, 168962, 1692543917
95, 1955080, 433303, 402342, 383209, 413900, 161163, 161163, 2513911122
91, 1953349, 412200, 417691, 398097, 392771, 166295, 166295, 224824971
94, 1955688, 405256, 424250, 404444, 386806, 167466, 167466, 2701072488
93, 1955101, 420228, 413949, 394113, 401641, 162585, 162585, 2316459489
96, 1954775, 413483, 419512, 400619, 394209, 163476, 163476, 3663585782
97, 1952550, 438362, 390829, 372007, 418872, 166240, 166240, 3161859621
99, 1951708, 438519, 396887, 377555, 418307, 160220, 160220, 2850036637
98, 1955237, 428376, 401785, 382477, 408425, 167087, 167087, 1035884919
100, 1953487, 414434, 410889, 391964, 395094, 170553, 170553, 3000299863
102, 1959036, 394017, 439336, 419671, 375432, 165290, 165290, 671698028
104, 1954821, 438032, 400455, 380992, 418194, 158574, 158574, 1989075579
103, 1951078, 424022, 399679, 380569, 404490, 171159, 171159, 875855125
101, 1954799, 363159, 461421, 441187, 344918, 172057, 172057, 2458057772
105, 1955367, 412235, 417299, 397564, 392829, 167720, 167720, 1208036094
107, 1950530, 409995, 418974, 399374, 390607, 165790, 165790, 2732228171
106, 1959006, 400431, 431458, 412343, 381280, 166747, 166747, 3759492065
110, 1955319, 418418, 414431, 395228, 399076, 164083, 164083, 3573530491
108, 1955470, 411523, 425194, 405896, 392707, 160075, 160075, 3589519060
111, 1955517, 400102, 427440, 408355, 381116, 169252, 169252, 796132567
109, 1962217, 426775, 406095, 387013, 407866, 167234, 167234, 3815775167
112, 1954230, 434955, 390249, 371550, 415120, 171178, 171178, 3271328684
113, 1953264, 421744, 405919, 386300, 402477, 168412, 168412, 2403635380
114, 1954740, 419799, 413647, 394935, 400291, 163034, 163034, 1292384833
115, 1955700, 432711, 404703, 385356, 413332, 159799, 159799, 2599909997
116, 1952750, 390678, 438441, 418079, 371422, 167065, 167065, 2445493325
117, 1947324, 404283, 421663, 402178, 384508, 167346, 167346, 2834414361
118, 1951452, 410998, 415619, 396740, 391689, 168203, 168203, 3643971073
122, 1960576, 417484, 417141, 397858, 398333, 164880, 164880, 949363643
119, 1950106, 400585, 434450, 414708, 381167, 159598, 159598, 1314660945
120, 1957465, 403042, 430732, 411074, 384251, 164183, 164183, 3739211309
121, 1958072, 434599, 393703, 375254, 414552, 169982, 169982, 3848684231
124, 1957377, 413206, 419630, 400434, 394419, 164844, 164844, 976838124
125, 1953755, 397248, 432913, 413617, 378479, 165749, 165749, 3579189548
123, 1958451, 428820, 400501, 381819, 409501, 168905, 168905, 3589469811
127, 1950215, 410404, 418750, 399027, 391290, 165372, 165372, 420713962
126, 1959963, 441582, 388680, 370202, 421665, 168917, 168917, 601379116
128, 1958744, 427530, 410241, 391268, 407561, 161072, 161072, 1651487825
130, 1955830, 399632, 429718, 410136, 380660, 167842, 167842, 1131741107
129, 1955917, 389201, 442066, 422590, 370376, 165842, 165842, 4062782925
132, 1951372, 403927, 422044, 402463, 384234, 169352, 169352, 3274750448
131, 1956595, 430317, 403587, 385423, 411178, 163045, 163045, 783739258
133, 1953711, 421207, 412066, 392986, 401618, 162917, 162917, 622893836
135, 1954488, 433174, 396054, 377068, 413216, 167488, 167488, 3722136348
134, 1950795, 384558, 444789, 424645, 365583, 165610, 165610, 2003200712
137, 1952441, 423317, 403276, 383716, 403880, 169126, 169126, 4100479553
136, 1957369, 407324, 427424, 407966, 388263, 163196, 163196, 3900922340
139, 1953875, 429745, 394795, 375760, 410053, 171761, 171761, 3521159294
140, 1957124, 419639, 409357, 390485, 400595, 168524, 168524, 1365531264
141, 1955259, 428071, 397717, 378381, 408386, 171352, 171352, 3305405312
138, 1954198, 436985, 384215, 365629, 416973, 175198, 175198, 2495424411
142, 1957975, 408548, 418832, 399580, 389779, 170618, 170618, 867569341
143, 1955112, 450643, 379835, 361435, 430517, 166341, 166341, 680739836
144, 1951621, 466035, 364967, 346946, 445847, 163913, 163913, 1603867737
146, 1953765, 426847, 402293, 383097, 407310, 167109, 167109, 3994298862
145, 1951834, 419686, 405675, 386517, 400144, 169906, 169906, 1425845619
148, 1956024, 398962, 421953, 402166, 379789, 176577, 176577, 3268252973
147, 1948620, 386998, 437334, 416019, 368227, 170021, 170021, 759415588
149, 1961455, 418380, 414040, 395081, 399148, 167403, 167403, 2204704696
151, 1953052, 389471, 434651, 414668, 370330, 171966, 171966, 3475557159
150, 1957096, 429414, 400863, 381926, 410051, 167421, 167421, 3959009588
152, 1953993, 404249, 417132, 397759, 384493, 175180, 175180, 1326434781
154, 1954570, 392892, 439632, 419765, 373717, 164282, 164282, 385409970
153, 1954423, 434728, 398708, 379376, 414997, 163307, 163307, 1835374898
157, 1961961, 393421, 444786, 424796, 374988, 161985, 161985, 909144141
155, 1950386, 414278, 415597, 396156, 394339, 165008, 165008, 949421152
158, 1958768, 396231, 432159, 413634, 376960, 169892, 169892, 671272986
156, 1955177, 434205, 392629, 373978, 414619, 169873, 169873, 2185064557
159, 1957676, 425325, 405449, 386980, 405818, 167052, 167052, 1080599242
160, 1956381, 416946, 417362, 398217, 397840, 163008, 163008, 2497873565
161, 1961849, 417455, 412500, 393578, 398444, 169936, 169936, 3246508621
163, 1954496, 411109, 418478, 399383, 392062, 166732, 166732, 1824626452
162, 1962491, 432407, 405094, 386257, 413375, 162679, 162679, 3283562590
164, 1950840, 426381, 406354, 387466, 406501, 162069, 162069, 593327712
165, 1955790, 411855, 417920, 398561, 392354, 167550, 167550, 156563311
166, 1952205, 366302, 462817, 441687, 347193, 167103, 167103, 3376324160
167, 1955001, 418717, 411582, 392291, 399419, 166496, 166496, 3691847400
169, 1954763, 389625, 438264, 418823, 371067, 168492, 168492, 3187049149
170, 1948546, 402900, 423352, 403663, 383629, 167501, 167501, 3048724880
171, 1948099, 406838, 422429, 402771, 387957, 164052, 164052, 1759765993
168, 1955218, 414954, 417132, 397579, 395615, 164969, 164969, 2922878402
172, 1957169, 410544, 418424, 399434, 391425, 168671, 168671, 620866012
175, 1963923, 407660, 426134, 407062, 388449, 167309, 167309, 3072984331
174, 1954997, 418381, 405051, 386518, 398359, 173344, 173344, 2709911823
173, 1963150, 420960, 411187, 392318, 402057, 168314, 168314, 4051956142
177, 1952881, 404451, 431783, 412146, 385257, 159622, 159622, 4110299369
176, 1960391, 430011, 406690, 388624, 410536, 162265, 162265, 1454859327
178, 1955515, 381293, 449589, 430239, 362520, 165937, 165937, 2941943897
179, 1952803, 401789, 422965, 403466, 382411, 171086, 171086, 4026234689
181, 1954144, 390454, 432577, 413015, 371616, 173241, 173241, 89440945
180, 1953991, 413770, 400911, 381759, 394017, 181767, 181767, 3625713289
182, 1958083, 396908, 441399, 421603, 378211, 159981, 159981, 3202199888
183, 1951622, 410293, 421396, 401983, 390590, 163680, 163680, 719052534
184, 1961548, 407026, 424016, 404279, 388201, 169013, 169013, 3122014135
185, 1951699, 403167, 423515, 403814, 383715, 168744, 168744, 970533697
186, 1955983, 421525, 397521, 378602, 402637, 177849, 177849, 2684087183
187, 1954559, 429665, 402314, 383266, 409844, 164735, 164735, 3074331902
188, 1954802, 411733, 419475, 400622, 392378, 165297, 165297, 768477789
189, 1955866, 431131, 395749, 376194, 411810, 170491, 170491, 1142274765
190, 1955310, 394740, 433615, 413453, 375988, 168757, 168757, 1873798978
191, 1955034, 424312, 396575, 377691, 404540, 175958, 175958, 4276886991
192, 1958654, 417909, 409615, 390915, 398243, 170986, 170986, 2452724161
193, 1960471, 437922, 387075, 369028, 418244, 174101, 174101, 2664759485
194, 1958645, 419345, 414181, 395333, 400138, 164824, 164824, 2696668964
195, 1959020, 459449, 378658, 360126, 439257, 160765, 160765, 549920807
197, 1952994, 387623, 437611, 417662, 368854, 170622, 170622, 1130801106
196, 1957385, 383572, 448078, 428464, 364783, 166244, 166244, 1023801117
198, 1959605, 454664, 378393, 359725, 435239, 165792, 165792, 1787286507
199, 1962895, 390942, 443544, 423537, 372568, 166152, 166152, 3911731073
200, 1954139, 417681, 416725, 397743, 398142, 161924, 161924, 3190723337
201, 1950604, 423624, 406674, 386781, 404243, 164641, 164641, 4066140969
202, 1956798, 426206, 401531, 382956, 406243, 169931, 169931, 842406860
203, 1959118, 405772, 424599, 405119, 387352, 168138, 168138, 3213579323
204, 1951434, 417953, 410992, 391591, 398198, 166350, 166350, 861263021
206, 1957898, 397710, 430277, 410708, 378875, 170164, 170164, 3105155708
205, 1958508, 400437, 429824, 410787, 381710, 167875, 167875, 852687647
207, 1951712, 415876, 416022, 396602, 396498, 163357, 163357, 2313575109
208, 1959429, 435361, 399842, 381387, 416481, 163179, 163179, 3504729639
209, 1954552, 431668, 394633, 375793, 411844, 170307, 170307, 224549174
210, 1952340, 415213, 408175, 388564, 395212, 172588, 172588, 3676350523
211, 1952780, 413074, 415460, 396425, 393927, 166947, 166947, 1979224956
212, 1954073, 384168, 437468, 417678, 365617, 174571, 174571, 2463530977
213, 1955522, 424466, 401630, 383031, 404841, 170777, 170777, 311261157
214, 1957183, 417529, 411568, 391928, 398708, 168725, 168725, 1484643708
215, 1955251, 424406, 404307, 385382, 404844, 168156, 168156, 2363709281
216, 1952079, 383244, 451650, 431305, 364838, 160521, 160521, 3015473696
217, 1963396, 408606, 430412, 411002, 389648, 161864, 161864, 2112980332
218, 1955555, 384631, 448817, 428721, 365866, 163760, 163760, 2163473646
221, 1961215, 429460, 407770, 388342, 410031, 162806, 162806, 2001869586
222, 1957206, 415673, 413250, 394234, 396843, 168603, 168603, 1303031439
220, 1950405, 418417, 416729, 397077, 399128, 159527, 159527, 330379948
219, 1953102, 418282, 401647, 382640, 399153, 175690, 175690, 2374368758
223, 1958480, 423031, 405629, 386433, 403473, 169957, 169957, 917670680
225, 1953672, 439117, 396015, 376598, 419436, 161253, 161253, 1462561623
224, 1953105, 456931, 371480, 353468, 436174, 167526, 167526, 2225922636
227, 1953017, 396761, 429538, 409309, 377273, 170068, 170068, 4062598268
228, 1960721, 427678, 407264, 388161, 408300, 164659, 164659, 1996384096
229, 1955273, 434531, 397079, 378262, 414445, 165478, 165478, 1774034816
226, 1958491, 417881, 413578, 394253, 398355, 167212, 167212, 2987236350
230, 1960764, 447370, 388777, 370254, 428393, 162985, 162985, 1335415198
231, 1952567, 414934, 414586, 395249, 395588, 166105, 166105, 314822036
232, 1953320, 416926, 403302, 384238, 397598, 175628, 175628, 1538122636
233, 1958253, 366668, 464373, 444185, 348695, 167166, 167166, 927167425
234, 1956277, 421007, 407256, 388172, 402204, 168819, 168819, 2491441004
236, 1949778, 390022, 432935, 413315, 370880, 171313, 171313, 3965218872
235, 1951819, 443662, 387056, 368066, 424219, 164408, 164408, 1668726470
238, 1959236, 434610, 387445, 368809, 415102, 176635, 176635, 4099759288
237, 1950891, 426462, 401462, 382237, 406462, 167134, 167134, 268306215
239, 1953276, 376693, 454574, 434470, 357853, 164843, 164843, 4027001740
240, 1957093, 381999, 443407, 423734, 363277, 172338, 172338, 80987771
241, 1953409, 379929, 446084, 425675, 361063, 170329, 170329, 3999050948
242, 1957507, 410527, 420288, 400762, 391116, 167407, 167407, 4228275332
244, 1955987, 401888, 431994, 412876, 382445, 163392, 163392, 911474186
243, 1953950, 442587, 382729, 364170, 422436, 171014, 171014, 181881701
245, 1951202, 432360, 397053, 377978, 412257, 165777, 165777, 3818984273
246, 1954962, 399848, 419932, 400870, 381292, 176510, 176510, 2810594967
247, 1953175, 399543, 420633, 401048, 380259, 175846, 175846, 1873493494
248, 1962539, 400747, 426781, 407882, 382511, 172309, 172309, 2560986799
249, 1951974, 381647, 450456, 429632, 363291, 163474, 163474, 1083075395
250, 1955989, 414924, 417481, 398111, 395843, 164815, 164815, 2990287608
251, 1954790, 421170, 408397, 388934, 401925, 167182, 167182, 3364305254
253, 1956656, 405850, 423409, 404522, 386739, 168068, 168068, 1949999938
252, 1953897, 410146, 423936, 403766, 391019, 162515, 162515, 3982273197
256, 1948823, 456792, 372748, 354242, 436723, 164159, 164159, 961107716
254, 1954085, 428994, 401636, 382557, 409292, 165803, 165803, 1663355544
255, 1962255, 435712, 395633, 377229, 416231, 168725, 168725, 909301658
258, 1955600, 408993, 421701, 402573, 389593, 166370, 166370, 1363702857
260, 1945507, 404997, 420572, 399787, 385143, 167504, 167504, 3010646115
259, 1952962, 409464, 421860, 402091, 390371, 164588, 164588, 2819754116
257, 1957831, 388236, 443724, 423978, 369715, 166089, 166089, 1392535739
262, 1952079, 409992, 415661, 396119, 390815, 169746, 169746, 1890014796
261, 1955405, 395291, 429566, 409966, 376182, 172200, 172200, 2321566389
263, 1952643, 414629, 418412, 398903, 395219, 162740, 162740, 3717375162
264, 1951735, 409744, 421111, 401532, 390156, 164596, 164596, 1445755332
265, 1950495, 367870, 457686, 437108, 349481, 169175, 169175, 1686381467
266, 1951541, 402806, 425878, 405924, 383709, 166612, 166612, 3016390186
267, 1961490, 395727, 432771, 413091, 377333, 171284, 171284, 2246042541
269, 1959789, 410584, 426969, 407483, 391983, 161385, 161385, 3836838063
271, 1958171, 427163, 412720, 393427, 407767, 158547, 158547, 4192074257
268, 1954853, 411583, 417835, 398707, 392040, 167344, 167344, 1052587891
272, 1957907, 392094, 436514, 416766, 372729, 169902, 169902, 1087357613
270, 1953694, 379434, 441168, 421111, 360881, 175550, 175550, 2979002444
273, 1950743, 435994, 396642, 377275, 415974, 162429, 162429, 2148364063
274, 1958098, 391210, 446917, 427219, 372322, 160215, 160215, 2746091056
275, 1957385, 450940, 391360, 372344, 430977, 155882, 155882, 3553701721
276, 1948110, 421436, 406243, 387042, 401767, 165811, 165811, 2827848007
277, 1960869, 421193, 411901, 392553, 402032, 166595, 166595, 176447477
278, 1952284, 420532, 409625, 390223, 400940, 165482, 165482, 3431984067
279, 1956826, 420948, 407897, 389217, 401280, 168742, 168742, 77636972
280, 1951367, 405925, 421768, 402603, 386341, 167365, 167365, 883250125
282, 1952726, 400983, 423072, 403265, 381948, 171729, 171729, 3877011569
281, 1950618, 429646, 401402, 382434, 409480, 163828, 163828, 2618743242
283, 1956010, 392249, 437464, 417994, 372875, 167714, 167714, 3064955540
284, 1954567, 402117, 425579, 405576, 383265, 169015, 169015, 1203953099
285, 1953902, 430678, 402919, 383357, 410166, 163391, 163391, 3474680965
286, 1952438, 417242, 414993, 395141, 397760, 163651, 163651, 1209365743
287, 1953644, 419182, 406735, 387207, 399562, 170479, 170479, 1317289360
289, 1959748, 438949, 392120, 373233, 418964, 168241, 168241, 2770419525
288, 1956278, 406495, 413210, 393833, 387404, 177668, 177668, 1183458446
292, 1953103, 390163, 441114, 420240, 371554, 165016, 165016, 1920106856
291, 1953896, 435743, 399385, 380377, 416231, 161080, 161080, 3045227579
294, 1956078, 360003, 470101, 450067, 341885, 167011, 167011, 2440749736
293, 1952130, 419402, 401357, 382232, 399897, 174621, 174621, 3507060968
295, 1953602, 421657, 397339, 377686, 402132, 177394, 177394, 904839019
290, 1960433, 420779, 419696, 400601, 401265, 159046, 159046, 1545082833
296, 1951514, 427443, 402702, 383268, 408219, 164941, 164941, 2646283990
298, 1958837, 408217, 422200, 403568, 389272, 167790, 167790, 3394587169
297, 1958613, 396055, 435696, 416124, 376468, 167135, 167135, 2738643822
299, 1953230, 408711, 423300, 403702, 389203, 164157, 164157, 3289411509
300, 1949232, 407377, 419928, 400487, 388342, 166549, 166549, 1455569562
302, 1953077, 411377, 420312, 400809, 392069, 164255, 164255, 896659507
301, 1956869, 408514, 413907, 395369, 388583, 175248, 175248, 3270140881
303, 1958390, 415959, 413816, 394622, 396891, 168551, 168551, 3150665364
305, 1952915, 401555, 426252, 406555, 382427, 168063, 168063, 2716764657
306, 1948681, 439634, 388207, 368983, 419341, 166258, 166258, 1227353002
304, 1957222, 443481, 386668, 368681, 424140, 167126, 167126, 120558372
308, 1954641, 411128, 414729, 396016, 391802, 170483, 170483, 3996824380
309, 1947377, 416650, 403416, 383947, 396672, 173346, 173346, 1806317892
311, 1958035, 399272, 432951, 413247, 380467, 166049, 166049, 2146139405
307, 1947591, 398857, 424981, 405641, 379210, 169451, 169451, 3672160997
313, 1954039, 392495, 440474, 420149, 373621, 163650, 163650, 1997099064
312, 1952525, 399277, 428954, 408643, 380481, 167585, 167585, 133273021
310, 1950999, 415208, 408350, 388811, 395750, 171440, 171440, 2851863112
314, 1956168, 391262, 436191, 416587, 372788, 169670, 169670, 4272357814
315, 1954561, 410698, 418673, 399441, 391669, 167040, 167040, 373745859
316, 1959116, 447854, 385374, 366711, 428089, 165544, 165544, 1009769733
317, 1954964, 401761, 434184, 414426, 383059, 160767, 160767, 3754691212
318, 1955129, 430370, 392920, 374133, 410638, 173534, 173534, 3903963470
321, 1954036, 411013, 414660, 395374, 391875, 170557, 170557, 4075477894
320, 1950960, 395387, 437657, 417319, 376381, 162108, 162108, 944573704
319, 1959755, 414878, 410344, 391746, 396667, 173060, 173060, 617039128
324, 1956613, 396580, 426615, 407382, 377776, 174130, 174130, 1032480050
322, 1955990, 400101, 434999, 415297, 381295, 162149, 162149, 3083877376
328, 1956607, 432406, 399262, 380397, 412188, 166177, 166177, 1876406489
325, 1955623, 389228, 438756, 419384, 370823, 168716, 168716, 1859000927
326, 1953333, 406912, 422803, 403917, 387613, 166044, 166044, 873582811
327, 1954955, 423332, 412699, 393463, 403897, 160782, 160782, 2322013798
323, 1955995, 432298, 387758, 368780, 412325, 177417, 177417, 2115646840
329, 1954284, 422860, 407360, 387724, 403230, 166555, 166555, 369751115
330, 1955917, 406153, 424715, 405113, 386680, 166628, 166628, 1141948203
331, 1956206, 400011, 431639, 411784, 380884, 165944, 165944, 4066074182
332, 1958652, 448385, 385037, 366402, 428750, 165039, 165039, 933313694
333, 1951170, 426377, 404683, 385124, 406982, 164002, 164002, 1755836565
334, 1961678, 398147, 440202, 420959, 379388, 161491, 161491, 3154182640
335, 1952348, 380506, 446799, 426417, 362206, 168210, 168210, 3803842982
336, 1955666, 387824, 444371, 424893, 369322, 164628, 164628, 3806975619
338, 1954377, 416858, 407391, 387851, 397285, 172496, 172496, 3072284089
337, 1953829, 425011, 401210, 382353, 405877, 169689, 169689, 3570520758
340, 1954710, 424101, 408120, 388710, 404697, 164541, 164541, 3696931652
339, 1956742, 405106, 424211, 404983, 385894, 168274, 168274, 1668208246
342, 1955037, 424200, 404746, 385491, 405088, 167756, 167756, 2139142082
341, 1956183, 443114, 387304, 368643, 423100, 167011, 167011, 2638008173
344, 1955497, 439317, 389458, 370424, 419362, 168468, 168468, 3086264537
343, 1957778, 383896, 446943, 427195, 365642, 167051, 167051, 3466634187
345, 1957411, 404801, 421837, 402537, 385528, 171354, 171354, 2263919904
346, 1958940, 443040, 391433, 372590, 423513, 164182, 164182, 3667783798
347, 1949127, 437075, 392050, 372854, 416130, 165509, 165509, 1880347080
348, 1954686, 422712, 407360, 388640, 402726, 166624, 166624, 3775390502
349, 1955861, 421279, 402344, 383186, 402824, 173114, 173114, 554704777
350, 1958505, 433813, 402337, 383175, 414580, 162300, 162300, 3842672202
351, 1955279, 419872, 408673, 389345, 400143, 168623, 168623, 577286705
352, 1956117, 428380, 397283, 378102, 408340, 172006, 172006, 1851163610
354, 1955385, 427022, 402862, 384002, 407061, 167219, 167219, 98240897
355, 1950357, 436053, 394515, 375727, 415762, 164150, 164150, 115757195
353, 1960530, 434490, 401906, 383151, 415223, 162880, 162880, 4209965261
358, 1950760, 370530, 456709, 436192, 352225, 167552, 167552, 2525987721
357, 1960617, 383413, 450524, 429593, 365621, 165733, 165733, 2145402801
356, 1956041, 442141, 386059, 367476, 421961, 169202, 169202, 2014006837
360, 1957611, 443632, 385566, 366938, 423983, 168746, 168746, 2864526321
359, 1954450, 435713, 389082, 370572, 416271, 171406, 171406, 423819839
361, 1955288, 401609, 428069, 408012, 382756, 167421, 167421, 442755630
363, 1954414, 387043, 435774, 416734, 367629, 173617, 173617, 4064534658
362, 1956410, 398822, 433024, 413564, 379934, 165533, 165533, 2378376977
364, 1958016, 396115, 434513, 415021, 377079, 167644, 167644, 886030789
365, 1961650, 405441, 423506, 404835, 386828, 170520, 170520, 3297165107
367, 1960254, 435282, 394927, 375450, 416173, 169211, 169211, 913900399
366, 1958671, 402163, 432130, 412701, 383243, 164217, 164217, 1337889210
368, 1956286, 402817, 431789, 412685, 384185, 162405, 162405, 4073742583
369, 1953608, 434477, 394323, 375708, 414496, 167302, 167302, 740662250
371, 1960406, 421047, 416932, 397306, 401855, 161633, 161633, 3967617900
372, 1957853, 405462, 426958, 407639, 386712, 165541, 165541, 3602252995
370, 1956093, 429300, 401030, 382058, 409845, 166930, 166930, 3882631040
374, 1955102, 421966, 415177, 395696, 402645, 159809, 159809, 178215086
373, 1954281, 404550, 427079, 407763, 385639, 164625, 164625, 719415819
376, 1952753, 411743, 417155, 397630, 392059, 167083, 167083, 946488492
377, 1955748, 376721, 455300, 435521, 358102, 165052, 165052, 1473430649
378, 1950466, 424765, 406611, 387533, 405435, 163061, 163061, 2925871571
379, 1957837, 411016, 413886, 395589, 392044, 172651, 172651, 611349239
380, 1950796, 402875, 423436, 403722, 383243, 168760, 168760, 2408502030
375, 1954582, 386865, 441009, 421234, 368388, 168543, 168543, 86385416
382, 1950432, 393062, 433482, 413674, 373610, 168302, 168302, 992926355
383, 1955443, 409275, 415810, 396035, 390233, 172045, 172045, 687239222
381, 1958603, 449921, 381164, 363028, 429846, 167322, 167322, 1379749679
384, 1957825, 413075, 419628, 400212, 393660, 165625, 165625, 1732762635
385, 1951148, 411649, 416864, 396956, 392221, 166729, 166729, 4070965444
386, 1962088, 437649, 401906, 383399, 418452, 160341, 160341, 1113841922
389, 1953241, 425080, 406150, 387721, 405100, 164595, 164595, 3365738498
387, 1952221, 428282, 399748, 380528, 408701, 167481, 167481, 3333655251
392, 1948811, 401668, 428948, 409352, 382261, 163291, 163291, 3286962999
388, 1953189, 407073, 416019, 397260, 387991, 172423, 172423, 4236688682
391, 1953573, 400681, 422787, 403225, 381672, 172604, 172604, 3698406257
390, 1951010, 429376, 401327, 381308, 410037, 164481, 164481, 3338237318
393, 1951888, 421413, 409009, 389777, 402121, 164784, 164784, 2851250535
395, 1961023, 427101, 400518, 381905, 407761, 171869, 171869, 786935140
394, 1955511, 398194, 434098, 413842, 378833, 165272, 165272, 4081912331
396, 1955094, 431496, 402005, 382938, 411459, 163598, 163598, 4287236338
397, 1957252, 416177, 410482, 391629, 395998, 171483, 171483, 2686029475
399, 1949593, 423503, 404627, 385038, 404561, 165932, 165932, 3708629604
398, 1960914, 411897, 418707, 399395, 392757, 169079, 169079, 2490912976
400, 1957882, 386089, 442805, 423455, 367025, 169254, 169254, 697435741
401, 1950773, 382279, 449017, 428398, 363315, 163882, 163882, 3901582554
402, 1955686, 416966, 410544, 391364, 397652, 169580, 169580, 1601873577
403, 1951775, 415419, 414062, 394371, 395885, 166019, 166019, 3314466240
404, 1950819, 393671, 431672, 411398, 374902, 169588, 169588, 803652777
406, 1946314, 444052, 386941, 368125, 424022, 161587, 161587, 901077742
405, 1959183, 445531, 388700, 370585, 425427, 164470, 164470, 1656446007
408, 1951751, 437921, 388653, 369510, 418113, 168777, 168777, 2218956837
407, 1956364, 394318, 430555, 410773, 375280, 172719, 172719, 3585134802
410, 1950760, 399772, 428913, 408695, 380386, 166497, 166497, 4258526041
409, 1956267, 454212, 372474, 354332, 433489, 170880, 170880, 4084318320
411, 1954213, 415202, 411091, 391799, 396121, 170000, 170000, 2674416198
412, 1957352, 398373, 435580, 415793, 379846, 163880, 163880, 4020312889
413, 1954241, 417058, 408328, 389265, 397622, 170984, 170984, 2322118326
414, 1952179, 411550, 406940, 387663, 392494, 176766, 176766, 37687102
415, 1957574, 445968, 383012, 365019, 426327, 168624, 168624, 1967191220
416, 1953595, 428784, 395685, 376882, 409242, 171501, 171501, 2109591603
417, 1955387, 401023, 423655, 404655, 382138, 171958, 171958, 3351580364
418, 1954983, 414775, 409487, 390917, 395208, 172298, 172298, 1507430746
419, 1957460, 395110, 436265, 417471, 376688, 165963, 165963, 110933705
420, 1959855, 372247, 460484, 440211, 353855, 166529, 166529, 3560924006
423, 1955433, 416316, 416336, 396535, 397244, 164501, 164501, 2256617963
422, 1955514, 406727, 426716, 407431, 387386, 163627, 163627, 305892779
421, 1959401, 387316, 431052, 411639, 368580, 180407, 180407, 2896130825
427, 1951009, 407471, 418702, 398334, 387766, 169368, 169368, 3669774714
426, 1955575, 450693, 381304, 362342, 430320, 165458, 165458, 42380214
425, 1957863, 421611, 410640, 392224, 402200, 165594, 165594, 3520466744
424, 1956432, 453671, 379824, 360934, 433697, 164153, 164153, 3559480878
428, 1957333, 402196, 427124, 407270, 383165, 168789, 168789, 1670976809
429, 1953941, 397385, 430305, 410980, 378675, 168298, 168298, 1068747409
430, 1957256, 453652, 380032, 361300, 434014, 164129, 164129, 874621889
431, 1958727, 418583, 412678, 392762, 399842, 167431, 167431, 982761805
432, 1948496, 420902, 403507, 383438, 401291, 169679, 169679, 2178760991
435, 1956649, 389416, 437903, 418534, 370210, 170293, 170293, 2937120776
433, 1953192, 417656, 404985, 386113, 398264, 173087, 173087, 3740610717
437, 1954855, 401312, 431614, 412174, 382163, 163796, 163796, 920388117
434, 1952316, 419235, 411671, 391873, 399141, 165198, 165198, 1720173546
436, 1957757, 418244, 413024, 393863, 399154, 166736, 166736, 3333796647
440, 1956162, 384926, 447581, 427759, 366576, 164660, 164660, 1321886554
438, 1950468, 399150, 426198, 406665, 379877, 169289, 169289, 898771185
442, 1957128, 382322, 447071, 427109, 363716, 168455, 168455, 716307334
439, 1952453, 412878, 414269, 395005, 393135, 168583, 168583, 1740336037
444, 1950688, 435234, 390592, 371862, 414916, 169042, 169042, 3023161172
441, 1957169, 429671, 404924, 386032, 410300, 163121, 163121, 1532404874
443, 1950398, 416184, 412823, 393399, 396646, 165673, 165673, 2697357428
445, 1947493, 381381, 445242, 424936, 363214, 166360, 166360, 4268049002
446, 1963231, 422702, 415941, 397519, 404031, 161519, 161519, 2862257543
448, 1953314, 426393, 399787, 380637, 406939, 169779, 169779, 1092210001
447, 1954121, 444973, 384633, 366030, 425003, 166741, 166741, 516731158
449, 1956694, 442856, 385020, 366285, 423025, 169754, 169754, 3678199152
451, 1950625, 411418, 419739, 400360, 392272, 163418, 163418, 1785339674
450, 1956845, 409001, 418212, 398627, 389991, 170507, 170507, 1603206384
452, 1954434, 437519, 392852, 374189, 418086, 165894, 165894, 1554766210
453, 1951764, 420867, 405575, 386222, 401280, 168910, 168910, 644695609
456, 1957500, 417620, 410188, 390955, 398839, 169949, 169949, 1897579990
454, 1954991, 403965, 423950, 404418, 385098, 168780, 168780, 3840398001
455, 1956259, 407791, 424390, 404701, 387871, 165753, 165753, 1418800226
458, 1959028, 449149, 386016, 367714, 429725, 163212, 163212, 1823816797
457, 1956159, 399989, 426512, 407313, 380837, 170754, 170754, 2175644203
459, 1950262, 420438, 407749, 387934, 400993, 166574, 166574, 4162085437
461, 1952525, 418827, 414508, 395012, 399318, 162430, 162430, 2732465093
460, 1955046, 429488, 402538, 384078, 410254, 164344, 164344, 743302905
463, 1956454, 426548, 403249, 384420, 406653, 167792, 167792, 3719694345
462, 1958695, 422053, 397023, 378295, 402646, 179339, 179339, 3417073933
464, 1953447, 390107, 442595, 422615, 370892, 163619, 163619, 177599669
465, 1957301, 396830, 435715, 415884, 378006, 165433, 165433, 382723078
467, 1954949, 403307, 427808, 408130, 384214, 165745, 165745, 1075855471
468, 1958064, 381706, 448073, 428373, 363194, 168359, 168359, 608626220
466, 1954817, 420326, 411640, 391800, 400433, 165309, 165309, 3748813377
469, 1955182, 415789, 410755, 391942, 396906, 169895, 169895, 2415100742
470, 1952579, 413064, 421667, 401993, 393473, 161191, 161191, 3758698540
472, 1953755, 429186, 399598, 379966, 409069, 167968, 167968, 1699528964
473, 1958292, 441627, 390588, 371862, 421647, 166284, 166284, 3400871052
474, 1951360, 406634, 424065, 403998, 387619, 164522, 164522, 929487955
471, 1955885, 394426, 430157, 410878, 375500, 172462, 172462, 319198216
475, 1957630, 421903, 408045, 388743, 402807, 168066, 168066, 1347077399
477, 1956105, 418662, 405536, 386627, 399216, 173032, 173032, 2555147863
476, 1953813, 416718, 413515, 393794, 397474, 166156, 166156, 340161921
478, 1955404, 436256, 392388, 373620, 416430, 168355, 168355, 3770814546
479, 1951794, 399461, 432326, 412509, 380570, 163464, 163464, 2670478967
480, 1959169, 431994, 401691, 382580, 412750, 165077, 165077, 1287301083
481, 1956401, 412279, 418053, 398538, 392807, 167362, 167362, 1021840943
482, 1953080, 402450, 426721, 407152, 383529, 166614, 166614, 718411499
485, 1957253, 372447, 468273, 448373, 354582, 156789, 156789, 2050381768
484, 1962037, 424524, 416042, 396919, 405538, 159507, 159507, 948189744
483, 1960328, 447774, 383142, 364540, 427792, 168540, 168540, 4053119402
486, 1957255, 444305, 385957, 367472, 424111, 167705, 167705, 2200132883
487, 1952170, 420406, 406427, 387556, 400969, 168406, 168406, 979444712
489, 1956621, 419499, 413507, 393899, 400602, 164557, 164557, 1570371866
488, 1962460, 428384, 409239, 390082, 409645, 162555, 162555, 1332139626
491, 1950735, 415185, 410510, 390997, 395831, 169106, 169106, 569684088
490, 1949159, 411532, 410118, 390328, 392475, 172353, 172353, 2993419756
492, 1951051, 456748, 369948, 350726, 436153, 168738, 168738, 1932387564
493, 1955184, 379313, 455825, 435728, 360740, 161789, 161789, 2773648982
494, 1946820, 444497, 384227, 365184, 424138, 164387, 164387, 3738464251
495, 1948265, 410554, 416445, 396387, 390319, 167280, 167280, 2559978347
496, 1959609, 421523, 411754, 392880, 401952, 165750, 165750, 583501222
497, 1952074, 416095, 415604, 396294, 396647, 163717, 163717, 1849937780
498, 1956220, 415423, 411107, 392043, 396191, 170728, 170728, 3187243972
499, 1955187, 388072, 442968, 422708, 368873, 166283, 166283, 3258469302
501, 1951667, 413261, 418330, 399044, 393602, 163715, 163715, 1487053086
500, 1962960, 415262, 412685, 393407, 396258, 172674, 172674, 999484317
502, 1950457, 410442, 411426, 392649, 390950, 172495, 172495, 3237318717
503, 1954119, 387382, 444465, 424844, 368894, 164267, 164267, 3512680759
506, 1948736, 445938, 383486, 364170, 425580, 164781, 164781, 1559863633
504, 1956294, 375589, 452938, 433531, 356726, 168755, 168755, 4151794730
505, 1954290, 423193, 407280, 388074, 403759, 165992, 165992, 3491804118
507, 1952914, 432047, 393782, 374851, 412552, 169841, 169841, 3485079765
508, 1959270, 405555, 422600, 403154, 386649, 170656, 170656, 2564942015
510, 1952964, 424788, 399306, 380611, 405273, 171493, 171493, 1622146214
511, 1957927, 419805, 416483, 397161, 399518, 162480, 162480, 2619114097
509, 1954057, 390268, 432555, 412865, 371805, 173282, 173282, 2107340657
512, 1957675, 428000, 406633, 387320, 408652, 163535, 163535, 3296293296
513, 1954266, 400240, 427450, 408145, 381251, 168590, 168590, 1229781370
514, 1949956, 410961, 415132, 395863, 392112, 167944, 167944, 3365391830
515, 1960668, 443103, 388989, 370609, 423065, 167451, 167451, 3306273816
516, 1953137, 438631, 394946, 375954, 418928, 162339, 162339, 2767162356
517, 1955316, 396557, 435936, 416597, 377284, 164471, 164471, 207418896
519, 1956088, 402466, 419110, 400333, 383895, 175142, 175142, 1575010266
518, 1953740, 411865, 416440, 396287, 392676, 168236, 168236, 2333162572
520, 1958944, 395870, 443159, 423449, 376770, 159848, 159848, 1856868071
522, 1950844, 406664, 425746, 405558, 387354, 162761, 162761, 4222261765
521, 1958706, 450889, 388218, 369548, 431677, 159187, 159187, 511602199
523, 1953211, 437521, 388274, 369194, 417004, 170609, 170609, 849794712
526, 1950118, 432069, 400866, 381846, 412245, 161546, 161546, 3426839055
524, 1953034, 411420, 406724, 387242, 392124, 177762, 177762, 4077843407
525, 1950782, 423503, 404319, 384956, 404134, 166935, 166935, 4101039443
527, 1956441, 406572, 428023, 408429, 386951, 163233, 163233, 2534442838
528, 1950682, 408561, 412541, 393752, 388730, 173549, 173549, 2536365865
529, 1956394, 426691, 400400, 381561, 407150, 170296, 170296, 3395027765
531, 1955447, 425968, 402281, 383252, 406592, 168677, 168677, 2686047238
530, 1956561, 405491, 422476, 403112, 386314, 169584, 169584, 719597916
533, 1949076, 373003, 458037, 436912, 354050, 163537, 163537, 3649333074
532, 1957433, 406252, 426071, 406724, 386796, 165795, 165795, 2997826349
535, 1961872, 418380, 419103, 399865, 399544, 162490, 162490, 968801389
534, 1957121, 453547, 379013, 360590, 433033, 165469, 165469, 2449183701
536, 1951263, 389417, 434994, 414891, 370529, 170716, 170716, 2963724963
537, 1956807, 429496, 402557, 383510, 409808, 165718, 165718, 2838706036
538, 1956756, 427847, 398531, 379573, 408113, 171346, 171346, 1012597712
539, 1953473, 407098, 416807, 397337, 388121, 172055, 172055, 3970598313
540, 1957249, 421806, 400361, 381447, 402447, 175594, 175594, 1743714229
541, 1955759, 414703, 411223, 392651, 395326, 170928, 170928, 4011765423
542, 1948912, 409602, 415786, 396193, 390215, 168558, 168558, 4133159115
543, 1954562, 462439, 362136, 344550, 441877, 171780, 171780, 1859677518
544, 1955725, 411760, 418680, 399409, 392634, 166621, 166621, 1454714740
545, 1963596, 424603, 407957, 389136, 405546, 168177, 168177, 3034691097
546, 1962868, 421719, 413919, 394907, 402675, 164824, 164824, 4091710747
547, 1952119, 392377, 431150, 411531, 373359, 171851, 171851, 2208800755
549, 1959969, 416941, 413760, 394735, 397645, 168444, 168444, 3791776812
548, 1961612, 399908, 434109, 414510, 381189, 165948, 165948, 1599627327
550, 1952021, 390722, 439291, 419269, 371301, 165719, 165719, 3378289654
551, 1946847, 401626, 427674, 407739, 382310, 163749, 163749, 1027861992
552, 1951994, 410606, 422621, 403560, 391229, 161989, 161989, 3951687619
553, 1953010, 398583, 426948, 407001, 379944, 170267, 170267, 2576031576
555, 1955833, 390222, 437794, 418272, 371271, 169137, 169137, 3327074346
554, 1953250, 415922, 403003, 383788, 397029, 176754, 176754, 4021311308
556, 1956418, 407132, 421588, 402844, 387858, 168498, 168498, 2113698884
557, 1960135, 408876, 425502, 406341, 389934, 164741, 164741, 2920007580
558, 1959512, 417157, 407927, 388511, 398085, 173916, 173916, 2734709678
561, 1950706, 425233, 404015, 384932, 405372, 165577, 165577, 1501917211
560, 1952264, 402136, 424662, 405618, 382882, 168483, 168483, 4192714512
559, 1952829, 406260, 422604, 403168, 386571, 167113, 167113, 1887611439
562, 1959439, 417478, 406753, 387917, 398943, 174174, 174174, 2684118009
563, 1952858, 420058, 412931, 393507, 400016, 163173, 163173, 2763946964
566, 1956100, 372573, 457121, 436676, 354120, 167805, 167805, 209355999
564, 1958651, 445739, 381988, 363984, 426360, 170290, 170290, 100828882
565, 1955479, 384883, 439618, 419632, 366378, 172484, 172484, 927602540
567, 1953494, 405785, 421893, 402075, 386577, 168582, 168582, 1383053221
569, 1956486, 421769, 409079, 390127, 402411, 166550, 166550, 2073650343
568, 1955574, 429374, 404552, 385217, 410253, 163089, 163089, 233224736
570, 1957690, 430333, 406286, 386840, 411557, 161337, 161337, 2423447335
574, 1954311, 401244, 425600, 405526, 381529, 170206, 170206, 1923169864
571, 1957577, 412902, 421083, 401507, 393729, 164178, 164178, 2008331008
572, 1954380, 423613, 398573, 379846, 404260, 174044, 174044, 3612690252
573, 1959779, 449891, 386366, 367983, 430057, 162741, 162741, 2042316831
575, 1955630, 446538, 386433, 367740, 427733, 163593, 163593, 3121091221
576, 1956572, 414372, 414237, 395488, 394567, 168954, 168954, 3225838020
577, 1953998, 416089, 410228, 391367, 396976, 169669, 169669, 3383611265
578, 1955445, 429067, 401811, 382874, 409843, 165925, 165925, 3970234246
579, 1957926, 429366, 399657, 380426, 409991, 169243, 169243, 640596285
582, 1946500, 422371, 404085, 385336, 402546, 166081, 166081, 3880278068
580, 1959828, 423930, 404017, 384724, 404583, 171287, 171287, 3564828555
581, 1953632, 436487, 389897, 370601, 417185, 169731, 169731, 2803702626
583, 1950263, 409825, 417477, 398280, 390363, 167159, 167159, 2928115450
584, 1959248, 405841, 423887, 404499, 387495, 168763, 168763, 3697574778
586, 1957524, 403573, 429167, 409310, 383928, 165773, 165773, 84351656
587, 1952064, 419134, 408609, 388912, 399045, 168182, 168182, 887026540
585, 1956425, 424602, 399734, 380450, 405491, 173074, 173074, 3375506992
590, 1953530, 364992, 469149, 449042, 346473, 161937, 161937, 682209789
589, 1956664, 449869, 385957, 367186, 429794, 161929, 161929, 1598522028
591, 1955896, 426897, 405693, 386651, 407007, 164824, 164824, 1887817318
588, 1956222, 408366, 423464, 403997, 389437, 165479, 165479, 3094081534
592, 1950423, 435816, 395625, 376595, 415743, 163322, 163322, 541053499
594, 1952972, 393376, 439643, 419044, 374435, 163237, 163237, 415090561
593, 1956604, 435319, 397122, 378736, 415661, 164883, 164883, 3448515272
595, 1956505, 391233, 437564, 418134, 372460, 168557, 168557, 857751681
596, 1951915, 405993, 417529, 397297, 386908, 172094, 172094, 2534890846
598, 1946668, 391873, 433305, 413210, 372450, 167915, 167915, 1035512077
597, 1956494, 433020, 397670, 378328, 413518, 166979, 166979, 1068593184
599, 1956948, 409320, 431081, 411034, 390167, 157673, 157673, 3419610073
600, 1956004, 392229, 440672, 420751, 373304, 164524, 164524, 3895967857
601, 1954131, 403770, 425934, 406191, 384212, 167012, 167012, 2885431754
602, 1964125, 430006, 399965, 381165, 411417, 170786, 170786, 2410255028
603, 1956594, 435547, 399949, 380811, 416387, 161950, 161950, 4136327540
604, 1958427, 426114, 404130, 385275, 406304, 168302, 168302, 868426716
607, 1955919, 438182, 392447, 373712, 418380, 166599, 166599, 3117576353
606, 1955249, 386957, 444246, 424326, 368172, 165774, 165774, 1048898181
608, 1958254, 429683, 402559, 383564, 410102, 166173, 166173, 2380671275
605, 1960019, 413886, 412308, 392841, 395426, 172779, 172779, 2699665646
609, 1957106, 426147, 405134, 385543, 407050, 166616, 166616, 3120189407
610, 1955627, 396146, 435981, 416537, 377121, 164921, 164921, 840697916
611, 1959788, 374232, 458671, 438860, 355813, 166106, 166106, 2707519693
612, 1947555, 438588, 384457, 365971, 417731, 170404, 170404, 3633288882
613, 1959868, 435486, 391817, 373239, 415834, 171746, 171746, 1655240070
615, 1957593, 391897, 438440, 418828, 373920, 167254, 167254, 2120267120
614, 1953912, 413843, 413572, 394264, 394729, 168752, 168752, 4218738804
616, 1952038, 376328, 450288, 430629, 357631, 168581, 168581, 1134712340
617, 1957595, 403404, 425896, 405938, 384403, 168977, 168977, 542931402
618, 1957642, 408924, 422778, 403249, 389609, 166541, 166541, 1933556566
619, 1956432, 413458, 417586, 398498, 394670, 166110, 166110, 3270197921
620, 1957851, 426456, 402863, 384854, 407866, 167906, 167906, 134628515
621, 1956664, 394274, 440902, 421074, 375510, 162452, 162452, 1983994393
623, 1953679, 429854, 405010, 385601, 410482, 161366, 161366, 2756053221
622, 1955929, 412595, 413624, 394516, 393344, 170925, 170925, 3397830644
624, 1951883, 400428, 429636, 410096, 381223, 165250, 165250, 2174606421
626, 1959922, 413999, 416070, 396336, 395249, 169134, 169134, 2967379374
627, 1953223, 402948, 425184, 405465, 384146, 167740, 167740, 2539047358
628, 1955808, 439430, 392220, 373581, 419369, 165604, 165604, 502571902
625, 1955858, 422019, 407113, 387174, 402518, 168517, 168517, 622530638
630, 1962166, 416934, 424589, 405018, 397943, 158841, 158841, 2547301242
631, 1958128, 431578, 402697, 384363, 412060, 163715, 163715, 966035362
629, 1954609, 435790, 385359, 367017, 415991, 175226, 175226, 1618192551
632, 1958340, 408355, 418340, 398746, 389631, 171634, 171634, 1465955587
633, 1954359, 434680, 396737, 377513, 414605, 165412, 165412, 3590226512
636, 1958135, 411596, 414223, 395804, 392564, 171974, 171974, 153861851
635, 1957391, 412297, 417247, 397359, 393256, 168616, 168616, 618997598
634, 1960115, 423306, 414244, 394959, 404326, 161640, 161640, 972636706
637, 1948720, 383738, 443754, 423698, 364556, 166487, 166487, 3656788486
639, 1947967, 388159, 443332, 423207, 369211, 162029, 162029, 1685951287
638, 1961257, 410908, 427102, 408295, 392100, 161426, 161426, 2671971005
640, 1958143, 439477, 392603, 374047, 419342, 166337, 166337, 3467261418
642, 1954121, 421174, 412031, 392699, 401811, 163203, 163203, 2642353405
641, 1957293, 403302, 428220, 408983, 384688, 166050, 166050, 4181605281
643, 1959295, 421526, 411301, 392498, 402360, 165805, 165805, 1253170345
644, 1960706, 409463, 420938, 402117, 390186, 169001, 169001, 1684764149
645, 1955708, 402984, 429021, 409161, 384008, 165267, 165267, 3940171967
646, 1956756, 425606, 404687, 385540, 406357, 167283, 167283, 2358527571
647, 1954022, 437393, 394834, 375918, 417233, 164322, 164322, 999640630
648, 1958228, 400080, 427782, 408235, 381425, 170353, 170353, 1272705594
649, 1951696, 422401, 401094, 382044, 402797, 171680, 171680, 2033204581
652, 1950055, 415691, 412849, 393198, 395989, 166164, 166164, 1527727747
650, 1954628, 390746, 430000, 410651, 371927, 175652, 175652, 1866443295
651, 1946562, 399533, 416519, 396135, 380501, 176937, 176937, 4185936983
653, 1952599, 419098, 408246, 388649, 399372, 168617, 168617, 118716745
654, 1954555, 434988, 391015, 372543, 415823, 170093, 170093, 1737470649
655, 1954498, 417176, 407894, 388705, 398055, 171334, 171334, 1853561773
656, 1955657, 396958, 430638, 410673, 377720, 169834, 169834, 1641487801
659, 1954979, 413453, 411543, 392079, 394150, 171877, 171877, 2283260719
657, 1954861, 405999, 417086, 397361, 386853, 173781, 173781, 129390417
658, 1956259, 424610, 403090, 384206, 405305, 169524, 169524, 3190771763
660, 1953876, 415901, 415800, 395941, 396682, 164776, 164776, 1081868372
662, 1949645, 415099, 411636, 392024, 395654, 167616, 167616, 1265762764
661, 1953506, 427712, 403831, 384292, 407891, 164890, 164890, 3597572894
663, 1957238, 390792, 438517, 418864, 371993, 168536, 168536, 1614603792
664, 1955281, 427957, 398558, 379623, 408739, 170202, 170202, 1469302020
665, 1955606, 391685, 434499, 414657, 372959, 170903, 170903, 1685418337
668, 1955348, 375250, 450061, 430280, 357339, 171209, 171209, 1794183775
669, 1954087, 416449, 415385, 396047, 396786, 164710, 164710, 3463088225
666, 1959922, 440874, 393631, 374690, 421271, 164728, 164728, 1222448459
667, 1957009, 405281, 424951, 405254, 386257, 167633, 167633, 3364009044
670, 1951586, 424362, 405515, 386687, 404550, 165236, 165236, 1345998041
671, 1948135, 402572, 419444, 399906, 383915, 171149, 171149, 252582027
672, 1954093, 395637, 434646, 414764, 376896, 166075, 166075, 680752283
675, 1952624, 430877, 388686, 369729, 411376, 175978, 175978, 3303688949
673, 1954952, 388543, 438428, 419088, 369709, 169592, 169592, 3079463139
674, 1954456, 450128, 381987, 363055, 430686, 164300, 164300, 4200752367
677, 1960388, 414760, 424096, 405488, 395490, 160277, 160277, 2701584151
676, 1952778, 419388, 411394, 392041, 400149, 164903, 164903, 3597878823
679, 1949061, 396331, 434425, 414644, 376891, 163385, 163385, 193122129
678, 1956114, 452597, 380726, 361960, 432475, 164178, 164178, 1350487759
680, 1947226, 432886, 392336, 372778, 412612, 168307, 168307, 1933060673
681, 1959190, 407701, 419411, 399830, 388198, 172025, 172025, 3242196856
682, 1952732, 408517, 417563, 397945, 388451, 170128, 170128, 588273479
685, 1953680, 419214, 415133, 395916, 399439, 161989, 161989, 4272686168
684, 1954958, 414222, 409468, 390410, 395044, 172907, 172907, 261273678
683, 1952342, 422695, 404505, 385386, 402778, 168489, 168489, 2707701083
686, 1951239, 396211, 434143, 414258, 377043, 164792, 164792, 1168284015
688, 1958922, 405518, 428084, 408708, 387148, 164732, 164732, 1728455810
690, 1954864, 426696, 399130, 379521, 407039, 171239, 171239, 3891343952
687, 1950335, 408309, 420909, 401550, 389193, 165187, 165187, 3588563343
689, 1961411, 431277, 404049, 385003, 412216, 164433, 164433, 3964185067
691, 1956259, 383323, 439672, 420391, 364521, 174176, 174176, 1594905080
692, 1957063, 436353, 391181, 372469, 416122, 170469, 170469, 342950844
693, 1948062, 415678, 401369, 381963, 396498, 176277, 176277, 3973218913
694, 1957801, 431134, 407552, 387926, 411831, 159679, 159679, 1659358611
695, 1951251, 412610, 411459, 392266, 392856, 171030, 171030, 1186332735
697, 1960642, 398324, 431390, 412386, 379272, 169635, 169635, 2272315678
696, 1954350, 443424, 387891, 369043, 423620, 165186, 165186, 3357788335
698, 1957691, 445634, 387512, 368485, 426180, 164940, 164940, 3063350673
699, 1953514, 441308, 393023, 374232, 421231, 161860, 161860, 1695927023
701, 1959040, 428536, 405128, 386652, 408908, 164908, 164908, 2192001651
700, 1955085, 434230, 396515, 377341, 415041, 165979, 165979, 3496690944
702, 1953133, 394003, 436820, 417113, 374603, 165297, 165297, 213495260
703, 1949641, 410104, 419856, 400283, 390870, 164264, 164264, 2615982262
705, 1956512, 409624, 422491, 402731, 390520, 165573, 165573, 610407762
704, 1953930, 438809, 391768, 372850, 418925, 165789, 165789, 579417437
708, 1952551, 409726, 415465, 395762, 390796, 170401, 170401, 2158904681
706, 1958536, 410317, 408456, 389143, 390968, 179826, 179826, 536408781
710, 1955908, 413621, 418202, 398893, 394176, 165508, 165508, 3009209518
707, 1951829, 426764, 399494, 380373, 406686, 169256, 169256, 1735110315
709, 1953088, 410860, 420397, 401377, 392090, 164182, 164182, 28950247
711, 1954837, 430325, 392232, 373144, 410642, 174247, 174247, 264284032
712, 1948292, 398985, 422913, 402710, 380040, 171822, 171822, 3718773525
714, 1955072, 421150, 407261, 388502, 401755, 168202, 168202, 885343819
713, 1954664, 408848, 414671, 395454, 389589, 173051, 173051, 3207198512
715, 1953907, 446568, 378063, 359328, 426508, 171720, 171720, 3761495206
717, 1959144, 410093, 421269, 401532, 390910, 167670, 167670, 1549697277
718, 1954893, 427791, 408704, 389379, 408415, 160302, 160302, 1629910168
716, 1957655, 418139, 414071, 394860, 398873, 165856, 165856, 2079047605
719, 1952700, 401589, 425924, 407102, 382147, 167969, 167969, 1020412050
720, 1953750, 429358, 399603, 380666, 410187, 166968, 166968, 3396984229
721, 1957460, 414554, 420802, 401701, 395177, 162613, 162613, 2929379486
722, 1960407, 451608, 388297, 369189, 431601, 159856, 159856, 2849278379
726, 1955754, 415378, 416751, 397586, 395367, 165336, 165336, 3257557281
727, 1956036, 391061, 428284, 408299, 372338, 178027, 178027, 3064220607
725, 1951298, 416824, 413016, 393829, 397187, 165221, 165221, 1044147590
728, 1958166, 393821, 438796, 418975, 374750, 165912, 165912, 3069703600
729, 1953929, 393857, 437192, 416901, 375067, 165456, 165456, 1414165608
724, 1956781, 442876, 385581, 366497, 423391, 169218, 169218, 213125942
723, 1952198, 419007, 416668, 397476, 399957, 159545, 159545, 1168714553
730, 1951024, 423012, 397195, 378212, 403225, 174690, 174690, 2370635773
731, 1951214, 431810, 400989, 381206, 412231, 162489, 162489, 3577483073
732, 1956913, 403121, 426024, 407006, 384070, 168346, 168346, 3620321310
733, 1953828, 426233, 405271, 386489, 407053, 164391, 164391, 3824389687
735, 1955860, 415290, 414386, 395280, 395810, 167547, 167547, 1004517674
734, 1954506, 445869, 384809, 366429, 425715, 165842, 165842, 3617626246
738, 1954026, 428118, 404882, 385535, 408677, 163407, 163407, 2915336897
736, 1954191, 395387, 441133, 421352, 376283, 160018, 160018, 3895666241
737, 1952049, 435026, 393158, 373945, 415584, 167168, 167168, 3250227421
741, 1952628, 422467, 408790, 389627, 403122, 164311, 164311, 2288507071
739, 1955540, 414756, 413552, 394006, 395142, 169042, 169042, 3635207383
742, 1959429, 410941, 423106, 403969, 391487, 164963, 164963, 3189232488
740, 1952848, 413113, 410633, 391042, 393892, 172084, 172084, 1122350705
744, 1955633, 397534, 437998, 418018, 378929, 161577, 161577, 4094653331
743, 1954072, 424037, 404581, 385317, 405027, 167555, 167555, 15565475
745, 1950458, 407075, 419628, 400399, 387622, 167867, 167867, 3219984607
746, 1956761, 408633, 420822, 401127, 389695, 168242, 168242, 624636195
747, 1951584, 402706, 420729, 401559, 383942, 171324, 171324, 2216575162
749, 1956451, 422150, 407820, 388549, 402544, 167694, 167694, 2958982557
748, 1952837, 421635, 404751, 385230, 402623, 169299, 169299, 2194740256
750, 1960926, 448479, 391143, 372845, 428641, 159909, 159909, 3500855783
751, 1954637, 379024, 445843, 426165, 360301, 171652, 171652, 2678708600
752, 1959425, 399457, 424928, 405244, 380908, 174444, 174444, 1356917910
754, 1955371, 403493, 423889, 404692, 383901, 169698, 169698, 536450381
753, 1950620, 401837, 431846, 411714, 382675, 161274, 161274, 4254192268
755, 1951940, 400616, 430941, 411255, 381048, 164040, 164040, 1988565640
757, 1952260, 385192, 436269, 415694, 366395, 174355, 174355, 605354928
756, 1963928, 412007, 417266, 398349, 393464, 171421, 171421, 3298679283
761, 1946004, 425400, 397617, 377579, 405452, 169978, 169978, 2622003504
759, 1950898, 446881, 381169, 362475, 427017, 166678, 166678, 1656719808
758, 1952363, 457008, 374929, 355875, 436549, 164001, 164001, 1447037981
762, 1959909, 403391, 430794, 411111, 384801, 164906, 164906, 2344772562
760, 1957199, 388122, 428893, 409121, 369197, 180933, 180933, 829735601
763, 1955522, 411787, 420752, 401335, 392670, 164489, 164489, 3741683522
764, 1955309, 418821, 412408, 393773, 399401, 165453, 165453, 2110672938
765, 1955273, 414877, 417726, 398677, 395227, 164383, 164383, 2344921082
767, 1958287, 428522, 399942, 380995, 409034, 169897, 169897, 4237419080
766, 1956505, 424449, 406188, 387905, 404673, 166645, 166645, 2707599141
769, 1952654, 417516, 405865, 386721, 397538, 172507, 172507, 4034461835
768, 1958317, 411249, 419498, 400238, 392458, 167437, 167437, 870451705
770, 1949603, 429182, 397839, 378894, 409192, 167248, 167248, 1028064730
773, 1951597, 413672, 413611, 394180, 394552, 167791, 167791, 2674764172
772, 1954197, 380048, 449573, 429349, 361305, 166961, 166961, 505594864
775, 1955927, 402622, 427792, 408573, 383240, 166850, 166850, 3809832399
771, 1946120, 420142, 403265, 384217, 399818, 169339, 169339, 2338435965
774, 1958227, 404725, 426896, 407742, 385808, 166528, 166528, 1944434759
777, 1955765, 414437, 414023, 394702, 394685, 168959, 168959, 935999436
776, 1952003, 398816, 426476, 406770, 379817, 170062, 170062, 1148394475
778, 1959256, 380317, 445995, 426155, 361139, 172825, 172825, 2549649938
779, 1957673, 434458, 393802, 375709, 415058, 169323, 169323, 435040918
781, 1958207, 419422, 414274, 395356, 400223, 164466, 164466, 3044463436
780, 1956862, 417368, 412807, 393901, 397582, 167602, 167602, 2868247129
782, 1952441, 408845, 417984, 398393, 389061, 169079, 169079, 602786888
783, 1952632, 387140, 433036, 414001, 368647, 174904, 174904, 1901066132
785, 1950610, 423940, 397100, 378330, 404686, 173277, 173277, 2753272318
784, 1953660, 396916, 429671, 409990, 377961, 169561, 169561, 2540547154
789, 1959844, 442494, 389486, 370982, 423186, 166848, 166848, 2101704719
787, 1958166, 429558, 399621, 380377, 410114, 169248, 169248, 1953023220
786, 1951093, 441647, 385102, 366156, 422502, 167843, 167843, 1975886992
790, 1953978, 404048, 427173, 407232, 385059, 165233, 165233, 2932524827
793, 1950898, 434168, 397472, 378010, 414594, 163327, 163327, 2028659963
788, 1961189, 421753, 414759, 396087, 402512, 163039, 163039, 4277421275
791, 1953876, 423329, 401642, 382521, 403836, 171274, 171274, 536132792
792, 1962801, 387131, 451200, 430645, 368679, 162573, 162573, 3744704186
795, 1957123, 418350, 416684, 397215, 399506, 162684, 162684, 3591798682
794, 1955496, 431067, 401273, 382756, 411200, 164600, 164600, 3003328701
797, 1952118, 425463, 406322, 386765, 405358, 164105, 164105, 2278003438
796, 1963486, 458820, 376172, 358109, 438777, 165804, 165804, 1790926654
798, 1956083, 423595, 413086, 393607, 404753, 160521, 160521, 3599023107
799, 1953130, 433762, 383461, 364814, 414525, 178284, 178284, 1957094781
800, 1953637, 400921, 428333, 408805, 381500, 167039, 167039, 1617476757
801, 1949107, 429194, 393825, 374965, 408969, 171077, 171077, 3160926586
802, 1955148, 381357, 449605, 429420, 363318, 165724, 165724, 4077095094
803, 1954692, 441246, 385481, 366664, 421111, 170095, 170095, 1857525870
805, 1949899, 380983, 443953, 423576, 362157, 169615, 169615, 769186533
804, 1957778, 400779, 423789, 404675, 381991, 173272, 173272, 2426901832
806, 1955179, 387911, 440950, 420506, 369358, 168227, 168227, 931032643
810, 1958456, 413400, 415246, 396369, 394541, 169450, 169450, 1531823697
808, 1957715, 416632, 419500, 400035, 397268, 162140, 162140, 1684569391
809, 1959894, 388628, 438801, 419242, 369799, 171712, 171712, 2235705320
807, 1955883, 440305, 390548, 371122, 420908, 166500, 166500, 1862429142
812, 1953139, 410981, 420411, 400605, 391320, 164911, 164911, 3091415615
811, 1952124, 434398, 394062, 375560, 414216, 166944, 166944, 27070483
813, 1958877, 416196, 412027, 392516, 396556, 170791, 170791, 2041801186
814, 1949751, 433191, 390147, 371334, 413385, 170847, 170847, 1861970052
816, 1955612, 403824, 429317, 409207, 384254, 164505, 164505, 4076613368
815, 1958091, 389667, 437627, 418046, 370907, 170922, 170922, 1570998190
817, 1960417, 434159, 400161, 382163, 414492, 164721, 164721, 3429489608
818, 1954352, 408249, 419699, 400321, 389135, 168474, 168474, 1198831802
820, 1958948, 409989, 426033, 406834, 391162, 162465, 162465, 48396153
819, 1953744, 398840, 429085, 408987, 379800, 168516, 168516, 3540636738
821, 1951531, 384029, 443412, 422664, 365452, 167987, 167987, 2192488878
822, 1949895, 405486, 425631, 406300, 385834, 163322, 163322, 4264872444
824, 1957180, 425041, 410983, 392103, 405667, 161693, 161693, 2330277169
826, 1950085, 435273, 395652, 376989, 415071, 163550, 163550, 3132635384
823, 1951647, 402838, 426425, 406727, 383365, 166146, 166146, 1239659615
825, 1958081, 407608, 425241, 406012, 388562, 165329, 165329, 539028849
827, 1952128, 415253, 413915, 395049, 395055, 166428, 166428, 2555487165
828, 1952922, 426267, 395981, 377043, 406279, 173676, 173676, 2985814182
829, 1949011, 417229, 406285, 386745, 397392, 170680, 170680, 3300244380
830, 1953894, 435026, 394434, 375472, 415328, 166817, 166817, 317578052
831, 1957805, 424745, 405089, 385414, 405203, 168677, 168677, 389358915
832, 1954116, 402281, 423136, 403508, 382991, 171100, 171100, 3588332006
833, 1957678, 424157, 408681, 390529, 404357, 164977, 164977, 522342261
834, 1956458, 446465, 380657, 361649, 427179, 170254, 170254, 906296934
835, 1956340, 425715, 402298, 383224, 406395, 169354, 169354, 643512385
836, 1953643, 421562, 406512, 386562, 402123, 168442, 168442, 579654594
839, 1954672, 413871, 413038, 394025, 395192, 169273, 169273, 1909917530
838, 1954384, 417475, 409228, 390096, 397583, 170001, 170001, 969686838
840, 1959488, 393217, 436993, 417410, 374414, 168727, 168727, 70960978
837, 1961172, 422631, 415177, 395811, 404399, 161577, 161577, 490245385
842, 1957260, 441786, 388839, 369585, 422732, 167159, 167159, 1812272662
841, 1952452, 396564, 422797, 402976, 377425, 176345, 176345, 2506114118
843, 1957897, 416482, 410762, 392148, 397441, 170532, 170532, 3874416336
844, 1957961, 424799, 402800, 384133, 405627, 170301, 170301, 2219661123
845, 1961120, 397297, 435735, 416583, 378421, 166542, 166542, 3988503281
846, 1949831, 400377, 428145, 408175, 381204, 165965, 165965, 1927129168
847, 1954724, 408014, 425109, 405533, 388972, 163548, 163548, 1829900932
848, 1955596, 441629, 391678, 372911, 422014, 163682, 163682, 1230919124
849, 1959787, 422865, 402170, 383038, 403302, 174206, 174206, 222994778
850, 1959155, 406459, 425530, 406309, 387789, 166534, 166534, 592044121
851, 1950177, 392437, 429851, 410201, 373994, 171847, 171847, 1633869428
852, 1955947, 421027, 415666, 395800, 401316, 161069, 161069, 3865763039
853, 1955586, 401071, 432427, 413034, 381954, 163550, 163550, 1256764094
855, 1957246, 400010, 432795, 414070, 381023, 164674, 164674, 57687074
856, 1953639, 430006, 402395, 383383, 410593, 163631, 163631, 1937331728
854, 1956707, 436742, 395653, 376586, 417624, 165051, 165051, 3279918869
857, 1955542, 411882, 420395, 401238, 392295, 164866, 164866, 2132148077
861, 1954164, 413301, 417269, 397657, 394597, 165670, 165670, 2673344010
858, 1955117, 416828, 415535, 396450, 397678, 164313, 164313, 3312836397
860, 1955678, 422099, 402202, 382646, 403029, 172851, 172851, 1137433846
862, 1959107, 383386, 450951, 431020, 365262, 164244, 164244, 2619082976
859, 1954587, 409656, 415935, 396675, 390381, 170970, 170970, 2271682256
863, 1953613, 450361, 381757, 363338, 430289, 163934, 163934, 4049274873
864, 1952211, 442549, 388684, 369606, 422742, 164315, 164315, 992944763
865, 1953342, 410420, 416358, 397123, 391055, 169193, 169193, 1921504351
866, 1954850, 410219, 412798, 393105, 391110, 173809, 173809, 1554492972
868, 1957744, 389971, 440192, 420382, 371069, 168065, 168065, 596542653
867, 1960529, 426339, 397767, 378850, 407741, 174916, 174916, 3700396038
869, 1954542, 414521, 418285, 399193, 395127, 163708, 163708, 493133958
871, 1952117, 410453, 418427, 399125, 390652, 166730, 166730, 237859088
870, 1962014, 456112, 374849, 356659, 435864, 169265, 169265, 2603453131
872, 1955948, 432965, 391320, 372231, 413844, 172794, 172794, 27817426
874, 1955721, 446467, 390909, 371977, 426368, 160000, 160000, 1993061470
873, 1956069, 393912, 433263, 413061, 375563, 170135, 170135, 1411464477
875, 1958974, 422893, 403576, 384358, 403025, 172561, 172561, 1071855674
877, 1951155, 422574, 404970, 385181, 402570, 167930, 167930, 339515140
878, 1953132, 410310, 417373, 397100, 391173, 168588, 168588, 926551762
876, 1956807, 412729, 410389, 391489, 393462, 174369, 174369, 1304602160
879, 1959564, 425385, 409453, 390321, 406137, 164134, 164134, 887670414
880, 1957947, 389893, 433518, 414560, 370902, 174537, 174537, 438971602
881, 1954553, 397506, 429615, 409318, 378322, 169896, 169896, 3193486338
882, 1956207, 414249, 411904, 392317, 395209, 171264, 171264, 1296766395
883, 1951440, 423843, 401641, 382129, 404195, 169816, 169816, 149590544
884, 1953068, 422452, 404609, 385434, 403433, 168570, 168570, 1088756951
885, 1956470, 409888, 420001, 400471, 390804, 167653, 167653, 343545578
888, 1954594, 408266, 411496, 392936, 388496, 176700, 176700, 959772228
887, 1961052, 392103, 443034, 423047, 373548, 164660, 164660, 1058449213
886, 1954523, 421541, 407866, 388917, 402231, 166984, 166984, 3504243012
889, 1957276, 421559, 408515, 389343, 402207, 167826, 167826, 2154004128
891, 1951128, 397370, 423112, 403861, 378087, 174349, 174349, 4128343645
890, 1958720, 401568, 425454, 406230, 382736, 171366, 171366, 2245824038
892, 1954050, 431138, 399037, 379965, 411682, 166114, 166114, 1533813257
893, 1957121, 424605, 403747, 384634, 405729, 169203, 169203, 378323001
895, 1949945, 398355, 429850, 409687, 378979, 166537, 166537, 2313229344
896, 1951780, 424088, 404774, 385103, 404513, 166651, 166651, 403414195
897, 1951488, 428095, 396491, 377812, 408014, 170538, 170538, 562357961
898, 1959831, 415729, 420893, 401782, 396905, 162261, 162261, 931967861
894, 1959340, 477193, 352566, 335115, 456760, 168853, 168853, 3530848600
901, 1953437, 381290, 439178, 419337, 362296, 175668, 175668, 1876742782
900, 1959953, 412101, 406032, 386739, 393331, 180875, 180875, 1577876503
899, 1957725, 402713, 425784, 406759, 383771, 169349, 169349, 2961557687
902, 1950531, 394723, 434509, 414257, 376042, 165500, 165500, 3565266461
903, 1958353, 419589, 410819, 391880, 400501, 167782, 167782, 2922817276
904, 1955457, 409246, 418588, 399773, 389750, 169050, 169050, 870055610
905, 1954737, 426266, 403649, 384875, 406837, 166555, 166555, 2947647501
906, 1955325, 429350, 395428, 376256, 409713, 172289, 172289, 3614874134
907, 1956650, 429205, 404771, 385662, 409422, 163795, 163795, 503090228
908, 1951491, 417111, 415429, 396452, 397887, 162306, 162306, 3703755224
909, 1949972, 416853, 410468, 391430, 397439, 166891, 166891, 3343258370
912, 1954816, 417554, 413624, 394655, 397721, 165631, 165631, 2680616715
911, 1960679, 426756, 407408, 388298, 407139, 165539, 165539, 4035843858
910, 1952901, 396702, 431696, 412244, 377595, 167332, 167332, 981154733
913, 1958140, 426290, 403744, 384759, 406321, 168513, 168513, 663232995
914, 1960909, 400299, 430446, 410900, 381162, 169051, 169051, 534535691
916, 1956508, 407257, 423707, 403912, 388164, 166734, 166734, 2465924509
915, 1964909, 429643, 409536, 390688, 409992, 162525, 162525, 3885816206
917, 1955841, 405752, 422459, 403128, 386280, 169111, 169111, 2480163005
919, 1958108, 471114, 363371, 345330, 450839, 163727, 163727, 1061974171
920, 1955298, 388035, 436091, 416080, 369528, 172782, 172782, 226061484
918, 1951216, 412289, 412884, 393591, 392876, 169788, 169788, 3608213408
923, 1956952, 446432, 385756, 367324, 426300, 165570, 165570, 4207727559
922, 1958038, 417860, 411751, 392479, 399052, 168448, 168448, 3716300813
921, 1954950, 398933, 431134, 411264, 380027, 166796, 166796, 2908104726
924, 1953197, 368559, 458943, 438483, 350760, 168226, 168226, 1905534168
926, 1957173, 427572, 401738, 382297, 408038, 168764, 168764, 1633258926
925, 1956180, 415722, 416365, 396892, 396357, 165422, 165422, 3639280553
928, 1959336, 406165, 418923, 400419, 387255, 173287, 173287, 734303815
930, 1956836, 426683, 405742, 387056, 407935, 164710, 164710, 2036637527
927, 1950046, 417034, 412496, 393003, 396993, 165260, 165260, 1546434578
929, 1960065, 401240, 428829, 409691, 382423, 168941, 168941, 979530292
931, 1959610, 437337, 393070, 374419, 418098, 168343, 168343, 1830218358
932, 1955736, 408816, 420432, 400564, 389596, 168164, 168164, 752321177
933, 1955271, 412702, 411229, 392179, 393185, 172988, 172988, 2164901627
934, 1956762, 398552, 431430, 411843, 379443, 167747, 167747, 144011174
935, 1957600, 425160, 406545, 387482, 405063, 166675, 166675, 734468816
936, 1953179, 388502, 437625, 417939, 370009, 169552, 169552, 408453960
938, 1953914, 438770, 393317, 374450, 418753, 164312, 164312, 2709635363
940, 1956735, 407861, 427061, 408544, 388401, 162434, 162434, 1769048650
937, 1959229, 427639, 400468, 381213, 408421, 170744, 170744, 1501663956
939, 1952961, 434923, 392752, 373728, 415386, 168086, 168086, 1304395300
941, 1956984, 409016, 419247, 400120, 389999, 169301, 169301, 372596203
942, 1959151, 453334, 383378, 364926, 433971, 161771, 161771, 2871895762
944, 1956576, 402500, 426169, 406454, 383477, 168988, 168988, 3495567983
943, 1958832, 388473, 440856, 421101, 370078, 169162, 169162, 1138340008
945, 1953272, 443837, 387039, 368707, 424169, 164760, 164760, 3283575523
947, 1957187, 381855, 447616, 427536, 363684, 168248, 168248, 3252793877
946, 1955601, 405891, 424083, 403988, 386405, 167617, 167617, 2879148671
949, 1956646, 428553, 398291, 379712, 409072, 170509, 170509, 1417038902
948, 1949341, 425100, 396361, 377680, 405132, 172534, 172534, 2167219937
950, 1955744, 398649, 433692, 414222, 379583, 164799, 164799, 2305272943
951, 1955517, 403910, 423999, 404733, 385065, 168905, 168905, 3101757015
952, 1950836, 418386, 410567, 391570, 398855, 165729, 165729, 2536001160
954, 1956417, 396137, 432441, 412480, 377077, 169141, 169141, 135449673
955, 1953587, 452543, 381919, 362895, 431976, 162127, 162127, 1798632214
956, 1955640, 413849, 419755, 400840, 395018, 163089, 163089, 1275006182
953, 1958382, 392996, 431674, 411892, 374058, 173881, 173881, 3286664095
957, 1953340, 419516, 407511, 388089, 400358, 168933, 168933, 4104694024
959, 1953854, 395827, 436949, 417136, 376260, 163841, 163841, 3174309722
958, 1955307, 395940, 429880, 410440, 376483, 171282, 171282, 1693781129
962, 1953918, 409622, 422532, 402802, 390566, 164198, 164198, 1458267821
961, 1954603, 403276, 428459, 409283, 384031, 164777, 164777, 768886904
960, 1951806, 412643, 414286, 394672, 393399, 168403, 168403, 2132118794
964, 1952379, 411731, 417671, 397876, 392529, 166286, 166286, 258610307
965, 1955134, 429180, 398379, 379661, 409804, 169055, 169055, 2414723972
963, 1959021, 423775, 404046, 385129, 404751, 170660, 170660, 636483363
966, 1957544, 388935, 446154, 426244, 370221, 162995, 162995, 999306510
967, 1954417, 406775, 423712, 403593, 387285, 166526, 166526, 1384283067
968, 1960952, 415401, 415901, 396768, 396480, 168201, 168201, 4103964085
969, 1958014, 399923, 444453, 425011, 380847, 153890, 153890, 3387630927
970, 1957738, 398784, 435105, 415219, 379928, 164351, 164351, 2647698532
972, 1953166, 397376, 428085, 408077, 378382, 170623, 170623, 1218386320
971, 1954070, 387043, 442965, 423156, 368784, 166061, 166061, 2311715468
973, 1957654, 416689, 421107, 401868, 396956, 160517, 160517, 3260945869
975, 1953372, 373073, 455739, 435671, 354895, 166997, 166997, 3082036797
976, 1960365, 395439, 435033, 415300, 376669, 168962, 168962, 3164567438
974, 1955672, 401333, 427258, 408331, 381736, 168507, 168507, 4038518732
977, 1955355, 406539, 427348, 407963, 386989, 163258, 163258, 2402405909
980, 1961937, 418791, 414028, 394535, 399991, 167296, 167296, 4013867137
979, 1950493, 413798, 403352, 384170, 393939, 177617, 177617, 4213567945
978, 1958618, 409675, 423612, 404591, 390402, 165169, 165169, 958185542
981, 1956701, 402866, 427305, 406865, 383953, 167856, 167856, 3625313051
982, 1956331, 416235, 413057, 393830, 396943, 168133, 168133, 2501710869
983, 1962649, 431772, 404634, 385597, 412580, 164033, 164033, 1154268602
984, 1948378, 439793, 383476, 364935, 420066, 170054, 170054, 654964052
985, 1955961, 449339, 378759, 360556, 430045, 168631, 168631, 2837257808
988, 1955768, 405917, 423818, 403933, 387282, 167409, 167409, 3634291114
986, 1953953, 444274, 388777, 369487, 424587, 163414, 163414, 1049108691
987, 1955672, 387999, 437922, 418197, 368806, 171374, 171374, 1222897678
989, 1952765, 422146, 403690, 385720, 402471, 169369, 169369, 3144270703
990, 1953844, 390506, 438158, 418026, 371584, 167785, 167785, 407203252
991, 1956096, 395185, 436163, 416218, 376286, 166122, 166122, 941078110
992, 1952034, 396517, 424617, 404193, 377391, 174658, 174658, 2083187881
994, 1955481, 419355, 405665, 386771, 400404, 171643, 171643, 2446156599
997, 1952258, 424888, 408861, 389136, 405645, 161864, 161864, 1160011095
995, 1952718, 423243, 413202, 394605, 403664, 159002, 159002, 3709339867
993, 1953904, 412065, 414714, 395838, 392329, 169479, 169479, 1114032528
996, 1954268, 383629, 445607, 425644, 364416, 167486, 167486, 476952237
998, 1957181, 414803, 412566, 393050, 395996, 170383, 170383, 2471491207
999, 1957284, 424205, 406189, 387767, 405223, 166950, 166950, 3201255
