sample_id, N_LCC, N_A_1_LCC, N_B_1_LCC, N_A_0_LCC, N_B_0_LCC, N_A_*_LCC, N_B_*_LCC, seed
2, 902587, 272, 448184, 448037, 224, 2935, 2935, 3611151946
5, 903648, 213, 448688, 448474, 169, 3052, 3052, 3132464684
6, 901509, 141, 447677, 447596, 103, 2996, 2996, 4106748588
4, 903109, 448511, 361, 319, 448282, 2818, 2818, 4025901909
10, 902903, 260, 448540, 448484, 211, 2704, 2704, 2529642286
11, 904320, 449336, 184, 145, 449279, 2688, 2688, 3818666561
8, 903952, 448741, 254, 207, 448654, 3048, 3048, 2873030363
7, 903953, 448760, 243, 199, 448591, 3080, 3080, 4283592083
3, 902657, 195, 448050, 447968, 152, 3146, 3146, 460639116
9, 903068, 447795, 317, 259, 447693, 3502, 3502, 3912635726
1, 902644, 356, 447556, 447494, 306, 3466, 3466, 355904153
0, 903535, 236, 448663, 448624, 184, 2914, 2914, 643945875
16, 904105, 236, 448874, 448641, 188, 3083, 3083, 2589027891
12, 903884, 449032, 168, 136, 448812, 2868, 2868, 3300718181
13, 902959, 448187, 318, 268, 448112, 3037, 3037, 2597929459
14, 903028, 448347, 183, 145, 448221, 3066, 3066, 3514724705
15, 904567, 449049, 328, 285, 448979, 2963, 2963, 1266437607
19, 903852, 179, 448788, 448699, 142, 3022, 3022, 2600248752
21, 902648, 250, 448171, 448012, 219, 2998, 2998, 4043849717
18, 902314, 311, 447715, 447649, 245, 3197, 3197, 3822002879
23, 902492, 447888, 291, 243, 447706, 3182, 3182, 3909546095
17, 904284, 448801, 279, 218, 448702, 3142, 3142, 1642063410
24, 904619, 193, 449101, 448924, 151, 3125, 3125, 2978594180
22, 901750, 447713, 242, 189, 447560, 3023, 3023, 3158265398
20, 902909, 447980, 227, 172, 447930, 3300, 3300, 1162064736
29, 902900, 232, 448345, 448040, 189, 3047, 3047, 1103098160
27, 905455, 193, 449690, 449585, 151, 2918, 2918, 178948679
31, 901034, 266, 447270, 447043, 225, 3115, 3115, 1483882611
26, 904000, 449376, 119, 84, 449191, 2615, 2615, 1955127542
30, 903755, 410, 448280, 448189, 362, 3257, 3257, 3264449620
25, 903098, 448324, 331, 290, 448195, 2979, 2979, 2960575374
28, 904106, 448517, 339, 282, 448456, 3256, 3256, 1013267949
34, 904377, 448959, 254, 207, 448737, 3110, 3110, 20929246
37, 903463, 292, 448577, 448431, 237, 2963, 2963, 2674569336
36, 904253, 268, 448805, 448616, 218, 3173, 3173, 672580525
32, 903291, 448624, 209, 160, 448528, 2885, 2885, 1824936853
33, 903421, 448654, 389, 341, 448519, 2759, 2759, 3902442733
40, 902607, 168, 448275, 448051, 133, 2990, 2990, 3778133640
42, 903043, 255, 448554, 448310, 202, 2861, 2861, 604132334
35, 903213, 448158, 676, 627, 448072, 2840, 2840, 2275557719
41, 903467, 205, 448744, 448621, 169, 2864, 2864, 1451825420
39, 903742, 275, 448674, 448612, 231, 2975, 2975, 1581516207
46, 903410, 240, 448780, 448600, 200, 2795, 2795, 3449935463
38, 901748, 447556, 216, 169, 447467, 3170, 3170, 2445720188
43, 904745, 449359, 188, 145, 449273, 2890, 2890, 1892743722
44, 903206, 198, 448271, 448158, 157, 3211, 3211, 1659727961
50, 901440, 462, 447402, 447147, 403, 3013, 3013, 875070027
48, 901628, 447919, 152, 112, 447643, 2901, 2901, 1863253195
47, 904685, 313, 449164, 449113, 257, 2919, 2919, 2646631382
53, 902787, 401, 448119, 447970, 341, 2978, 2978, 3612971120
55, 903460, 448854, 161, 115, 448518, 2906, 2906, 1322755489
49, 903540, 247, 448703, 448629, 199, 2881, 2881, 3460621614
52, 902745, 447871, 342, 287, 447793, 3226, 3226, 2458959142
45, 902466, 447528, 238, 195, 447467, 3519, 3519, 1746905347
54, 902590, 448212, 164, 118, 448142, 2977, 2977, 1024827343
56, 902078, 447453, 172, 127, 447380, 3473, 3473, 394788982
51, 901584, 233, 447574, 447523, 184, 3035, 3035, 1005742693
57, 902611, 448205, 224, 183, 448133, 2933, 2933, 3411021334
58, 902379, 447491, 520, 469, 447363, 3268, 3268, 177749807
63, 901214, 288, 447267, 446906, 239, 3257, 3257, 3390218675
62, 903954, 448600, 251, 202, 448429, 3236, 3236, 694363765
59, 902058, 447637, 245, 201, 447577, 3199, 3199, 3641040084
64, 903176, 194, 448471, 448332, 151, 3014, 3014, 296399675
60, 902009, 682, 447072, 447006, 631, 3309, 3309, 930004705
65, 903122, 186, 448749, 448693, 142, 2676, 2676, 4214205838
61, 901003, 447100, 301, 243, 447035, 3162, 3162, 2743465627
66, 902790, 300, 447938, 447830, 250, 3236, 3236, 3866451299
70, 903627, 422, 448539, 448397, 373, 2948, 2948, 2766673077
73, 903159, 368, 448372, 448189, 308, 2961, 2961, 583035071
67, 903235, 146, 448617, 448555, 109, 2904, 2904, 1647191303
69, 903721, 448719, 207, 157, 448652, 2993, 2993, 3195263481
72, 902811, 214, 448497, 448422, 166, 2756, 2756, 4141753003
68, 903532, 448704, 348, 309, 448643, 2764, 2764, 694707065
77, 903332, 245, 448466, 448262, 193, 3083, 3083, 1834821055
75, 902351, 662, 447320, 447185, 594, 3295, 3295, 1575641210
71, 903024, 447498, 297, 253, 447426, 3775, 3775, 2306158257
79, 903110, 169, 448393, 448210, 128, 3105, 3105, 1419312308
78, 905322, 243, 449635, 449573, 201, 2835, 2835, 3687394119
76, 903425, 448840, 170, 136, 448675, 2802, 2802, 3741405570
80, 901843, 447660, 196, 154, 447347, 3243, 3243, 2994769453
83, 904178, 142, 448981, 448805, 104, 3073, 3073, 2421572621
74, 902662, 343, 448094, 447910, 297, 3009, 3009, 645406381
84, 903443, 448557, 162, 127, 448303, 3147, 3147, 3497369417
81, 903825, 448939, 174, 126, 448862, 2862, 2862, 518846794
86, 902965, 358, 448236, 448033, 296, 3021, 3021, 2497277938
82, 903039, 448004, 341, 301, 447891, 3251, 3251, 308308616
90, 903922, 236, 448948, 448720, 186, 2916, 2916, 535255793
88, 904144, 445645, 297, 248, 445368, 6293, 6293, 1918974513
85, 902935, 448264, 214, 162, 448189, 3053, 3053, 1955553028
87, 903956, 448661, 193, 146, 448500, 3228, 3228, 1980185929
93, 902727, 340, 448019, 447809, 279, 3140, 3140, 357291117
89, 904137, 165, 449204, 449118, 120, 2765, 2765, 1751512203
92, 903656, 211, 448537, 448378, 170, 3180, 3180, 110760499
96, 904677, 175, 449251, 449115, 130, 3003, 3003, 760089573
91, 903144, 448250, 306, 261, 448077, 3125, 3125, 2812254137
98, 905478, 263, 449966, 449625, 212, 2706, 2706, 3408935435
94, 903532, 448341, 494, 449, 448262, 2993, 2993, 519868002
100, 903835, 295, 448856, 448573, 247, 2932, 2932, 2917591751
97, 903253, 447871, 926, 881, 447547, 3014, 3014, 2177469688
95, 904063, 448517, 275, 234, 448401, 3318, 3318, 506651771
101, 903169, 448499, 212, 171, 448365, 2961, 2961, 4053962970
99, 903673, 448863, 170, 118, 448776, 2873, 2873, 2014615373
102, 902424, 448186, 205, 156, 447811, 3033, 3033, 3914191868
108, 904069, 169, 449130, 448892, 132, 2873, 2873, 791674531
111, 903149, 180, 448570, 448260, 141, 2999, 2999, 2169521975
105, 903578, 449008, 217, 179, 448864, 2655, 2655, 3824930208
103, 904471, 448844, 166, 132, 448761, 3284, 3284, 335438183
104, 903443, 448717, 163, 126, 448619, 2909, 2909, 1221714731
110, 902787, 448484, 216, 171, 448284, 2816, 2816, 3568412469
109, 903349, 448554, 191, 146, 448380, 3039, 3039, 2099090788
106, 902930, 448087, 193, 157, 447973, 3260, 3260, 1647476396
112, 902363, 239, 448018, 447865, 199, 3021, 3021, 3432529663
107, 904003, 202, 449082, 449010, 155, 2777, 2777, 131062959
113, 902251, 217, 447860, 447780, 166, 3114, 3114, 3770068355
116, 902741, 234, 448170, 448065, 198, 3037, 3037, 3449778995
117, 903608, 236, 448786, 448679, 201, 2853, 2853, 897503075
114, 903168, 448439, 257, 206, 448360, 2953, 2953, 809080333
121, 903083, 215, 448258, 448120, 170, 3160, 3160, 2703569981
115, 900986, 261, 447134, 446999, 220, 3186, 3186, 2929730748
119, 902410, 229, 447943, 447742, 176, 3160, 3160, 3034530109
124, 902322, 199, 448219, 448009, 165, 2865, 2865, 204608055
123, 902582, 291, 448164, 448021, 240, 2933, 2933, 2027577936
118, 902969, 447837, 426, 370, 447762, 3287, 3287, 2990325678
125, 904211, 184, 448903, 448629, 145, 3175, 3175, 3571704554
122, 903235, 448496, 251, 211, 448443, 2917, 2917, 205529784
120, 902861, 448425, 306, 248, 448316, 2783, 2783, 1027484255
132, 903378, 193, 448696, 448534, 153, 2901, 2901, 2101478627
130, 903154, 448383, 306, 257, 448188, 3010, 3010, 2137342555
127, 901846, 447963, 265, 213, 447869, 2768, 2768, 3810440643
126, 903576, 447639, 970, 923, 447510, 3267, 3267, 522061155
133, 902916, 448138, 280, 239, 447967, 3146, 3146, 3772039087
129, 901993, 447849, 292, 249, 447725, 2939, 2939, 1218778980
134, 903225, 248, 448468, 448316, 207, 2993, 2993, 749358628
135, 902894, 448277, 198, 159, 448120, 3070, 3070, 1464892664
128, 903439, 448810, 146, 111, 448712, 2830, 2830, 1399984938
131, 902829, 447948, 223, 179, 447815, 3332, 3332, 3051640559
136, 903574, 448490, 295, 236, 448249, 3152, 3152, 84991821
137, 902817, 271, 448070, 447953, 225, 3149, 3149, 282429962
138, 903426, 448711, 212, 170, 448645, 2844, 2844, 393741213
140, 903832, 196, 448947, 448827, 158, 2852, 2852, 2156362413
141, 904672, 248, 449214, 449092, 210, 2954, 2954, 847019199
139, 902917, 490, 447851, 447771, 441, 3182, 3182, 294169812
144, 902579, 448053, 301, 265, 447706, 3127, 3127, 3419832441
142, 901943, 447501, 221, 184, 447299, 3369, 3369, 3444949238
145, 903573, 448338, 272, 232, 448221, 3255, 3255, 3756857296
146, 902333, 222, 448028, 447946, 175, 2981, 2981, 2235079017
143, 901756, 192, 447551, 447458, 149, 3203, 3203, 332412885
148, 904650, 449383, 260, 214, 449163, 2815, 2815, 1373479098
153, 902482, 198, 448066, 447874, 150, 3097, 3097, 3540773305
149, 903180, 242, 448484, 448432, 194, 2914, 2914, 1465901883
152, 901716, 212, 447761, 447701, 164, 2939, 2939, 3768599760
147, 901777, 447622, 321, 275, 447583, 2988, 2988, 1543456097
151, 902673, 448479, 178, 128, 448366, 2761, 2761, 2698510646
154, 902257, 447403, 240, 194, 447262, 3579, 3579, 1896646602
155, 902380, 127, 447772, 447618, 93, 3385, 3385, 1608608156
150, 905923, 450041, 269, 216, 449887, 2755, 2755, 2616156336
156, 903969, 449081, 180, 143, 449001, 2782, 2782, 2306879962
157, 903846, 448912, 229, 185, 448796, 2862, 2862, 3701994445
159, 902946, 266, 448127, 448005, 214, 3167, 3167, 2402184658
163, 903479, 382, 448767, 448592, 338, 2700, 2700, 391629563
158, 902828, 447920, 347, 300, 447773, 3244, 3244, 901929322
161, 903357, 448004, 276, 225, 447914, 3469, 3469, 3282029875
165, 903699, 448921, 219, 169, 448736, 2827, 2827, 4173400540
167, 902774, 294, 448164, 447993, 249, 3037, 3037, 1562077935
164, 903540, 448973, 191, 146, 448788, 2721, 2721, 277134460
168, 904071, 433, 448579, 448473, 376, 3105, 3105, 3613284315
162, 902650, 447923, 428, 379, 447762, 3079, 3079, 2865591596
160, 902631, 240, 448191, 448148, 192, 2930, 2930, 3257387559
169, 905702, 449534, 278, 227, 449467, 3098, 3098, 770084541
166, 902725, 448152, 191, 149, 448055, 3089, 3089, 118946973
170, 902371, 448075, 299, 256, 447993, 2874, 2874, 2865372627
172, 902630, 447885, 359, 308, 447620, 3229, 3229, 2580696469
173, 902261, 225, 447944, 447876, 188, 3014, 3014, 918345113
176, 901859, 381, 447533, 447336, 327, 3141, 3141, 321002302
171, 902704, 211, 448476, 448415, 166, 2718, 2718, 555946386
174, 902127, 274, 447889, 447841, 227, 2948, 2948, 3755441046
179, 902449, 448354, 318, 269, 448186, 2661, 2661, 1240505639
177, 902451, 312, 447628, 447566, 257, 3344, 3344, 1312702950
175, 902606, 277, 448071, 448030, 224, 3002, 3002, 490830244
178, 901950, 447753, 102, 70, 447693, 3166, 3166, 2937865233
184, 903010, 286, 448202, 448066, 230, 3113, 3113, 3419732574
183, 903018, 215, 447892, 447776, 173, 3481, 3481, 85684789
180, 905260, 310, 449326, 449283, 253, 3044, 3044, 1274334915
185, 904393, 449009, 209, 168, 448837, 3085, 3085, 4026268386
182, 903233, 353, 448464, 448396, 298, 2861, 2861, 4133807539
181, 903055, 286, 447809, 447749, 239, 3486, 3486, 1997320595
188, 903762, 448624, 328, 274, 448494, 3021, 3021, 1741798913
189, 903199, 313, 448212, 448105, 255, 3157, 3157, 3647444274
193, 902241, 297, 447854, 447618, 250, 3111, 3111, 177983708
186, 901973, 447589, 285, 239, 447532, 3164, 3164, 1216994692
187, 902694, 448196, 190, 153, 448091, 3032, 3032, 189631384
195, 902263, 332, 447589, 447396, 280, 3333, 3333, 2181645458
194, 904514, 160, 449002, 448936, 122, 3147, 3147, 2507819366
190, 904877, 449052, 211, 168, 448924, 3261, 3261, 1204189882
191, 903388, 448541, 198, 154, 448469, 3013, 3013, 3897672187
197, 904701, 449421, 204, 163, 449137, 2888, 2888, 335418576
196, 902704, 448005, 227, 182, 447960, 3165, 3165, 1228662041
199, 901957, 215, 447604, 447508, 166, 3232, 3232, 563572597
192, 902553, 448038, 324, 263, 447976, 2976, 2976, 2797045034
200, 902029, 114, 447794, 447731, 86, 3152, 3152, 636683518
202, 902456, 448198, 193, 150, 447901, 3007, 3007, 1359501103
198, 902687, 448024, 339, 293, 447965, 3033, 3033, 3314478652
201, 902885, 448237, 172, 130, 448094, 3126, 3126, 2456720448
205, 903550, 156, 448660, 448517, 115, 3051, 3051, 609749440
206, 902439, 182, 448118, 447953, 138, 3024, 3024, 2211804850
204, 903164, 448306, 374, 322, 448190, 2986, 2986, 1763962656
207, 903727, 448537, 384, 332, 448362, 3056, 3056, 332547763
203, 904143, 448585, 444, 386, 448504, 3112, 3112, 2283709252
208, 903920, 224, 448483, 448374, 177, 3331, 3331, 2877327135
209, 903918, 448720, 263, 214, 448639, 3041, 3041, 1830294901
211, 903241, 448373, 235, 194, 448271, 3084, 3084, 2064478300
212, 903932, 276, 448250, 448153, 229, 3512, 3512, 3665714699
210, 902076, 379, 447686, 447620, 317, 3037, 3037, 1749288605
215, 902031, 447904, 205, 149, 447707, 3033, 3033, 1371869094
216, 903519, 448394, 187, 154, 448282, 3251, 3251, 831532182
213, 903539, 448622, 277, 232, 448554, 2927, 2927, 3357252408
214, 903050, 448621, 155, 120, 448542, 2806, 2806, 3475001799
217, 902957, 418, 447952, 447832, 373, 3191, 3191, 3224933251
220, 903247, 545, 448261, 448101, 498, 2921, 2921, 1481641586
218, 901917, 166, 448061, 447920, 126, 2822, 2822, 2357163095
221, 904241, 341, 448819, 448666, 289, 3063, 3063, 3287616436
219, 902633, 447, 447806, 447748, 398, 3117, 3117, 2274095410
222, 903145, 220, 448697, 448598, 178, 2726, 2726, 429405185
225, 903379, 321, 448326, 448248, 274, 3105, 3105, 990855500
224, 902370, 448085, 177, 132, 447982, 2997, 2997, 2186053184
223, 902745, 264, 448271, 448125, 221, 2932, 2932, 2048797509
227, 904120, 449149, 134, 96, 448953, 2894, 2894, 2620146387
228, 902378, 353, 447865, 447744, 296, 3060, 3060, 3536454831
229, 903498, 407, 448533, 448412, 354, 2896, 2896, 4114744896
226, 901424, 480, 446936, 446861, 427, 3360, 3360, 3270985749
232, 903207, 230, 448287, 448099, 187, 3202, 3202, 2426262618
231, 903355, 448426, 267, 214, 448342, 3053, 3053, 2389243984
230, 903589, 448670, 171, 136, 448496, 3058, 3058, 780692417
236, 902473, 194, 447845, 447737, 149, 3274, 3274, 2366439524
235, 903523, 334, 448589, 448496, 286, 2909, 2909, 3514074208
233, 902978, 448176, 236, 194, 447992, 3190, 3190, 3759158046
237, 901603, 447116, 291, 239, 446961, 3498, 3498, 3225267060
234, 903381, 448601, 275, 224, 448443, 2919, 2919, 3702302201
238, 902515, 448179, 171, 129, 448074, 2981, 2981, 3040548961
241, 903818, 448121, 449, 393, 447935, 3460, 3460, 2819659720
242, 902352, 447801, 195, 152, 447702, 3251, 3251, 3490966301
239, 903674, 448466, 344, 291, 448391, 3091, 3091, 3508211265
243, 903696, 309, 448991, 448854, 258, 2642, 2642, 456320378
248, 901954, 322, 447393, 447201, 264, 3387, 3387, 4190983707
240, 903765, 448456, 247, 200, 448414, 3224, 3224, 300825999
245, 903201, 199, 448464, 448392, 156, 2995, 2995, 704317496
246, 902889, 447974, 316, 266, 447753, 3290, 3290, 3551328389
244, 903163, 448019, 330, 271, 447883, 3330, 3330, 77942464
250, 902153, 179, 447906, 447777, 143, 3074, 3074, 2935307732
247, 902819, 447676, 348, 296, 447459, 3520, 3520, 2137373035
249, 901995, 447709, 195, 147, 447556, 3194, 3194, 1400418871
251, 902319, 447983, 269, 215, 447840, 3006, 3006, 1696276739
254, 904165, 303, 448654, 448554, 262, 3196, 3196, 3057368838
252, 903370, 448338, 394, 335, 448165, 3069, 3069, 555918339
257, 901627, 203, 447704, 447525, 159, 3018, 3018, 963123431
253, 902333, 301, 447618, 447544, 254, 3308, 3308, 2067658158
258, 901700, 250, 447696, 447540, 196, 3009, 3009, 784720238
259, 903034, 182, 448495, 448261, 138, 2979, 2979, 2764424554
261, 901666, 321, 447288, 447069, 280, 3354, 3354, 2428005885
256, 903987, 449127, 239, 191, 449060, 2685, 2685, 741810407
255, 902329, 447959, 226, 181, 447907, 3028, 3028, 3800078316
262, 902415, 235, 448043, 447791, 188, 3079, 3079, 4096828806
260, 902818, 447879, 240, 194, 447679, 3413, 3413, 3314654313
264, 903557, 201, 448566, 448365, 157, 3134, 3134, 1419797820
263, 901192, 306, 447153, 447053, 252, 3214, 3214, 4286857150
266, 903198, 282, 448455, 448314, 233, 2957, 2957, 2692786586
267, 902886, 303, 448267, 448005, 247, 3032, 3032, 3032496252
271, 905330, 149, 450054, 449830, 119, 2589, 2589, 415815883
268, 904123, 207, 330, 274, 162, 451575, 451575, 4010417635
274, 903710, 448687, 149, 115, 448537, 3111, 3111, 4192421955
265, 903353, 297, 448634, 448584, 252, 2793, 2793, 1554841434
270, 903089, 448362, 267, 223, 448261, 2988, 2988, 4287358139
272, 903687, 448578, 190, 144, 448491, 3142, 3142, 456148933
275, 902105, 448101, 231, 183, 447904, 2843, 2843, 345555960
276, 903136, 448500, 226, 174, 448318, 2959, 2959, 2617708337
273, 903791, 448599, 295, 253, 448528, 3058, 3058, 8068841
278, 903162, 534, 447876, 447769, 483, 3250, 3250, 1840917677
269, 902603, 447824, 302, 254, 447765, 3229, 3229, 1700874721
277, 903164, 259, 447974, 447834, 203, 3447, 3447, 955995429
280, 902474, 448035, 334, 279, 447790, 3018, 3018, 3464023442
283, 901904, 214, 448018, 447797, 165, 2855, 2855, 832163953
285, 902360, 268, 447934, 447691, 219, 3124, 3124, 3307185086
284, 902685, 211, 447715, 447661, 158, 3470, 3470, 1983632855
287, 902344, 278, 447540, 447399, 225, 3451, 3451, 3284122766
281, 903353, 277, 448281, 448204, 227, 3182, 3182, 2883072321
279, 902698, 448463, 166, 132, 448401, 2768, 2768, 4231918004
282, 903856, 448990, 191, 146, 448919, 2805, 2805, 2226734625
291, 903242, 303, 448348, 448151, 252, 3094, 3094, 4140404822
289, 902288, 447739, 392, 335, 447596, 3113, 3113, 866134087
286, 902432, 448113, 263, 213, 447739, 3052, 3052, 2410885598
288, 903835, 448788, 119, 85, 448623, 3110, 3110, 4197362495
292, 900876, 447100, 352, 319, 446785, 3160, 3160, 3197987026
290, 902846, 448308, 255, 213, 448198, 2936, 2936, 795453460
294, 904472, 164, 449044, 448931, 125, 3104, 3104, 1911170255
299, 902494, 227, 448242, 448002, 189, 2917, 2917, 748126479
298, 904055, 222, 448858, 448739, 180, 3028, 3028, 223966590
293, 904306, 449087, 204, 160, 448971, 2942, 2942, 700765115
296, 901348, 221, 446920, 446873, 166, 3584, 3584, 3946680176
297, 903037, 144, 448368, 448298, 105, 3061, 3061, 1091491013
300, 902823, 314, 448074, 447901, 262, 3136, 3136, 2383417989
295, 902871, 448231, 223, 181, 448104, 3066, 3066, 4056419846
301, 903251, 204, 448570, 448502, 163, 2906, 2906, 963872639
302, 902277, 448098, 185, 149, 447851, 2997, 2997, 3184273295
303, 901875, 514, 447736, 447509, 462, 2827, 2827, 2459469547
305, 904129, 157, 449272, 449108, 124, 2734, 2734, 1560106020
307, 903274, 178, 448695, 448539, 140, 2861, 2861, 1095548696
304, 902422, 448018, 170, 134, 447970, 3065, 3065, 321026361
310, 903529, 194, 448617, 448405, 161, 3076, 3076, 1958116819
308, 904943, 160, 449590, 449418, 127, 2824, 2824, 1699780181
309, 902977, 291, 447840, 447761, 235, 3425, 3425, 1604078057
306, 903458, 448471, 286, 250, 448331, 3060, 3060, 917806608
311, 903532, 448318, 395, 346, 448145, 3164, 3164, 81293596
314, 903838, 448475, 189, 154, 448376, 3322, 3322, 3524701125
318, 902142, 266, 447548, 447387, 221, 3360, 3360, 2739723367
317, 902844, 448419, 238, 194, 448225, 2884, 2884, 3328467098
316, 902189, 323, 447710, 447620, 266, 3135, 3135, 1281525035
313, 902005, 447648, 411, 360, 447478, 3054, 3054, 893923917
312, 903153, 448471, 204, 162, 448350, 2983, 2983, 3017074997
315, 904798, 449227, 204, 159, 449170, 3019, 3019, 1901768852
322, 902836, 147, 448137, 448002, 110, 3220, 3220, 265402155
323, 903364, 213, 448681, 448527, 169, 2887, 2887, 3400982475
319, 903281, 448460, 164, 123, 448310, 3112, 3112, 2142924520
320, 904202, 448742, 405, 352, 448649, 3027, 3027, 1636655405
321, 904067, 377, 448909, 448833, 340, 2804, 2804, 2474770714
324, 902202, 252, 447846, 447715, 201, 3094, 3094, 749563372
327, 903141, 448373, 270, 219, 448183, 3048, 3048, 644918403
329, 902863, 448452, 183, 139, 448153, 2968, 2968, 3016550066
330, 901925, 447803, 290, 245, 447539, 3024, 3024, 406690917
325, 902589, 448171, 245, 185, 447976, 3006, 3006, 4288189184
326, 901832, 447762, 265, 220, 447501, 3042, 3042, 1796441755
331, 902806, 447829, 298, 252, 447679, 3374, 3374, 3369719247
332, 902004, 447684, 289, 241, 447532, 3129, 3129, 2824958035
328, 904520, 449286, 115, 84, 449225, 2905, 2905, 3502080803
333, 904334, 449061, 163, 128, 448940, 3021, 3021, 2203218542
334, 902903, 447793, 293, 239, 447590, 3494, 3494, 261042307
335, 904121, 448689, 211, 171, 448516, 3267, 3267, 3442646632
336, 902408, 275, 448009, 447945, 221, 2979, 2979, 2022387847
339, 902405, 189, 448032, 447945, 151, 3044, 3044, 3849580199
341, 902361, 288, 448007, 447858, 244, 2982, 2982, 1107426477
340, 902679, 248, 448027, 447890, 204, 3155, 3155, 3576333766
346, 902627, 418, 447880, 447720, 381, 3114, 3114, 3795492481
337, 904543, 449210, 192, 151, 449166, 2912, 2912, 85497786
342, 903203, 448576, 152, 119, 448368, 2994, 2994, 1517325600
343, 904203, 448943, 228, 184, 448716, 3066, 3066, 4048771493
345, 901438, 447512, 219, 170, 447375, 3081, 3081, 3119545470
348, 902953, 448411, 283, 232, 448295, 2866, 2866, 2775170186
347, 903137, 448450, 240, 190, 448263, 2997, 2997, 2472891051
349, 902972, 135, 448648, 448478, 101, 2805, 2805, 1470605778
344, 902506, 448095, 245, 188, 448034, 2972, 2972, 1033049193
338, 901196, 283, 447272, 447198, 233, 3105, 3105, 1943405294
350, 900639, 446657, 300, 253, 446565, 3432, 3432, 2367795308
353, 902033, 240, 447834, 447656, 187, 3058, 3058, 2790596101
351, 902766, 316, 448239, 448188, 271, 2876, 2876, 3734094933
354, 904654, 215, 449241, 449177, 179, 2921, 2921, 720174720
358, 904034, 206, 448870, 448676, 168, 3057, 3057, 3308865855
356, 903215, 448506, 211, 164, 448414, 2960, 2960, 1123919871
352, 903733, 448814, 246, 202, 448695, 2888, 2888, 3914304331
355, 902784, 448322, 206, 157, 448277, 2911, 2911, 731977863
357, 902964, 448721, 114, 81, 448560, 2744, 2744, 4057030937
359, 902005, 356, 447825, 447717, 299, 2904, 2904, 1980849230
360, 903276, 448664, 181, 149, 448566, 2858, 2858, 1817212143
362, 901830, 447941, 200, 162, 447827, 2850, 2850, 1220977965
366, 902358, 163, 448044, 447902, 117, 3066, 3066, 3684108797
361, 903023, 448205, 281, 229, 448166, 3071, 3071, 3841746403
371, 903318, 323, 448533, 448369, 277, 2908, 2908, 2737125791
363, 903490, 448502, 274, 226, 448450, 3019, 3019, 2705859318
364, 904210, 449081, 196, 160, 448877, 2948, 2948, 2921841856
367, 902748, 448179, 203, 166, 448028, 3086, 3086, 1976639740
365, 901807, 447449, 197, 151, 447350, 3330, 3330, 815561546
368, 902853, 448202, 282, 232, 448069, 3034, 3034, 2823821818
370, 902055, 257, 447603, 447519, 208, 3234, 3234, 258567416
374, 902034, 379, 447582, 447386, 337, 3175, 3175, 3715509406
372, 903152, 448338, 306, 268, 448168, 3036, 3036, 3294108166
369, 903631, 448416, 213, 170, 448256, 3288, 3288, 3586327836
373, 902265, 302, 447982, 447853, 242, 2943, 2943, 2911573595
378, 903793, 224, 448988, 448763, 190, 2814, 2814, 1653502550
381, 904256, 211, 449033, 448850, 168, 2997, 2997, 2797925049
377, 903511, 236, 448616, 448465, 196, 2999, 2999, 3790169553
375, 901976, 447930, 154, 120, 447784, 2994, 2994, 2129949914
376, 904131, 323, 448712, 448645, 255, 3098, 3098, 26817880
382, 903677, 192, 449018, 448767, 152, 2774, 2774, 1700093626
379, 903029, 448389, 235, 185, 448308, 2956, 2956, 2024302474
384, 903164, 420, 448258, 448095, 375, 3008, 3008, 3276339124
380, 902127, 447977, 261, 213, 447772, 2952, 2952, 4092376771
383, 904469, 194, 449299, 449220, 154, 2801, 2801, 614147262
385, 903927, 241, 449043, 448900, 185, 2779, 2779, 2718933237
386, 903611, 448870, 230, 179, 448674, 2829, 2829, 890134299
387, 903334, 233, 448359, 448255, 187, 3150, 3150, 2812457406
388, 903849, 196, 448906, 448824, 151, 2886, 2886, 1293343817
389, 903848, 448977, 226, 182, 448749, 2857, 2857, 1357512065
390, 902806, 448316, 238, 187, 448067, 2999, 2999, 577127986
391, 904051, 448683, 327, 279, 448604, 3079, 3079, 268071181
392, 904129, 449043, 317, 269, 448858, 2821, 2821, 606481889
396, 901644, 162, 447663, 447505, 116, 3099, 3099, 2724048539
395, 903928, 448896, 202, 165, 448675, 2995, 2995, 598490979
397, 903051, 448266, 223, 180, 448026, 3178, 3178, 2000957422
398, 902934, 306, 448402, 448252, 244, 2865, 2865, 2963923892
394, 902318, 447771, 200, 163, 447550, 3317, 3317, 3691140835
393, 903501, 448639, 233, 186, 448555, 2944, 2944, 3809611006
402, 903295, 327, 448333, 448148, 271, 3108, 3108, 696593627
401, 903460, 190, 448744, 448606, 146, 2887, 2887, 1486932587
400, 903617, 177, 448791, 448723, 140, 2893, 2893, 2214979377
399, 902571, 447921, 572, 526, 447844, 2854, 2854, 1790950363
408, 903383, 236, 448495, 448354, 196, 3051, 3051, 1395404148
404, 903305, 448744, 315, 273, 448565, 2704, 2704, 1961257683
409, 903387, 150, 448592, 448478, 111, 3028, 3028, 2470551604
407, 902317, 248, 448188, 448112, 199, 2785, 2785, 2434889171
405, 903673, 222, 448601, 448537, 171, 3071, 3071, 3617515330
410, 903658, 183, 448815, 448593, 147, 2960, 2960, 1348383936
406, 902336, 448048, 299, 254, 447825, 2955, 2955, 3367799934
411, 902749, 206, 448374, 448160, 169, 2920, 2920, 147237251
403, 902293, 448087, 325, 273, 447890, 2859, 2859, 2074150723
412, 902157, 447668, 291, 243, 447493, 3231, 3231, 3960758909
414, 902756, 448045, 357, 301, 447855, 3099, 3099, 663836988
416, 902587, 176, 448253, 448163, 127, 2934, 2934, 2990597757
415, 903975, 448357, 348, 291, 448119, 3430, 3430, 1102286559
417, 902986, 239, 448204, 448071, 190, 3141, 3141, 2243663178
413, 903773, 448460, 544, 509, 448352, 2954, 2954, 2975899722
420, 901828, 269, 447481, 447423, 223, 3216, 3216, 2249625558
419, 902480, 448320, 359, 301, 447966, 2767, 2767, 3548706112
423, 902065, 317, 447840, 447603, 267, 3019, 3019, 2076303455
418, 902594, 448113, 175, 140, 448020, 3073, 3073, 2876788878
422, 904543, 449026, 178, 134, 448937, 3134, 3134, 3705437590
424, 902540, 274, 447900, 447832, 222, 3156, 3156, 1455663700
421, 903434, 448358, 209, 161, 448208, 3249, 3249, 2378865239
425, 903365, 363, 448266, 448141, 319, 3138, 3138, 1599611169
429, 901914, 165, 447780, 447567, 118, 3142, 3142, 3218843096
428, 903246, 179, 448518, 448396, 133, 3010, 3010, 2432748799
427, 902643, 448081, 385, 334, 447973, 2935, 2935, 2088624507
430, 902208, 388, 447426, 447349, 337, 3354, 3354, 1819157707
431, 902459, 448238, 193, 158, 448144, 2863, 2863, 2116637736
436, 903035, 165, 448494, 448224, 120, 3016, 3016, 1832325318
434, 904153, 449043, 226, 183, 448889, 2906, 2906, 500375514
438, 903157, 239, 448488, 448255, 187, 2994, 2994, 1873275183
426, 901794, 447695, 260, 216, 447611, 3006, 3006, 2274958030
433, 903056, 447967, 470, 408, 447897, 3157, 3157, 4223311569
432, 902145, 448007, 222, 185, 447915, 2908, 2908, 1952219843
440, 901418, 260, 447723, 447409, 210, 2908, 2908, 24244809
437, 903521, 448371, 365, 306, 448243, 3118, 3118, 3793750272
435, 903135, 152, 448623, 448552, 112, 2848, 2848, 2360116559
445, 903257, 220, 448678, 448354, 185, 2910, 2910, 2103114080
442, 901837, 447616, 278, 232, 447471, 3120, 3120, 2533191403
439, 902928, 447765, 179, 136, 447514, 3667, 3667, 1778762470
444, 903159, 209, 448542, 448417, 171, 2910, 2910, 887749586
443, 902364, 447915, 294, 248, 447729, 3089, 3089, 2025065466
441, 902155, 447937, 297, 232, 447797, 2946, 2946, 4104710084
450, 904055, 220, 449108, 449000, 173, 2777, 2777, 171296749
446, 902561, 447768, 273, 229, 447685, 3303, 3303, 1477859744
449, 903280, 448284, 228, 183, 448111, 3237, 3237, 2460007980
448, 902491, 272, 447831, 447778, 228, 3191, 3191, 1140928798
453, 903565, 181, 448696, 448258, 148, 3141, 3141, 685724205
451, 902302, 448120, 232, 185, 447965, 2900, 2900, 3636096209
454, 903055, 285, 448415, 448214, 229, 2956, 2956, 3890076887
452, 902489, 448187, 140, 110, 448032, 3010, 3010, 1851218260
447, 902725, 448335, 311, 260, 448257, 2781, 2781, 599536076
457, 903869, 205, 448970, 448779, 161, 2877, 2877, 2324204290
456, 903242, 233, 448305, 448225, 183, 3148, 3148, 1003086044
458, 902790, 157, 448386, 448165, 122, 2980, 2980, 4224414214
455, 903071, 173, 448148, 448035, 141, 3287, 3287, 2003495345
460, 902888, 374, 448314, 448156, 328, 2858, 2858, 2906097032
459, 904590, 449227, 309, 262, 449096, 2848, 2848, 3781954584
462, 902236, 342, 448122, 447861, 297, 2807, 2807, 3679833100
465, 903413, 260, 448186, 448073, 210, 3342, 3342, 2450610932
464, 902924, 334, 448286, 448120, 284, 2950, 2950, 139764909
463, 902758, 240, 448304, 448212, 196, 2903, 2903, 3015688802
461, 904673, 144, 145, 108, 112, 452082, 452082, 2665880043
470, 903078, 620, 447751, 447573, 552, 3291, 3291, 1055313653
471, 903371, 397, 448437, 448255, 342, 2970, 2970, 1222211371
469, 903929, 448670, 250, 195, 448568, 3123, 3123, 294369413
468, 903205, 448089, 209, 170, 448001, 3368, 3368, 1581834802
467, 903448, 448574, 182, 133, 448517, 3021, 3021, 4246418623
466, 904973, 449600, 193, 144, 449536, 2750, 2750, 3872373525
476, 903050, 146, 448506, 448314, 114, 2985, 2985, 448117498
473, 901887, 447847, 219, 164, 447571, 3043, 3043, 534875292
477, 903004, 382, 448450, 448318, 332, 2761, 2761, 4127985081
475, 903309, 218, 448462, 448378, 171, 3040, 3040, 434090263
472, 902852, 360, 448170, 448083, 309, 2965, 2965, 2590168274
478, 901068, 193, 447485, 447335, 153, 2951, 2951, 2867034953
474, 901630, 447441, 233, 191, 447377, 3194, 3194, 2846543252
480, 902563, 163, 448522, 448325, 125, 2714, 2714, 3924354336
483, 904045, 448943, 305, 254, 448691, 2926, 2926, 793531097
487, 903040, 322, 448415, 448049, 268, 2993, 2993, 1748836144
485, 902521, 187, 447865, 447736, 147, 3293, 3293, 712050478
486, 902587, 236, 447959, 447793, 195, 3202, 3202, 3800237471
481, 902221, 447840, 213, 167, 447697, 3152, 3152, 2946096135
488, 903729, 461, 448298, 448152, 394, 3212, 3212, 66906592
482, 901466, 446911, 307, 257, 446749, 3621, 3621, 1355550070
479, 902526, 448016, 264, 214, 447966, 3033, 3033, 2774308057
484, 902846, 191, 448129, 448077, 143, 3153, 3153, 2144924759
490, 902635, 447891, 177, 133, 447748, 3343, 3343, 1349920191
492, 902910, 183, 448320, 448203, 138, 3033, 3033, 3140491689
489, 902598, 448081, 173, 132, 447862, 3175, 3175, 2595984423
494, 902369, 363, 447747, 447425, 310, 3262, 3262, 3666680932
491, 903249, 265, 448230, 448173, 225, 3178, 3178, 3455632734
495, 903118, 478, 448129, 448038, 417, 3028, 3028, 3306044905
493, 901955, 447682, 288, 223, 447516, 3123, 3123, 3203322467
499, 901959, 269, 447886, 447801, 209, 2897, 2897, 1390752861
496, 903931, 448679, 194, 144, 448546, 3184, 3184, 4021792712
498, 902826, 448107, 351, 284, 448000, 3042, 3042, 3721335367
502, 901555, 234, 447422, 447132, 177, 3295, 3295, 3946787523
504, 902428, 287, 448360, 448102, 231, 2724, 2724, 2889816273
497, 903237, 197, 448623, 448545, 150, 2861, 2861, 2750688683
503, 904099, 235, 448938, 448764, 194, 2984, 2984, 237977844
506, 902654, 217, 448031, 447902, 166, 3169, 3169, 215401103
500, 902634, 308, 448141, 448068, 249, 2934, 2934, 875043969
505, 903796, 448966, 177, 137, 448818, 2849, 2849, 3109262024
508, 903263, 246, 448472, 448383, 206, 2978, 2978, 4152137370
501, 904670, 174, 449352, 449293, 141, 2855, 2855, 961295892
514, 901164, 226, 447396, 447035, 181, 3163, 3163, 1805746253
510, 902504, 271, 447831, 447680, 222, 3250, 3250, 2560639668
509, 902458, 448001, 225, 193, 447697, 3171, 3171, 3688885872
511, 904108, 235, 448459, 448324, 202, 3444, 3444, 2904189689
507, 902454, 447736, 236, 192, 447676, 3307, 3307, 414455918
512, 903636, 448634, 250, 199, 448507, 3023, 3023, 2924202296
513, 905231, 449380, 274, 228, 449329, 3010, 3010, 4259799777
515, 903578, 197, 448561, 448508, 154, 3079, 3079, 236667024
516, 901279, 447373, 237, 180, 447155, 3167, 3167, 961086459
521, 904284, 220, 449215, 449120, 175, 2777, 2777, 1764873176
517, 901783, 447281, 277, 224, 447207, 3397, 3397, 838455665
519, 900491, 446792, 214, 176, 446615, 3347, 3347, 462881582
523, 903065, 448393, 294, 245, 448069, 3032, 3032, 2431424604
520, 903536, 448662, 278, 225, 448617, 2877, 2877, 2256283936
522, 904063, 448732, 225, 176, 448532, 3199, 3199, 403298054
525, 902250, 394, 447238, 447123, 345, 3575, 3575, 1184106888
524, 902870, 448395, 299, 245, 448221, 2855, 2855, 2281924670
518, 902342, 447984, 325, 277, 447658, 3049, 3049, 3506839399
526, 903448, 392, 448483, 448395, 344, 2917, 2917, 499445383
527, 902768, 447807, 148, 114, 447725, 3487, 3487, 310665899
530, 901191, 468, 447073, 446822, 414, 3207, 3207, 326085242
533, 902255, 288, 448073, 447881, 233, 2890, 2890, 4273669000
529, 903715, 448939, 146, 113, 448853, 2832, 2832, 2359631629
528, 904749, 449435, 135, 100, 449357, 2861, 2861, 282425772
531, 904043, 449045, 253, 197, 448952, 2798, 2798, 1716571565
532, 903952, 448609, 408, 354, 448459, 3061, 3061, 700487806
537, 902790, 321, 447844, 447699, 276, 3325, 3325, 931052765
538, 904846, 374, 448770, 448635, 319, 3374, 3374, 3007652840
534, 902214, 447627, 271, 221, 447403, 3346, 3346, 2078193287
535, 904503, 183, 449048, 449010, 152, 3055, 3055, 87389478
539, 903869, 229, 448941, 448796, 183, 2860, 2860, 3827192390
536, 902079, 243, 447758, 447695, 203, 3090, 3090, 1744753814
549, 902340, 294, 448072, 447717, 239, 3009, 3009, 977304527
540, 902382, 448120, 124, 96, 447966, 3038, 3038, 2647770699
542, 903897, 449003, 120, 86, 448790, 2949, 2949, 1218415034
548, 903824, 328, 448758, 448519, 285, 2967, 2967, 4246456997
545, 902368, 358, 448065, 447985, 310, 2825, 2825, 3129274044
544, 902920, 427, 448142, 448024, 373, 2977, 2977, 3906825541
543, 905551, 449913, 212, 171, 449731, 2762, 2762, 2853292589
541, 902459, 447554, 321, 268, 447372, 3472, 3472, 1919521142
547, 902273, 448165, 332, 285, 447955, 2768, 2768, 3677029569
546, 903687, 256, 448600, 448512, 197, 3061, 3061, 1833954665
550, 904512, 449307, 269, 214, 449238, 2742, 2742, 2541529753
551, 904058, 448753, 260, 223, 448592, 3115, 3115, 1316556362
552, 902990, 314, 448170, 448050, 264, 3096, 3096, 2856511453
557, 903578, 449089, 175, 132, 448844, 2669, 2669, 2641018450
559, 902298, 374, 447699, 447621, 318, 3143, 3143, 1344529919
553, 902196, 447648, 356, 294, 447474, 3212, 3212, 4228842289
554, 904963, 449113, 231, 187, 449014, 3209, 3209, 3061773998
556, 902079, 230, 447818, 447753, 184, 3047, 3047, 856919396
560, 903588, 231, 448779, 448686, 182, 2855, 2855, 2164252765
558, 904927, 205, 449324, 449263, 161, 2987, 2987, 1550823910
555, 904501, 449291, 319, 269, 449178, 2722, 2722, 4115489971
562, 902470, 447698, 217, 166, 447517, 3436, 3436, 3194760409
561, 902241, 447826, 241, 197, 447703, 3137, 3137, 1653237199
563, 902786, 447966, 361, 305, 447862, 3146, 3146, 1034074224
569, 904116, 231, 449034, 448856, 183, 2906, 2906, 3058839463
566, 904299, 449461, 241, 204, 449311, 2541, 2541, 4188313954
571, 903361, 448358, 345, 310, 448160, 3094, 3094, 1170038286
565, 904052, 155, 448882, 448812, 117, 3043, 3043, 841136515
564, 904178, 448928, 209, 169, 448842, 3015, 3015, 885013639
567, 902319, 447895, 236, 184, 447714, 3145, 3145, 1677798923
572, 901664, 447904, 204, 154, 447828, 2787, 2787, 4280839168
570, 903174, 147, 448472, 448328, 117, 3055, 3055, 2595816895
568, 903242, 448398, 224, 190, 448292, 3069, 3069, 3572497988
574, 903260, 200, 448379, 448333, 160, 3094, 3094, 197423356
580, 902490, 349, 448506, 448249, 304, 2541, 2541, 2382614570
573, 902611, 448341, 271, 229, 448104, 2833, 2833, 762124854
575, 903115, 448012, 311, 267, 447921, 3302, 3302, 2052910197
581, 902826, 292, 448486, 448243, 245, 2780, 2780, 2541714620
576, 901876, 447855, 221, 184, 447750, 2933, 2933, 647072317
582, 903383, 283, 448805, 448593, 240, 2731, 2731, 851048948
579, 902463, 447771, 391, 339, 447686, 3138, 3138, 315644035
578, 902798, 448547, 166, 126, 448453, 2753, 2753, 511110039
585, 903679, 283, 448917, 448798, 231, 2725, 2725, 2043940356
584, 904618, 142, 449300, 449228, 104, 2922, 2922, 1817031184
583, 901395, 447349, 243, 191, 447188, 3212, 3212, 376817224
577, 903188, 151, 448356, 448298, 115, 3134, 3134, 3934412480
589, 903721, 204, 448692, 448550, 159, 3058, 3058, 822095860
590, 903247, 204, 448535, 448440, 154, 2957, 2957, 2363957628
586, 904713, 449273, 125, 89, 449202, 3012, 3012, 1711976583
588, 902132, 448093, 130, 100, 447965, 2922, 2922, 3074881741
587, 904488, 449142, 229, 173, 448958, 2993, 2993, 3280505882
592, 903038, 448302, 302, 249, 448201, 2992, 2992, 1152788202
593, 900898, 447358, 363, 294, 447147, 2868, 2868, 344824521
596, 902073, 321, 447626, 447517, 263, 3173, 3173, 3046642073
594, 901941, 347, 447727, 447610, 299, 2979, 2979, 3716224650
595, 903347, 219, 448660, 448516, 188, 2882, 2882, 1088919834
591, 903858, 189, 448855, 448771, 147, 2948, 2948, 1850290421
597, 904189, 337, 448975, 448833, 286, 2879, 2879, 2512439925
599, 902617, 322, 448168, 448060, 277, 2895, 2895, 6962177
598, 904715, 449304, 163, 121, 449075, 3026, 3026, 1065120320
602, 904940, 171, 449556, 449511, 130, 2786, 2786, 3939703081
600, 901999, 257, 447814, 447742, 208, 2989, 2989, 686163043
606, 902407, 249, 448117, 447944, 201, 2948, 2948, 221087161
601, 903554, 382, 448109, 448043, 330, 3345, 3345, 829225199
607, 902156, 479, 447471, 447306, 410, 3245, 3245, 1959714666
603, 902513, 447090, 599, 541, 446939, 3672, 3672, 1519554325
604, 903073, 448110, 310, 249, 448048, 3178, 3178, 2548510187
605, 903584, 448717, 211, 172, 448504, 2990, 2990, 526849820
610, 902669, 206, 448248, 447907, 156, 3076, 3076, 436532235
609, 901066, 447374, 207, 156, 447185, 3072, 3072, 951954632
608, 903756, 449058, 221, 177, 448974, 2663, 2663, 775534409
611, 902480, 447931, 414, 356, 447877, 2951, 2951, 3033196186
614, 903427, 134, 448777, 448672, 90, 2877, 2877, 289118179
616, 903215, 232, 448475, 448342, 186, 2990, 2990, 1112961963
617, 903582, 448553, 342, 287, 448268, 3066, 3066, 1243256567
618, 902279, 447853, 329, 263, 447584, 3125, 3125, 2343563875
613, 902517, 448111, 145, 107, 447968, 3093, 3093, 1745658665
612, 904513, 449499, 189, 157, 449370, 2649, 2649, 445958258
620, 903004, 447831, 539, 480, 447630, 3262, 3262, 4077069138
621, 904235, 347, 449004, 448942, 312, 2815, 2815, 4187343487
615, 902374, 447967, 396, 346, 447833, 2916, 2916, 543618091
623, 902213, 133, 447861, 447630, 95, 3247, 3247, 1346461460
622, 902798, 195, 448117, 447983, 157, 3173, 3173, 2631198987
619, 903115, 448448, 195, 157, 448339, 2988, 2988, 2620933562
625, 901835, 270, 447958, 447891, 228, 2744, 2744, 1919445539
624, 902461, 448402, 231, 188, 448174, 2733, 2733, 1275740005
627, 903003, 257, 448362, 448280, 210, 2947, 2947, 3416395599
631, 902895, 292, 448100, 447942, 247, 3157, 3157, 612512056
632, 904645, 204, 449389, 449261, 159, 2816, 2816, 266834085
626, 901522, 447441, 185, 148, 447360, 3194, 3194, 698063847
628, 903677, 448648, 323, 263, 448507, 2968, 2968, 705183732
634, 901832, 447703, 256, 212, 447533, 3064, 3064, 1425328678
630, 904120, 247, 449049, 448996, 200, 2814, 2814, 996850370
629, 902806, 448028, 393, 343, 447932, 3055, 3055, 2778446646
633, 901547, 447550, 260, 210, 447457, 3035, 3035, 1681834759
635, 903448, 448549, 207, 161, 448485, 3023, 3023, 230299829
636, 901648, 221, 447625, 447526, 186, 3045, 3045, 2601617223
639, 904149, 449073, 267, 221, 448970, 2809, 2809, 4287299835
641, 902944, 262, 448226, 448087, 205, 3082, 3082, 30261948
637, 902363, 447823, 415, 363, 447730, 3016, 3016, 2923886772
638, 903143, 448212, 241, 198, 448058, 3217, 3217, 1444681958
646, 903666, 221, 448978, 448782, 181, 2752, 2752, 4150878397
642, 903764, 448691, 327, 286, 448592, 2934, 2934, 3668933535
645, 901188, 447096, 386, 330, 446872, 3252, 3252, 719842351
643, 903657, 448774, 302, 239, 448650, 2846, 2846, 54946689
644, 902794, 448475, 188, 135, 448304, 2846, 2846, 620554913
640, 902713, 447995, 209, 169, 447936, 3202, 3202, 817565118
648, 902422, 448269, 244, 193, 448158, 2779, 2779, 2193825525
647, 902588, 448069, 325, 257, 447979, 2979, 2979, 757465351
649, 903155, 448395, 209, 168, 448131, 3126, 3126, 3232384339
656, 903736, 290, 448579, 448451, 242, 3087, 3087, 1196045901
650, 902727, 447964, 156, 116, 447827, 3332, 3332, 1596238906
652, 903389, 448225, 270, 216, 448152, 3263, 3263, 1830375867
654, 903015, 347, 447587, 447511, 292, 3639, 3639, 4016592840
651, 901333, 447043, 413, 352, 446929, 3298, 3298, 1285958119
653, 900803, 446763, 223, 177, 446684, 3478, 3478, 2368951189
657, 903522, 448351, 396, 348, 448165, 3131, 3131, 3530401340
655, 902851, 448176, 193, 141, 448115, 3113, 3113, 3785505161
659, 903641, 345, 448511, 448412, 299, 3037, 3037, 1728930004
658, 902436, 447894, 180, 140, 447834, 3194, 3194, 2146055042
661, 901891, 447715, 318, 248, 447514, 3048, 3048, 1483743218
660, 902762, 448273, 244, 196, 448163, 2943, 2943, 254068763
662, 902622, 447910, 209, 166, 447649, 3344, 3344, 3507937752
666, 903810, 284, 448695, 448448, 233, 3075, 3075, 208051287
669, 902126, 293, 447660, 447356, 239, 3289, 3289, 848114278
663, 903243, 187, 448474, 448411, 141, 3015, 3015, 1612526076
670, 903495, 195, 448550, 448378, 160, 3106, 3106, 3433461364
668, 903531, 172, 448812, 448684, 131, 2866, 2866, 3239814085
665, 903271, 448354, 124, 90, 448291, 3206, 3206, 838300914
671, 903437, 431, 448464, 448395, 371, 2888, 2888, 3457255309
672, 901821, 447438, 499, 448, 447230, 3103, 3103, 2965052941
673, 903596, 448765, 325, 281, 448615, 2805, 2805, 649739925
674, 902471, 448039, 192, 153, 447715, 3186, 3186, 1400255755
667, 903482, 448191, 326, 274, 448087, 3302, 3302, 1049899954
664, 904097, 448913, 212, 165, 448865, 2971, 2971, 3561539689
678, 903521, 439, 448121, 447763, 394, 3402, 3402, 2737561882
676, 903077, 265, 448244, 448124, 224, 3110, 3110, 2031337362
675, 903640, 448771, 174, 136, 448633, 2963, 2963, 462882534
677, 903182, 167, 448260, 448172, 137, 3223, 3223, 2512776627
681, 903776, 214, 448649, 448466, 171, 3138, 3138, 560211810
683, 902945, 191, 448325, 448155, 144, 3065, 3065, 3504881491
684, 902096, 252, 447973, 447748, 193, 2965, 2965, 2162246201
680, 904577, 449362, 176, 125, 449278, 2818, 2818, 703578897
679, 904810, 449269, 221, 176, 448936, 3104, 3104, 2247920623
682, 902847, 175, 448329, 448211, 136, 2998, 2998, 1296229617
685, 902973, 243, 448140, 447997, 197, 3198, 3198, 4164260127
688, 903834, 135, 448858, 448682, 103, 3028, 3028, 817527619
689, 903293, 448635, 236, 188, 448440, 2897, 2897, 3199378421
686, 901972, 216, 447840, 447784, 156, 2988, 2988, 4158399459
695, 902179, 304, 447863, 447669, 251, 3046, 3046, 4076834523
687, 903840, 448444, 190, 143, 448367, 3348, 3348, 2613454968
690, 902244, 448405, 195, 148, 448232, 2632, 2632, 2281872761
691, 903598, 448867, 328, 266, 448655, 2741, 2741, 1410096937
697, 903265, 447937, 388, 344, 447748, 3424, 3424, 716347191
692, 902340, 111, 448043, 447984, 78, 3062, 3062, 898656950
699, 902893, 209, 448354, 448025, 169, 3068, 3068, 1610536462
694, 902118, 163, 447863, 447773, 119, 3100, 3100, 1351477812
693, 902805, 448230, 265, 223, 448127, 2980, 2980, 3263663221
698, 902137, 448143, 242, 194, 448010, 2774, 2774, 2545315635
701, 902553, 353, 448021, 447898, 299, 2991, 2991, 2418132139
696, 903291, 448749, 196, 155, 448641, 2775, 2775, 1732879428
704, 903633, 448566, 262, 212, 448433, 3080, 3080, 4282439762
707, 902828, 264, 448425, 448274, 221, 2822, 2822, 3235233685
702, 902489, 448314, 297, 240, 448064, 2787, 2787, 577245006
700, 903471, 448097, 368, 311, 448031, 3332, 3332, 1359272130
703, 903598, 164, 448597, 448546, 127, 3082, 3082, 2724101120
706, 903068, 226, 448447, 448390, 169, 2918, 2918, 62672036
705, 904413, 449090, 256, 213, 449032, 2911, 2911, 1992748851
710, 903557, 248, 448752, 448641, 198, 2859, 2859, 3999831323
708, 903122, 448223, 258, 215, 448114, 3156, 3156, 3637790530
709, 902394, 235, 447776, 447718, 187, 3239, 3239, 2626994657
715, 902874, 482, 448144, 447779, 417, 3026, 3026, 2275718461
711, 903116, 448847, 166, 135, 448660, 2654, 2654, 3921864395
712, 902532, 184, 448126, 448001, 143, 3039, 3039, 2253144230
713, 903604, 374, 448413, 448286, 311, 3110, 3110, 1812124888
716, 902147, 320, 448071, 447922, 270, 2782, 2782, 4028168651
714, 901675, 447146, 618, 551, 446976, 3192, 3192, 2252091651
718, 902566, 199, 448035, 447968, 148, 3108, 3108, 3976216405
717, 903186, 447881, 257, 217, 447763, 3534, 3534, 542249782
720, 902545, 448306, 249, 198, 448180, 2806, 2806, 416858939
722, 902678, 154, 447990, 447869, 117, 3274, 3274, 891261453
724, 902941, 225, 448352, 448243, 177, 2972, 2972, 893641097
719, 902812, 447846, 459, 415, 447716, 3188, 3188, 664617349
723, 902016, 447910, 195, 155, 447768, 2994, 2994, 1970987351
725, 903179, 448664, 172, 130, 448489, 2862, 2862, 2978985237
721, 903341, 448074, 486, 430, 448037, 3157, 3157, 102101010
728, 902446, 132, 448330, 448045, 93, 2923, 2923, 700157389
726, 901975, 447368, 181, 138, 447304, 3492, 3492, 1781475151
727, 903229, 448451, 222, 168, 448328, 3030, 3030, 408894713
730, 902643, 447908, 378, 310, 447825, 3111, 3111, 2818966010
734, 904659, 449207, 327, 274, 449029, 2911, 2911, 2330257830
729, 905565, 449603, 327, 282, 449409, 2972, 2972, 3579000027
732, 903272, 448465, 186, 140, 448299, 3091, 3091, 508832364
731, 902170, 549, 447595, 447539, 497, 2995, 2995, 2047035584
737, 902294, 447550, 365, 305, 447328, 3373, 3373, 3501052944
733, 902076, 447794, 301, 252, 447671, 3029, 3029, 2566504371
735, 903326, 448980, 131, 99, 448884, 2616, 2616, 1409530102
739, 903171, 400, 448127, 447884, 360, 3200, 3200, 600932010
736, 902539, 447913, 190, 147, 447851, 3219, 3219, 4088172074
740, 902511, 325, 448050, 447965, 271, 2950, 2950, 3527587289
738, 903981, 448709, 332, 277, 448647, 3008, 3008, 3610436371
748, 902298, 232, 448060, 447787, 183, 3018, 3018, 4114170852
747, 902551, 186, 448339, 447998, 144, 2942, 2942, 315037221
741, 902817, 342, 447871, 447811, 295, 3249, 3249, 1875950871
744, 903542, 356, 448352, 448305, 309, 3110, 3110, 2296407546
743, 902381, 448079, 197, 158, 447889, 3029, 3029, 3634975276
745, 903104, 448420, 175, 131, 448366, 3006, 3006, 672238363
749, 901882, 448011, 276, 220, 447793, 2791, 2791, 3263994774
742, 901963, 447540, 360, 312, 447461, 3145, 3145, 4125148368
750, 902458, 159, 448367, 448243, 113, 2788, 2788, 3052035841
751, 903140, 229, 448484, 448276, 185, 2983, 2983, 1348115065
746, 904053, 449019, 201, 150, 448939, 2872, 2872, 1958802504
752, 903463, 167, 448795, 448643, 126, 2866, 2866, 4225882568
759, 903445, 421, 448222, 448038, 362, 3201, 3201, 788854025
761, 902934, 460, 448059, 447790, 397, 3114, 3114, 3907928879
755, 903237, 448551, 200, 156, 448316, 3007, 3007, 3973901746
756, 903215, 448139, 358, 294, 448062, 3181, 3181, 4029147024
754, 903157, 448199, 288, 232, 448120, 3159, 3159, 1305059837
757, 902719, 448248, 215, 171, 448047, 3019, 3019, 2923417359
758, 902049, 447749, 197, 154, 447531, 3209, 3209, 1921479022
762, 903010, 178, 448186, 447911, 135, 3300, 3300, 2141227336
753, 902369, 447666, 353, 289, 447611, 3225, 3225, 868557566
764, 901583, 234, 447443, 447259, 183, 3232, 3232, 1989380363
760, 903369, 448580, 320, 272, 448483, 2857, 2857, 1771157604
763, 903341, 448687, 252, 211, 448533, 2829, 2829, 1792734949
769, 904893, 165, 449587, 449502, 131, 2754, 2754, 3576601164
767, 903370, 172, 448679, 448590, 127, 2901, 2901, 830712545
768, 904147, 449226, 244, 196, 448971, 2755, 2755, 1691154498
771, 903064, 448804, 189, 152, 448453, 2733, 2733, 1078422232
765, 902682, 447945, 525, 482, 447786, 2972, 2972, 2037604300
773, 902333, 448081, 155, 117, 447984, 2998, 2998, 3692165649
766, 904120, 448587, 224, 168, 448451, 3345, 3345, 890810425
770, 902909, 448596, 227, 180, 448500, 2703, 2703, 413958310
774, 902554, 454, 447757, 447554, 405, 3192, 3192, 1973543112
772, 902760, 448452, 186, 155, 448249, 2859, 2859, 3719391072
775, 902947, 249, 448255, 448155, 208, 3040, 3040, 1813695564
777, 902169, 369, 447721, 447626, 309, 3072, 3072, 3978327943
781, 904215, 289, 449083, 448934, 239, 2835, 2835, 1224718426
778, 902363, 367, 447635, 447565, 316, 3240, 3240, 1882231711
784, 902799, 448280, 191, 157, 448127, 3022, 3022, 1969256125
776, 902791, 447536, 224, 168, 447469, 3697, 3697, 4211632312
779, 902815, 190, 448172, 448096, 155, 3101, 3101, 3797360693
780, 904089, 449044, 346, 296, 448919, 2742, 2742, 3556261886
786, 902246, 283, 447862, 447757, 226, 3059, 3059, 403436314
783, 901976, 447888, 263, 213, 447806, 2903, 2903, 4260551332
787, 903102, 448317, 198, 152, 448243, 3096, 3096, 2551859092
788, 903997, 196, 449332, 449242, 155, 2536, 2536, 1836713499
785, 903209, 448435, 233, 195, 448358, 2994, 2994, 133166160
782, 903682, 448529, 310, 268, 448449, 3063, 3063, 228677833
789, 904539, 109, 449459, 449314, 81, 2788, 2788, 3016588541
792, 902961, 256, 448390, 448220, 217, 2939, 2939, 2425073835
794, 901479, 277, 447018, 446795, 229, 3580, 3580, 929631032
790, 902808, 448131, 269, 224, 447998, 3093, 3093, 872262789
791, 903138, 448492, 286, 228, 448328, 2902, 2902, 1070332935
799, 903791, 448445, 273, 220, 448337, 3258, 3258, 28439609
797, 903811, 448911, 324, 266, 448800, 2755, 2755, 483225546
796, 904039, 448922, 317, 269, 448823, 2854, 2854, 1493616553
795, 902103, 447541, 258, 204, 447440, 3330, 3330, 3598563783
800, 903870, 449104, 307, 250, 448913, 2648, 2648, 1158222264
798, 903524, 448756, 184, 140, 448684, 2880, 2880, 2965326262
793, 901450, 447545, 165, 122, 447470, 3074, 3074, 496039179
804, 902670, 314, 448072, 447886, 262, 3068, 3068, 1881455326
802, 903322, 448566, 194, 152, 448452, 2979, 2979, 3169100886
801, 903503, 448310, 515, 452, 448142, 3042, 3042, 1236702661
803, 903117, 448259, 250, 201, 448151, 3128, 3128, 100118972
809, 903500, 251, 448623, 448372, 198, 3028, 3028, 2081006235
808, 902364, 324, 447998, 447932, 280, 2915, 2915, 2446766359
807, 901745, 300, 447060, 446939, 246, 3600, 3600, 1098447746
810, 902768, 448088, 160, 114, 447926, 3240, 3240, 1109288273
805, 902455, 447894, 230, 183, 447768, 3190, 3190, 4258898775
811, 904348, 406, 448652, 448565, 353, 3186, 3186, 1199296438
806, 900803, 447019, 366, 306, 446854, 3129, 3129, 144472302
812, 903261, 448483, 329, 285, 448306, 2929, 2929, 2091596107
815, 902762, 260, 448179, 447916, 203, 3102, 3102, 4138214160
818, 903408, 224, 448547, 448244, 175, 3109, 3109, 1628769511
814, 902261, 447995, 216, 170, 447706, 3087, 3087, 3886277273
820, 903793, 334, 448750, 448347, 286, 3038, 3038, 1557174048
813, 901855, 447613, 296, 256, 447518, 3086, 3086, 1567417798
819, 902947, 260, 448345, 448227, 217, 2949, 2949, 3291554729
823, 903867, 180, 448809, 448721, 139, 3009, 3009, 3266126903
816, 903566, 257, 448522, 448444, 213, 3065, 3065, 839311613
817, 901655, 447175, 505, 459, 447108, 3204, 3204, 3031476468
821, 903707, 448852, 338, 300, 448663, 2777, 2777, 2412584353
826, 902904, 296, 448477, 448366, 243, 2761, 2761, 2527462083
822, 900748, 446685, 171, 131, 446617, 3572, 3572, 3014029171
827, 901821, 447263, 485, 436, 447087, 3275, 3275, 173153581
824, 901775, 160, 447619, 447560, 124, 3156, 3156, 4167615042
832, 903661, 204, 449055, 448861, 165, 2688, 2688, 4008435536
825, 903014, 448319, 335, 286, 448178, 2948, 2948, 2698253772
829, 904248, 221, 448838, 448786, 179, 3112, 3112, 3200404583
833, 903152, 448637, 262, 212, 448457, 2792, 2792, 2869545813
831, 903354, 214, 448696, 448636, 174, 2817, 2817, 2669777827
828, 903675, 448445, 256, 216, 448344, 3207, 3207, 2734902532
837, 903517, 192, 448767, 448546, 138, 2937, 2937, 3072421200
835, 901640, 298, 447484, 447310, 252, 3148, 3148, 1843464003
830, 903298, 448136, 224, 182, 448066, 3345, 3345, 2557845578
836, 902138, 185, 448071, 448007, 145, 2865, 2865, 4002072571
841, 903695, 265, 448789, 448598, 223, 2910, 2910, 1623167035
839, 902387, 324, 447946, 447892, 259, 2983, 2983, 3161088580
840, 901506, 447231, 383, 323, 447091, 3239, 3239, 2068835856
834, 902632, 447486, 485, 429, 447432, 3400, 3400, 2400698089
838, 901961, 447726, 181, 142, 447628, 3142, 3142, 1790137977
842, 903670, 448454, 371, 323, 448190, 3166, 3166, 2604996475
843, 903656, 448674, 181, 139, 448572, 3045, 3045, 2836215616
844, 902850, 146, 448206, 448106, 108, 3142, 3142, 889341993
845, 902318, 423, 447618, 447485, 372, 3210, 3210, 701504791
849, 903426, 352, 448457, 448251, 288, 3039, 3039, 3454479130
846, 901814, 175, 447779, 447667, 139, 3027, 3027, 4287993244
848, 903089, 448248, 336, 287, 448116, 3051, 3051, 2738340463
847, 904389, 183, 448960, 448888, 146, 3106, 3106, 1817467004
853, 903522, 189, 448955, 448683, 149, 2773, 2773, 2638939171
854, 901722, 256, 447817, 447680, 203, 2883, 2883, 317525509
852, 902676, 447982, 260, 221, 447847, 3183, 3183, 2131244767
851, 902784, 448408, 235, 184, 448217, 2870, 2870, 592988879
856, 903299, 263, 448634, 448446, 210, 2873, 2873, 807588753
855, 902436, 307, 448124, 448017, 256, 2866, 2866, 3985532299
850, 902467, 447851, 273, 220, 447719, 3202, 3202, 619555005
858, 903371, 371, 448482, 448370, 330, 2909, 2909, 776185986
861, 902393, 233, 447860, 447704, 190, 3203, 3203, 2592562404
859, 902911, 448421, 228, 185, 448267, 2905, 2905, 1346915683
860, 903818, 448201, 536, 483, 447982, 3308, 3308, 937289941
857, 902311, 448056, 230, 182, 447911, 2966, 2966, 2761952683
864, 903405, 448498, 251, 196, 448358, 3051, 3051, 494013210
866, 904490, 280, 448961, 448802, 233, 3107, 3107, 1119737998
862, 904514, 449374, 190, 154, 449282, 2757, 2757, 2064825499
863, 903631, 448735, 243, 198, 448701, 2877, 2877, 3955765898
868, 903883, 449059, 156, 123, 448903, 2821, 2821, 2672349776
865, 903016, 447852, 462, 407, 447749, 3273, 3273, 3854688645
869, 903519, 308, 448312, 448215, 256, 3214, 3214, 3097718492
867, 902448, 447346, 490, 451, 447287, 3437, 3437, 1314653425
870, 902993, 448260, 309, 265, 448069, 3045, 3045, 853247480
871, 903948, 267, 448966, 448930, 223, 2781, 2781, 753571504
876, 902568, 285, 447846, 447682, 229, 3263, 3263, 3436713776
872, 903920, 448566, 356, 297, 448513, 3094, 3094, 2616755064
873, 901715, 1850, 445779, 445726, 1808, 3276, 3276, 265157074
875, 903219, 448664, 252, 206, 448563, 2767, 2767, 2542898375
880, 903875, 195, 448829, 448736, 159, 2978, 2978, 1861536404
874, 901270, 447446, 189, 146, 447367, 3061, 3061, 1521119465
882, 903747, 357, 448682, 448540, 306, 2931, 2931, 344573780
878, 902061, 447708, 329, 279, 447637, 3054, 3054, 2310938187
879, 904160, 214, 449004, 448950, 178, 2907, 2907, 4226419118
881, 902021, 447858, 191, 152, 447616, 3102, 3102, 139849322
877, 903304, 303, 448516, 448431, 266, 2894, 2894, 3072040102
883, 903404, 238, 448629, 448557, 190, 2895, 2895, 3085249175
884, 903755, 170, 449053, 448828, 126, 2789, 2789, 2507449788
889, 902298, 452, 448034, 447788, 402, 2811, 2811, 2453904847
887, 904331, 124, 449189, 449117, 85, 2908, 2908, 2472180568
886, 903980, 448794, 225, 189, 448748, 3012, 3012, 1548070863
885, 901910, 447676, 260, 215, 447577, 3091, 3091, 261328844
891, 902335, 447817, 270, 210, 447568, 3235, 3235, 3234310854
888, 903579, 246, 448713, 448634, 198, 2894, 2894, 2089891988
894, 904609, 449546, 235, 182, 449316, 2665, 2665, 2175253355
892, 902048, 447353, 407, 345, 447159, 3392, 3392, 2947998253
893, 903572, 448656, 195, 155, 448496, 3035, 3035, 13849440
895, 903881, 449021, 141, 102, 448783, 2917, 2917, 3449985770
898, 902345, 228, 447809, 447614, 174, 3260, 3260, 1501130933
890, 903344, 448212, 195, 155, 448048, 3367, 3367, 1181795185
901, 903261, 444, 448542, 448392, 389, 2747, 2747, 1911528721
904, 903155, 503, 448219, 447984, 445, 3002, 3002, 3451336998
902, 903567, 219, 448583, 448340, 179, 3123, 3123, 1620319407
897, 902582, 448128, 260, 217, 448037, 2970, 2970, 2565875998
896, 903492, 448667, 234, 177, 448612, 2901, 2901, 1219617444
899, 903613, 216, 448624, 448544, 171, 3029, 3029, 782213392
907, 903142, 195, 448467, 448321, 147, 3006, 3006, 1012475353
905, 902512, 448245, 327, 266, 448202, 2736, 2736, 2793969902
906, 903365, 448908, 162, 130, 448739, 2713, 2713, 2731480871
900, 902900, 448308, 264, 223, 448163, 2971, 2971, 1014030982
908, 903262, 321, 448489, 448389, 275, 2894, 2894, 4194674983
903, 903214, 255, 448515, 448434, 206, 2902, 2902, 2552808286
909, 903437, 448685, 356, 306, 448366, 2862, 2862, 3941311319
910, 903090, 448536, 170, 125, 448383, 2938, 2938, 1192780333
911, 904393, 449252, 173, 135, 449057, 2888, 2888, 2518544106
912, 903791, 448592, 300, 243, 448462, 3097, 3097, 1912270722
914, 903125, 448276, 229, 186, 448058, 3188, 3188, 4036984212
913, 903784, 330, 448814, 448688, 278, 2837, 2837, 504896650
915, 902342, 447685, 309, 265, 447623, 3230, 3230, 2611990104
916, 901894, 447658, 344, 304, 447464, 3062, 3062, 3441976962
917, 900854, 332, 446743, 446664, 275, 3420, 3420, 435784732
919, 902834, 190, 448225, 448133, 148, 3069, 3069, 1281248050
918, 904158, 237, 448889, 448795, 191, 3023, 3023, 3616385132
920, 904503, 449569, 110, 82, 449476, 2633, 2633, 2783988963
921, 903002, 448496, 217, 173, 448434, 2841, 2841, 39638553
923, 903418, 448625, 199, 151, 448481, 2981, 2981, 3744173578
922, 902945, 448156, 262, 219, 447990, 3159, 3159, 2384725509
924, 903658, 183, 448740, 448646, 151, 2969, 2969, 4218765504
927, 902178, 272, 447648, 447517, 223, 3259, 3259, 1763202931
925, 903235, 448554, 282, 228, 448471, 2850, 2850, 2149154884
932, 903773, 148, 448619, 448491, 113, 3201, 3201, 2584536632
929, 902225, 447775, 258, 216, 447658, 3159, 3159, 1952979384
930, 903609, 449022, 156, 108, 448783, 2770, 2770, 1012477759
926, 903090, 199, 448086, 448029, 156, 3310, 3310, 1506099854
935, 902692, 242, 448263, 448089, 196, 2951, 2951, 4006590938
931, 902123, 447734, 212, 174, 447661, 3171, 3171, 1698186173
928, 902980, 248, 448133, 448063, 202, 3167, 3167, 536594444
937, 903684, 448926, 275, 229, 448736, 2759, 2759, 4140279126
933, 903074, 262, 447604, 447475, 219, 3757, 3757, 753855491
939, 903190, 280, 448297, 448109, 238, 3133, 3133, 767910011
934, 903632, 448601, 203, 163, 448483, 3091, 3091, 878786481
938, 902920, 448453, 191, 150, 448282, 2922, 2922, 3648983324
936, 902767, 283, 448198, 448128, 234, 2962, 2962, 2769393146
942, 901004, 446989, 274, 223, 446734, 3392, 3392, 2347448203
944, 905256, 206, 449747, 449433, 160, 2855, 2855, 2009095308
941, 903997, 239, 449126, 449013, 187, 2716, 2716, 3743400719
940, 901599, 447760, 249, 198, 447588, 2902, 2902, 3671379148
943, 902419, 432, 447626, 447493, 370, 3249, 3249, 3229880360
945, 903882, 449171, 134, 100, 448933, 2772, 2772, 603767023
948, 901923, 357, 447640, 447465, 297, 3082, 3082, 597822850
949, 901379, 537, 447324, 447160, 492, 2933, 2933, 222968931
946, 903775, 448560, 319, 261, 448399, 3118, 3118, 240636939
951, 902651, 447843, 405, 356, 447651, 3198, 3198, 2773176607
954, 903661, 362, 448493, 448401, 313, 3046, 3046, 79697380
953, 902337, 210, 447904, 447804, 167, 3126, 3126, 1180182665
956, 903132, 448221, 331, 285, 448075, 3110, 3110, 1139001722
947, 903223, 448540, 200, 153, 448380, 2975, 2975, 1485951006
952, 902812, 448117, 362, 312, 448009, 3006, 3006, 3976291329
955, 902994, 448176, 261, 215, 448094, 3124, 3124, 4022047294
950, 903185, 448525, 255, 211, 448474, 2860, 2860, 3431644340
958, 902958, 448159, 277, 221, 448001, 3150, 3150, 4015390394
959, 901838, 447844, 173, 130, 447725, 2983, 2983, 2398273799
963, 902409, 131, 448256, 448092, 106, 2912, 2912, 1853226090
962, 902718, 358, 447889, 447780, 311, 3190, 3190, 866435209
957, 902085, 447827, 317, 273, 447738, 2965, 2965, 3746539674
965, 904317, 204, 449006, 448955, 158, 2997, 2997, 395444843
967, 902428, 129, 448189, 448114, 98, 2949, 2949, 172244179
964, 903396, 448164, 284, 243, 448033, 3336, 3336, 2953759665
960, 903870, 448670, 190, 142, 448592, 3138, 3138, 2632525217
966, 903566, 448518, 262, 216, 448346, 3112, 3112, 261351585
969, 903292, 325, 448408, 448346, 257, 2978, 2978, 2356859491
971, 903414, 226, 448786, 448460, 178, 2882, 2882, 3935903799
961, 903195, 448110, 239, 185, 448045, 3308, 3308, 2304737747
968, 903723, 448877, 208, 167, 448825, 2823, 2823, 3623116785
970, 903295, 229, 448602, 448553, 179, 2866, 2866, 198986048
974, 901200, 178, 447450, 447174, 134, 3132, 3132, 1421059261
973, 903149, 448285, 329, 293, 448080, 3081, 3081, 774918527
972, 903209, 448069, 370, 327, 447859, 3292, 3292, 4065300761
975, 902858, 193, 448216, 448172, 145, 3066, 3066, 3484788861
978, 902863, 355, 448111, 448040, 289, 3034, 3034, 2744618799
976, 904132, 449049, 248, 201, 448912, 2861, 2861, 2684676891
983, 903321, 206, 448979, 448752, 162, 2611, 2611, 3374394905
981, 903769, 215, 448808, 448698, 176, 2936, 2936, 2247658982
980, 903854, 377, 448465, 448395, 339, 3139, 3139, 1602902940
977, 903174, 448543, 223, 168, 448458, 2891, 2891, 3490578863
979, 903586, 448633, 238, 185, 448582, 2974, 2974, 1477943289
982, 903378, 448383, 305, 257, 448219, 3107, 3107, 394966731
984, 904179, 264, 448942, 448898, 221, 2927, 2927, 3689978749
987, 903068, 295, 448731, 448457, 247, 2669, 2669, 2579895081
986, 904280, 388, 448743, 448596, 325, 3114, 3114, 2919153492
989, 902175, 266, 448043, 447897, 219, 2875, 2875, 2030153205
985, 901877, 447881, 261, 211, 447656, 2934, 2934, 2861370786
988, 902277, 319, 447738, 447520, 276, 3212, 3212, 3092615200
990, 904023, 325, 448537, 448315, 276, 3285, 3285, 1283039075
991, 903087, 448387, 336, 281, 448193, 2945, 2945, 1469575285
993, 902021, 447786, 347, 294, 447702, 2946, 2946, 4249993788
995, 903511, 448676, 266, 213, 448528, 2914, 2914, 1198800789
994, 902513, 448000, 300, 254, 447887, 3036, 3036, 3932605639
992, 904177, 448826, 159, 129, 448763, 3150, 3150, 936218997
996, 901973, 448018, 172, 137, 447930, 2858, 2858, 2364571185
997, 901639, 336, 447652, 447432, 277, 2971, 2971, 649428855
999, 903744, 397, 448253, 448115, 345, 3317, 3317, 1350488354
998, 902434, 448023, 328, 277, 447954, 2926, 2926, 1350774144
