sample_id, N_LCC, N_A_1_LCC, N_B_1_LCC, N_A_0_LCC, N_B_0_LCC, N_A_*_LCC, N_B_*_LCC, seed
9, 2039418, 411776, 468471, 452261, 395684, 155613, 155613, 3542926525
1, 2043954, 460672, 414049, 398300, 444795, 163069, 163069, 944969353
13, 2045923, 441119, 428187, 412746, 425709, 169081, 169081, 2525275814
11, 2044414, 443710, 437973, 422237, 427802, 156346, 156346, 113138775
3, 2047621, 450857, 425643, 410323, 435614, 162592, 162592, 2002554316
10, 2044896, 412574, 463065, 447148, 397919, 162095, 162095, 3063556237
14, 2050377, 438108, 446512, 430880, 423519, 155679, 155679, 707496550
15, 2044995, 402985, 472899, 456943, 388268, 161950, 161950, 4289797525
8, 2038573, 398709, 473637, 457091, 383198, 162969, 162969, 4266477438
4, 2050137, 418151, 457085, 441497, 402686, 165359, 165359, 1757809924
2, 2046572, 544621, 337454, 323370, 527913, 156607, 156607, 2680495940
5, 2041758, 401201, 470119, 453059, 385607, 165886, 165886, 854019143
7, 2051701, 464611, 425562, 410116, 449566, 150923, 150923, 1876381911
12, 2043973, 439398, 439863, 424477, 423941, 158147, 158147, 43872272
6, 2043046, 451255, 420389, 405083, 435805, 165257, 165257, 41491541
0, 2044723, 441053, 434152, 418566, 426188, 162382, 162382, 43825615
16, 2042891, 400901, 480497, 464123, 386026, 155672, 155672, 3197248154
17, 2043428, 451074, 434366, 417724, 434908, 152678, 152678, 1091762768
18, 2045911, 435895, 450599, 435496, 420389, 151766, 151766, 2340806834
19, 2039181, 414294, 452648, 436543, 399046, 168325, 168325, 4290838467
20, 2040962, 415109, 455576, 439981, 399718, 165289, 165289, 2689131501
22, 2046078, 408015, 478982, 462897, 392750, 151717, 151717, 3867696590
26, 2043834, 439175, 437102, 421379, 423230, 161474, 161474, 386127058
23, 2047608, 423079, 457883, 442055, 408125, 158233, 158233, 2693689149
24, 2047157, 411865, 471882, 455906, 396246, 155629, 155629, 1637737437
21, 2049037, 471199, 405237, 390333, 454952, 163658, 163658, 249224146
25, 2044153, 452111, 419058, 404029, 436189, 166383, 166383, 3909819947
27, 2047284, 415068, 454287, 437739, 399552, 170319, 170319, 1607448947
31, 2043967, 442310, 438546, 422910, 426025, 157088, 157088, 162482270
28, 2049770, 440683, 442556, 427069, 425510, 156976, 156976, 1295275802
30, 2049651, 458251, 423348, 408171, 442389, 158746, 158746, 3682478822
29, 2047021, 452271, 428688, 413594, 436576, 157946, 157946, 3464210842
33, 2040592, 395397, 491964, 475391, 380294, 148773, 148773, 1064414573
32, 2044508, 457194, 422320, 406717, 441743, 158267, 158267, 3804536379
35, 2041299, 445358, 438874, 423392, 429183, 152246, 152246, 3888865221
36, 2040807, 399610, 474378, 458321, 384324, 162087, 162087, 1416175568
37, 2042691, 427669, 448742, 432854, 411942, 160742, 160742, 2915860030
34, 2046833, 432837, 435863, 420954, 417767, 169706, 169706, 2059592902
39, 2045774, 385333, 490936, 474560, 370565, 162190, 162190, 1604784541
41, 2043810, 398852, 484668, 468953, 383519, 153909, 153909, 37579794
45, 2044408, 397758, 486439, 469953, 383222, 153518, 153518, 971333516
38, 2043452, 432884, 441188, 425294, 417760, 163163, 163163, 1230095378
40, 2040657, 442762, 428409, 412599, 427261, 164813, 164813, 255694348
42, 2049121, 459093, 427987, 412782, 443369, 152945, 152945, 255985679
44, 2045481, 464135, 410770, 395954, 448260, 163181, 163181, 2468350535
43, 2042853, 426429, 456472, 440988, 411372, 153796, 153796, 1325198847
46, 2045770, 436805, 446583, 431149, 420965, 155134, 155134, 3360915632
47, 2039111, 408070, 471136, 455424, 392597, 155942, 155942, 2647472804
48, 2048250, 457066, 419724, 404395, 441845, 162610, 162610, 4243087101
49, 2047864, 467541, 412878, 397695, 451378, 159186, 159186, 3525643249
54, 2041371, 424954, 454537, 438881, 408925, 157037, 157037, 667226641
52, 2044237, 409432, 471904, 456279, 394130, 156246, 156246, 1439585058
50, 2049553, 457542, 413890, 398928, 442543, 168325, 168325, 1644677710
51, 2043413, 440024, 427204, 411856, 424485, 169922, 169922, 2230307378
53, 2047426, 441390, 429987, 414230, 425677, 168071, 168071, 2993594186
57, 2047208, 431284, 454616, 439187, 415365, 153378, 153378, 3200130331
58, 2048365, 405446, 474340, 458998, 390371, 159605, 159605, 794705084
59, 2042673, 423689, 444354, 429201, 407015, 169207, 169207, 2155552973
56, 2047084, 446365, 439041, 423885, 430569, 153612, 153612, 1362330523
61, 2040081, 481714, 391050, 375564, 465127, 163313, 163313, 3961952781
63, 2045845, 409260, 469038, 453327, 394266, 159977, 159977, 481991512
62, 2049575, 493439, 389393, 374481, 477084, 157589, 157589, 1249221533
55, 2049322, 452961, 418336, 403678, 437133, 168607, 168607, 3031721564
60, 2045757, 425397, 457778, 441668, 409846, 155534, 155534, 4034246865
64, 2042709, 411383, 459161, 442996, 395799, 166685, 166685, 1700668248
65, 2040704, 406000, 470370, 454279, 390681, 159687, 159687, 135430109
66, 2040807, 457723, 419647, 403831, 441766, 158920, 158920, 2636173406
67, 2041540, 440569, 437090, 421585, 424758, 158769, 158769, 809938082
68, 2045045, 461027, 426771, 411180, 445003, 150532, 150532, 3394514616
70, 2043793, 457955, 408727, 393455, 441604, 171026, 171026, 1017635404
69, 2041849, 389087, 487876, 471876, 374504, 159253, 159253, 327903856
72, 2047648, 426636, 453440, 437598, 411494, 159240, 159240, 3599494191
78, 2043656, 416990, 462467, 447241, 401060, 157949, 157949, 1574234335
71, 2047943, 494927, 391873, 376851, 479262, 152515, 152515, 782434122
74, 2043528, 400414, 470228, 454163, 385243, 166740, 166740, 2115099978
76, 2045687, 415730, 469477, 453823, 400515, 153071, 153071, 2445159120
77, 2042456, 457478, 422816, 407400, 441616, 156573, 156573, 2129488170
73, 2037616, 457169, 415538, 399988, 441535, 161693, 161693, 1712485600
79, 2051962, 452315, 438026, 422725, 436822, 151037, 151037, 1406833030
75, 2043601, 420938, 451571, 435213, 405735, 165072, 165072, 2022036871
80, 2043660, 412807, 464389, 448852, 397540, 160036, 160036, 2075221282
81, 2048033, 473667, 413224, 398231, 458001, 152455, 152455, 392429640
82, 2050619, 469690, 402317, 387242, 454168, 168601, 168601, 2409071182
83, 2047328, 446221, 428654, 412820, 431099, 164267, 164267, 1123697393
84, 2050428, 406904, 474351, 458232, 391953, 159494, 159494, 625742440
85, 2048175, 444077, 434595, 419727, 428270, 160753, 160753, 2403561669
86, 2049888, 444522, 439892, 424109, 429229, 156068, 156068, 1689240243
89, 2045269, 481502, 388877, 373635, 465125, 168065, 168065, 3009956368
87, 2044042, 403637, 460698, 444734, 388717, 173128, 173128, 1991899463
90, 2046269, 493492, 382289, 367705, 477217, 162783, 162783, 3623680325
93, 2046727, 432364, 443666, 426892, 417105, 163350, 163350, 3176849302
88, 2048117, 464902, 414146, 398661, 449392, 160508, 160508, 3552316847
91, 2050360, 427643, 455881, 440605, 411595, 157318, 157318, 1879250123
92, 2047673, 480274, 395714, 381149, 464226, 163155, 163155, 1903001021
94, 2044433, 446376, 429499, 413448, 431030, 162040, 162040, 3566931140
95, 2037507, 405959, 464477, 448017, 390506, 164274, 164274, 1024062516
96, 2042973, 440473, 442159, 426592, 424619, 154565, 154565, 2323698094
97, 2042842, 462337, 417643, 402253, 446847, 156881, 156881, 1380299188
98, 2043575, 441749, 435066, 419175, 425659, 160963, 160963, 2726510228
99, 2044225, 503813, 371083, 356551, 487188, 162795, 162795, 353877507
100, 2043241, 445083, 433187, 417194, 429359, 159209, 159209, 3571224723
101, 2045090, 455751, 425823, 410436, 440132, 156474, 156474, 4179494784
102, 2045843, 433187, 448886, 433008, 417458, 156652, 156652, 2040720591
104, 2043741, 461613, 420166, 404884, 445484, 155797, 155797, 1997782809
105, 2048116, 448373, 424511, 409627, 432963, 166321, 166321, 2778533879
107, 2042244, 479535, 393039, 377638, 463498, 164267, 164267, 3763424637
108, 2043665, 448489, 425718, 410841, 432897, 162860, 162860, 3779562170
111, 2048281, 408403, 467218, 451144, 393760, 163878, 163878, 2346214051
106, 2048614, 450658, 426562, 411272, 435026, 162548, 162548, 2607856662
109, 2048913, 457286, 424933, 409702, 441952, 157520, 157520, 803988277
103, 2048146, 440149, 431625, 416727, 424707, 167469, 167469, 499632829
110, 2045391, 433137, 446833, 430816, 418161, 158222, 158222, 308025843
112, 2047684, 473869, 403481, 388625, 457777, 161966, 161966, 2769446772
113, 2044921, 433207, 448041, 432132, 417177, 157182, 157182, 816447423
114, 2038929, 495955, 377198, 362530, 479410, 161918, 161918, 673926089
116, 2045265, 469149, 417005, 402350, 453707, 151527, 151527, 4161585983
115, 2043300, 444768, 427241, 412037, 428914, 165170, 165170, 22161564
117, 2047108, 409434, 467882, 452384, 394470, 161469, 161469, 2939679820
118, 2040461, 445904, 416119, 400472, 430100, 173933, 173933, 3963536447
120, 2044045, 449767, 417563, 401532, 434379, 170402, 170402, 3673168394
119, 2045861, 411482, 449935, 434922, 395884, 176819, 176819, 946286405
124, 2047377, 374214, 506424, 490641, 359360, 158369, 158369, 2279444788
121, 2043894, 468613, 403789, 388414, 452506, 165286, 165286, 1691248958
123, 2044348, 454968, 426107, 410870, 438749, 156827, 156827, 3371319950
125, 2044625, 425820, 436318, 420562, 409991, 175967, 175967, 1061962564
126, 2041574, 441228, 431226, 415867, 425541, 163856, 163856, 2104217826
122, 2047410, 474564, 399499, 385157, 458522, 164834, 164834, 2547182958
128, 2048168, 433996, 443811, 428639, 418608, 161557, 161557, 4041373227
127, 2047279, 445306, 436761, 421450, 429000, 157381, 157381, 243922313
129, 2046251, 468362, 405971, 390929, 452501, 164244, 164244, 4018050716
130, 2043677, 410755, 471366, 454932, 395318, 155653, 155653, 2315739669
131, 2048961, 459528, 415905, 400250, 444076, 164601, 164601, 2606004065
132, 2045624, 422953, 461538, 445883, 407672, 153789, 153789, 3003372711
133, 2053047, 390814, 491650, 475770, 376525, 159144, 159144, 1165717902
134, 2040870, 452292, 425804, 409719, 436223, 158416, 158416, 27140589
135, 2043332, 404282, 468074, 451507, 389083, 165193, 165193, 2792215952
137, 2050873, 414442, 465662, 449832, 399585, 160676, 160676, 104608347
136, 2040636, 414007, 457958, 442136, 398319, 164108, 164108, 3223731852
138, 2035305, 423263, 441762, 426261, 407745, 168137, 168137, 2594360846
141, 2041419, 431450, 438846, 423253, 415532, 166169, 166169, 3112212246
139, 2046220, 412891, 464367, 448765, 397241, 161478, 161478, 226345166
144, 2047284, 393007, 489696, 473149, 378376, 156528, 156528, 564111897
140, 2049134, 443666, 437214, 421999, 427861, 159197, 159197, 570133075
143, 2046696, 457261, 426732, 411419, 441212, 155036, 155036, 993516729
142, 2045525, 428099, 436412, 420941, 412217, 173928, 173928, 1485782782
145, 2041885, 407507, 466545, 450435, 392356, 162521, 162521, 1702423806
146, 2042774, 434801, 441339, 425289, 419335, 161005, 161005, 1502532954
149, 2045835, 439660, 430499, 414604, 424376, 168348, 168348, 4150988749
147, 2045074, 500345, 376192, 361188, 483917, 161716, 161716, 1373768672
148, 2042952, 454099, 426043, 410865, 438407, 156769, 156769, 1295609373
150, 2040943, 456381, 419888, 404518, 439802, 160177, 160177, 1339275520
151, 2044731, 479877, 399641, 384592, 463607, 158507, 158507, 390960324
152, 2042581, 439161, 442900, 427129, 423515, 154938, 154938, 1453889979
153, 2042292, 453398, 416468, 400945, 437611, 166935, 166935, 2375719832
154, 2053617, 453872, 430053, 415399, 438765, 157764, 157764, 3486360847
156, 2039080, 441868, 422614, 406876, 426274, 170724, 170724, 253930292
160, 2045669, 422620, 456012, 440367, 407368, 159651, 159651, 825276478
159, 2050030, 429672, 454088, 438555, 414641, 156537, 156537, 3916133959
158, 2045179, 445536, 431476, 415733, 429810, 161312, 161312, 3983794913
155, 2050253, 398301, 479380, 463226, 383532, 162907, 162907, 3825336873
157, 2046006, 475591, 398176, 383458, 459187, 164797, 164797, 894491759
161, 2047471, 437196, 446402, 430879, 421850, 155572, 155572, 47856780
162, 2043284, 423834, 456179, 440716, 408595, 156980, 156980, 2552996753
163, 2038883, 449518, 425156, 409427, 433052, 160865, 160865, 3459709673
164, 2045263, 422364, 452393, 436635, 406631, 163620, 163620, 3718383435
166, 2043704, 465249, 410252, 394783, 448676, 162372, 162372, 2625899520
165, 2052098, 392448, 485861, 469847, 377122, 163410, 163410, 2182461516
167, 2046464, 493657, 386107, 370843, 477825, 159016, 159016, 1297278462
168, 2044095, 477900, 393779, 378722, 461686, 166004, 166004, 3904218313
169, 2046479, 385007, 491300, 475033, 370197, 162471, 162471, 525749978
171, 2041011, 396070, 478763, 462881, 381163, 161067, 161067, 235097399
175, 2043638, 400095, 476445, 460430, 385196, 160736, 160736, 658142396
170, 2043610, 432693, 433714, 418435, 416812, 170978, 170978, 1384504270
173, 2044909, 386284, 496317, 479654, 371204, 155725, 155725, 2408879092
172, 2047227, 464943, 410592, 395342, 449126, 163612, 163612, 2052818164
177, 2045525, 430628, 446816, 431389, 414968, 160862, 160862, 4237180860
178, 2045395, 426970, 452030, 436398, 411181, 159408, 159408, 2299527180
174, 2045889, 452934, 433150, 417751, 437138, 152458, 152458, 1476701326
176, 2047624, 443324, 438399, 422953, 427824, 157562, 157562, 1945988698
179, 2041743, 427648, 448842, 433534, 411851, 159934, 159934, 1751890044
182, 2044994, 447516, 427638, 411756, 432402, 162841, 162841, 2422302766
180, 2048852, 398948, 474693, 458335, 384186, 166345, 166345, 3673384042
181, 2051466, 471657, 410471, 395606, 456122, 158805, 158805, 3482458323
183, 2038671, 430885, 434652, 418721, 415115, 169649, 169649, 2721925304
186, 2042285, 463686, 410380, 395322, 447357, 162770, 162770, 3336863517
185, 2049189, 419782, 454754, 439118, 403967, 165784, 165784, 84380915
184, 2043437, 459476, 417168, 401547, 444028, 160609, 160609, 3805864060
187, 2043720, 413105, 461277, 445570, 397402, 163183, 163183, 1060572454
189, 2045073, 400490, 473894, 457861, 384370, 164229, 164229, 3133891228
194, 2050858, 444177, 433974, 418694, 428707, 162653, 162653, 1843610939
188, 2047132, 401131, 480628, 464254, 386243, 157438, 157438, 363677372
191, 2047429, 421001, 456014, 440128, 405994, 162146, 162146, 2030793428
190, 2051545, 446631, 440591, 425520, 430765, 154019, 154019, 3340545470
192, 2048665, 412833, 459985, 444713, 397974, 166580, 166580, 990639606
193, 2043989, 399730, 479304, 462817, 384464, 158837, 158837, 553155013
195, 2048753, 406599, 470156, 454886, 390938, 163087, 163087, 3289542405
196, 2041284, 446641, 421638, 405730, 431155, 168060, 168060, 2175015627
197, 2054101, 437702, 448917, 433938, 422700, 155422, 155422, 3107575290
198, 2050527, 424758, 464389, 448729, 409527, 151562, 151562, 257209328
199, 2050069, 479123, 402346, 387854, 463200, 158773, 158773, 3169359525
201, 2047110, 481021, 402194, 387218, 465255, 155711, 155711, 2845669338
200, 2049516, 466781, 409093, 394218, 451138, 164143, 164143, 3573396827
202, 2049052, 434045, 443351, 427813, 418683, 162580, 162580, 808328406
203, 2043221, 471682, 409867, 394908, 456334, 155215, 155215, 763719784
205, 2039578, 469022, 413810, 398978, 452258, 152755, 152755, 4149841714
204, 2044827, 393473, 488422, 471962, 378110, 156430, 156430, 1752714178
206, 2042640, 452511, 418763, 403254, 436928, 165592, 165592, 3956543724
207, 2041390, 443156, 437404, 421500, 427536, 155897, 155897, 2148421958
209, 2047653, 437750, 443401, 428521, 422185, 157898, 157898, 1272384194
208, 2044345, 448923, 434497, 418921, 433538, 154233, 154233, 2034149937
211, 2044620, 413712, 465363, 449178, 398553, 158907, 158907, 4173127595
210, 2043950, 437609, 438893, 423312, 421992, 161072, 161072, 3624788148
212, 2043997, 409886, 468986, 453411, 394640, 158537, 158537, 1605477866
213, 2045423, 452627, 424881, 409750, 437197, 160484, 160484, 3521066005
214, 2045569, 438028, 446568, 431229, 422338, 153703, 153703, 2006981678
215, 2044003, 409045, 454595, 438955, 393898, 173755, 173755, 647432282
216, 2051002, 477502, 408934, 393820, 461224, 154761, 154761, 729686044
217, 2044443, 419822, 461460, 445729, 404372, 156530, 156530, 260814242
219, 2039641, 466858, 419867, 403615, 450261, 149520, 149520, 57482532
220, 2047753, 436685, 446357, 431350, 421091, 156135, 156135, 793935651
218, 2044781, 437999, 428901, 413472, 422559, 170925, 170925, 784393187
221, 2047891, 445225, 445811, 431033, 429242, 148290, 148290, 419389690
222, 2041519, 433958, 439255, 423557, 418201, 163274, 163274, 3417404375
224, 2044563, 419564, 458381, 442637, 404431, 159775, 159775, 3862950100
226, 2044198, 392207, 490299, 473632, 377636, 155212, 155212, 2998035200
225, 2041881, 436243, 437789, 422322, 420347, 162590, 162590, 3751499994
223, 2043947, 459170, 407895, 392714, 443266, 170451, 170451, 3578076574
230, 2041160, 398468, 487351, 470631, 382768, 150971, 150971, 3734592915
228, 2046333, 425808, 441356, 425901, 410118, 171575, 171575, 3665828793
227, 2044919, 443076, 434215, 418727, 427529, 160686, 160686, 918937822
229, 2042606, 417912, 459921, 443862, 402803, 159054, 159054, 1223202082
231, 2049154, 398543, 477088, 461507, 384136, 163940, 163940, 364616533
232, 2042596, 442123, 434425, 418361, 426193, 160747, 160747, 1911633131
233, 2048093, 409990, 472537, 457217, 394919, 156715, 156715, 2338938195
234, 2043354, 472856, 398181, 383030, 456813, 166237, 166237, 3029388682
238, 2045201, 448451, 426609, 410814, 432635, 163346, 163346, 2998115646
235, 2043205, 489060, 396517, 381267, 473011, 151675, 151675, 891444579
236, 2046563, 429681, 451032, 435556, 414368, 157963, 157963, 2422355283
237, 2043414, 474046, 397895, 382855, 458056, 165281, 165281, 2663470912
241, 2044132, 405142, 468907, 453255, 389716, 163556, 163556, 2799580459
239, 2049588, 436736, 445851, 430664, 421019, 157659, 157659, 3800826688
245, 2044553, 396196, 486221, 470046, 381448, 155321, 155321, 1615853425
242, 2050092, 454876, 428503, 413388, 438881, 157222, 157222, 3173436936
240, 2040882, 401395, 471693, 455912, 385446, 163218, 163218, 109846075
243, 2049662, 415705, 463693, 447873, 400863, 160764, 160764, 3059846412
246, 2046499, 479706, 407532, 392392, 463143, 151863, 151863, 146210694
244, 2044854, 390678, 481481, 465164, 375497, 166017, 166017, 110178977
247, 2050462, 442054, 436521, 421268, 426939, 161840, 161840, 1810615477
248, 2048541, 430443, 447299, 431478, 414851, 162235, 162235, 2940562892
249, 2044520, 441617, 427575, 411556, 425936, 168918, 168918, 4002593663
250, 2040681, 409251, 470322, 454091, 393791, 156613, 156613, 2209092909
254, 2045496, 454212, 427249, 411681, 438084, 157135, 157135, 1979591556
252, 2047772, 471603, 411849, 397190, 455656, 155737, 155737, 4088728023
253, 2045622, 431846, 447024, 431068, 416200, 159742, 159742, 1278371436
251, 2051301, 409734, 469972, 454411, 394892, 161146, 161146, 3654974203
255, 2043984, 466319, 407379, 392013, 450433, 163920, 163920, 2569936017
257, 2045604, 375538, 510288, 493751, 361111, 152458, 152458, 3647629944
256, 2042465, 456799, 420682, 404954, 440712, 159659, 159659, 3541937953
258, 2046630, 468121, 405205, 390412, 452740, 165076, 165076, 3572112791
259, 2046380, 435184, 434548, 419239, 420255, 168577, 168577, 3544587230
262, 2040582, 446354, 435681, 420153, 430150, 154122, 154122, 2741092209
260, 2050710, 469020, 409582, 394685, 453647, 161888, 161888, 1596322366
261, 2041265, 440788, 434362, 418867, 425218, 161015, 161015, 4150378903
263, 2044743, 447692, 424026, 408386, 432019, 166310, 166310, 451486799
264, 2050786, 455959, 425736, 410424, 440619, 159024, 159024, 344379578
266, 2043549, 458834, 415613, 400264, 443206, 162816, 162816, 122456162
265, 2043988, 456110, 419954, 404178, 439468, 162139, 162139, 1198305098
268, 2046135, 442079, 441070, 425497, 426913, 155288, 155288, 1224297600
270, 2045722, 454931, 424344, 408384, 439551, 159256, 159256, 1599714125
267, 2039136, 476251, 398760, 383334, 460139, 160326, 160326, 3343891831
269, 2041263, 416369, 457304, 440991, 400687, 162956, 162956, 3067171351
273, 2045433, 476160, 393145, 377737, 460691, 168850, 168850, 1760721595
271, 2040215, 481332, 383922, 368632, 465055, 170637, 170637, 551412309
274, 2048162, 415272, 472389, 456627, 400098, 151888, 151888, 2141982234
275, 2045463, 420370, 460756, 444466, 404491, 157690, 157690, 3053526458
272, 2039519, 453592, 416420, 400972, 437929, 165303, 165303, 4020627420
277, 2042656, 414603, 463255, 447127, 399539, 159066, 159066, 2958581900
276, 2045946, 458122, 415669, 400300, 442157, 164849, 164849, 608676177
278, 2051620, 380800, 498524, 483051, 366657, 161294, 161294, 3832000474
279, 2047050, 447770, 429596, 414617, 432349, 161359, 161359, 4071942562
280, 2049097, 482140, 391134, 376157, 466876, 166395, 166395, 2599841923
281, 2041098, 414789, 455296, 439508, 399559, 165973, 165973, 1316973595
282, 2053035, 414803, 466863, 451700, 399769, 159950, 159950, 2322449268
283, 2048403, 503303, 382702, 368674, 486696, 153514, 153514, 2530181566
284, 2045023, 480557, 394759, 379480, 464331, 162948, 162948, 1146994349
285, 2048219, 443499, 430057, 414827, 428150, 165843, 165843, 85333622
286, 2046083, 458435, 421531, 406515, 442280, 158661, 158661, 706821422
288, 2043692, 424221, 454014, 438529, 409260, 158834, 158834, 3373904504
287, 2041797, 429161, 454061, 438572, 414535, 152734, 152734, 2491889362
289, 2052071, 457489, 423659, 407797, 441548, 160789, 160789, 2013778798
290, 2048625, 422572, 452766, 436434, 407849, 164502, 164502, 173662072
291, 2040835, 417174, 462144, 446220, 401789, 156754, 156754, 665857917
292, 2042856, 415095, 461993, 446314, 399430, 160012, 160012, 1789398572
293, 2051700, 431924, 449891, 434396, 416449, 159520, 159520, 4067052241
294, 2043163, 430427, 434776, 418836, 414830, 172147, 172147, 203888919
295, 2041863, 414510, 458870, 442607, 399166, 163355, 163355, 2410657232
296, 2040348, 438709, 440150, 424505, 422786, 157099, 157099, 3259746155
297, 2049214, 448354, 423577, 407891, 432064, 168664, 168664, 1862447512
298, 2043325, 472930, 404172, 389512, 457207, 159752, 159752, 3533373038
299, 2047996, 500722, 379940, 364756, 484388, 159095, 159095, 1367762153
300, 2045382, 418613, 452535, 436867, 403369, 166999, 166999, 3830908531
303, 2043589, 429361, 451765, 435506, 413819, 156569, 156569, 359079060
302, 2047061, 427668, 452587, 437037, 412297, 158736, 158736, 49920872
305, 2042675, 429320, 446128, 429727, 413872, 161814, 161814, 2123675702
304, 2040964, 428380, 444809, 429607, 412816, 162676, 162676, 3448940498
301, 2045439, 447848, 420530, 405556, 432409, 169548, 169548, 3260635262
306, 2044537, 471241, 406422, 391544, 455578, 159876, 159876, 343358980
307, 2045390, 438225, 440880, 425412, 422865, 159004, 159004, 1075030083
308, 2043907, 452774, 427340, 412177, 436704, 157456, 157456, 2802851184
311, 2046336, 447401, 425873, 410669, 432167, 165113, 165113, 800604587
309, 2044894, 482079, 392139, 377510, 465746, 163710, 163710, 1849066496
310, 2044189, 467002, 402477, 387465, 450879, 168183, 168183, 3562664755
312, 2046932, 419704, 458453, 442951, 404626, 160599, 160599, 4210917115
313, 2047792, 422391, 458762, 443214, 406727, 158349, 158349, 2489571151
314, 2047904, 432567, 442945, 427474, 417250, 163834, 163834, 3018719121
315, 2051480, 395436, 486800, 471051, 380855, 158669, 158669, 1772196919
316, 2043209, 449877, 435823, 419409, 433936, 152082, 152082, 1895526757
320, 2046154, 403598, 471900, 455950, 388344, 163181, 163181, 1570261163
319, 2049288, 451548, 428146, 413357, 436049, 160094, 160094, 833302398
318, 2043934, 402222, 476127, 459690, 387509, 159193, 159193, 1842427018
317, 2052861, 449042, 426772, 412359, 433928, 165380, 165380, 2156097682
324, 2048226, 473133, 411747, 396242, 457306, 154899, 154899, 1532525115
327, 2043644, 435853, 444001, 428066, 419924, 157900, 157900, 1810718779
322, 2042694, 423681, 451035, 435017, 408491, 162235, 162235, 167613661
321, 2051657, 453302, 432938, 417952, 437865, 154800, 154800, 2178542382
325, 2048692, 417612, 459824, 443629, 402109, 162759, 162759, 1911163130
323, 2045889, 505538, 375606, 360532, 489589, 157312, 157312, 992610777
326, 2051249, 438911, 442370, 427032, 423652, 159642, 159642, 3826407745
328, 2036867, 436513, 436859, 421518, 420633, 160672, 160672, 884811457
329, 2046098, 433147, 444245, 428565, 417963, 161089, 161089, 212129756
330, 2052002, 469401, 407523, 392811, 453679, 164294, 164294, 1119568786
331, 2050627, 425743, 453317, 437662, 409831, 162037, 162037, 3929645117
332, 2044536, 458384, 419513, 404341, 442680, 159809, 159809, 1257076507
333, 2045918, 464226, 416138, 401097, 448507, 157975, 157975, 3937319308
334, 2043447, 419922, 465096, 449234, 404163, 152516, 152516, 1519349253
336, 2042716, 482416, 391747, 376243, 466210, 163050, 163050, 1498586689
338, 2051326, 411882, 473190, 456621, 396983, 156325, 156325, 3838774988
340, 2042266, 382376, 490880, 474675, 367385, 163475, 163475, 2977700261
339, 2051058, 416986, 457823, 442140, 402285, 165912, 165912, 1887007059
335, 2045581, 414419, 451975, 435729, 399526, 171966, 171966, 533134560
337, 2049502, 426019, 453161, 437511, 410831, 160990, 160990, 1017788590
342, 2043707, 475563, 395432, 380243, 458985, 166742, 166742, 2991862839
341, 2047168, 441290, 433083, 417515, 425578, 164851, 164851, 3537451392
343, 2048925, 413863, 450102, 434591, 398273, 176048, 176048, 3783276673
344, 2042679, 386800, 480819, 464976, 371788, 169148, 169148, 524761069
345, 2047923, 432349, 446078, 430854, 417004, 160819, 160819, 1516617430
346, 2045408, 416263, 458522, 443008, 400541, 163537, 163537, 3106127303
348, 2044235, 435714, 438218, 422640, 420181, 163741, 163741, 3998956558
347, 2046295, 424763, 451862, 435967, 409851, 161926, 161926, 95010837
349, 2043386, 414630, 465353, 448953, 399332, 157559, 157559, 1835270024
350, 2046191, 433633, 439985, 424382, 418201, 164995, 164995, 1530627124
356, 2044006, 400580, 474606, 458412, 385340, 162534, 162534, 3750996845
351, 2045982, 458323, 418690, 403660, 442965, 161172, 161172, 3225034153
353, 2042622, 410995, 458524, 442862, 396183, 167029, 167029, 2371499170
354, 2044397, 454050, 410849, 395501, 438527, 172735, 172735, 284640749
358, 2041041, 435030, 434907, 419259, 419591, 166127, 166127, 1294294628
359, 2047559, 405575, 482391, 465939, 390524, 151565, 151565, 3342655772
360, 2044142, 440831, 428846, 413671, 425176, 167809, 167809, 553426027
352, 2045994, 417509, 457091, 441693, 402285, 163708, 163708, 1797499183
355, 2044242, 463914, 408661, 393137, 448106, 165212, 165212, 4149376111
357, 2046892, 427831, 445596, 429271, 412488, 165853, 165853, 3105511844
361, 2040453, 442205, 442986, 426982, 426710, 150785, 150785, 3567233628
362, 2047190, 386185, 496968, 480207, 371488, 156171, 156171, 2357423822
363, 2045028, 466611, 411423, 396052, 450798, 160072, 160072, 1396712543
364, 2039897, 472054, 401551, 386356, 456174, 161881, 161881, 790665448
365, 2046783, 439393, 442419, 426686, 424401, 156942, 156942, 3284045994
366, 2047502, 424962, 458705, 443212, 410109, 155257, 155257, 981742599
370, 2048553, 437600, 433329, 417855, 422053, 168858, 168858, 3685993970
368, 2043983, 424076, 442263, 426730, 409102, 170906, 170906, 3373410902
371, 2043989, 471074, 410153, 394456, 455164, 156571, 156571, 2654329620
372, 2043771, 413651, 467355, 451228, 398211, 156663, 156663, 1501773745
369, 2047005, 455634, 425813, 409922, 440116, 157760, 157760, 1401506424
367, 2043413, 486948, 385173, 370072, 471424, 164898, 164898, 411065530
375, 2046166, 426344, 456893, 440480, 410471, 155989, 155989, 2858272690
377, 2047253, 457313, 425094, 409916, 441814, 156558, 156558, 4045248136
374, 2047312, 391470, 489013, 473116, 376493, 158610, 158610, 3086813440
376, 2047322, 461082, 412159, 396387, 445302, 166196, 166196, 2793464404
373, 2038985, 450502, 421726, 406223, 434016, 163259, 163259, 4282747735
378, 2045514, 471767, 413584, 398126, 455833, 153102, 153102, 3100687090
379, 2057783, 373772, 497432, 481712, 359347, 172760, 172760, 3645482604
380, 2041173, 451493, 426043, 409788, 435815, 159017, 159017, 3639460099
382, 2045751, 469050, 409162, 394510, 453523, 159753, 159753, 2491081176
381, 2044851, 472880, 400491, 385293, 456919, 164634, 164634, 3085832934
383, 2048322, 393105, 479409, 463153, 377371, 167642, 167642, 1024408231
384, 2047673, 439321, 432208, 417019, 424279, 167423, 167423, 3388065836
388, 2041986, 455596, 421645, 405931, 438964, 159925, 159925, 134807019
385, 2044877, 428683, 444090, 428352, 413890, 164931, 164931, 4181441074
386, 2047022, 420496, 452749, 437202, 405515, 165530, 165530, 1471967068
387, 2042097, 461663, 421275, 406348, 445273, 153769, 153769, 3923664766
392, 2043078, 460447, 416819, 401915, 444537, 159680, 159680, 4027220774
390, 2043064, 392300, 487120, 470677, 377401, 157783, 157783, 4242414510
389, 2049469, 450640, 431510, 415935, 434668, 158358, 158358, 3821935962
391, 2046516, 434185, 434142, 418585, 418578, 170513, 170513, 2020948513
394, 2051080, 458484, 426884, 411484, 442674, 155777, 155777, 1286616871
393, 2043793, 482698, 385329, 370109, 467291, 169183, 169183, 3993576473
395, 2035235, 465805, 403879, 388419, 449216, 163958, 163958, 3838836165
396, 2045042, 431145, 442824, 426816, 415835, 164211, 164211, 3615327970
397, 2041985, 446605, 429269, 413678, 430867, 160783, 160783, 743320907
398, 2043086, 426316, 449048, 432789, 410691, 162121, 162121, 826443031
400, 2048868, 424054, 449781, 434407, 408862, 165882, 165882, 1099263697
399, 2048079, 484714, 399702, 385037, 468944, 154841, 154841, 2908763544
403, 2043487, 401438, 478337, 462606, 385904, 157601, 157601, 4209674944
404, 2037698, 444639, 433120, 416561, 428758, 157310, 157310, 863042909
405, 2040686, 425642, 447306, 431591, 410403, 162872, 162872, 3938183795
401, 2052394, 458391, 424643, 409592, 443112, 158328, 158328, 3780671642
402, 2044649, 454233, 426468, 410407, 438701, 157420, 157420, 2575668865
406, 2038516, 418771, 460379, 444342, 403726, 155649, 155649, 4196420052
407, 2046291, 486023, 389698, 374681, 470475, 162707, 162707, 3222636747
410, 2048767, 430534, 450508, 434930, 414847, 158974, 158974, 3058600735
409, 2037123, 434898, 435366, 420113, 419038, 163854, 163854, 1611815892
408, 2047620, 417000, 459122, 443668, 401740, 163045, 163045, 4290563705
411, 2042493, 423143, 448142, 431995, 407503, 165855, 165855, 2727567738
412, 2045675, 417622, 461171, 445352, 402302, 159614, 159614, 1735548211
413, 2042184, 475049, 402421, 387423, 458293, 159499, 159499, 2334804530
414, 2043223, 413450, 463035, 447011, 398321, 160703, 160703, 1497794866
415, 2045321, 440733, 435133, 420070, 425509, 161938, 161938, 2244372968
416, 2044604, 417163, 462429, 446121, 402335, 158278, 158278, 4202811641
417, 2045837, 381915, 497063, 480430, 366661, 159884, 159884, 1949018351
418, 2049525, 455586, 429320, 413364, 439567, 155844, 155844, 2274601422
419, 2047651, 428142, 449569, 433803, 413135, 161501, 161501, 872129402
423, 2044441, 438212, 444074, 427974, 422151, 156015, 156015, 434605808
422, 2044666, 461428, 414936, 399789, 445577, 161468, 161468, 4076721785
420, 2044775, 434819, 439810, 424339, 419681, 163063, 163063, 89513855
421, 2044436, 487749, 391455, 376777, 471647, 158404, 158404, 4033373396
427, 2049364, 414613, 466310, 450595, 399784, 159031, 159031, 3103563056
428, 2042428, 464391, 410754, 395266, 449057, 161480, 161480, 549691916
425, 2050047, 454890, 430090, 414557, 438850, 155830, 155830, 857741655
426, 2049427, 444755, 436144, 421414, 429074, 159020, 159020, 2164850491
424, 2045554, 429283, 447478, 432126, 414045, 161311, 161311, 2531099802
430, 2047824, 378639, 504507, 488523, 363795, 156180, 156180, 2620145894
429, 2046078, 444357, 427535, 411692, 428802, 166846, 166846, 985781554
431, 2052128, 445523, 442922, 427387, 429660, 153318, 153318, 3529386304
433, 2048860, 422061, 461210, 445946, 406999, 156322, 156322, 1351579083
434, 2038594, 409697, 462618, 446174, 393815, 163145, 163145, 1472525413
432, 2042358, 447247, 436224, 420323, 432054, 153255, 153255, 1482919567
437, 2041391, 438068, 438704, 423088, 421787, 159872, 159872, 1107435465
435, 2047050, 431259, 435483, 419644, 414862, 172901, 172901, 3008827724
436, 2045135, 443573, 436737, 421126, 428105, 157797, 157797, 1818668947
439, 2047761, 418435, 459090, 443241, 403455, 161770, 161770, 4200854107
440, 2048916, 442148, 443597, 427896, 426737, 154269, 154269, 587544140
438, 2045083, 422037, 458966, 443441, 406885, 156877, 156877, 2667162478
441, 2041719, 444298, 429787, 414631, 428265, 162369, 162369, 2594033306
443, 2047999, 390129, 491360, 475338, 375128, 158022, 158022, 1023859369
444, 2042842, 425569, 446091, 429905, 410287, 165495, 165495, 987968954
442, 2046700, 419062, 454848, 439269, 403081, 165220, 165220, 1384645922
445, 2048727, 402225, 477875, 461848, 386961, 159909, 159909, 4134482356
446, 2048812, 424480, 447650, 432719, 408867, 167548, 167548, 3864269336
447, 2043509, 465467, 407842, 393003, 449561, 163818, 163818, 3917832274
451, 2052585, 434926, 440427, 424809, 420093, 166165, 166165, 2361926863
450, 2041526, 453795, 418999, 404027, 437787, 163459, 163459, 4294506284
453, 2045473, 464812, 421145, 405996, 448668, 152426, 152426, 2920647403
449, 2046448, 422782, 460663, 445276, 407567, 155080, 155080, 2463774527
448, 2046715, 424257, 450467, 434578, 408469, 164472, 164472, 676224836
454, 2043393, 448665, 426526, 411343, 432841, 162009, 162009, 132513209
455, 2046376, 440696, 436478, 420466, 424922, 161907, 161907, 4046263130
456, 2044415, 435581, 438976, 423379, 420217, 163131, 163131, 3789474439
452, 2045245, 445482, 438100, 421670, 429801, 155096, 155096, 3418405879
457, 2045806, 431662, 436002, 420481, 415761, 170950, 170950, 2083011217
458, 2041978, 482331, 395517, 380432, 466386, 158656, 158656, 1887871424
460, 2046094, 458998, 413882, 398438, 443500, 165638, 165638, 1110374367
461, 2042062, 490480, 390791, 375530, 474117, 155572, 155572, 3212061776
462, 2043029, 400555, 471109, 455052, 385385, 165464, 165464, 3148574978
459, 2039075, 457027, 420484, 404998, 441734, 157416, 157416, 604365303
463, 2044766, 407295, 464668, 449197, 392194, 165706, 165706, 1426306900
465, 2040230, 459153, 419317, 403786, 443370, 157302, 157302, 4136007181
467, 2037558, 419540, 453942, 437847, 404193, 161018, 161018, 1088622827
464, 2042826, 455604, 425020, 409443, 439483, 156638, 156638, 187358325
466, 2050607, 428611, 442749, 427683, 414024, 168770, 168770, 326075694
468, 2047620, 431085, 452333, 436504, 415948, 155875, 155875, 3842320885
469, 2051503, 426981, 460502, 445061, 411779, 153590, 153590, 4091292825
471, 2047393, 440554, 435423, 420223, 424931, 163131, 163131, 3773509738
474, 2045873, 445724, 421308, 406042, 430029, 171385, 171385, 1944371185
470, 2047683, 485854, 399127, 384126, 469522, 154527, 154527, 3683001740
477, 2040687, 440335, 429196, 413765, 424557, 166417, 166417, 2502121418
472, 2042237, 435741, 446453, 430221, 420792, 154515, 154515, 509475418
476, 2045929, 453981, 427774, 413129, 438045, 156500, 156500, 2582191844
473, 2044307, 460279, 415482, 400466, 444316, 161882, 161882, 2705177985
475, 2046723, 450613, 432503, 417233, 434346, 156014, 156014, 1952513874
478, 2046710, 461074, 419123, 404031, 444950, 158766, 158766, 3587772748
479, 2043068, 419046, 457186, 441161, 403963, 160856, 160856, 1277080138
481, 2048967, 437918, 446588, 430939, 423050, 155236, 155236, 1856707840
482, 2046194, 457175, 410409, 395280, 441296, 171017, 171017, 3274588189
480, 2041096, 483438, 389728, 375227, 467265, 162719, 162719, 2060735173
483, 2046437, 482310, 400345, 386198, 466072, 155756, 155756, 1877467690
484, 2049363, 472761, 407625, 392240, 457257, 159740, 159740, 3422646265
487, 2042709, 487934, 387345, 372435, 471229, 161883, 161883, 924609840
486, 2048629, 460812, 416190, 400803, 445182, 162821, 162821, 890829089
485, 2046543, 375025, 509918, 493158, 359660, 154391, 154391, 3031710018
489, 2043458, 455550, 416314, 400544, 439370, 165840, 165840, 3985057217
488, 2044407, 427342, 447692, 431969, 412224, 162590, 162590, 2087002229
491, 2044771, 425888, 461478, 445325, 410824, 150628, 150628, 3056511911
492, 2050769, 455251, 432888, 417115, 439621, 152947, 152947, 1702294856
490, 2052390, 466330, 413231, 398784, 450985, 161530, 161530, 3251338983
494, 2047050, 436031, 449958, 434193, 420376, 153246, 153246, 1237525599
493, 2042056, 440386, 423542, 407849, 424597, 172841, 172841, 1793360605
495, 2043695, 469327, 410365, 394875, 453294, 157917, 157917, 101708828
497, 2044013, 387027, 485800, 469686, 371434, 165033, 165033, 257640612
496, 2048313, 384486, 494436, 479053, 369952, 160193, 160193, 2811558638
498, 2043530, 419023, 450017, 434922, 403746, 167911, 167911, 4216481604
499, 2043798, 472873, 399451, 384441, 457161, 164936, 164936, 480869681
501, 2039920, 423564, 450355, 434381, 407732, 161944, 161944, 2673370398
500, 2046508, 426810, 449257, 433223, 411442, 162888, 162888, 1285449166
502, 2049695, 482621, 399207, 385100, 466643, 158062, 158062, 1298743598
503, 2044397, 449549, 431140, 415612, 434298, 156899, 156899, 2502402753
505, 2049247, 456818, 425203, 410471, 440305, 158225, 158225, 755563304
508, 2042947, 419020, 457575, 441612, 403960, 160390, 160390, 714545301
510, 2045809, 445830, 426979, 411799, 430381, 165410, 165410, 1625064005
506, 2039296, 391822, 483211, 466584, 376627, 160526, 160526, 3403036934
504, 2052463, 453187, 423076, 407970, 437726, 165252, 165252, 1485881801
509, 2053188, 475245, 404836, 390208, 459515, 161692, 161692, 3559333986
507, 2049303, 449776, 432191, 416740, 434574, 158011, 158011, 3589316692
511, 2049260, 420802, 466043, 449801, 406252, 153181, 153181, 870181472
513, 2040450, 466880, 410637, 394834, 450791, 158654, 158654, 1523865420
512, 2048892, 461612, 423822, 409253, 446057, 154074, 154074, 1525055776
515, 2051755, 443149, 445831, 429497, 427650, 152814, 152814, 484168213
514, 2046453, 467146, 409730, 393995, 451628, 161977, 161977, 3065413570
516, 2043586, 480525, 396955, 382413, 464225, 159734, 159734, 3428735642
517, 2039798, 423088, 455203, 439617, 408052, 156919, 156919, 683087512
518, 2046090, 480344, 401671, 386941, 464140, 156497, 156497, 2578033984
520, 2044096, 424076, 448842, 432721, 408679, 164889, 164889, 3570756745
519, 2044156, 431068, 442194, 426716, 415316, 164431, 164431, 4214080988
522, 2045346, 435197, 451293, 435225, 419927, 151852, 151852, 2495936305
523, 2044393, 453500, 424370, 408710, 438517, 159648, 159648, 1285816500
524, 2049477, 422148, 451433, 436150, 406982, 166382, 166382, 2294018631
521, 2046501, 450699, 420942, 406566, 434676, 166809, 166809, 1004831484
525, 2048551, 443421, 439099, 423923, 428294, 156907, 156907, 360872339
527, 2039935, 464119, 402508, 386581, 447739, 169494, 169494, 2761618809
526, 2041715, 430954, 437631, 421942, 415702, 167743, 167743, 3079842993
528, 2051382, 414291, 472275, 456163, 399663, 154495, 154495, 2132178485
530, 2047223, 405051, 463871, 447941, 390460, 169950, 169950, 3297242436
529, 2043881, 396722, 482001, 465685, 381661, 158906, 158906, 2656311964
531, 2042169, 391187, 490065, 472980, 376691, 155623, 155623, 251866952
532, 2044135, 429247, 446226, 430154, 413888, 162310, 162310, 4226759879
533, 2042489, 438905, 429412, 414133, 423029, 168505, 168505, 3786987179
534, 2050789, 458528, 423970, 408867, 442662, 158381, 158381, 2964446737
535, 2042363, 493267, 387711, 372605, 477008, 155886, 155886, 1456875877
536, 2044165, 452552, 429018, 414044, 437169, 155691, 155691, 120601226
537, 2043866, 441599, 441147, 425843, 426601, 154338, 154338, 3064143445
540, 2046587, 445193, 432183, 416560, 429369, 161641, 161641, 2714394886
539, 2049478, 382830, 493298, 476827, 368491, 164016, 164016, 459658662
541, 2042659, 428856, 446182, 430682, 413653, 161643, 161643, 1690472029
538, 2044114, 492756, 384795, 369720, 476929, 159957, 159957, 2342861463
542, 2047170, 494726, 382201, 367526, 478565, 162076, 162076, 4159610656
543, 2041647, 454251, 415992, 400507, 439215, 165841, 165841, 2039157498
544, 2044664, 425807, 454520, 438650, 410531, 157578, 157578, 798692315
545, 2044205, 439526, 442139, 426370, 424442, 155864, 155864, 321813909
548, 2042678, 481256, 389454, 374320, 465344, 166152, 166152, 2510110535
547, 2039011, 441261, 425586, 410257, 425369, 168269, 168269, 1709428973
546, 2042577, 374404, 491169, 474679, 359689, 171318, 171318, 638306686
549, 2046997, 418256, 461545, 445999, 402851, 159173, 159173, 742349417
550, 2045842, 454395, 425494, 410279, 438642, 158516, 158516, 2240188460
552, 2044448, 441330, 438090, 422367, 425415, 158623, 158623, 2673871853
553, 2039089, 416413, 458542, 441992, 400860, 160641, 160641, 4066655461
551, 2052451, 465392, 409509, 395208, 449476, 166433, 166433, 3922569379
554, 2042156, 420373, 450047, 434731, 405113, 165946, 165946, 1092278703
555, 2050515, 395764, 479833, 463941, 381447, 164765, 164765, 3156240665
556, 2041715, 423914, 448003, 432559, 408401, 164419, 164419, 3383833483
557, 2043006, 453715, 429455, 414336, 437556, 153972, 153972, 2990836360
559, 2045194, 467523, 405486, 390192, 451317, 165338, 165338, 3651930613
558, 2043023, 386940, 488199, 472143, 371983, 161879, 161879, 3410052458
561, 2047316, 374897, 492978, 477037, 360184, 171110, 171110, 1744678801
560, 2048448, 482709, 406426, 391485, 466924, 150452, 150452, 2685537395
562, 2055264, 439739, 446587, 431463, 424565, 156455, 156455, 326311553
563, 2046029, 410117, 463578, 447678, 395114, 164771, 164771, 3885118840
564, 2036567, 427512, 446557, 430236, 412090, 160086, 160086, 80465019
565, 2040266, 418429, 440247, 424210, 403594, 176893, 176893, 2543570025
566, 2043697, 433448, 443937, 428201, 418483, 159814, 159814, 4175049612
567, 2047618, 460452, 410675, 396136, 444807, 167774, 167774, 1467894878
568, 2050458, 397091, 485067, 468556, 382686, 158529, 158529, 3085175017
572, 2041058, 447615, 429915, 414529, 431495, 158752, 158752, 2027157370
570, 2044156, 413185, 464555, 448297, 397839, 160140, 160140, 2309647394
569, 2050629, 416955, 454328, 438984, 401480, 169441, 169441, 1318738789
573, 2046021, 415021, 465788, 450245, 399697, 157635, 157635, 3674370226
571, 2044832, 392894, 487885, 471972, 377909, 157086, 157086, 359480622
575, 2046190, 466268, 408630, 393121, 450103, 164034, 164034, 413759210
574, 2043898, 506123, 376840, 362193, 490298, 154222, 154222, 767657855
576, 2041696, 501053, 369319, 354446, 484502, 166188, 166188, 294007686
577, 2040845, 389877, 484373, 467615, 374492, 162244, 162244, 1679698770
579, 2045263, 422247, 450611, 434894, 407381, 165065, 165065, 2001707453
578, 2052686, 437360, 450626, 435155, 422297, 153624, 153624, 3471735381
580, 2051458, 455270, 425682, 411080, 439932, 159747, 159747, 65272476
581, 2044958, 428577, 452802, 436663, 413272, 156822, 156822, 1110791949
582, 2052537, 456682, 427969, 413135, 441765, 156493, 156493, 919865379
584, 2050850, 382967, 502632, 486576, 368329, 155173, 155173, 2005933034
583, 2040271, 484283, 385746, 370643, 468071, 165764, 165764, 1353487442
585, 2047664, 434441, 444798, 429179, 418982, 160132, 160132, 166120518
588, 2038129, 461977, 412567, 397035, 445810, 160370, 160370, 3381006990
586, 2039283, 485718, 395082, 380011, 469050, 154711, 154711, 2265273077
587, 2045268, 460101, 421167, 406190, 444424, 156693, 156693, 1229561423
589, 2050244, 471344, 417918, 402468, 456180, 151167, 151167, 4125520207
590, 2047377, 440620, 444576, 428478, 424959, 154372, 154372, 2284390358
591, 2040722, 422029, 449133, 433453, 406691, 164708, 164708, 949923004
593, 2047754, 440793, 434898, 420030, 425011, 163511, 163511, 313200014
592, 2040348, 445510, 434219, 418762, 429067, 156395, 156395, 888211170
594, 2046024, 441336, 432389, 416931, 425804, 164782, 164782, 3858331008
595, 2049033, 451236, 426609, 411273, 435281, 162317, 162317, 1669846016
596, 2052712, 418605, 464773, 449430, 403168, 158368, 158368, 2712124730
598, 2042099, 496499, 386461, 371670, 480327, 153571, 153571, 231949256
597, 2046050, 480126, 405262, 390021, 464377, 153132, 153132, 449870563
601, 2048807, 467808, 410548, 395302, 451401, 161874, 161874, 1528302765
602, 2040305, 440297, 433456, 417529, 424271, 162376, 162376, 580451839
600, 2042917, 433215, 436170, 419974, 417812, 167873, 167873, 1331932905
599, 2043083, 450346, 423139, 407822, 434466, 163655, 163655, 1178688849
605, 2045000, 417690, 459503, 443518, 401903, 161193, 161193, 2015462176
603, 2047177, 471331, 413499, 398562, 455353, 154216, 154216, 176157323
604, 2043884, 453397, 428437, 413052, 437248, 155875, 155875, 4058179086
606, 2043526, 376710, 501637, 485187, 361756, 159118, 159118, 2464036590
607, 2050071, 439733, 439306, 423882, 424396, 161377, 161377, 1982240439
608, 2045695, 395522, 476835, 460916, 381044, 165689, 165689, 4047922237
609, 2046824, 448618, 425187, 409740, 432461, 165409, 165409, 3319615492
610, 2047331, 417631, 464876, 448463, 402501, 156930, 156930, 2984173863
612, 2045436, 421591, 453687, 438000, 406346, 162906, 162906, 847659429
611, 2048044, 422499, 456246, 440899, 407306, 160547, 160547, 4103378229
614, 2047110, 474221, 410051, 394794, 458060, 154992, 154992, 2188881228
615, 2041268, 422147, 449607, 433457, 406693, 164682, 164682, 2432886208
613, 2041306, 467043, 408054, 393109, 451508, 160796, 160796, 1700913246
616, 2047369, 456977, 426339, 410905, 441582, 155783, 155783, 3510747571
617, 2041569, 444865, 424485, 409567, 428968, 166842, 166842, 870599135
621, 2041481, 436987, 443707, 427542, 421219, 156013, 156013, 3440922932
619, 2040399, 418074, 454246, 438464, 402519, 163548, 163548, 2445252928
620, 2041427, 413208, 457559, 441364, 397680, 165808, 165808, 2710705603
618, 2047993, 435467, 442547, 426701, 420572, 161353, 161353, 545885758
622, 2050605, 462159, 424331, 409241, 446218, 154328, 154328, 2876657627
625, 2041917, 458971, 415720, 400098, 442986, 162071, 162071, 3329124555
623, 2041997, 470861, 403901, 388686, 455269, 161640, 161640, 1495007921
624, 2045312, 471357, 393725, 378514, 455354, 173181, 173181, 851057119
626, 2045701, 467361, 410400, 395580, 451518, 160421, 160421, 373254889
628, 2050884, 430880, 448315, 433381, 415856, 161226, 161226, 1451421150
627, 2042573, 465931, 412238, 396712, 450516, 158588, 158588, 1833863956
629, 2044082, 393065, 479718, 463047, 378210, 165021, 165021, 3962405720
630, 2052894, 485628, 393489, 379280, 469815, 162341, 162341, 2462920469
632, 2045945, 440648, 436221, 420210, 424656, 162105, 162105, 316816153
633, 2042332, 506513, 378483, 363327, 489797, 152106, 152106, 484194149
631, 2043366, 396693, 475442, 459603, 381832, 164898, 164898, 2940024045
637, 2045886, 433784, 448851, 433425, 417370, 156228, 156228, 483617563
634, 2053752, 430971, 446092, 431235, 415992, 164731, 164731, 2775073198
635, 2046016, 455553, 423368, 408256, 440129, 159355, 159355, 379651371
636, 2050092, 447685, 435990, 421287, 432350, 156390, 156390, 1323798794
639, 2043873, 499692, 377329, 362177, 483477, 160599, 160599, 2690600419
638, 2037795, 404853, 464624, 448717, 389077, 165262, 165262, 2324666250
641, 2040926, 396511, 481427, 464749, 381083, 158578, 158578, 4192542941
640, 2051583, 451104, 426570, 411689, 435444, 163388, 163388, 3395346689
642, 2050861, 455833, 424358, 409587, 439855, 160614, 160614, 3843879725
644, 2043259, 400921, 469783, 453470, 386375, 166355, 166355, 1935562053
645, 2042135, 410052, 464769, 448281, 394925, 162054, 162054, 1130044424
643, 2042489, 444701, 435394, 419260, 428732, 157201, 157201, 2135970354
646, 2044294, 491862, 391493, 376909, 474900, 154565, 154565, 3840325177
648, 2048172, 449388, 426163, 411546, 434233, 163421, 163421, 3362965022
647, 2041092, 442200, 433259, 417571, 426066, 160998, 160998, 275667766
649, 2040550, 413145, 464549, 448053, 397567, 158618, 158618, 392069821
653, 2046564, 401876, 474963, 458882, 387359, 161742, 161742, 416683540
650, 2039641, 435929, 439167, 423672, 419943, 160465, 160465, 629768007
651, 2044721, 405081, 464906, 449042, 389994, 167849, 167849, 997805358
652, 2043933, 443299, 431275, 415186, 428207, 162983, 162983, 151861898
654, 2049411, 451313, 428280, 412560, 435254, 161002, 161002, 537635914
655, 2050606, 406831, 474391, 459029, 392043, 159156, 159156, 844532328
656, 2045007, 440365, 444499, 428785, 425154, 153102, 153102, 2704915637
657, 2039799, 475828, 392933, 378486, 459720, 166416, 166416, 2721573734
658, 2043889, 464966, 412496, 396917, 448382, 160564, 160564, 1657267444
659, 2044944, 392764, 475737, 460195, 377700, 169274, 169274, 615997765
660, 2042772, 439981, 438777, 423463, 424243, 158154, 158154, 3772339512
661, 2049301, 468049, 405580, 390501, 452137, 166517, 166517, 3584355468
664, 2041661, 450115, 421521, 405869, 434098, 165029, 165029, 2358274659
663, 2044075, 457515, 426893, 410801, 441326, 153770, 153770, 4030934448
662, 2040192, 463703, 410904, 395688, 447447, 161225, 161225, 1632315266
665, 2046174, 449535, 429653, 414329, 433841, 159408, 159408, 1865894968
666, 2043467, 440248, 428959, 412939, 424819, 168251, 168251, 2266838259
669, 2048528, 428399, 453494, 438074, 412797, 157882, 157882, 2350892689
671, 2045363, 441615, 427675, 411992, 425935, 169073, 169073, 542472929
670, 2042983, 418297, 463599, 448299, 402282, 155253, 155253, 2129341802
668, 2045918, 471685, 401441, 386174, 455888, 165365, 165365, 1167283149
672, 2040639, 431104, 448053, 431908, 416250, 156662, 156662, 2571162167
673, 2053944, 465953, 419820, 404743, 450764, 156332, 156332, 841965267
667, 2053687, 454243, 427858, 413070, 438876, 159820, 159820, 1522810120
675, 2049026, 406545, 480206, 464409, 391928, 152969, 152969, 797797498
674, 2050575, 465265, 416618, 401038, 449058, 159298, 159298, 1326268296
676, 2042247, 418391, 461996, 445494, 402822, 156772, 156772, 416191708
677, 2044725, 415465, 462234, 445876, 400178, 160486, 160486, 2937789454
679, 2049710, 454927, 431348, 416268, 439577, 153795, 153795, 516853585
678, 2041501, 450607, 415498, 400711, 434657, 170014, 170014, 220735200
680, 2041111, 467500, 408189, 392682, 451474, 160633, 160633, 258227775
681, 2050435, 506042, 371428, 357197, 490684, 162542, 162542, 1412198315
683, 2041701, 441433, 439560, 423708, 425918, 155541, 155541, 2799758355
682, 2044545, 443602, 434634, 418893, 427918, 159749, 159749, 2695937904
685, 2044829, 427680, 453218, 436880, 412027, 157512, 157512, 176189414
686, 2044188, 425930, 454175, 438342, 410809, 157466, 157466, 1746068238
689, 2044991, 470584, 399904, 385187, 454290, 167513, 167513, 1768690754
688, 2042861, 483459, 392288, 376569, 467659, 161443, 161443, 748103904
687, 2045551, 436081, 442833, 427296, 420965, 159188, 159188, 2993972078
684, 2045067, 429949, 441886, 426519, 414541, 166086, 166086, 646770226
692, 2043372, 432069, 449524, 433798, 416939, 155521, 155521, 270721531
690, 2048089, 463802, 404905, 389899, 448681, 170401, 170401, 832995025
691, 2049649, 447187, 435593, 420187, 431322, 157680, 157680, 539750176
693, 2053719, 432310, 447169, 431477, 417661, 162551, 162551, 2040273152
695, 2043209, 418551, 454625, 438995, 403466, 163786, 163786, 3484900918
694, 2040865, 409840, 461446, 445112, 394857, 164805, 164805, 2534360352
696, 2040588, 449404, 422190, 406761, 433249, 164492, 164492, 2644018347
697, 2048865, 463376, 421370, 405844, 447835, 155220, 155220, 3561349690
699, 2044193, 485563, 398430, 383262, 469690, 153624, 153624, 323028943
698, 2049375, 461629, 424118, 408926, 446684, 154009, 154009, 1601301081
700, 2040627, 417498, 456021, 440078, 401894, 162568, 162568, 435113455
701, 2045839, 448584, 424117, 408637, 432845, 165828, 165828, 3162278138
704, 2045498, 398701, 483117, 466769, 383531, 156690, 156690, 1594878227
703, 2037996, 456626, 413847, 398589, 440936, 163999, 163999, 2971912284
702, 2043553, 427292, 447103, 430969, 411177, 163506, 163506, 2791087213
705, 2048444, 488657, 386537, 371366, 472438, 164723, 164723, 4233791212
707, 2043918, 425261, 453942, 438221, 409628, 158433, 158433, 4191734056
706, 2049090, 396050, 483451, 467334, 381001, 160627, 160627, 3222857916
709, 2045782, 448191, 427653, 412450, 432524, 162482, 162482, 656742502
712, 2048323, 391502, 482336, 466536, 376571, 165689, 165689, 154547476
708, 2043488, 422522, 453234, 436939, 407275, 161759, 161759, 3222013006
711, 2044192, 393798, 480164, 464353, 378675, 163601, 163601, 3890280242
710, 2049605, 431637, 445060, 429764, 416532, 163306, 163306, 947565421
713, 2049349, 422114, 450547, 435196, 407190, 167151, 167151, 981159208
714, 2039507, 484391, 392810, 378287, 468149, 157935, 157935, 3050823494
715, 2046014, 414773, 465425, 449743, 399671, 158201, 158201, 402712417
718, 2047460, 433087, 444653, 428817, 417643, 161630, 161630, 3051625605
719, 2042919, 419416, 464425, 448683, 403595, 153400, 153400, 1798315096
716, 2050551, 452943, 414736, 399406, 438198, 172634, 172634, 1559638320
721, 2042479, 437440, 444737, 428801, 421251, 155125, 155125, 2294257151
717, 2044855, 495875, 379438, 364851, 479667, 162512, 162512, 907738028
720, 2050612, 421002, 457504, 441928, 406566, 161806, 161806, 3153427904
723, 2041544, 400785, 468772, 452781, 385230, 166988, 166988, 3567373292
722, 2049367, 473064, 408553, 393683, 457049, 158509, 158509, 2048344647
724, 2051481, 439157, 438348, 422390, 424152, 163717, 163717, 2123714501
725, 2048458, 450954, 432118, 416953, 435771, 156331, 156331, 3098646877
726, 2044238, 424150, 448703, 433384, 408265, 164868, 164868, 427152882
727, 2048935, 428478, 451635, 436612, 413464, 159373, 159373, 1126056083
728, 2046154, 472606, 411931, 396378, 456611, 154314, 154314, 2848684635
730, 2041983, 427795, 444796, 428905, 412065, 164211, 164211, 2154056705
731, 2045719, 454202, 434509, 419149, 438319, 149770, 149770, 1501398930
729, 2046821, 437391, 439554, 424405, 421591, 161940, 161940, 873994066
733, 2045623, 413566, 459080, 443933, 398084, 165480, 165480, 816168784
732, 2042294, 461232, 411961, 396910, 444891, 163650, 163650, 153044664
734, 2044369, 433986, 446430, 430950, 418647, 157178, 157178, 1253349953
735, 2045259, 489011, 384782, 369712, 473590, 164082, 164082, 1077218703
736, 2044406, 406983, 471040, 454731, 391778, 159937, 159937, 1814422561
737, 2042560, 474240, 403025, 387961, 458228, 159553, 159553, 1813335721
738, 2047962, 420461, 455954, 440551, 405798, 162599, 162599, 1561819934
739, 2040443, 464100, 414907, 399625, 447329, 157241, 157241, 1978136374
742, 2049084, 439888, 440384, 424123, 424775, 159957, 159957, 594701944
740, 2045668, 423164, 458417, 442416, 408051, 156810, 156810, 2123480055
741, 2047975, 465213, 400797, 386324, 449315, 173163, 173163, 468876339
744, 2047214, 484805, 392630, 377148, 469023, 161804, 161804, 3801419477
743, 2046939, 475288, 412726, 397731, 459076, 151059, 151059, 1376400011
746, 2042371, 457675, 420254, 404348, 441470, 159312, 159312, 3354507156
745, 2049134, 436267, 444128, 429222, 420789, 159364, 159364, 1468830238
747, 2044935, 431093, 442669, 426473, 415508, 164596, 164596, 1201131453
748, 2053256, 422326, 463395, 448234, 407735, 155783, 155783, 3591138807
749, 2043854, 413453, 466508, 450968, 398241, 157342, 157342, 3567086972
751, 2043184, 429254, 443097, 427581, 413664, 164794, 164794, 2024038669
750, 2050903, 445760, 437830, 422394, 430531, 157194, 157194, 2612625244
752, 2046196, 404827, 474963, 458564, 389362, 159240, 159240, 683470657
754, 2044543, 457659, 423123, 407426, 441759, 157288, 157288, 4251268552
755, 2048289, 436152, 447000, 431514, 420935, 156344, 156344, 2913887827
753, 2047487, 478155, 400096, 385361, 462395, 160740, 160740, 3185935673
757, 2048194, 417961, 459533, 444310, 402526, 161932, 161932, 335363176
758, 2044460, 450763, 421422, 406115, 434490, 165835, 165835, 512246202
759, 2042782, 452743, 425506, 410238, 437525, 158385, 158385, 1370418638
756, 2044270, 441191, 432797, 417043, 425529, 163855, 163855, 1301510556
760, 2044809, 397724, 476930, 461202, 382459, 163247, 163247, 1106247198
761, 2043511, 414014, 455981, 440089, 398713, 167357, 167357, 3058795266
762, 2045795, 436314, 440949, 425040, 420814, 161339, 161339, 1453688283
764, 2045665, 416302, 463220, 447986, 400259, 158949, 158949, 2494936508
763, 2052870, 391470, 482147, 466050, 376765, 168219, 168219, 3424713223
765, 2044903, 405287, 469582, 453256, 390170, 163304, 163304, 1758706679
766, 2047119, 378107, 496207, 479366, 363003, 165218, 165218, 144937861
767, 2042527, 453862, 432181, 416862, 438116, 150753, 150753, 462073252
768, 2037363, 468925, 407975, 392681, 452482, 157650, 157650, 3331420547
769, 2044522, 440496, 433516, 418152, 424894, 163732, 163732, 2662593513
770, 2045263, 402136, 479253, 464005, 387119, 156375, 156375, 1851896519
771, 2043957, 421144, 452830, 437431, 405902, 163325, 163325, 384439994
775, 2046420, 443531, 438569, 422373, 427239, 157354, 157354, 2535432677
772, 2043999, 442689, 431809, 416825, 426782, 162947, 162947, 2982823847
773, 2045241, 410201, 458192, 442663, 394533, 169826, 169826, 3888419849
776, 2052697, 373742, 498251, 482886, 359532, 169143, 169143, 3730904807
774, 2046682, 434609, 433767, 418414, 419226, 170333, 170333, 1982216383
777, 2051050, 449576, 428503, 413347, 434168, 162728, 162728, 3340601458
778, 2048805, 406085, 479009, 463472, 391463, 154388, 154388, 1225339552
779, 2046876, 412023, 474041, 457885, 397043, 152942, 152942, 340389515
781, 2044905, 422589, 453365, 437415, 407494, 162021, 162021, 4073172246
782, 2040429, 426760, 451980, 436073, 410988, 157314, 157314, 1976459857
780, 2046614, 456833, 420291, 405076, 441304, 161555, 161555, 3121861216
784, 2046684, 428203, 447660, 431863, 412586, 163186, 163186, 2620957529
783, 2047132, 460615, 419613, 404506, 444996, 158701, 158701, 1655482801
785, 2050883, 448754, 434485, 419569, 433193, 157441, 157441, 2403107662
786, 2048578, 403125, 479119, 463456, 387942, 157468, 157468, 3183758447
788, 2046108, 443687, 440022, 423968, 428067, 155182, 155182, 4191880452
787, 2044890, 432065, 446846, 430780, 417367, 158916, 158916, 1474869080
790, 2038265, 441676, 436212, 420896, 425375, 157053, 157053, 1464267925
789, 2048772, 453056, 417711, 402547, 436950, 169254, 169254, 2818113239
791, 2043383, 433306, 438376, 422101, 418140, 165730, 165730, 1455624423
792, 2047000, 449839, 419742, 404275, 434516, 169314, 169314, 3158204867
795, 2048549, 456439, 417953, 402845, 440686, 165313, 165313, 3707790692
793, 2042791, 424338, 447044, 431145, 408124, 166070, 166070, 3960593889
794, 2044208, 444963, 437345, 422110, 429806, 154992, 154992, 700406467
796, 2046546, 470334, 404305, 389705, 454230, 163986, 163986, 277240586
798, 2048402, 507805, 372858, 357807, 491310, 159311, 159311, 3860829241
797, 2046271, 439337, 436292, 420259, 424355, 163014, 163014, 3537137286
799, 2044813, 466808, 414721, 399412, 451216, 156328, 156328, 1338244561
803, 2045344, 444629, 434260, 418545, 428820, 159545, 159545, 1393345156
802, 2043724, 408824, 466493, 450189, 393948, 162135, 162135, 1670020317
800, 2047089, 468268, 412175, 397223, 452327, 158548, 158548, 2621790636
801, 2046795, 442500, 430290, 414833, 427236, 165968, 165968, 942193516
804, 2045952, 451194, 433752, 418554, 436178, 153137, 153137, 2853674425
806, 2041300, 378258, 500370, 483410, 363912, 157675, 157675, 423474547
805, 2040283, 430962, 446568, 430369, 415582, 158401, 158401, 1180593862
807, 2047516, 406071, 473241, 457154, 390678, 160186, 160186, 795790249
808, 2039875, 461986, 405578, 390039, 446744, 167764, 167764, 4033700091
811, 2044217, 465566, 413377, 397849, 449823, 158801, 158801, 3268918710
809, 2045905, 417103, 465630, 450326, 401934, 155456, 155456, 734125243
812, 2042360, 431827, 442309, 426721, 415847, 162828, 162828, 4018191756
810, 2047100, 438565, 433984, 418866, 423197, 166244, 166244, 4232815260
813, 2042714, 408962, 463664, 447142, 393542, 164702, 164702, 3164034940
814, 2047834, 456341, 423128, 407745, 440132, 160244, 160244, 2395478358
815, 2047872, 428323, 448486, 433084, 413235, 162372, 162372, 4242700938
816, 2047187, 483850, 396591, 381776, 467766, 158602, 158602, 759154498
819, 2041785, 426458, 443302, 427264, 411173, 166794, 166794, 3004156082
817, 2045393, 446039, 425040, 409524, 430090, 167350, 167350, 4114025322
818, 2046841, 404669, 471555, 455762, 389697, 162579, 162579, 1457625730
821, 2044180, 456125, 425652, 409955, 440258, 156095, 156095, 2195570821
822, 2045813, 431294, 443001, 427509, 415497, 164256, 164256, 1587603019
820, 2044326, 457921, 414084, 398827, 441952, 165771, 165771, 1668640904
823, 2045542, 433866, 439645, 424187, 417966, 164939, 164939, 2292271498
824, 2048151, 416879, 468638, 452788, 401430, 154208, 154208, 172910392
825, 2046859, 400533, 481456, 465076, 385868, 156963, 156963, 2002996502
828, 2051511, 434542, 437567, 421825, 419111, 169233, 169233, 3833078412
826, 2042359, 462694, 416465, 401191, 447169, 157420, 157420, 4244948212
829, 2049309, 432180, 459079, 443134, 416896, 149010, 149010, 3091417841
827, 2052330, 449668, 423761, 409213, 434832, 167428, 167428, 2380634107
830, 2045970, 492261, 391166, 376610, 475673, 155130, 155130, 3279065110
831, 2041254, 447779, 431586, 416624, 431867, 156699, 156699, 4215044602
833, 2045440, 446725, 429314, 413335, 430864, 162601, 162601, 1813219831
832, 2045610, 434247, 439081, 423690, 418722, 164935, 164935, 2952928649
835, 2043933, 394072, 492132, 475670, 379285, 151387, 151387, 4293694940
834, 2054554, 440136, 443863, 428988, 425265, 158151, 158151, 1354700117
837, 2040917, 414050, 451792, 435545, 398230, 170650, 170650, 2496902019
838, 2041295, 431799, 432750, 417263, 416237, 171623, 171623, 3938147597
836, 2045494, 440041, 441716, 426339, 424482, 156458, 156458, 2130124093
839, 2046305, 483372, 398359, 383129, 467147, 157149, 157149, 3061550820
840, 2047042, 407517, 473902, 457990, 391903, 157865, 157865, 3752225958
841, 2039900, 410373, 458766, 442864, 394897, 166500, 166500, 169364116
842, 2052445, 436904, 445480, 430392, 421535, 159067, 159067, 2009690340
846, 2043385, 415990, 468878, 453368, 400353, 152398, 152398, 1354463385
845, 2047366, 449916, 422091, 407446, 434337, 166788, 166788, 3310387450
844, 2044666, 411747, 468437, 452692, 396978, 157406, 157406, 3618801452
843, 2041646, 447338, 432783, 416425, 431398, 156851, 156851, 1856501144
847, 2046491, 450443, 426877, 411479, 434794, 161449, 161449, 1064864514
849, 2037587, 443804, 430901, 414893, 427745, 160122, 160122, 875587879
848, 2051576, 429859, 454571, 438915, 414305, 156963, 156963, 800255343
850, 2043433, 446138, 424591, 409217, 430093, 166697, 166697, 2745137
852, 2042610, 463758, 407483, 391609, 447822, 165969, 165969, 1104682126
853, 2043501, 431289, 444759, 428810, 415457, 161593, 161593, 8208585
854, 2041304, 481995, 385036, 369565, 465746, 169481, 169481, 204507640
851, 2045303, 457539, 421313, 405920, 442293, 159119, 159119, 646714639
856, 2046037, 385479, 484742, 469087, 370653, 168038, 168038, 960103387
855, 2046495, 452583, 425366, 409940, 436788, 160909, 160909, 2178360876
857, 2044165, 434601, 444877, 429390, 418573, 158362, 158362, 1638482134
860, 2042260, 402705, 476670, 460359, 387294, 157616, 157616, 502709278
858, 2047806, 439031, 433852, 419023, 423096, 166402, 166402, 3662056205
859, 2050068, 474410, 409550, 394079, 459197, 156416, 156416, 2846457568
861, 2049568, 418430, 468897, 453133, 403778, 152665, 152665, 949954295
862, 2041720, 385124, 491885, 475533, 370448, 159365, 159365, 1773129834
863, 2047264, 439734, 432920, 417795, 424223, 166296, 166296, 3611818019
864, 2044437, 398034, 476641, 460908, 383270, 162792, 162792, 3837614077
867, 2041945, 437101, 435717, 420194, 421163, 163885, 163885, 3972371156
865, 2044909, 457921, 418899, 404136, 442437, 160758, 160758, 2426699397
866, 2048001, 439239, 437048, 422064, 423836, 162907, 162907, 549632735
870, 2047123, 426515, 451142, 434679, 411227, 161780, 161780, 2335231669
868, 2044786, 462308, 409239, 393763, 446386, 166545, 166545, 2624880912
869, 2040586, 461214, 412749, 397352, 444999, 162136, 162136, 118225123
873, 2047053, 408837, 467945, 452552, 393753, 161983, 161983, 3658166470
871, 2046885, 448982, 434388, 418701, 433074, 155870, 155870, 1168482
872, 2047446, 398555, 471736, 455983, 383686, 168743, 168743, 2696796777
874, 2041157, 432977, 448642, 432098, 417402, 155019, 155019, 713790871
875, 2044002, 436559, 442564, 427204, 420777, 158449, 158449, 3431257372
876, 2046056, 415570, 461190, 445612, 400270, 161707, 161707, 1091440181
878, 2051306, 427304, 462505, 446941, 412358, 151099, 151099, 4248475178
877, 2044594, 437891, 433906, 418095, 422100, 166301, 166301, 1275769991
880, 2048181, 431068, 440174, 424855, 415880, 168102, 168102, 3054352928
879, 2039784, 432527, 435887, 419863, 416571, 167468, 167468, 4062251435
881, 2039145, 423402, 449455, 433163, 408151, 162487, 162487, 3858301325
882, 2040716, 491073, 382473, 367674, 474590, 162453, 162453, 2861068425
884, 2043789, 386479, 478400, 462065, 371749, 172548, 172548, 1510057643
885, 2046013, 444711, 433390, 417870, 428998, 160522, 160522, 4267382435
883, 2043204, 434177, 445393, 430113, 418357, 157582, 157582, 2353771857
887, 2045737, 463908, 412249, 397236, 447830, 162257, 162257, 4099657124
886, 2051672, 439947, 440336, 425169, 424402, 160909, 160909, 144407045
888, 2044075, 422583, 457209, 441824, 407135, 157662, 157662, 3719817217
889, 2044421, 454126, 429816, 413519, 438406, 154277, 154277, 3931067938
890, 2046109, 466730, 413898, 399059, 450870, 157776, 157776, 1637423240
893, 2043843, 453983, 423041, 407753, 438246, 160410, 160410, 3377184016
891, 2045649, 485944, 390696, 375878, 469823, 161654, 161654, 279265414
894, 2046206, 434311, 448780, 433450, 418403, 155631, 155631, 4217290554
892, 2045703, 470827, 403311, 388376, 454103, 164543, 164543, 3762374529
896, 2046348, 448909, 435385, 419725, 433573, 154378, 154378, 3513059387
895, 2049358, 476672, 401331, 386388, 460701, 162133, 162133, 447789451
897, 2047551, 466525, 417103, 402113, 450402, 155704, 155704, 2648264309
899, 2047118, 433906, 449863, 433692, 418435, 155611, 155611, 3149268128
901, 2040302, 453948, 425804, 410229, 438125, 156098, 156098, 1642399548
900, 2049529, 423288, 454850, 439398, 408197, 161898, 161898, 1357810548
898, 2044251, 505447, 376562, 361494, 489104, 155822, 155822, 2683106827
902, 2042650, 418672, 461513, 445741, 403148, 156788, 156788, 3195774513
903, 2042781, 456576, 422972, 407544, 440569, 157560, 157560, 3070495195
904, 2046718, 418076, 457282, 441645, 402457, 163629, 163629, 3745057197
905, 2052213, 445006, 433037, 417829, 429677, 163332, 163332, 1106542361
906, 2049495, 457530, 426212, 411161, 441638, 156477, 156477, 3820072446
907, 2045061, 383551, 495786, 479198, 367810, 159358, 159358, 886119592
909, 2047880, 414280, 456671, 440270, 399019, 168820, 168820, 1567712725
910, 2047107, 430887, 456062, 440146, 415448, 152282, 152282, 2763681816
908, 2056167, 513284, 374704, 360762, 497641, 154888, 154888, 3568463167
911, 2047962, 432144, 444451, 428802, 416049, 163258, 163258, 152555368
912, 2049916, 428924, 447546, 432425, 413757, 163632, 163632, 2536605072
914, 2045111, 391647, 488179, 472029, 376874, 158191, 158191, 3612098151
913, 2043964, 444383, 442446, 426642, 428631, 150931, 150931, 756789909
916, 2042173, 437984, 442869, 427188, 422014, 156059, 156059, 2537385753
918, 2044005, 403577, 468845, 453101, 387926, 165278, 165278, 2934730173
917, 2048612, 460890, 420293, 405304, 445055, 158535, 158535, 2642391821
919, 2044539, 422462, 447303, 431617, 407031, 168063, 168063, 1910718182
920, 2042146, 423802, 454248, 438139, 408895, 158531, 158531, 1743584774
915, 2040831, 453654, 427174, 411358, 438075, 155285, 155285, 794969279
921, 2047068, 461361, 416372, 401577, 445594, 161082, 161082, 2530433043
922, 2051187, 471546, 411018, 396147, 455668, 158404, 158404, 4288410115
924, 2044879, 432989, 444075, 428170, 417891, 160877, 160877, 3209535053
925, 2047505, 426046, 457488, 441511, 410634, 155913, 155913, 3465575535
927, 2041103, 441955, 429567, 414124, 426161, 164648, 164648, 181892250
926, 2052119, 468125, 417199, 402288, 452619, 155944, 155944, 3568960843
923, 2049562, 460702, 419735, 404852, 445147, 159563, 159563, 3697480576
928, 2049752, 457733, 422553, 407465, 441631, 160185, 160185, 3610407308
930, 2041441, 406153, 473293, 456734, 390853, 157204, 157204, 1405475484
929, 2044750, 452136, 430030, 414718, 436606, 155630, 155630, 1718732254
933, 2048781, 471833, 409916, 394815, 455643, 158287, 158287, 600550467
931, 2040618, 430182, 444470, 428798, 414306, 161431, 161431, 2269543995
932, 2045659, 446718, 422953, 407936, 431112, 168470, 168470, 590398472
934, 2045201, 468970, 397158, 381717, 452918, 172219, 172219, 2302792819
935, 2043370, 406103, 465362, 449689, 390810, 165703, 165703, 275282826
938, 2051941, 453957, 435188, 419235, 438587, 152487, 152487, 124661329
937, 2049613, 440298, 435424, 419819, 425448, 164312, 164312, 3205344327
936, 2047377, 428594, 449593, 433857, 412669, 161332, 161332, 419991889
940, 2046669, 414768, 459594, 444011, 399380, 164458, 164458, 1920275367
939, 2048630, 477959, 405863, 391084, 461460, 156132, 156132, 3182249917
943, 2036751, 415656, 458322, 441695, 399998, 160540, 160540, 350245972
944, 2048136, 380167, 505705, 489139, 365577, 153774, 153774, 3048336925
941, 2046100, 466534, 416421, 401379, 449634, 156066, 156066, 1504851147
942, 2047545, 482124, 401876, 386632, 465907, 155503, 155503, 2842109971
945, 2037021, 467288, 401923, 386625, 450407, 165389, 165389, 2397808395
947, 2043641, 453444, 424189, 408705, 438221, 159541, 159541, 3635844055
948, 2043332, 420821, 452031, 436014, 405316, 164575, 164575, 830249866
950, 2047523, 429834, 455292, 439973, 414006, 154209, 154209, 2157293001
949, 2042265, 423260, 447792, 432130, 408329, 165377, 165377, 4150520604
946, 2051466, 490546, 386977, 372783, 474392, 163384, 163384, 3504011860
951, 2045795, 469335, 410119, 394528, 453765, 159024, 159024, 3310428848
953, 2042166, 448011, 430203, 414342, 431970, 158820, 158820, 2518700592
952, 2041206, 416582, 452145, 436467, 401020, 167496, 167496, 1403998617
955, 2045180, 476957, 399679, 385048, 460540, 161478, 161478, 492171309
954, 2043334, 379487, 497785, 481276, 364466, 160160, 160160, 973029418
956, 2050112, 442994, 434754, 419080, 427858, 162713, 162713, 2468361885
959, 2042679, 471915, 405641, 390969, 455772, 159191, 159191, 1947327423
958, 2049688, 413429, 470905, 456005, 398271, 155539, 155539, 4256999845
957, 2044719, 441891, 430344, 414491, 425585, 166204, 166204, 417908156
960, 2041863, 447932, 426542, 410807, 431630, 162476, 162476, 1269335062
961, 2051839, 414573, 451415, 435434, 400163, 175127, 175127, 1612652901
963, 2042781, 434984, 434389, 419472, 418948, 167494, 167494, 829151751
962, 2040732, 443711, 415278, 399636, 428669, 176719, 176719, 1169618709
964, 2043079, 460418, 404763, 389201, 444979, 171859, 171859, 2300222035
966, 2045118, 466787, 416231, 400889, 450977, 155117, 155117, 2676984341
965, 2047680, 443264, 432113, 416565, 428012, 163863, 163863, 207216805
967, 2040661, 452407, 425584, 409631, 436625, 158207, 158207, 2941098982
968, 2042604, 416915, 458561, 442551, 401359, 161609, 161609, 2499592628
969, 2049843, 489170, 382199, 367608, 472656, 169105, 169105, 4103791493
971, 2050366, 425268, 451236, 435689, 410573, 163800, 163800, 975893446
970, 2046074, 411273, 469936, 453751, 395380, 157867, 157867, 1192949437
973, 2045452, 438356, 443167, 427636, 422733, 156780, 156780, 712195689
972, 2047470, 415720, 463971, 448480, 400605, 159347, 159347, 909839775
975, 2050802, 435183, 444998, 429174, 420113, 160667, 160667, 1105785497
976, 2040694, 459072, 415295, 399854, 443291, 161591, 161591, 480219896
974, 2046910, 437312, 436034, 420788, 421642, 165567, 165567, 3308317626
977, 2047221, 418650, 458682, 443415, 403340, 161567, 161567, 4009293248
979, 2046942, 452022, 430544, 416032, 436492, 155926, 155926, 3448860051
980, 2038953, 420517, 450138, 433816, 404880, 164801, 164801, 2270709311
978, 2045833, 471592, 399797, 384101, 455463, 167440, 167440, 2065196572
983, 2050687, 463121, 415776, 401092, 447364, 161667, 161667, 1507545415
982, 2042722, 446848, 429136, 413508, 430972, 161129, 161129, 2468007555
981, 2045605, 439915, 434438, 418836, 424414, 164001, 164001, 3097752262
984, 2047851, 455697, 422336, 407253, 440393, 161086, 161086, 481723869
985, 2042011, 441438, 434602, 418765, 425784, 160711, 160711, 334055630
990, 2045812, 420968, 456220, 440851, 405309, 161232, 161232, 1649989975
987, 2052123, 425687, 459428, 443848, 410238, 156461, 156461, 196061495
988, 2047118, 471210, 413002, 397601, 456117, 154594, 154594, 4022062516
989, 2046509, 398046, 471274, 455607, 382662, 169460, 169460, 1416856222
992, 2047443, 419773, 452311, 437076, 404571, 166856, 166856, 2325541682
986, 2042967, 441580, 427157, 411526, 425914, 168395, 168395, 2118123741
991, 2048445, 476224, 404161, 388239, 460181, 159820, 159820, 922777584
993, 2043822, 390475, 485482, 469368, 375571, 161463, 161463, 1599524897
994, 2039819, 456789, 423840, 408512, 440310, 155184, 155184, 3190010632
995, 2047848, 408505, 464428, 448938, 393759, 166109, 166109, 185702471
996, 2043054, 384207, 489992, 473991, 369292, 162786, 162786, 2786946741
997, 2043799, 429483, 448940, 433362, 413868, 159073, 159073, 3032612483
998, 2046706, 379432, 495355, 478421, 364984, 164257, 164257, 2885047020
999, 2049117, 442383, 428375, 412795, 427418, 169073, 169073, 2196089770
