sample_id, N_LCC, N_A_1_LCC, N_B_1_LCC, N_A_0_LCC, N_B_0_LCC, N_A_*_LCC, N_B_*_LCC, seed
7, 380452, 78795, 77487, 60727, 62051, 50696, 50696, 2254156744
10, 380345, 77934, 77081, 60612, 61146, 51786, 51786, 108460157
11, 378941, 76137, 78406, 61705, 59677, 51508, 51508, 1471658922
4, 383424, 80369, 77325, 60746, 63214, 50885, 50885, 1389283671
8, 383189, 78555, 78151, 61340, 61855, 51644, 51644, 3870858419
3, 382760, 78339, 77771, 60943, 61889, 51909, 51909, 3583179259
2, 380389, 77842, 77411, 60657, 61447, 51516, 51516, 2006086389
6, 378301, 77145, 78399, 61615, 60464, 50339, 50339, 1946891776
9, 380913, 79654, 77004, 60627, 62666, 50481, 50481, 237410492
1, 377689, 75793, 78597, 61686, 59441, 51086, 51086, 1910496476
5, 383114, 77425, 79394, 62370, 60497, 51714, 51714, 93710100
13, 384941, 79954, 76856, 60268, 62861, 52501, 52501, 657367011
0, 376492, 78809, 75174, 58951, 61918, 50820, 50820, 1931359588
12, 380816, 76785, 78618, 61597, 60484, 51666, 51666, 1410339654
16, 376428, 76839, 76735, 60244, 60204, 51203, 51203, 137568478
22, 376039, 80070, 73807, 57598, 63070, 50747, 50747, 2153869205
18, 381822, 77301, 78505, 61488, 60580, 51974, 51974, 2429542414
23, 380041, 75729, 79752, 63150, 59318, 51046, 51046, 2625914213
17, 385810, 80177, 77415, 61015, 63213, 51995, 51995, 2082644855
14, 373804, 77981, 75650, 59294, 61537, 49671, 49671, 1380826011
19, 379821, 79146, 76230, 59974, 61957, 51257, 51257, 580364587
20, 379974, 77587, 78284, 61419, 61114, 50785, 50785, 3110289281
15, 379476, 76824, 77919, 61343, 60050, 51670, 51670, 2429102268
24, 379051, 77790, 77040, 60533, 60994, 51347, 51347, 574379801
21, 377633, 76365, 77886, 61123, 60109, 51075, 51075, 2229639392
25, 383477, 79431, 77014, 60447, 62627, 51979, 51979, 3190033564
27, 380562, 79039, 77600, 60820, 62067, 50518, 50518, 484248143
26, 380803, 78749, 77600, 60968, 61882, 50802, 50802, 4058900409
29, 377466, 75304, 78655, 61746, 58809, 51476, 51476, 1221820486
30, 380976, 77211, 78996, 62082, 60455, 51116, 51116, 3441657752
28, 383282, 79023, 78718, 61895, 62274, 50686, 50686, 408773792
32, 384857, 79194, 78316, 61555, 62308, 51742, 51742, 226027607
31, 378482, 78166, 77266, 60508, 61542, 50500, 50500, 3129149037
38, 380683, 76536, 78751, 61808, 60082, 51753, 51753, 4247833075
33, 377663, 78868, 75662, 59242, 61977, 50957, 50957, 1754953987
35, 380761, 78990, 77081, 60387, 62153, 51075, 51075, 1829322573
34, 385481, 76118, 81071, 64209, 59607, 52238, 52238, 1223682495
36, 378741, 77444, 75483, 59410, 60988, 52708, 52708, 1421549229
37, 381232, 76593, 78812, 62014, 60049, 51882, 51882, 3218378860
39, 378069, 77636, 77358, 60873, 60836, 50683, 50683, 1397494940
40, 377658, 76082, 78250, 61298, 59528, 51250, 51250, 4232415445
41, 380839, 76072, 79158, 62039, 59510, 52030, 52030, 239749957
43, 379097, 79132, 75817, 59395, 62353, 51200, 51200, 2714431118
44, 378044, 76527, 78959, 62119, 59917, 50261, 50261, 1401303619
45, 382556, 79483, 77244, 60561, 62698, 51285, 51285, 2239588005
42, 383489, 80416, 77214, 60645, 63212, 51001, 51001, 2412775333
51, 385237, 79076, 77989, 61711, 62341, 52060, 52060, 3835217632
48, 383031, 77613, 78617, 61770, 60883, 52074, 52074, 1507035440
46, 379775, 77104, 78246, 61120, 60443, 51431, 51431, 1266252570
49, 377785, 79819, 74864, 58802, 62832, 50734, 50734, 1242121182
50, 380860, 79282, 75886, 59681, 62323, 51844, 51844, 2859620297
47, 381982, 79735, 76907, 60298, 62916, 51063, 51063, 2208680185
52, 378818, 78402, 76968, 60417, 61741, 50645, 50645, 3948063487
53, 381906, 77999, 78467, 61407, 61249, 51392, 51392, 1401355628
55, 382082, 77788, 78153, 61468, 61013, 51830, 51830, 1045851084
54, 380320, 78105, 77922, 61459, 61274, 50780, 50780, 4113200129
56, 381191, 77935, 78318, 61749, 61027, 51081, 51081, 1466117625
58, 377791, 77141, 76264, 59537, 60663, 52093, 52093, 466752844
57, 381797, 76513, 77911, 61031, 60118, 53112, 53112, 2563092866
59, 381712, 76661, 79292, 62259, 60160, 51670, 51670, 663839029
62, 382583, 78357, 79080, 62162, 61586, 50699, 50699, 4077673201
60, 379565, 79051, 76499, 59856, 61695, 51232, 51232, 1574564368
61, 380859, 77692, 77645, 60771, 60973, 51889, 51889, 1933413576
63, 385445, 78455, 79918, 62819, 61725, 51264, 51264, 1528385095
66, 378573, 77267, 77647, 60851, 60530, 51139, 51139, 1847283761
65, 377716, 77392, 78959, 62029, 60368, 49484, 49484, 258801868
64, 379645, 78959, 76777, 60349, 62014, 50773, 50773, 3343926730
67, 383747, 79919, 77742, 60777, 63087, 51111, 51111, 505442532
68, 371487, 76550, 75205, 58833, 59915, 50492, 50492, 720810062
69, 380568, 77819, 77146, 60623, 60974, 52003, 52003, 2254099924
71, 380138, 79385, 76239, 59998, 62224, 51146, 51146, 2266701464
70, 382332, 76357, 79532, 62787, 59996, 51830, 51830, 803314127
72, 381100, 79414, 76449, 60022, 62469, 51373, 51373, 3402052900
73, 377945, 76498, 77640, 61266, 59855, 51343, 51343, 452873641
79, 382441, 78493, 77855, 60965, 61866, 51631, 51631, 830381732
75, 378824, 74452, 80229, 63057, 58406, 51340, 51340, 2917778467
77, 384279, 78781, 80126, 62632, 61696, 50522, 50522, 1954401368
76, 378206, 75647, 77707, 61053, 59405, 52197, 52197, 3654898015
74, 379545, 77510, 78419, 61344, 60824, 50724, 50724, 1839440723
80, 383067, 76504, 79004, 61952, 60293, 52657, 52657, 365476704
78, 382322, 78030, 78221, 61398, 61681, 51496, 51496, 30667219
81, 382757, 75427, 79837, 62582, 59203, 52854, 52854, 1139810550
83, 382157, 76132, 78955, 62206, 59430, 52717, 52717, 935667986
82, 382827, 79229, 76121, 59811, 62410, 52628, 52628, 3899152343
84, 380800, 76461, 78504, 61705, 59904, 52113, 52113, 840454935
86, 380004, 76826, 77860, 61003, 60311, 52002, 52002, 2421526108
85, 383390, 77907, 78227, 61777, 61189, 52145, 52145, 288266227
87, 380687, 77168, 78312, 61560, 60203, 51722, 51722, 3485414492
89, 381706, 76765, 78848, 61969, 60386, 51869, 51869, 328899730
90, 381994, 80191, 76200, 59645, 62880, 51539, 51539, 376845762
88, 380333, 76533, 80069, 63231, 60000, 50250, 50250, 3305680697
93, 381330, 76886, 79697, 62775, 60184, 50894, 50894, 893433293
91, 379876, 78891, 75755, 59444, 62240, 51773, 51773, 25877755
92, 381397, 76914, 78318, 61614, 60407, 52072, 52072, 4028423599
94, 381180, 78885, 77599, 61135, 62035, 50763, 50763, 3859830426
95, 378553, 76010, 78533, 61815, 59719, 51238, 51238, 1705252103
96, 383175, 79275, 77528, 60997, 62267, 51554, 51554, 3836662403
97, 380592, 77640, 77541, 60809, 61198, 51702, 51702, 307197181
99, 381045, 78555, 76605, 60266, 62017, 51801, 51801, 1196195607
98, 380507, 77034, 78385, 61487, 60497, 51552, 51552, 3741515375
102, 378462, 77426, 77311, 60773, 60764, 51094, 51094, 2728341365
100, 378641, 75232, 79140, 62335, 59000, 51467, 51467, 4041792656
101, 380590, 79861, 75932, 59882, 62693, 51111, 51111, 3181534826
103, 381315, 76950, 78853, 62021, 60561, 51465, 51465, 2509327794
105, 378766, 75067, 79097, 62095, 58513, 51997, 51997, 1487579220
104, 380598, 78749, 76578, 60062, 61753, 51728, 51728, 3775419202
106, 375849, 77533, 76791, 60257, 60658, 50305, 50305, 3073457874
107, 383854, 80977, 77084, 60713, 63686, 50697, 50697, 131919698
109, 385507, 78684, 79340, 62310, 61849, 51662, 51662, 1629252827
108, 380210, 79197, 76188, 59799, 62274, 51376, 51376, 4187637370
111, 380043, 76735, 78911, 61732, 60193, 51236, 51236, 2995704227
110, 380690, 79272, 76098, 59432, 62154, 51867, 51867, 3800759515
112, 383285, 78512, 77962, 61189, 61706, 51958, 51958, 4272392337
113, 379083, 79070, 77832, 61203, 62046, 49466, 49466, 1884812105
115, 378328, 73626, 81840, 64631, 57657, 50287, 50287, 523986566
114, 379389, 76991, 78362, 61717, 60639, 50840, 50840, 2465901861
117, 382185, 80007, 76077, 59627, 63052, 51711, 51711, 1475269976
116, 381452, 77785, 77935, 61259, 61199, 51637, 51637, 3361060442
118, 380570, 76596, 79221, 62225, 60092, 51218, 51218, 2342304209
120, 379447, 79136, 76746, 59887, 62030, 50824, 50824, 1340092477
119, 383569, 77906, 79352, 62334, 61259, 51359, 51359, 3949353729
121, 379636, 76493, 78075, 61340, 60272, 51728, 51728, 879305394
122, 385107, 78346, 78730, 62124, 61741, 52083, 52083, 3539321109
123, 379760, 77642, 77197, 60859, 60884, 51589, 51589, 3584142561
124, 381214, 77314, 79268, 62295, 60783, 50777, 50777, 3023468719
125, 381243, 77901, 77790, 61217, 61249, 51543, 51543, 3108089070
126, 376198, 75592, 77610, 60954, 59132, 51455, 51455, 2252059634
127, 383090, 78792, 78373, 62036, 61901, 50994, 50994, 2744132339
128, 382542, 78606, 78471, 61622, 61849, 50997, 50997, 4026373415
129, 380533, 79673, 76828, 60084, 62496, 50726, 50726, 3973971625
130, 383154, 79275, 77722, 61117, 62680, 51180, 51180, 2151497091
131, 378000, 77533, 77203, 60397, 60899, 50984, 50984, 80390115
132, 382691, 78861, 77558, 61073, 61945, 51627, 51627, 167304035
133, 384949, 75698, 81580, 64190, 59295, 52093, 52093, 3049668304
134, 381142, 77728, 78208, 61685, 61107, 51207, 51207, 1958289599
135, 380586, 77346, 77147, 60296, 60817, 52490, 52490, 2194908887
136, 380126, 76998, 78119, 61460, 60363, 51593, 51593, 918568577
137, 380021, 79240, 76859, 60032, 62168, 50861, 50861, 3543322118
138, 383057, 78091, 79596, 62751, 61491, 50564, 50564, 1222735057
139, 378489, 77617, 76051, 59688, 60895, 52119, 52119, 1608742507
140, 379731, 80386, 74619, 58552, 63404, 51385, 51385, 3403396402
141, 381828, 78096, 79266, 62489, 61433, 50272, 50272, 251332320
143, 380064, 76180, 80288, 63254, 59688, 50327, 50327, 597487536
142, 379989, 79101, 76644, 59951, 62113, 51090, 51090, 2392260131
144, 383158, 77719, 78027, 61387, 60939, 52543, 52543, 4226221309
145, 378640, 77889, 76316, 59996, 61073, 51683, 51683, 2603430495
146, 377617, 76375, 76418, 59928, 59798, 52549, 52549, 2414456030
149, 381292, 78823, 76906, 60361, 62084, 51559, 51559, 2720069200
147, 380065, 78634, 77503, 60903, 61997, 50514, 50514, 977824528
148, 380578, 77607, 78547, 61747, 61067, 50805, 50805, 3724733525
150, 384107, 78742, 79369, 62362, 61754, 50940, 50940, 2320028504
151, 384066, 77017, 79821, 62588, 60608, 52016, 52016, 3724157254
152, 377065, 75779, 77393, 60960, 59539, 51697, 51697, 1930991382
153, 379342, 77121, 78180, 60933, 60468, 51320, 51320, 1952297162
154, 379436, 78796, 76826, 60289, 62145, 50690, 50690, 845960240
155, 382722, 77227, 79532, 62678, 60595, 51345, 51345, 1038477793
157, 378123, 77157, 78033, 61264, 60645, 50512, 50512, 4211744606
156, 380630, 77003, 79313, 62209, 60655, 50725, 50725, 3580856514
158, 380025, 77829, 77614, 60678, 61014, 51445, 51445, 1168694794
159, 380101, 76101, 79364, 62520, 59852, 51132, 51132, 1420822992
160, 379406, 74389, 80875, 64024, 58232, 50943, 50943, 1325025222
162, 380362, 79366, 75961, 59677, 62206, 51576, 51576, 53909618
161, 379688, 76671, 79101, 62159, 60301, 50728, 50728, 1786888155
163, 381947, 80361, 77232, 60552, 63490, 50156, 50156, 2953666208
164, 379837, 79552, 76589, 60021, 62179, 50748, 50748, 2501701020
165, 381306, 78166, 77238, 60789, 61673, 51720, 51720, 3184026233
167, 377836, 77186, 78085, 61434, 60507, 50312, 50312, 1134653480
168, 378260, 75930, 80235, 62917, 59570, 49804, 49804, 244170168
166, 379774, 80296, 75671, 59287, 63148, 50686, 50686, 1086140014
169, 380585, 80509, 75421, 58871, 63574, 51105, 51105, 1065643851
171, 377125, 76046, 78100, 61463, 59656, 50930, 50930, 2823486537
170, 383411, 77852, 78691, 61914, 61132, 51911, 51911, 2733597068
175, 383300, 78449, 78879, 61988, 61386, 51299, 51299, 1003098199
172, 385658, 81158, 76822, 60305, 64093, 51640, 51640, 3288173839
173, 379474, 79299, 76039, 59548, 62222, 51183, 51183, 3490402686
176, 383285, 77372, 79823, 62703, 60951, 51218, 51218, 3215477703
174, 379145, 78011, 77436, 60525, 61299, 50937, 50937, 2466698262
177, 383136, 81276, 76551, 60148, 63845, 50658, 50658, 1858859133
178, 382699, 76142, 81086, 63947, 59744, 50890, 50890, 3106055645
179, 382340, 77851, 77718, 60883, 61120, 52384, 52384, 4112706412
181, 381879, 78355, 78049, 61516, 61553, 51203, 51203, 3283001203
180, 383072, 77359, 78110, 61273, 60860, 52735, 52735, 3436679377
182, 381198, 77795, 78942, 62038, 60971, 50726, 50726, 2817205995
184, 380831, 77585, 78093, 61508, 60927, 51359, 51359, 1734914233
183, 381240, 77282, 78394, 61658, 60830, 51538, 51538, 4206929018
185, 380108, 75738, 78676, 61642, 59524, 52264, 52264, 646414159
187, 378804, 77777, 77385, 60921, 60897, 50912, 50912, 1421484722
186, 382269, 77449, 78598, 61456, 60986, 51890, 51890, 2033624579
188, 378289, 79631, 76091, 59594, 62827, 50073, 50073, 47388299
190, 375233, 76344, 77047, 60505, 59689, 50824, 50824, 2969630213
191, 381615, 78068, 78936, 62077, 61642, 50446, 50446, 1976732516
189, 383820, 78622, 78604, 61856, 61810, 51464, 51464, 3044021063
192, 378214, 78364, 75401, 58998, 61353, 52049, 52049, 1264913161
193, 381985, 79397, 76752, 60435, 62359, 51521, 51521, 125668778
194, 379803, 80132, 76036, 59330, 63075, 50615, 50615, 936941383
195, 378956, 76289, 78850, 62009, 59642, 51083, 51083, 3419694949
198, 378988, 78031, 77625, 60996, 61208, 50564, 50564, 2496499669
199, 383973, 79544, 77875, 61000, 62292, 51631, 51631, 893993640
196, 383013, 76464, 79849, 63189, 60113, 51699, 51699, 2544892040
197, 382338, 78718, 77462, 60933, 61807, 51709, 51709, 4127578662
201, 383400, 79157, 77362, 60816, 62221, 51922, 51922, 2925872715
200, 377539, 75028, 80042, 63004, 58791, 50337, 50337, 183117283
202, 372604, 76053, 76268, 59531, 59618, 50567, 50567, 2205094352
204, 382470, 78315, 79463, 62802, 61266, 50312, 50312, 4114444134
203, 380223, 79152, 77732, 61239, 62010, 50045, 50045, 4057369053
205, 383417, 77862, 77862, 61305, 61192, 52598, 52598, 2942866724
206, 380284, 77741, 78382, 61328, 61097, 50868, 50868, 1410691103
208, 382132, 77799, 78335, 61078, 61232, 51844, 51844, 2802276864
207, 377788, 76527, 78335, 61376, 60348, 50601, 50601, 486880611
210, 377603, 77310, 77721, 60985, 60543, 50522, 50522, 2268696566
211, 380403, 79111, 76964, 60433, 62273, 50811, 50811, 2577987391
209, 382579, 79249, 77860, 60909, 62391, 51085, 51085, 913050070
212, 377564, 76352, 78179, 61463, 59890, 50840, 50840, 350124864
215, 378865, 79288, 76684, 60011, 62350, 50266, 50266, 1942192627
214, 376212, 77343, 77314, 60845, 60692, 50009, 50009, 1750616436
213, 379573, 78013, 77219, 60548, 61313, 51240, 51240, 1628775636
216, 378101, 78394, 75749, 59589, 61621, 51374, 51374, 3582977743
218, 379745, 76096, 80473, 63518, 59376, 50141, 50141, 2143530040
217, 382909, 77902, 78926, 62023, 61440, 51309, 51309, 654175100
219, 381386, 79894, 76338, 59748, 62742, 51332, 51332, 1256554211
220, 383735, 78545, 78743, 61816, 61705, 51463, 51463, 438708049
221, 381374, 77849, 78282, 61537, 61220, 51243, 51243, 3988389332
224, 377710, 76272, 78480, 61626, 59628, 50852, 50852, 670822660
222, 385170, 80391, 76822, 60387, 63170, 52200, 52200, 4206047093
223, 378348, 77375, 78729, 61998, 60804, 49721, 49721, 1312037427
225, 382486, 79073, 77471, 60802, 62302, 51419, 51419, 3812838850
228, 382180, 77204, 78354, 61586, 60642, 52197, 52197, 2391362700
226, 381203, 77273, 78571, 61740, 60919, 51350, 51350, 296764412
229, 380870, 76571, 78916, 61959, 60242, 51591, 51591, 997387769
227, 384208, 78421, 77052, 60452, 61681, 53301, 53301, 8763566
230, 380918, 76544, 78379, 61423, 60078, 52247, 52247, 4210116078
231, 383303, 77394, 78723, 61857, 60943, 52193, 52193, 555111831
232, 377264, 74567, 78443, 61737, 58341, 52088, 52088, 222534290
233, 385529, 77672, 80747, 63625, 60491, 51497, 51497, 1833772231
235, 378808, 76758, 77992, 61605, 59917, 51268, 51268, 2112526663
234, 383131, 75991, 80664, 63466, 59518, 51746, 51746, 155222951
238, 379119, 78404, 77844, 61100, 61473, 50149, 50149, 2332413327
236, 386390, 77667, 80479, 63521, 61209, 51757, 51757, 3686098470
237, 381674, 77631, 78343, 61436, 60942, 51661, 51661, 3555788438
240, 382342, 80662, 76769, 59968, 63629, 50657, 50657, 3888084453
239, 381790, 78336, 78107, 61056, 61325, 51483, 51483, 1266662996
242, 380920, 77358, 78522, 61631, 60789, 51310, 51310, 1899252228
241, 378241, 77591, 76771, 60216, 60847, 51408, 51408, 3110707927
243, 381473, 77558, 78108, 61879, 60810, 51559, 51559, 3519425689
245, 381460, 79390, 76528, 59898, 62624, 51510, 51510, 3351567217
244, 382620, 79010, 78213, 61768, 62081, 50774, 50774, 2773332688
246, 380564, 79538, 76767, 60316, 62453, 50745, 50745, 452653533
247, 380334, 79719, 77176, 60367, 62588, 50242, 50242, 3940064171
248, 385934, 77618, 80149, 63245, 60806, 52058, 52058, 2104962269
249, 379895, 76919, 78540, 61729, 60301, 51203, 51203, 2985517794
250, 374591, 76971, 76275, 59811, 60122, 50706, 50706, 2219472687
251, 377568, 75735, 78421, 61314, 59338, 51380, 51380, 4024696526
252, 377798, 77590, 76946, 60441, 60749, 51036, 51036, 556488299
253, 380344, 78507, 75845, 59379, 62019, 52297, 52297, 1206031420
254, 382937, 80109, 78324, 61171, 62933, 50200, 50200, 2654579715
255, 380588, 78456, 76886, 60537, 61349, 51680, 51680, 3691969774
257, 378877, 77218, 78238, 61622, 60657, 50571, 50571, 1574795291
259, 379666, 78174, 77100, 60361, 61417, 51307, 51307, 287562982
258, 381129, 78466, 76563, 60370, 61996, 51867, 51867, 1818980685
260, 379617, 77829, 77587, 60861, 61216, 51062, 51062, 1476035162
256, 377199, 78667, 76692, 60293, 61587, 49980, 49980, 4147321877
261, 381062, 76539, 78204, 61381, 60010, 52464, 52464, 912370553
262, 382764, 78200, 77984, 61350, 61480, 51875, 51875, 3644479368
263, 384443, 79178, 78400, 61978, 62175, 51356, 51356, 3570163006
264, 381384, 76756, 78980, 61857, 60379, 51706, 51706, 1856120841
265, 377531, 79195, 75875, 59293, 62006, 50581, 50581, 2736029288
266, 385152, 80285, 77426, 60902, 62863, 51838, 51838, 1881401002
267, 380416, 78002, 76567, 60092, 61119, 52318, 52318, 1342539192
269, 384037, 79096, 78205, 61598, 62200, 51469, 51469, 2212401379
270, 381985, 79276, 76783, 60170, 62358, 51699, 51699, 1561810183
268, 382950, 79457, 77026, 60850, 62535, 51541, 51541, 107224316
271, 383911, 79256, 77907, 61324, 61990, 51717, 51717, 533488060
272, 382027, 78759, 77069, 60397, 61990, 51906, 51906, 1552260727
273, 383838, 78097, 79635, 62500, 61290, 51158, 51158, 1675495609
274, 381462, 77406, 78519, 61387, 60824, 51663, 51663, 776442508
275, 378371, 76884, 78114, 61048, 60395, 50965, 50965, 2890584185
276, 376631, 76391, 77005, 60372, 60161, 51351, 51351, 4027808913
278, 377648, 76555, 77424, 60685, 60192, 51396, 51396, 3288464633
277, 377703, 79129, 77040, 60408, 62110, 49508, 49508, 2943119008
279, 380586, 77685, 78095, 61259, 60765, 51391, 51391, 2629051231
280, 382433, 78779, 77811, 60887, 62098, 51429, 51429, 1846407921
281, 383124, 78740, 76883, 60525, 61958, 52509, 52509, 227235729
283, 379268, 77609, 76750, 60252, 60897, 51880, 51880, 2482904465
282, 384154, 78517, 77752, 61026, 61955, 52452, 52452, 4170153263
284, 374723, 76043, 76054, 59416, 59642, 51784, 51784, 504824360
285, 382730, 79820, 76762, 60622, 62782, 51372, 51372, 1500217678
286, 380693, 77053, 77992, 61192, 60440, 52008, 52008, 228944855
287, 377237, 76403, 78432, 61530, 59950, 50461, 50461, 797340870
289, 379940, 78890, 77092, 60786, 61818, 50677, 50677, 2252531538
288, 383506, 80264, 77840, 61390, 63084, 50464, 50464, 218631563
290, 378690, 78595, 76248, 59663, 61910, 51137, 51137, 3709496266
291, 381316, 75908, 79888, 63030, 59304, 51593, 51593, 876835257
292, 385468, 78452, 78473, 61942, 61617, 52492, 52492, 3013200575
293, 383611, 78987, 78128, 61048, 62318, 51565, 51565, 474508645
295, 381967, 76577, 78576, 61416, 60044, 52677, 52677, 930096102
294, 380297, 76787, 79328, 61955, 60331, 50948, 50948, 2547477294
296, 387186, 77772, 81799, 64506, 61149, 50980, 50980, 3816272908
297, 377582, 75614, 77716, 61003, 59295, 51977, 51977, 222223816
299, 380506, 79373, 77213, 60744, 62600, 50288, 50288, 1532963291
298, 384062, 78079, 79659, 62607, 61299, 51209, 51209, 654338570
300, 377850, 76320, 78013, 61292, 59901, 51162, 51162, 2663346815
302, 376010, 76079, 78232, 61215, 59570, 50457, 50457, 3145454808
301, 381864, 79211, 77639, 60921, 62285, 50904, 50904, 1925259877
303, 382171, 77649, 78817, 61925, 60694, 51543, 51543, 661100864
306, 376896, 77181, 77631, 60954, 60432, 50349, 50349, 1041417098
304, 382358, 77740, 78659, 61892, 61007, 51530, 51530, 2484292231
305, 380045, 76884, 78262, 61789, 60594, 51258, 51258, 2697727830
307, 383049, 77929, 78842, 61803, 61299, 51588, 51588, 1422346157
308, 382745, 79062, 77497, 61113, 62069, 51502, 51502, 3141903875
309, 376585, 79092, 74287, 58158, 62004, 51522, 51522, 3337404213
310, 378291, 78781, 76564, 60093, 61719, 50567, 50567, 1458937144
312, 382414, 79073, 77490, 61038, 61993, 51410, 51410, 276244769
311, 385428, 78870, 79181, 62456, 62077, 51422, 51422, 8836860
314, 382988, 74200, 81134, 63819, 58399, 52718, 52718, 4235710854
315, 376635, 76629, 77420, 60580, 60020, 50993, 50993, 1479048665
313, 379967, 77765, 77647, 60929, 60986, 51320, 51320, 787506352
316, 380822, 77720, 79164, 62140, 60872, 50463, 50463, 3275306329
317, 384207, 76806, 79641, 62898, 60300, 52281, 52281, 3987465766
318, 382062, 76557, 79793, 63022, 60164, 51263, 51263, 726759092
319, 380788, 79839, 76036, 59312, 62917, 51342, 51342, 4174894247
320, 381548, 78992, 76599, 60174, 61967, 51908, 51908, 3846992008
321, 381134, 75858, 79090, 62011, 59617, 52279, 52279, 3417673629
322, 381640, 77051, 77795, 61319, 60609, 52433, 52433, 2672248613
323, 381171, 77740, 78370, 61613, 60978, 51235, 51235, 2235775457
324, 380307, 77652, 77603, 60847, 60963, 51621, 51621, 3502145626
325, 383431, 80391, 76442, 59926, 63298, 51687, 51687, 2314548121
326, 384865, 77525, 80584, 63444, 61226, 51043, 51043, 2879104039
327, 381668, 77393, 79705, 62719, 60925, 50463, 50463, 3695490471
328, 381384, 75947, 79381, 62136, 59660, 52130, 52130, 1304953903
330, 380998, 77889, 78354, 61512, 61159, 51042, 51042, 2083693138
329, 379796, 79977, 76382, 59938, 62765, 50367, 50367, 762714514
331, 381208, 76634, 78785, 61931, 60320, 51769, 51769, 3576310668
332, 381889, 78429, 77190, 60506, 61776, 51994, 51994, 3512292490
334, 379894, 78292, 76975, 60501, 61572, 51277, 51277, 303113388
335, 374281, 76757, 76063, 59536, 60055, 50935, 50935, 1144286181
333, 382249, 80218, 77553, 60990, 63114, 50187, 50187, 1519786928
336, 377831, 78042, 76140, 59948, 60907, 51397, 51397, 4237254284
337, 379274, 78405, 77939, 60962, 61350, 50309, 50309, 78427175
338, 378010, 78915, 75050, 58783, 61976, 51643, 51643, 4237084950
339, 378528, 77311, 77304, 60827, 60704, 51191, 51191, 2051130612
340, 383819, 77716, 78354, 61409, 60978, 52681, 52681, 1483201371
341, 381214, 77887, 78884, 62141, 61268, 50517, 50517, 3278434767
342, 376814, 77430, 76381, 60092, 60553, 51179, 51179, 912197407
343, 380653, 78071, 77167, 60701, 61148, 51783, 51783, 502481832
346, 378641, 79125, 76364, 59512, 61986, 50827, 50827, 127868038
344, 383696, 79264, 77751, 61153, 62404, 51562, 51562, 3429048942
347, 377128, 76429, 78342, 61498, 59955, 50452, 50452, 1439536582
345, 380646, 75707, 79830, 62767, 59276, 51533, 51533, 3634549104
348, 378699, 78348, 77602, 60807, 61410, 50266, 50266, 161317409
349, 383357, 78272, 78330, 61493, 61270, 51996, 51996, 3206875609
350, 376805, 77444, 76564, 60059, 60808, 50965, 50965, 33891304
351, 379492, 77306, 77645, 60853, 60924, 51382, 51382, 4278968931
352, 379976, 78619, 76796, 60160, 62067, 51167, 51167, 1304435237
354, 380620, 76868, 78449, 61840, 60257, 51603, 51603, 2100950444
355, 377962, 77980, 76694, 60156, 61378, 50877, 50877, 1628792275
353, 381307, 78728, 77316, 60731, 61760, 51386, 51386, 2086117170
356, 386263, 78391, 79402, 62690, 61728, 52026, 52026, 3647503207
357, 382162, 77758, 79212, 61927, 60969, 51148, 51148, 1462115908
358, 381493, 79860, 76319, 59734, 62694, 51443, 51443, 2885831859
360, 377698, 77497, 77083, 60614, 60848, 50828, 50828, 1173478425
359, 379190, 77829, 76799, 60059, 61267, 51618, 51618, 2880872156
362, 379968, 77860, 76765, 60289, 61044, 52005, 52005, 3372359309
363, 377888, 76386, 78283, 61479, 60000, 50870, 50870, 3278204927
361, 384988, 78198, 79351, 62878, 61203, 51679, 51679, 3906207626
364, 378232, 77521, 76736, 60180, 60927, 51434, 51434, 1692711899
365, 377663, 76171, 78345, 61567, 59384, 51098, 51098, 1372296386
366, 380495, 78256, 77582, 60723, 61594, 51170, 51170, 1845048582
367, 376505, 76367, 77696, 60841, 59793, 50904, 50904, 1786546303
368, 379907, 79510, 75976, 59657, 62624, 51070, 51070, 2128676718
369, 384314, 78283, 79679, 62600, 61506, 51123, 51123, 1211926877
370, 376909, 77028, 78525, 61578, 60612, 49583, 49583, 2549843628
372, 377307, 78711, 75212, 58984, 61978, 51211, 51211, 176171344
376, 383188, 80190, 76141, 59734, 62863, 52130, 52130, 1235580763
373, 378272, 75517, 79071, 62059, 59259, 51183, 51183, 3045545111
371, 377119, 76614, 78054, 61336, 60161, 50477, 50477, 1433913661
374, 379504, 77160, 76918, 60326, 60546, 52277, 52277, 199746670
378, 379055, 77329, 78148, 61556, 60724, 50649, 50649, 610193404
375, 381542, 78747, 78099, 61295, 61735, 50833, 50833, 1656059432
377, 383121, 79949, 76376, 59976, 62822, 51999, 51999, 2654345474
380, 383009, 78594, 78188, 61464, 61543, 51610, 51610, 4037111948
379, 383145, 77586, 78664, 61843, 61082, 51985, 51985, 3699592228
381, 381704, 79299, 76373, 59780, 62240, 52006, 52006, 1083212114
382, 380849, 78182, 77426, 60824, 61581, 51418, 51418, 183771497
384, 379731, 79924, 76035, 59762, 62658, 50676, 50676, 744144813
383, 382095, 78495, 77916, 61293, 61735, 51328, 51328, 1088268247
388, 381906, 80640, 76639, 60047, 63406, 50587, 50587, 1665533920
386, 378030, 76726, 77465, 60725, 60162, 51476, 51476, 4168463570
387, 383396, 78386, 79230, 62202, 61572, 51003, 51003, 778967986
385, 380586, 77682, 78344, 61364, 60950, 51123, 51123, 2707867780
390, 381720, 78784, 77448, 60968, 61770, 51375, 51375, 2581197590
389, 377062, 77202, 76532, 60245, 60471, 51306, 51306, 1118878570
391, 383655, 78911, 77049, 60413, 62154, 52564, 52564, 3975546307
392, 382134, 78733, 77938, 61487, 62276, 50850, 50850, 700181360
393, 380336, 79915, 76496, 60121, 62826, 50489, 50489, 1021652361
394, 378853, 78042, 76312, 59813, 61366, 51660, 51660, 3806044421
396, 377473, 75470, 78053, 61204, 59200, 51773, 51773, 3959165358
397, 380542, 77130, 77799, 61380, 60437, 51898, 51898, 3531509092
395, 379907, 77187, 78010, 61323, 60475, 51456, 51456, 1150620411
399, 382169, 76689, 79523, 62396, 60377, 51592, 51592, 3932631946
400, 383853, 80897, 76824, 60306, 63558, 51134, 51134, 3342073723
402, 382971, 79932, 76685, 59839, 63045, 51735, 51735, 743376390
398, 380519, 78181, 78531, 61628, 61433, 50373, 50373, 1592400302
401, 379421, 77882, 78185, 61428, 61050, 50438, 50438, 3545532
405, 380378, 77299, 78481, 61656, 60476, 51233, 51233, 249016838
403, 380517, 77807, 78574, 61637, 60975, 50762, 50762, 3349905308
404, 381133, 77288, 79068, 62055, 60538, 51092, 51092, 3095042637
406, 376812, 78667, 76090, 59520, 61943, 50296, 50296, 2672722230
407, 386017, 77990, 80585, 63382, 61148, 51456, 51456, 1064389632
409, 384124, 80575, 77039, 60632, 63412, 51233, 51233, 3215681487
410, 376832, 77332, 77376, 60756, 60852, 50258, 50258, 1774982338
408, 379647, 78967, 76663, 60372, 62237, 50704, 50704, 1037565762
411, 379935, 77039, 77720, 61130, 60536, 51755, 51755, 2403999662
412, 380885, 76959, 79028, 62023, 60337, 51269, 51269, 2149268904
415, 381412, 77926, 78141, 61283, 60958, 51552, 51552, 2803559349
413, 379471, 77712, 77979, 61106, 61062, 50806, 50806, 2265214675
414, 380696, 75529, 80316, 63324, 59303, 51112, 51112, 782330999
416, 376566, 78970, 74857, 58880, 61933, 50963, 50963, 631014932
418, 382570, 77715, 79895, 63260, 61246, 50227, 50227, 1746570236
417, 377862, 77479, 78530, 61448, 60729, 49838, 49838, 4103921871
419, 382601, 78815, 77973, 61278, 61805, 51365, 51365, 67603182
420, 380394, 77364, 77879, 61118, 60669, 51682, 51682, 1609857676
421, 376349, 74668, 79495, 62362, 58408, 50708, 50708, 659320095
422, 382121, 80168, 76976, 60182, 63109, 50843, 50843, 789311656
423, 379757, 77851, 78061, 61535, 61308, 50501, 50501, 1836306235
424, 377834, 76701, 76018, 59724, 59899, 52746, 52746, 1349236721
425, 382464, 76632, 80190, 63098, 60210, 51167, 51167, 1638076663
426, 379500, 77719, 78682, 61796, 60991, 50156, 50156, 3725986444
427, 378994, 76899, 78104, 61354, 60561, 51038, 51038, 3820401164
431, 386412, 80057, 78243, 61646, 63258, 51604, 51604, 2360744701
428, 383795, 78926, 78757, 62109, 62041, 50981, 50981, 3113252204
432, 380136, 75677, 80012, 63072, 59383, 50996, 50996, 3178184991
429, 381696, 76579, 78676, 61716, 60111, 52307, 52307, 1495506015
430, 379500, 79091, 76599, 60092, 61988, 50865, 50865, 1170648452
433, 380256, 78203, 78320, 61791, 61470, 50236, 50236, 2031372257
434, 380794, 79216, 76256, 59757, 62149, 51708, 51708, 1718325574
435, 382196, 77473, 77946, 61121, 60970, 52343, 52343, 3698167152
436, 385927, 76144, 82422, 64956, 59909, 51248, 51248, 1622128501
437, 381782, 76299, 79841, 62881, 60093, 51334, 51334, 3082421281
440, 381428, 76981, 78476, 61808, 60853, 51655, 51655, 2790370282
439, 381062, 78373, 78249, 61557, 61751, 50566, 50566, 2576009461
443, 380675, 77560, 78454, 62068, 60675, 50959, 50959, 1852445450
445, 380745, 78769, 77469, 60807, 61854, 50923, 50923, 2709931835
442, 380608, 78678, 77255, 60582, 61855, 51119, 51119, 4013853829
444, 385684, 76822, 80931, 63784, 60617, 51765, 51765, 910962820
441, 378413, 75874, 79612, 62353, 59484, 50545, 50545, 4097695036
446, 380582, 77284, 78558, 61876, 60606, 51129, 51129, 4230279247
438, 380171, 78499, 77373, 60671, 61706, 50961, 50961, 2458579071
447, 379087, 77629, 77216, 60661, 60997, 51292, 51292, 3275770710
448, 383696, 78171, 79471, 62566, 61490, 50999, 50999, 3079246630
449, 380143, 78660, 76378, 59585, 61782, 51869, 51869, 3806781532
450, 376570, 78537, 76434, 60206, 62009, 49692, 49692, 1701034768
452, 381358, 77456, 78404, 61626, 60584, 51644, 51644, 155143648
451, 379330, 76460, 77556, 60900, 59760, 52327, 52327, 1628178006
453, 381418, 79175, 77194, 60360, 62337, 51176, 51176, 1987805002
457, 380024, 77532, 77975, 61624, 60805, 51044, 51044, 4000718688
455, 383445, 78648, 78582, 61909, 61684, 51311, 51311, 3506642186
454, 379274, 77981, 76795, 59996, 61200, 51651, 51651, 2798606066
459, 383210, 80032, 76316, 60018, 62894, 51975, 51975, 462838195
456, 382159, 78711, 77676, 60801, 61945, 51513, 51513, 1945236943
458, 378101, 75336, 79939, 62726, 58976, 50562, 50562, 3461622082
460, 379650, 77201, 77992, 60962, 60501, 51497, 51497, 842018423
461, 383170, 79408, 77559, 60965, 62170, 51534, 51534, 4071072593
463, 386328, 79992, 79412, 62324, 62718, 50941, 50941, 3230324259
462, 381165, 77855, 77879, 60979, 61240, 51606, 51606, 2552113849
464, 378631, 77301, 76942, 60149, 60661, 51789, 51789, 232127850
468, 381663, 77987, 78297, 61279, 60900, 51600, 51600, 3853131214
466, 380926, 77944, 78790, 61940, 61112, 50570, 50570, 3148491569
465, 380557, 78154, 77568, 60933, 61532, 51185, 51185, 412168658
472, 380406, 78499, 76422, 59770, 61671, 52022, 52022, 3532490969
469, 376896, 74672, 77899, 61248, 58183, 52447, 52447, 535243068
470, 381021, 81317, 74971, 58503, 63934, 51148, 51148, 2283495698
467, 374033, 75408, 76547, 60152, 58956, 51485, 51485, 3139683866
471, 379182, 78341, 77480, 60968, 61685, 50354, 50354, 3871038536
474, 378904, 75338, 78924, 61963, 59147, 51766, 51766, 1805279472
473, 379494, 76832, 78196, 61155, 60253, 51529, 51529, 2376320616
475, 382811, 78599, 77829, 61021, 61786, 51788, 51788, 2159527656
476, 378908, 77961, 77729, 60829, 61185, 50602, 50602, 1718495239
477, 379603, 76390, 79910, 62744, 59747, 50406, 50406, 3293629110
479, 380464, 77495, 77526, 60973, 60778, 51846, 51846, 4269308522
478, 382438, 78875, 76332, 59877, 62190, 52582, 52582, 1248625702
480, 384865, 77456, 79523, 62329, 60861, 52348, 52348, 2975572783
481, 377484, 77664, 76049, 59596, 60891, 51642, 51642, 4019951709
484, 380363, 77446, 77730, 61087, 60886, 51607, 51607, 2929308713
483, 378172, 75539, 78502, 61838, 59035, 51629, 51629, 638235821
482, 381530, 76096, 79445, 62693, 59602, 51847, 51847, 4132334959
486, 381149, 78380, 77081, 60451, 61303, 51967, 51967, 525039548
485, 379681, 77226, 77500, 61129, 60904, 51461, 51461, 1894685812
487, 384791, 80294, 77232, 60331, 63048, 51943, 51943, 1053598633
488, 381431, 79683, 76887, 60349, 62786, 50863, 50863, 1550298961
489, 381186, 77337, 78204, 61722, 60803, 51560, 51560, 3604729760
490, 377137, 78935, 76388, 59924, 62026, 49932, 49932, 890794467
491, 376938, 77783, 77486, 60907, 60976, 49893, 49893, 4260220781
493, 378508, 78545, 76661, 60307, 61985, 50505, 50505, 4107178032
495, 379659, 79343, 76239, 59924, 62595, 50779, 50779, 262212274
492, 382585, 77021, 79130, 62151, 60579, 51852, 51852, 2681970051
494, 379201, 77955, 77772, 60931, 60917, 50813, 50813, 918016408
496, 381407, 78023, 78086, 61046, 61392, 51430, 51430, 1494453168
498, 381629, 79153, 76516, 59979, 61709, 52136, 52136, 1516020709
497, 375949, 77658, 76653, 60393, 60871, 50187, 50187, 1795023627
500, 374001, 77435, 76165, 59650, 60695, 50028, 50028, 1361973715
499, 380797, 78448, 77113, 60222, 61948, 51533, 51533, 3160083891
501, 383508, 77621, 78205, 61310, 60856, 52758, 52758, 2774659741
502, 382684, 77985, 78905, 61841, 61249, 51352, 51352, 2468251256
504, 381563, 77063, 78727, 61975, 60416, 51691, 51691, 4079291215
503, 380323, 78035, 77917, 61002, 61237, 51066, 51066, 2510010879
507, 388047, 80400, 78618, 61894, 63209, 51963, 51963, 2947866923
506, 382941, 77523, 78952, 62081, 61137, 51624, 51624, 1112177399
505, 384733, 77008, 79297, 62245, 60363, 52910, 52910, 3800064
508, 379276, 77401, 78353, 61677, 60757, 50544, 50544, 4166923273
509, 382259, 79849, 77234, 60663, 62965, 50774, 50774, 680757694
510, 378099, 77737, 76960, 60221, 60589, 51296, 51296, 2536454415
513, 379121, 78161, 77006, 60224, 61586, 51072, 51072, 846033634
511, 381128, 78757, 77114, 60580, 62021, 51328, 51328, 3726525022
512, 376615, 76474, 77185, 60596, 59886, 51237, 51237, 1055694682
514, 378842, 78876, 76734, 60207, 62023, 50501, 50501, 3887982460
515, 383324, 79441, 77356, 61006, 62275, 51623, 51623, 2890589095
517, 382952, 78895, 78197, 61398, 61884, 51289, 51289, 4027952314
516, 383361, 78067, 77867, 61222, 61373, 52416, 52416, 199053451
518, 379624, 77602, 77249, 60673, 60938, 51581, 51581, 1276935412
520, 377052, 77173, 76950, 60266, 60375, 51144, 51144, 1516941424
519, 382712, 77695, 78083, 61032, 61266, 52318, 52318, 2826711167
522, 379685, 77611, 76612, 59830, 60774, 52429, 52429, 3158123183
521, 383156, 78773, 78141, 61355, 61977, 51455, 51455, 462193699
524, 382157, 80350, 76546, 59762, 63417, 51041, 51041, 3341937431
525, 380341, 79118, 76988, 60540, 61847, 50924, 50924, 3051486367
523, 378976, 76230, 78654, 61979, 59749, 51182, 51182, 3515452343
526, 380403, 75870, 78549, 61764, 59714, 52253, 52253, 525874142
527, 380655, 77215, 78879, 62008, 60335, 51109, 51109, 1392718895
528, 376538, 78263, 76956, 60238, 61497, 49792, 49792, 1432507385
529, 382719, 77164, 79255, 62235, 60623, 51721, 51721, 1274609078
530, 378892, 74820, 79625, 62649, 58422, 51688, 51688, 3111210149
531, 385145, 76768, 80656, 63416, 60189, 52058, 52058, 909068013
532, 382441, 76202, 80366, 63271, 59574, 51514, 51514, 508639845
534, 376925, 78185, 76230, 59998, 61404, 50554, 50554, 872210564
533, 381024, 78508, 77612, 60770, 61750, 51192, 51192, 2981992655
535, 378778, 75606, 79165, 62361, 59350, 51148, 51148, 1472566841
537, 384709, 79765, 78405, 61716, 62671, 51076, 51076, 1579740041
538, 382737, 76608, 79599, 62785, 59973, 51886, 51886, 2735456313
539, 382384, 77942, 78569, 61635, 61148, 51545, 51545, 1122164953
536, 377308, 77951, 75690, 59290, 61019, 51679, 51679, 1759314882
541, 379464, 77429, 77480, 60677, 60974, 51452, 51452, 3247608246
540, 378969, 78363, 77316, 60598, 61566, 50563, 50563, 1186943260
542, 381858, 76615, 78096, 61350, 60293, 52752, 52752, 1680435583
543, 382956, 77373, 79165, 62036, 60908, 51737, 51737, 1811446961
544, 381823, 76422, 79761, 62639, 59885, 51558, 51558, 474928749
545, 379273, 76321, 78057, 61446, 60003, 51723, 51723, 38147617
546, 373445, 76344, 75882, 59583, 59998, 50819, 50819, 932849106
547, 380776, 77678, 78008, 61158, 60908, 51512, 51512, 538987873
549, 377887, 76801, 76324, 59830, 60298, 52317, 52317, 2229187182
548, 373908, 77602, 74560, 58444, 61166, 51068, 51068, 383237171
551, 379246, 75263, 80415, 63686, 59082, 50400, 50400, 2854295786
550, 383054, 79807, 77201, 60543, 62833, 51335, 51335, 3800999121
553, 380333, 79377, 75202, 59034, 62258, 52231, 52231, 1194060099
555, 372690, 76920, 76625, 59991, 60264, 49445, 49445, 782733111
556, 379630, 79602, 76606, 60279, 62409, 50367, 50367, 1432656372
552, 382663, 79336, 77295, 60524, 62166, 51671, 51671, 164889967
554, 382131, 77154, 79678, 62712, 60361, 51113, 51113, 1759914384
557, 381980, 76839, 78862, 61922, 60363, 51997, 51997, 942786787
558, 381869, 79344, 77881, 61005, 62353, 50643, 50643, 1956608398
560, 377050, 77485, 77302, 60442, 60855, 50483, 50483, 877002954
559, 378757, 78549, 76404, 59771, 61977, 51028, 51028, 875536637
561, 382197, 76772, 79307, 62590, 60316, 51606, 51606, 2865657172
562, 379584, 79092, 76221, 59821, 62058, 51196, 51196, 1777185195
564, 378071, 76754, 76996, 60485, 60390, 51723, 51723, 2951124977
563, 377528, 77214, 76668, 60321, 60383, 51471, 51471, 4106364857
569, 381248, 76793, 79331, 62229, 60225, 51335, 51335, 2963183903
565, 383497, 78120, 77972, 61351, 61238, 52408, 52408, 4259760653
566, 383939, 78919, 76536, 60084, 62050, 53175, 53175, 4116684079
568, 382937, 78456, 78190, 61079, 61736, 51738, 51738, 3412147767
567, 381818, 77757, 77285, 60734, 61306, 52368, 52368, 3913124142
570, 382531, 79032, 77355, 60683, 62421, 51520, 51520, 1305092280
571, 379835, 77124, 77615, 60847, 60365, 51942, 51942, 2065112066
572, 382307, 77214, 78281, 61657, 60553, 52301, 52301, 1230826038
574, 380458, 78299, 78092, 61276, 61335, 50728, 50728, 3584080969
573, 380530, 76890, 77905, 61353, 60316, 52033, 52033, 1086155160
576, 379186, 76393, 79077, 62004, 59624, 51044, 51044, 368539066
575, 381211, 78952, 75775, 59283, 62103, 52549, 52549, 203150825
577, 384289, 77257, 79298, 62501, 60959, 52137, 52137, 2344814270
578, 378261, 77235, 77494, 60889, 60817, 50913, 50913, 2736455657
581, 374213, 74939, 78432, 61465, 58705, 50336, 50336, 662665559
579, 379649, 79956, 75775, 59398, 62612, 50954, 50954, 3574328884
582, 381099, 76758, 79421, 62455, 60403, 51031, 51031, 156076613
584, 383423, 78563, 77841, 61131, 61956, 51966, 51966, 3613233129
580, 378941, 78500, 76742, 60207, 61634, 50929, 50929, 1724128867
583, 384971, 78421, 78433, 61783, 61638, 52348, 52348, 3076372267
585, 379516, 78404, 77343, 60749, 61662, 50679, 50679, 3030648948
586, 380975, 77441, 77699, 61091, 60816, 51964, 51964, 2458944340
589, 376831, 77347, 76027, 59772, 60357, 51664, 51664, 1680657889
587, 381694, 78909, 77354, 60931, 61758, 51371, 51371, 3520379374
588, 376397, 75424, 78155, 61265, 59197, 51178, 51178, 727004502
590, 382809, 78245, 78857, 61842, 61547, 51159, 51159, 926316507
593, 380533, 77067, 79269, 62314, 60291, 50796, 50796, 2426544502
591, 381800, 78224, 77789, 61146, 61381, 51630, 51630, 3446157811
592, 380994, 79669, 76068, 59795, 62740, 51361, 51361, 1237070258
594, 382129, 77150, 79822, 62613, 60396, 51074, 51074, 2080405003
595, 386806, 80335, 78645, 61818, 63550, 51229, 51229, 593923921
596, 379314, 77908, 77898, 61300, 60926, 50641, 50641, 156579130
599, 374613, 77422, 76090, 59777, 60790, 50267, 50267, 2904386671
598, 382194, 76926, 79919, 62796, 60475, 51039, 51039, 3186473102
597, 384066, 78416, 78273, 61635, 61712, 52015, 52015, 1949023521
600, 382511, 77671, 78908, 61911, 61265, 51378, 51378, 593432474
602, 382208, 76780, 77939, 61119, 60410, 52980, 52980, 1010474946
601, 380627, 78320, 76561, 60141, 61445, 52080, 52080, 3159943602
603, 384191, 78382, 79698, 62809, 61590, 50856, 50856, 2521876508
605, 379470, 78549, 76269, 60054, 61374, 51612, 51612, 2640898602
607, 380265, 77731, 77494, 60980, 61040, 51510, 51510, 3825245404
604, 376779, 77559, 77188, 60465, 60729, 50419, 50419, 1065877422
606, 377787, 78092, 77205, 60417, 61077, 50498, 50498, 4191729817
608, 375606, 77434, 76912, 60404, 60624, 50116, 50116, 703130980
609, 381181, 78251, 77775, 61059, 61764, 51166, 51166, 3209009230
612, 375402, 77416, 76736, 60310, 60754, 50093, 50093, 1849124349
610, 383323, 78800, 77665, 61121, 62081, 51828, 51828, 4238237400
614, 382821, 78387, 79034, 62186, 61924, 50645, 50645, 2632690806
613, 378190, 79147, 74619, 58454, 62216, 51877, 51877, 3442693398
616, 376743, 76992, 77335, 60499, 60277, 50820, 50820, 900008489
615, 380101, 76648, 79069, 62363, 60013, 51004, 51004, 2708838629
619, 381112, 79283, 77149, 60588, 62366, 50863, 50863, 2015693776
620, 379943, 77630, 77462, 60804, 61355, 51346, 51346, 1973958097
622, 384156, 78658, 78071, 61042, 62137, 52124, 52124, 4171196758
618, 377817, 77155, 77705, 60956, 60405, 50798, 50798, 962128071
621, 380748, 78312, 77240, 60704, 61488, 51502, 51502, 1213586436
617, 377760, 77759, 77041, 60340, 61034, 50793, 50793, 581262506
624, 381939, 77872, 77489, 60828, 60906, 52422, 52422, 2977330455
626, 379833, 79581, 77521, 60712, 62309, 49855, 49855, 3999044520
625, 381770, 80087, 76624, 60138, 62971, 50975, 50975, 196015526
627, 376209, 77259, 76919, 60782, 60415, 50417, 50417, 802532871
630, 382935, 79652, 76833, 60288, 62758, 51702, 51702, 909774168
628, 379703, 77227, 76886, 60653, 60695, 52121, 52121, 1330959779
629, 383746, 79659, 78184, 61261, 62632, 51005, 51005, 839285255
631, 380023, 74907, 80299, 63497, 58874, 51223, 51223, 2645224684
633, 380403, 79851, 75947, 59766, 62965, 50937, 50937, 2356076686
632, 387571, 77619, 80175, 63223, 61248, 52653, 52653, 768737548
634, 379990, 78413, 77356, 60600, 61469, 51076, 51076, 2575192089
635, 380214, 78193, 77854, 61232, 61281, 50827, 50827, 2439011540
638, 379045, 79242, 76152, 59765, 62126, 50880, 50880, 2005229985
637, 379837, 77584, 77586, 61006, 61031, 51315, 51315, 183683929
639, 381131, 77390, 78296, 61196, 60811, 51719, 51719, 387298858
636, 381584, 77862, 77340, 60705, 61019, 52329, 52329, 955504969
640, 381340, 79597, 74951, 58887, 62663, 52621, 52621, 3625055854
641, 379310, 77855, 76987, 60460, 61304, 51352, 51352, 2337894612
643, 383932, 78755, 77400, 60742, 61815, 52610, 52610, 2871928482
645, 382607, 78493, 77450, 60606, 61562, 52248, 52248, 1445177371
644, 384447, 79502, 77517, 60873, 62751, 51902, 51902, 758397098
642, 382709, 78442, 78158, 61335, 61984, 51395, 51395, 833190351
646, 378567, 76923, 77532, 60566, 60346, 51600, 51600, 2885129573
648, 379425, 79403, 75755, 59473, 62494, 51150, 51150, 1343490495
647, 377893, 76727, 77446, 60950, 60228, 51271, 51271, 976128985
651, 384411, 77232, 80420, 63046, 60555, 51579, 51579, 2159717274
649, 381136, 77388, 79625, 62826, 60693, 50302, 50302, 2498046251
650, 383758, 79760, 76707, 60213, 62858, 52110, 52110, 1101662522
652, 378364, 79235, 75366, 59115, 62376, 51136, 51136, 1917662608
655, 382011, 78317, 78609, 61911, 61740, 50717, 50717, 3728786671
654, 382586, 74823, 80568, 63372, 58827, 52498, 52498, 1705093697
653, 382571, 76469, 79457, 62820, 60011, 51907, 51907, 683938261
657, 379347, 79742, 75850, 59178, 62567, 51005, 51005, 3711842743
658, 382569, 77625, 78468, 61805, 60729, 51971, 51971, 1196458160
656, 385557, 78513, 78797, 61979, 61556, 52356, 52356, 2460708320
659, 379179, 75931, 79909, 62622, 59519, 50599, 50599, 1757643245
662, 373715, 76322, 77111, 60371, 59673, 50119, 50119, 3903430376
661, 382312, 78463, 77587, 60973, 61685, 51802, 51802, 1629812631
660, 379896, 79529, 76503, 60164, 62494, 50603, 50603, 2862589589
611, 378338, 76216, 79978, 62673, 59809, 49831, 49831, 3735074730
664, 386685, 77299, 81167, 64332, 60749, 51569, 51569, 1295495736
666, 379272, 77344, 77502, 61050, 60646, 51365, 51365, 531148766
665, 379338, 76439, 78942, 62211, 60174, 50786, 50786, 2436212377
667, 382079, 78848, 77497, 60696, 62098, 51470, 51470, 1643518006
668, 379710, 77943, 76501, 60017, 61087, 52081, 52081, 927524294
669, 377287, 74851, 79881, 63182, 58415, 50479, 50479, 3379930985
671, 379953, 76394, 78517, 61605, 59869, 51784, 51784, 3799931454
670, 383070, 76616, 79213, 62536, 60057, 52324, 52324, 3865172189
672, 382416, 75498, 82279, 64541, 59142, 50478, 50478, 1467272504
623, 380622, 77852, 77538, 60949, 61089, 51597, 51597, 614137901
673, 380698, 78684, 76601, 60147, 61816, 51725, 51725, 2466379667
675, 383041, 77034, 79545, 62719, 60269, 51737, 51737, 1259966687
674, 378922, 75949, 77917, 61239, 59529, 52144, 52144, 3968336554
676, 378608, 76020, 78545, 61704, 59797, 51271, 51271, 4097394278
677, 379762, 76035, 78912, 61851, 59778, 51593, 51593, 2456633742
678, 380731, 77217, 77846, 61510, 60340, 51909, 51909, 1416473163
679, 379404, 78455, 76951, 60435, 61533, 51015, 51015, 1903555138
680, 383350, 77598, 80840, 63783, 60785, 50172, 50172, 2237202291
682, 383674, 78482, 79370, 62370, 61544, 50954, 50954, 3192406252
683, 387657, 79220, 80291, 63349, 62285, 51256, 51256, 3500016574
684, 378145, 76920, 77485, 61010, 60416, 51157, 51157, 655940077
685, 382661, 76847, 78900, 62030, 60416, 52234, 52234, 3569470033
681, 380673, 75842, 79934, 62891, 59334, 51336, 51336, 3212948510
687, 378497, 78002, 76782, 60087, 61084, 51271, 51271, 1895812686
686, 381408, 74850, 80007, 63002, 58613, 52468, 52468, 2623140033
692, 382172, 77636, 78882, 61972, 60880, 51401, 51401, 793930995
690, 381158, 77311, 79538, 62636, 60877, 50398, 50398, 1063445079
689, 379936, 78187, 76907, 60249, 61431, 51581, 51581, 233448008
693, 375963, 77711, 77093, 60323, 60978, 49929, 49929, 1444640798
691, 380083, 77582, 78116, 61495, 60782, 51054, 51054, 4243291821
688, 378118, 77383, 76558, 60162, 60817, 51599, 51599, 1761427445
694, 376341, 77956, 76349, 60378, 61326, 50166, 50166, 3780201550
696, 376638, 78442, 76058, 59501, 61467, 50585, 50585, 2595647976
695, 380757, 77442, 78482, 61596, 61071, 51083, 51083, 1080607898
697, 379759, 78308, 77778, 60954, 61123, 50798, 50798, 3299855725
698, 378726, 77474, 78013, 61245, 60608, 50693, 50693, 468291250
699, 381549, 77607, 78765, 61792, 60951, 51217, 51217, 1408054936
700, 381092, 79593, 75600, 59221, 62540, 52069, 52069, 1304960504
702, 378845, 77760, 77447, 60935, 60919, 50892, 50892, 704276397
703, 381564, 78301, 78966, 62089, 61356, 50426, 50426, 3891992529
701, 381035, 73933, 81259, 64143, 57810, 51945, 51945, 556714705
704, 377938, 76005, 78457, 61636, 59702, 51069, 51069, 520232478
705, 385132, 79876, 77380, 60637, 63155, 52042, 52042, 4147395938
706, 382085, 78900, 77398, 60823, 62014, 51475, 51475, 4117165422
708, 382886, 76874, 78892, 62260, 60288, 52286, 52286, 2885705664
707, 378021, 78394, 75645, 59180, 61454, 51674, 51674, 1781618114
709, 377991, 78530, 76305, 59912, 61698, 50773, 50773, 1866912018
710, 378681, 76429, 78994, 62187, 60117, 50477, 50477, 1519879609
711, 380175, 77100, 78196, 61680, 60387, 51406, 51406, 1513052571
713, 375750, 77264, 77366, 60838, 60530, 49876, 49876, 4144853466
712, 378901, 76669, 77827, 60782, 60175, 51724, 51724, 1098263947
714, 381406, 76699, 79701, 62528, 59992, 51243, 51243, 3839312393
717, 377403, 77006, 76754, 59912, 60263, 51734, 51734, 3190593582
716, 384184, 77657, 79430, 62476, 60875, 51873, 51873, 3676719896
718, 379768, 78225, 76719, 60181, 61543, 51550, 51550, 1866838745
715, 379785, 78934, 76590, 60061, 61876, 51162, 51162, 3489274597
719, 377989, 76960, 78257, 61369, 60355, 50524, 50524, 1637378224
663, 383441, 80230, 76861, 60403, 63255, 51346, 51346, 1391381298
721, 379891, 79518, 76823, 60159, 62495, 50448, 50448, 451715555
720, 379904, 78971, 76846, 60530, 61931, 50813, 50813, 2851336757
722, 378714, 76446, 77739, 61252, 60111, 51583, 51583, 594999856
723, 386314, 77298, 80145, 63210, 60947, 52357, 52357, 945670210
726, 379943, 76115, 78278, 61354, 59620, 52288, 52288, 599152649
724, 376149, 77198, 77770, 61046, 60507, 49814, 49814, 1784891453
725, 384117, 79973, 78555, 61693, 62864, 50516, 50516, 3529147327
727, 380097, 77259, 77243, 60538, 60765, 52146, 52146, 346334632
730, 380451, 75651, 80287, 63163, 59404, 50973, 50973, 1100123705
728, 378883, 77823, 77789, 61083, 61024, 50582, 50582, 2914828960
729, 379338, 76827, 77539, 60670, 60378, 51962, 51962, 2775750925
731, 384459, 76841, 79707, 62769, 60448, 52347, 52347, 3582218712
732, 377135, 77011, 77076, 60560, 60514, 50987, 50987, 1442891766
734, 385872, 74995, 83057, 65499, 58641, 51840, 51840, 1797997856
736, 380630, 78389, 77728, 61053, 61726, 50867, 50867, 369470785
735, 378137, 76759, 77095, 60627, 60044, 51806, 51806, 3292294767
737, 378559, 78799, 75629, 59287, 62124, 51360, 51360, 95330170
733, 379438, 76279, 78646, 61795, 59646, 51536, 51536, 2682554344
738, 381711, 80111, 75085, 58865, 62942, 52354, 52354, 1338106555
740, 376023, 78168, 76839, 60273, 61157, 49793, 49793, 3725243077
739, 381781, 79345, 77161, 60609, 62452, 51107, 51107, 547919425
742, 377934, 75967, 78591, 61634, 59642, 51050, 51050, 2058938592
744, 378757, 78352, 76430, 60251, 61436, 51144, 51144, 2101740561
741, 382421, 78512, 78571, 61441, 61749, 51074, 51074, 345049898
743, 381943, 78836, 77062, 60671, 61934, 51720, 51720, 673637978
745, 379005, 77611, 76995, 60346, 60799, 51627, 51627, 3640558729
747, 383952, 76510, 82388, 65225, 59755, 50037, 50037, 1299308859
746, 381125, 77989, 77627, 61004, 61923, 51291, 51291, 4215888582
748, 381932, 77273, 78804, 62316, 60617, 51461, 51461, 1799554150
750, 380078, 76408, 78603, 61639, 59778, 51825, 51825, 1284009693
749, 380380, 76425, 77716, 60852, 60203, 52592, 52592, 3647493501
751, 378409, 77582, 77463, 60651, 60909, 50902, 50902, 96248713
752, 376039, 74190, 79886, 62655, 58044, 50632, 50632, 2636707251
753, 382140, 76357, 80113, 62988, 59888, 51397, 51397, 2328970320
755, 376880, 75462, 78782, 61876, 58908, 50926, 50926, 1505380410
754, 380606, 78773, 77725, 60989, 62015, 50552, 50552, 3581706012
757, 380981, 79334, 76567, 59875, 62167, 51519, 51519, 232124351
756, 380219, 79303, 76107, 59212, 62499, 51549, 51549, 3474816015
758, 382186, 79831, 76395, 59855, 62663, 51721, 51721, 3793788622
759, 384558, 81238, 76515, 60083, 64192, 51265, 51265, 3051919154
762, 381071, 77876, 78465, 61973, 61403, 50677, 50677, 431285496
761, 379520, 76995, 78011, 61143, 60747, 51312, 51312, 1882840875
760, 379240, 79087, 76742, 59871, 62458, 50541, 50541, 438065092
763, 383757, 78647, 78547, 61935, 62028, 51300, 51300, 2503706813
764, 382181, 76224, 79985, 63085, 59901, 51493, 51493, 2139835515
765, 386048, 77761, 80893, 63725, 61185, 51242, 51242, 4057259211
766, 379312, 79660, 76377, 59937, 62614, 50362, 50362, 3074961310
768, 380024, 75933, 78598, 61564, 59437, 52246, 52246, 2284230567
767, 380585, 78017, 79374, 62380, 61444, 49685, 49685, 2495747420
770, 376835, 77771, 78501, 61432, 61119, 49006, 49006, 3503791133
769, 381988, 78242, 77912, 61301, 61501, 51516, 51516, 1700185660
771, 378700, 80251, 74795, 58649, 63285, 50860, 50860, 990194274
772, 381796, 76876, 78629, 61416, 60019, 52428, 52428, 1538378013
773, 378381, 77861, 76846, 60050, 60940, 51342, 51342, 1112646997
774, 381098, 77987, 77332, 60919, 61324, 51768, 51768, 860987478
776, 381611, 78233, 77767, 61173, 61190, 51624, 51624, 2831251127
778, 379929, 77311, 78498, 61629, 60593, 50949, 50949, 1144369249
777, 378394, 76187, 78101, 61477, 59803, 51413, 51413, 1448421417
775, 379936, 79931, 76105, 59459, 63015, 50713, 50713, 1962644053
779, 378099, 80042, 75544, 59079, 62914, 50260, 50260, 966978436
780, 382953, 78747, 79346, 62169, 61761, 50465, 50465, 3064857479
781, 381270, 79332, 76785, 60024, 62681, 51224, 51224, 4241415686
783, 378361, 75143, 79631, 62773, 59196, 50809, 50809, 3855438877
782, 385098, 79446, 77774, 61146, 62360, 52186, 52186, 2706837015
786, 379737, 79536, 76461, 59923, 62671, 50573, 50573, 3296714127
784, 381247, 78159, 77511, 60985, 61042, 51775, 51775, 941728010
785, 380162, 79825, 75427, 59189, 63009, 51356, 51356, 1980899371
788, 381997, 77696, 79607, 62626, 61018, 50525, 50525, 1421491293
787, 379779, 77172, 77743, 61133, 60355, 51688, 51688, 2127271230
789, 383219, 78583, 78961, 62239, 61782, 50827, 50827, 1007202077
791, 378100, 75332, 79697, 62585, 58942, 50772, 50772, 1850732675
790, 378931, 75736, 78689, 61835, 59079, 51796, 51796, 165600082
792, 378952, 77964, 77828, 61245, 61085, 50415, 50415, 1283161894
793, 380609, 76833, 78780, 61809, 60073, 51557, 51557, 3269837629
796, 377186, 78072, 76003, 59737, 61042, 51166, 51166, 3995600302
794, 379145, 79713, 76558, 60034, 62758, 50041, 50041, 2810320669
795, 379275, 78863, 77176, 60681, 61759, 50398, 50398, 3239642045
797, 382242, 80248, 76136, 59403, 63263, 51596, 51596, 1638833792
798, 378851, 77482, 77040, 60459, 61026, 51422, 51422, 2493803153
800, 381704, 78425, 78962, 62072, 61753, 50246, 50246, 3524402158
799, 378270, 77277, 76604, 60172, 60539, 51839, 51839, 1796357678
801, 382352, 77685, 79145, 62273, 61139, 51055, 51055, 2137757385
804, 380990, 76921, 78138, 61459, 60394, 52039, 52039, 348072203
802, 381942, 78031, 78833, 61973, 61503, 50801, 50801, 3495995326
805, 383428, 79946, 77060, 60620, 63026, 51388, 51388, 2525729437
803, 380894, 80546, 75954, 59441, 63163, 50895, 50895, 188068957
806, 378041, 76419, 79091, 61749, 59830, 50476, 50476, 2170638405
807, 381598, 77336, 78310, 61563, 60711, 51839, 51839, 2038229390
808, 380595, 77099, 78812, 61872, 60884, 50964, 50964, 1918997883
810, 379692, 78155, 76961, 60299, 61569, 51354, 51354, 574532421
809, 379630, 77615, 77305, 60465, 60791, 51727, 51727, 1900535775
813, 379084, 77203, 78363, 61689, 60683, 50573, 50573, 2284045253
811, 381405, 77972, 77133, 60486, 61080, 52367, 52367, 3694209381
812, 380262, 75736, 78855, 62016, 59671, 51992, 51992, 2348912822
815, 379858, 76503, 78444, 61575, 60078, 51629, 51629, 3735869932
814, 382937, 76525, 79635, 62773, 60014, 51995, 51995, 1559603597
817, 379364, 78047, 77462, 60976, 61327, 50776, 50776, 936183614
819, 381016, 79100, 77235, 60684, 62135, 50931, 50931, 3968741461
818, 381016, 77522, 78510, 61478, 61160, 51173, 51173, 2524239667
816, 379159, 77134, 77390, 60744, 60567, 51662, 51662, 1730371285
820, 381056, 76235, 79584, 62513, 59540, 51592, 51592, 855875794
822, 381486, 77123, 79733, 63022, 60426, 50591, 50591, 33162981
821, 382091, 77245, 76840, 60479, 60611, 53458, 53458, 1280972327
823, 381265, 79525, 77630, 61217, 62375, 50259, 50259, 311204993
824, 383710, 78625, 77877, 61014, 61870, 52162, 52162, 376494785
825, 380060, 77455, 78756, 61951, 60810, 50544, 50544, 2176099470
826, 378053, 74736, 79885, 62769, 58563, 51050, 51050, 2276530995
828, 383518, 78390, 78581, 61817, 61536, 51597, 51597, 3944864979
827, 383822, 78844, 78065, 61221, 61838, 51927, 51927, 1960222981
829, 380849, 77402, 78029, 61349, 60713, 51678, 51678, 1279044845
830, 381409, 77315, 78736, 61843, 60593, 51461, 51461, 3713390773
831, 380634, 76696, 78689, 61940, 59807, 51751, 51751, 3975373429
832, 380516, 79672, 75125, 58639, 62900, 52090, 52090, 1430414957
833, 378698, 76355, 78499, 61494, 59984, 51183, 51183, 592301236
834, 381209, 78316, 77006, 60096, 61687, 52052, 52052, 2787747535
835, 381142, 80637, 76175, 59608, 63330, 50696, 50696, 1329976687
836, 383736, 77236, 78804, 61873, 60765, 52529, 52529, 804107791
837, 383976, 78085, 78919, 62101, 61435, 51718, 51718, 3805696304
838, 381282, 80198, 76282, 59604, 63114, 51042, 51042, 3046445946
840, 380112, 78841, 76381, 59978, 62022, 51445, 51445, 1022473365
841, 383582, 80844, 75781, 59454, 63655, 51924, 51924, 1116199305
839, 380629, 77668, 78650, 61675, 60904, 50866, 50866, 1244699797
842, 383222, 78766, 77185, 60713, 62074, 52242, 52242, 376393014
843, 378200, 78370, 76202, 59704, 61382, 51271, 51271, 3425728272
847, 379276, 77110, 78528, 61555, 60641, 50721, 50721, 1500516880
845, 377536, 77858, 77194, 60553, 61169, 50381, 50381, 2605600003
846, 383412, 79507, 77018, 60359, 62700, 51914, 51914, 3192964584
844, 382150, 76934, 79721, 62800, 60439, 51128, 51128, 1646814497
849, 387791, 79315, 79657, 62698, 62677, 51722, 51722, 1814262812
848, 382473, 77803, 77718, 61108, 61136, 52354, 52354, 453872244
851, 378933, 76701, 78800, 61814, 60108, 50755, 50755, 2404645277
850, 383436, 78164, 79238, 62436, 61388, 51105, 51105, 1375584839
853, 379478, 79246, 75915, 59621, 62194, 51251, 51251, 2934712946
852, 384166, 79620, 77340, 60564, 62792, 51925, 51925, 3504305176
855, 376762, 77012, 77883, 61144, 60269, 50227, 50227, 257588687
854, 384510, 79815, 78258, 61698, 62445, 51147, 51147, 2260504240
856, 378906, 79038, 75983, 59441, 62244, 51100, 51100, 2631087634
860, 380569, 76345, 79208, 62501, 59797, 51359, 51359, 13619329
858, 376160, 75511, 77681, 60883, 59261, 51412, 51412, 4158959082
859, 379840, 78510, 76855, 60408, 61809, 51129, 51129, 1673472638
857, 382248, 76962, 79822, 62684, 60264, 51258, 51258, 2870699045
861, 377292, 79173, 75966, 59612, 62019, 50261, 50261, 3094635859
862, 381972, 78837, 77250, 60469, 62224, 51596, 51596, 3149638698
863, 383202, 78831, 78029, 61292, 61624, 51713, 51713, 2879497929
864, 387562, 80375, 77976, 61132, 63413, 52333, 52333, 1581384316
866, 384592, 78717, 78812, 61911, 62098, 51527, 51527, 2648479528
865, 379965, 79052, 77333, 60625, 61939, 50508, 50508, 1981969713
868, 374858, 78212, 75274, 58719, 61463, 50595, 50595, 956395225
867, 384851, 80089, 78061, 61466, 63159, 51038, 51038, 3340090284
869, 380868, 76513, 79219, 62484, 60078, 51287, 51287, 3351969234
870, 382499, 76680, 79591, 62569, 60635, 51512, 51512, 210056694
871, 378702, 76172, 78695, 61545, 60096, 51097, 51097, 2244074162
873, 378213, 79906, 75128, 58878, 62951, 50675, 50675, 2261607285
872, 382252, 76957, 78182, 61149, 60628, 52668, 52668, 1312028391
874, 376777, 76500, 77645, 60930, 59758, 50972, 50972, 2888131840
875, 380014, 77291, 77984, 61490, 60569, 51340, 51340, 3739512018
876, 382516, 77811, 79522, 62742, 60831, 50805, 50805, 341203160
879, 384502, 77350, 79946, 62815, 60813, 51789, 51789, 1326470302
878, 382522, 79799, 77948, 60943, 62892, 50470, 50470, 2321981489
877, 377247, 75876, 79513, 62371, 59407, 50040, 50040, 508393388
881, 380385, 76776, 79190, 62208, 60221, 50995, 50995, 3999031670
882, 383897, 78597, 78625, 61800, 61735, 51570, 51570, 1911279612
880, 384624, 78449, 79017, 62014, 61398, 51873, 51873, 533560703
883, 379232, 77785, 76853, 60266, 60972, 51678, 51678, 1845171624
884, 375824, 77408, 76850, 59893, 60393, 50640, 50640, 1621957940
886, 384028, 78569, 79396, 62263, 61624, 51088, 51088, 3269614641
885, 381761, 79610, 75991, 59498, 62608, 52027, 52027, 4120267308
887, 385186, 77175, 80602, 63544, 60787, 51539, 51539, 637661066
888, 379959, 76427, 78599, 61733, 59842, 51679, 51679, 4070316688
889, 381016, 78681, 77517, 60658, 61968, 51096, 51096, 1795721453
890, 383370, 76988, 80087, 63059, 60304, 51466, 51466, 1063317572
891, 381091, 76793, 79337, 62445, 60460, 51028, 51028, 106020575
892, 384858, 79153, 78935, 62167, 62321, 51141, 51141, 1974799900
893, 382416, 75988, 79523, 62515, 59716, 52337, 52337, 3218291473
895, 379690, 77358, 77238, 60630, 60594, 51935, 51935, 1643070549
894, 377516, 76313, 78732, 61744, 59877, 50425, 50425, 435563547
896, 377161, 76327, 77615, 60713, 59940, 51283, 51283, 771825467
897, 377774, 76417, 78899, 61906, 59844, 50354, 50354, 2890851006
898, 380722, 78627, 76619, 59970, 61608, 51949, 51949, 101262522
899, 377765, 77416, 76787, 59974, 60696, 51446, 51446, 4222783385
900, 378981, 76240, 78817, 62013, 59915, 50998, 50998, 3534152623
901, 377706, 76936, 77319, 60479, 60762, 51105, 51105, 41306452
902, 383295, 80901, 77759, 61126, 63729, 49890, 49890, 474024535
903, 381170, 78349, 77731, 60989, 61577, 51262, 51262, 1569861675
904, 384070, 78991, 77184, 60319, 62208, 52684, 52684, 3969314008
906, 383453, 78861, 78133, 61250, 62159, 51525, 51525, 512584493
905, 378339, 78845, 75738, 59498, 61968, 51145, 51145, 1969469209
909, 383190, 80336, 77069, 60634, 63057, 51047, 51047, 63323224
907, 384296, 79179, 77235, 60477, 62115, 52645, 52645, 243095759
908, 381870, 77629, 78835, 61913, 61329, 51082, 51082, 29134677
911, 383298, 77020, 79621, 62708, 60397, 51776, 51776, 3258501211
910, 383700, 77576, 78580, 61582, 61050, 52456, 52456, 2150911611
912, 380739, 77797, 78495, 61870, 61009, 50784, 50784, 2998543708
914, 384090, 79377, 79177, 62239, 62337, 50480, 50480, 2001907724
913, 382432, 76410, 80782, 63709, 60247, 50642, 50642, 1043143591
915, 378454, 77981, 76901, 60240, 61092, 51120, 51120, 4237412475
917, 379046, 78394, 76604, 59888, 61666, 51247, 51247, 2842835465
916, 379578, 77636, 78142, 61568, 60916, 50658, 50658, 1445622958
918, 385620, 79315, 78923, 62097, 62651, 51317, 51317, 4182974665
919, 376842, 76874, 76854, 60190, 60352, 51286, 51286, 3033846485
920, 379564, 78840, 76341, 59910, 62003, 51235, 51235, 4017182289
922, 383363, 79184, 78573, 61609, 62279, 50859, 50859, 1779121581
923, 382004, 77151, 78061, 61334, 60302, 52578, 52578, 2700481452
924, 381197, 76885, 78564, 61676, 60388, 51842, 51842, 3622018303
921, 383265, 78579, 77943, 61171, 62002, 51785, 51785, 923970354
928, 379580, 76423, 79617, 62648, 59792, 50550, 50550, 417894552
926, 379652, 79857, 77083, 60503, 62545, 49832, 49832, 14527119
925, 380808, 78073, 77905, 61188, 61282, 51180, 51180, 2179880534
927, 379736, 78779, 76957, 60306, 62094, 50800, 50800, 1900902287
929, 380414, 78908, 76645, 59792, 61789, 51640, 51640, 2770948394
931, 377141, 78537, 76655, 60178, 61467, 50152, 50152, 1354557171
933, 380800, 76010, 80280, 62926, 59738, 50923, 50923, 1194307901
930, 376215, 75301, 78091, 61401, 58926, 51248, 51248, 4081119445
932, 380689, 79165, 77460, 61036, 61952, 50538, 50538, 2950995913
934, 382847, 79558, 76910, 60503, 62492, 51692, 51692, 3135335031
936, 373815, 75739, 77025, 60318, 59093, 50820, 50820, 2490038657
935, 382799, 80060, 76648, 60211, 63046, 51417, 51417, 1319957640
937, 384957, 78912, 79191, 62292, 62140, 51211, 51211, 3520314841
938, 379295, 78383, 76487, 60071, 61852, 51251, 51251, 92800090
942, 380948, 79673, 74944, 59018, 62661, 52326, 52326, 417537536
939, 384232, 80670, 76724, 60402, 63526, 51455, 51455, 3989735182
940, 378119, 76589, 77459, 60810, 60021, 51620, 51620, 2185885876
941, 383358, 79198, 76654, 60117, 62105, 52642, 52642, 3815760403
944, 378609, 78269, 76415, 59884, 61751, 51145, 51145, 709409479
943, 382046, 78241, 79339, 62433, 61483, 50275, 50275, 2623954047
945, 379980, 76196, 78930, 61947, 59909, 51499, 51499, 1012819235
947, 382716, 79366, 77679, 60820, 62403, 51224, 51224, 155710596
946, 379892, 76853, 77385, 60656, 60336, 52331, 52331, 2248573176
948, 382947, 78079, 78248, 61408, 61294, 51959, 51959, 192809440
949, 377954, 78694, 77644, 60808, 61662, 49573, 49573, 148284552
950, 377393, 77515, 76994, 60455, 60699, 50865, 50865, 1673330762
951, 379452, 75464, 79473, 62383, 59016, 51558, 51558, 3503547180
952, 382264, 77684, 78939, 61931, 61052, 51329, 51329, 815825939
955, 380000, 78399, 76825, 60331, 61619, 51413, 51413, 834893970
953, 381174, 77819, 77557, 60903, 61129, 51883, 51883, 2233108480
954, 385842, 78705, 79801, 62945, 61991, 51200, 51200, 1177281201
957, 380694, 76955, 78556, 61247, 60382, 51777, 51777, 57312923
958, 380338, 76359, 79074, 62240, 59753, 51456, 51456, 4177601343
956, 381387, 78461, 77897, 61218, 61717, 51047, 51047, 1499217686
960, 381310, 76507, 80165, 62859, 60009, 50885, 50885, 2399601245
959, 381603, 75863, 80184, 62974, 59242, 51670, 51670, 1678723212
961, 381891, 76100, 80748, 63881, 59612, 50775, 50775, 3049004440
962, 380309, 76833, 79393, 62264, 60199, 50810, 50810, 2924968129
963, 382380, 78336, 78602, 61714, 61440, 51144, 51144, 2972793909
964, 385980, 79452, 78272, 61280, 62706, 52135, 52135, 1307381427
965, 378909, 78577, 74814, 58562, 61882, 52537, 52537, 3116102766
966, 375634, 76910, 75818, 59108, 60340, 51729, 51729, 963943216
968, 380344, 79895, 75803, 59750, 62848, 51024, 51024, 2361841356
969, 382474, 77966, 78742, 61883, 61231, 51326, 51326, 780099998
967, 379612, 76254, 78387, 61774, 59675, 51761, 51761, 1743326279
970, 378913, 78249, 76547, 59779, 61618, 51360, 51360, 2257142511
971, 377302, 75842, 79128, 61982, 59630, 50360, 50360, 627979696
973, 378320, 77510, 78921, 62143, 60724, 49511, 49511, 1909440643
972, 381165, 77223, 78362, 61666, 60528, 51693, 51693, 950735702
974, 386333, 78840, 78992, 61917, 62152, 52216, 52216, 293375556
976, 383097, 77688, 78487, 61933, 60751, 52119, 52119, 2561712600
977, 380234, 75180, 79698, 62648, 59130, 51789, 51789, 3811587062
975, 383122, 78087, 78739, 61920, 61094, 51641, 51641, 4112216772
978, 379286, 78848, 77323, 60644, 61677, 50397, 50397, 2498489299
980, 381120, 77889, 78364, 61781, 61082, 51002, 51002, 2329714546
981, 380772, 77282, 77770, 60923, 60621, 52088, 52088, 1232763324
979, 380393, 76056, 80138, 62809, 59238, 51076, 51076, 646094418
982, 378485, 76575, 78758, 61458, 60160, 50767, 50767, 1851523770
983, 379550, 74914, 79882, 62961, 58527, 51633, 51633, 2907039105
984, 380731, 77860, 77925, 61075, 61305, 51283, 51283, 3291536171
985, 382074, 78297, 76838, 59909, 61612, 52709, 52709, 3024472908
986, 382135, 77570, 78897, 62010, 61038, 51310, 51310, 328365099
987, 380576, 79485, 77171, 60416, 62738, 50383, 50383, 18894938
988, 377961, 74909, 80276, 63176, 58668, 50466, 50466, 4046265920
990, 379421, 78899, 77168, 60490, 61956, 50454, 50454, 3235411444
989, 379492, 75411, 78396, 61594, 58917, 52587, 52587, 2096052205
992, 379318, 77455, 78634, 61730, 60857, 50321, 50321, 1229873576
991, 384543, 78711, 78668, 62080, 61896, 51594, 51594, 3673240711
993, 375186, 76781, 77186, 60582, 60127, 50255, 50255, 2684081564
994, 384402, 79299, 78747, 61876, 62424, 51028, 51028, 1989785453
995, 378323, 78878, 76245, 59668, 62026, 50753, 50753, 1602419652
997, 375360, 76921, 76267, 59906, 60360, 50953, 50953, 3349779543
998, 381160, 77893, 77195, 60734, 61098, 52120, 52120, 2740520420
996, 380465, 78328, 76992, 60316, 61559, 51635, 51635, 2576885573
999, 382780, 80470, 76612, 59991, 63175, 51266, 51266, 2375198656
