sample_id, N_LCC, N_A_1_LCC, N_B_1_LCC, N_A_0_LCC, N_B_0_LCC, N_A_*_LCC, N_B_*_LCC, seed
8, 2178511, 255969, 780370, 778984, 255122, 54033, 54033, 3026467612
1, 2179699, 484618, 551041, 549892, 483434, 55357, 55357, 1198935749
9, 2178678, 416678, 615489, 614264, 415729, 58259, 58259, 2646452279
11, 2176374, 209525, 802331, 801000, 208752, 77383, 77383, 3295589168
10, 2179623, 498939, 538019, 536959, 497908, 53899, 53899, 1342824712
6, 2177804, 347956, 690958, 689569, 346971, 51175, 51175, 1606106263
2, 2176295, 500369, 527617, 526600, 499375, 61167, 61167, 4159635742
0, 2175407, 431326, 599530, 598450, 430283, 57909, 57909, 4072241305
7, 2175738, 522796, 509372, 508438, 521568, 56782, 56782, 3992413065
5, 2176027, 684918, 331095, 330109, 683545, 73180, 73180, 3884904449
4, 2175521, 459741, 539385, 538336, 458785, 89637, 89637, 1952908020
3, 2178914, 656676, 368655, 367741, 655546, 65148, 65148, 2440067171
12, 2177192, 392461, 644386, 643283, 391488, 52787, 52787, 1954476997
18, 2177476, 467257, 574207, 573028, 466362, 48311, 48311, 1208797661
16, 2178363, 583234, 460219, 459320, 582196, 46697, 46697, 4218141962
13, 2176459, 574247, 451990, 450995, 573131, 63048, 63048, 1215313319
14, 2178756, 562048, 408587, 407672, 560915, 119767, 119767, 466313343
20, 2173503, 522877, 479021, 477947, 521544, 86057, 86057, 1758993586
17, 2178069, 581617, 450076, 449101, 580415, 58430, 58430, 3339169425
19, 2180844, 436926, 522792, 521724, 435960, 131721, 131721, 2894580007
15, 2178845, 635820, 377935, 376967, 634943, 76590, 76590, 1770159498
21, 2179819, 469235, 530712, 529767, 468355, 90875, 90875, 4223397859
22, 2174977, 535914, 488623, 487636, 534840, 63982, 63982, 2755598310
23, 2178078, 447603, 575384, 574239, 446588, 67132, 67132, 3028522995
24, 2175059, 361755, 668654, 667529, 360857, 58132, 58132, 1750356650
27, 2178675, 272901, 755089, 753900, 272063, 62361, 62361, 872606935
25, 2179014, 484003, 551191, 549957, 483017, 55423, 55423, 24935486
30, 2176763, 510669, 525645, 524566, 509557, 53163, 53163, 1772844200
28, 2176495, 480529, 554515, 553270, 479461, 54360, 54360, 1391107648
26, 2179206, 628525, 382060, 381106, 627535, 79990, 79990, 1642740807
34, 2177630, 511456, 532152, 531075, 510285, 46331, 46331, 2428024184
32, 2178481, 370987, 653716, 652587, 370133, 65529, 65529, 1882516410
33, 2178005, 386207, 643608, 642413, 385331, 60223, 60223, 1771686606
29, 2176795, 735708, 237269, 236453, 734453, 116456, 116456, 3623559697
31, 2178237, 629190, 345370, 344343, 627994, 115670, 115670, 2300576883
35, 2173336, 479758, 539442, 538294, 478658, 68592, 68592, 2087225469
39, 2177233, 369310, 638789, 637521, 368223, 81695, 81695, 199912577
41, 2176932, 377449, 661038, 659860, 376371, 51107, 51107, 3190889231
36, 2177550, 241834, 781479, 780386, 241087, 66382, 66382, 1585410559
37, 2179402, 609791, 418731, 417725, 608651, 62252, 62252, 1315153603
44, 2176143, 311085, 683771, 682467, 310106, 94357, 94357, 3781000729
40, 2177217, 513628, 519914, 518994, 512549, 56066, 56066, 95315173
43, 2177502, 424154, 602876, 601752, 423198, 62761, 62761, 3330125286
38, 2179974, 488236, 547493, 546441, 487198, 55303, 55303, 560800902
46, 2176650, 458409, 565010, 563901, 457360, 65985, 65985, 540713651
45, 2175206, 245096, 764392, 763122, 244254, 79171, 79171, 3989271742
42, 2179317, 722375, 315370, 314377, 721219, 52988, 52988, 3422246524
47, 2175095, 352398, 681373, 679914, 351388, 55011, 55011, 699397413
49, 2176001, 168458, 874945, 873573, 167617, 45704, 45704, 2003541240
48, 2180362, 543866, 491537, 490475, 542820, 55832, 55832, 604794163
50, 2179526, 608446, 428666, 427606, 607266, 53771, 53771, 69950605
55, 2178662, 336534, 700531, 699309, 335684, 53302, 53302, 1666662218
51, 2176838, 501104, 507767, 506575, 500050, 80671, 80671, 2590843154
54, 2176458, 439294, 605383, 604244, 438253, 44642, 44642, 4149741182
56, 2178217, 696472, 339859, 338885, 695201, 53900, 53900, 424445732
57, 2175539, 539815, 498522, 497446, 538764, 50496, 50496, 1121259980
53, 2178171, 748706, 280263, 279358, 747464, 61190, 61190, 3841073332
52, 2177509, 714740, 306239, 305321, 713567, 68821, 68821, 1269039376
58, 2175448, 616422, 420192, 419151, 615215, 52234, 52234, 1985626169
59, 2177781, 495024, 531343, 530272, 493906, 63618, 63618, 2527725288
60, 2175148, 801466, 242574, 241680, 800414, 44507, 44507, 813683441
61, 2176383, 542606, 479895, 478920, 541274, 66844, 66844, 1816768599
62, 2177271, 580450, 433149, 431898, 579272, 76251, 76251, 1753703868
64, 2176932, 421886, 607398, 606191, 420777, 60340, 60340, 3431341101
68, 2177157, 404598, 627432, 626324, 403505, 57649, 57649, 1403577416
67, 2177196, 594385, 445742, 444716, 593159, 49597, 49597, 322183012
63, 2179687, 525543, 462111, 461002, 524375, 103328, 103328, 2839212110
65, 2177504, 576948, 451396, 450487, 575759, 61457, 61457, 3739985363
66, 2180664, 542730, 494925, 493774, 541619, 53808, 53808, 1681805467
69, 2177645, 588364, 420292, 419287, 587388, 81157, 81157, 3093623704
70, 2179873, 413455, 636645, 635508, 412429, 40918, 40918, 3179027943
71, 2178087, 535223, 499844, 498850, 534264, 54953, 54953, 1190345472
74, 2173381, 367803, 655734, 654645, 366617, 64291, 64291, 1602550627
72, 2176897, 662991, 365199, 364213, 661698, 61398, 61398, 3460932322
73, 2176621, 550259, 466250, 465249, 549253, 72805, 72805, 2223275111
75, 2179434, 455680, 505082, 504264, 454776, 129816, 129816, 3839031938
77, 2178551, 592231, 417236, 416253, 591191, 80820, 80820, 1286672594
78, 2179145, 492596, 539475, 538418, 491584, 58536, 58536, 1639200972
76, 2180125, 474629, 512462, 511212, 473658, 104082, 104082, 1379624248
80, 2179249, 517133, 518912, 518030, 515946, 54614, 54614, 134918750
79, 2177452, 760251, 268964, 268086, 758949, 60601, 60601, 4218001374
82, 2174951, 474659, 550171, 549124, 473485, 63756, 63756, 701438938
81, 2180853, 512234, 483871, 482911, 511159, 95339, 95339, 3990085260
83, 2176826, 556738, 424822, 423796, 555662, 107904, 107904, 3717491932
85, 2175454, 627001, 356239, 355184, 626058, 105486, 105486, 479694325
87, 2178692, 325021, 701019, 699809, 324135, 64354, 64354, 3692368039
86, 2180017, 423048, 619113, 618098, 422024, 48867, 48867, 628145013
84, 2175062, 736316, 263878, 262864, 735050, 88477, 88477, 486128893
89, 2174620, 530666, 479109, 477987, 529522, 78668, 78668, 1193471432
88, 2182303, 754504, 294062, 293310, 753087, 43670, 43670, 1178844963
92, 2179746, 450331, 581552, 580621, 449366, 58938, 58938, 3143895484
93, 2180006, 650681, 384786, 383872, 649517, 55575, 55575, 1035653657
91, 2177101, 656046, 358021, 357222, 654826, 75493, 75493, 1794999265
90, 2177323, 590736, 406225, 405240, 589672, 92725, 92725, 4139634669
94, 2177023, 392183, 638665, 637316, 391255, 58802, 58802, 909353208
95, 2176250, 562765, 454182, 453025, 561634, 72322, 72322, 239298647
97, 2180576, 463329, 582432, 581467, 462326, 45511, 45511, 4083632613
96, 2177945, 521810, 496277, 495304, 520742, 71906, 71906, 3544239702
98, 2172785, 580659, 445710, 444687, 579465, 61132, 61132, 3619234856
99, 2175553, 579119, 464728, 463595, 577877, 45117, 45117, 2655848504
102, 2177575, 406971, 634548, 633263, 406013, 48390, 48390, 2319850345
100, 2179392, 711182, 320704, 319715, 709989, 58901, 58901, 2857308868
101, 2176877, 646584, 382478, 381578, 645491, 60373, 60373, 1314260130
104, 2179546, 496174, 514841, 513691, 495020, 79910, 79910, 937789022
103, 2175900, 375988, 639496, 638398, 375156, 73431, 73431, 2428086675
105, 2176815, 736601, 282990, 282120, 735270, 69917, 69917, 751907816
106, 2181063, 387258, 647517, 646463, 386339, 56743, 56743, 510012173
107, 2177762, 378401, 646415, 645140, 377504, 65151, 65151, 536969254
111, 2177583, 489514, 527565, 526497, 488483, 72762, 72762, 1141918191
108, 2176632, 401595, 633331, 632152, 400614, 54470, 54470, 2893751936
109, 2179114, 560593, 477814, 476665, 559304, 52369, 52369, 4110768791
110, 2177195, 587198, 454122, 453073, 586258, 48272, 48272, 1264814344
115, 2178104, 197185, 839116, 837515, 196410, 53939, 53939, 297406805
114, 2178335, 357707, 680023, 678785, 356736, 52542, 52542, 3133937260
113, 2179740, 730066, 315646, 314665, 728899, 45232, 45232, 2637145453
112, 2174783, 580363, 447797, 446827, 579310, 60243, 60243, 3082997270
117, 2177397, 602225, 437047, 436018, 601093, 50507, 50507, 2008567674
116, 2177092, 685316, 345007, 344001, 684050, 59359, 59359, 3906109971
118, 2177599, 267710, 768645, 767558, 266852, 53417, 53417, 2200184057
119, 2175847, 313487, 720622, 719261, 312523, 54977, 54977, 2197723317
121, 2177601, 255589, 751273, 750102, 254621, 83008, 83008, 1128501
123, 2176330, 442563, 573857, 572587, 441431, 72946, 72946, 1164125598
120, 2178104, 419981, 603494, 602321, 419008, 66650, 66650, 1791787759
122, 2177412, 633118, 385683, 384780, 631969, 70931, 70931, 3744434975
124, 2177974, 540295, 498043, 496926, 539160, 51775, 51775, 283381399
125, 2176051, 603718, 432233, 431343, 602619, 53069, 53069, 2463141103
127, 2177114, 518194, 517095, 515977, 517074, 54387, 54387, 1393789755
126, 2177712, 368832, 618753, 617369, 367704, 102527, 102527, 1907190585
129, 2174883, 646300, 380396, 379380, 645265, 61771, 61771, 4080339031
130, 2178195, 609861, 429582, 428644, 608596, 50756, 50756, 2656831240
128, 2177957, 548212, 478374, 477465, 546966, 63470, 63470, 2590129049
131, 2176905, 649892, 358723, 357788, 648660, 80921, 80921, 2507888737
133, 2179033, 333429, 660114, 658898, 332474, 97059, 97059, 1519340963
132, 2177479, 619620, 422675, 421737, 618575, 47436, 47436, 1502832306
134, 2178011, 742754, 298840, 297917, 741304, 48598, 48598, 3636366719
135, 2176039, 353540, 628874, 627705, 352490, 106715, 106715, 1779701185
136, 2178329, 563724, 455899, 454723, 562499, 70742, 70742, 2828683352
138, 2177694, 476982, 534012, 532907, 475929, 78932, 78932, 3918375777
137, 2178159, 403963, 629777, 628650, 402873, 56448, 56448, 339188584
140, 2178972, 439786, 525741, 524760, 438821, 124932, 124932, 1857934575
141, 2178031, 469324, 538918, 537820, 468375, 81797, 81797, 702082743
142, 2178282, 476207, 544793, 543574, 475120, 69294, 69294, 1213827106
143, 2181677, 349737, 654424, 653374, 348874, 87634, 87634, 3742589999
139, 2179602, 600627, 280678, 279671, 599496, 209565, 209565, 908429805
145, 2176732, 254995, 749865, 748533, 253961, 84689, 84689, 2861452238
144, 2175872, 616632, 401460, 400502, 615398, 70940, 70940, 1105637802
146, 2174153, 461228, 546830, 545656, 460071, 80184, 80184, 2077999339
147, 2178312, 729892, 290174, 289322, 728614, 70155, 70155, 4074547532
148, 2176578, 394835, 638947, 637736, 393790, 55635, 55635, 3005440956
149, 2179386, 464593, 572306, 571265, 463482, 53870, 53870, 414262493
150, 2178010, 483501, 555531, 554332, 482508, 51069, 51069, 855008663
151, 2176179, 474898, 548365, 547153, 473979, 65892, 65892, 3404319847
154, 2175520, 412110, 607350, 606114, 411024, 69461, 69461, 1740016699
152, 2178661, 687984, 344003, 342947, 687035, 58346, 58346, 3717269720
155, 2175966, 434358, 602471, 601497, 433414, 52113, 52113, 912944216
153, 2176870, 600796, 393439, 392397, 599622, 95308, 95308, 1535984219
156, 2176308, 236567, 799598, 798439, 235706, 52999, 52999, 21945173
157, 2179278, 751058, 283754, 282735, 749741, 55995, 55995, 2019500189
158, 2176983, 600879, 439067, 438057, 599848, 49566, 49566, 3021799414
159, 2177441, 254065, 766939, 765865, 253184, 68694, 68694, 53750209
160, 2179020, 663115, 366572, 365591, 661698, 61022, 61022, 1213761601
161, 2177400, 446577, 576222, 575273, 445634, 66847, 66847, 738373335
162, 2179676, 483351, 504298, 503390, 482403, 103117, 103117, 1478357853
163, 2177231, 604337, 415085, 414196, 603231, 70191, 70191, 1055104401
166, 2178215, 308021, 703107, 701808, 307207, 79036, 79036, 2624701256
164, 2175007, 550661, 481101, 479876, 549599, 56885, 56885, 1175403060
165, 2177472, 450267, 595212, 593978, 449369, 44323, 44323, 4014853969
167, 2181186, 694856, 348512, 347478, 693676, 48332, 48332, 1084508637
168, 2179216, 661505, 366238, 365264, 660451, 62879, 62879, 2720258399
169, 2178940, 446294, 577792, 576817, 445189, 66424, 66424, 1788469067
171, 2178690, 276516, 746966, 745831, 275709, 66834, 66834, 2561741216
170, 2177456, 433180, 601509, 600554, 432101, 55056, 55056, 2604839963
172, 2178997, 256653, 773612, 772537, 255781, 60207, 60207, 2567342602
173, 2175416, 367423, 650176, 648972, 366361, 71242, 71242, 505997705
175, 2177222, 277486, 758413, 757095, 276562, 53833, 53833, 685945811
174, 2176939, 497896, 495430, 494419, 496920, 96137, 96137, 2212732608
177, 2176422, 502099, 543444, 542235, 500934, 43855, 43855, 1466114062
178, 2179831, 554713, 481510, 480558, 553782, 54634, 54634, 454049123
176, 2174576, 598896, 441908, 440815, 597561, 47698, 47698, 2978147792
180, 2178685, 211028, 842425, 841255, 210177, 36900, 36900, 2043489105
181, 2181114, 373085, 669386, 668350, 372157, 49068, 49068, 1036001161
179, 2179485, 692398, 342047, 341147, 691297, 56298, 56298, 4173139117
182, 2178021, 386718, 566399, 565275, 385727, 136951, 136951, 42417316
183, 2176094, 465642, 541427, 540347, 464496, 82091, 82091, 503679389
184, 2176776, 653257, 392466, 391394, 651989, 43835, 43835, 1874784200
185, 2177735, 431966, 617654, 616506, 430999, 40305, 40305, 4240831808
187, 2177783, 549470, 485914, 484974, 548385, 54520, 54520, 253657426
186, 2179056, 435393, 588576, 587643, 434492, 66476, 66476, 924056937
188, 2175446, 549156, 479749, 478543, 547988, 60005, 60005, 4211084874
190, 2175690, 221411, 786437, 784902, 220470, 81235, 81235, 1436702487
189, 2179449, 469312, 566801, 565586, 468354, 54698, 54698, 2699029818
193, 2178206, 675487, 356043, 355100, 674382, 58597, 58597, 3018206011
192, 2179283, 590353, 439383, 438386, 589357, 60902, 60902, 4040028613
191, 2180047, 714215, 307153, 306236, 713073, 69685, 69685, 3633421787
195, 2177023, 238574, 791631, 790295, 237645, 59439, 59439, 342856111
194, 2176341, 406794, 603364, 602183, 405786, 79107, 79107, 626648872
197, 2174378, 345557, 701915, 700572, 344634, 40850, 40850, 703232216
198, 2177240, 351708, 677075, 675953, 350618, 60943, 60943, 3703987844
196, 2176274, 687749, 319509, 318721, 686603, 81846, 81846, 1674055329
199, 2178081, 585225, 444031, 443118, 584243, 60732, 60732, 599212415
200, 2179269, 544661, 490241, 489098, 543699, 55785, 55785, 670743501
201, 2180231, 382993, 645734, 644678, 381890, 62468, 62468, 2749291894
202, 2175191, 740037, 301037, 300206, 738513, 47699, 47699, 2333476954
204, 2177603, 426330, 613882, 612729, 425260, 49701, 49701, 4053121520
203, 2180127, 538060, 502084, 500997, 537120, 50933, 50933, 1006077745
207, 2175222, 287815, 747854, 746540, 286821, 53096, 53096, 535946876
205, 2179071, 604395, 437597, 436654, 603269, 48578, 48578, 1455246582
208, 2178160, 444866, 553842, 552974, 443864, 91307, 91307, 2154198966
206, 2177553, 691746, 308994, 308094, 690721, 88999, 88999, 2524266231
209, 2176026, 407571, 614102, 612784, 406507, 67531, 67531, 2055273591
210, 2175884, 557453, 488529, 487200, 556366, 43168, 43168, 2501065257
211, 2175761, 333704, 647968, 646460, 332733, 107448, 107448, 2717225038
212, 2182512, 553402, 423093, 422017, 552410, 115795, 115795, 163839210
214, 2175891, 187112, 824367, 822962, 186268, 77591, 77591, 2750688991
213, 2178814, 459167, 543778, 542590, 458351, 87464, 87464, 552408051
215, 2175066, 371221, 672715, 671340, 370272, 44759, 44759, 1526179967
216, 2180890, 542158, 491618, 490368, 541052, 57847, 57847, 495338684
218, 2177026, 267771, 758607, 757169, 266921, 63279, 63279, 263888650
217, 2178259, 498864, 516682, 515536, 497767, 74705, 74705, 4079089010
219, 2178244, 409339, 591235, 590406, 408444, 89410, 89410, 3526423639
220, 2176786, 705838, 322006, 321102, 704660, 61590, 61590, 3494940626
221, 2174465, 684111, 331431, 330464, 683003, 72728, 72728, 397238944
223, 2177813, 432244, 607545, 606370, 431378, 50138, 50138, 4010228537
222, 2178536, 630533, 410994, 410038, 629413, 48779, 48779, 1257981870
224, 2176441, 506977, 525225, 524115, 505828, 57148, 57148, 902327985
225, 2177503, 637868, 397871, 397011, 636737, 54008, 54008, 4113680754
226, 2177090, 395684, 612326, 611091, 394869, 81560, 81560, 3831926794
227, 2177464, 429177, 534145, 533053, 428011, 126539, 126539, 2204622962
228, 2179515, 331183, 647513, 646102, 330243, 112237, 112237, 3565682604
229, 2178267, 400849, 598335, 597039, 399852, 91096, 91096, 4275374318
232, 2179250, 242323, 785562, 784304, 241467, 62797, 62797, 3400590582
230, 2177821, 556179, 455264, 454224, 555016, 78569, 78569, 1837326127
231, 2177924, 584612, 446157, 445187, 583378, 59295, 59295, 3233982581
233, 2179228, 468293, 569389, 568369, 467153, 53012, 53012, 2236875429
234, 2178388, 643082, 395181, 394222, 641775, 52064, 52064, 166193888
235, 2177086, 484127, 517711, 516717, 483029, 87751, 87751, 3567588488
236, 2177234, 205180, 809498, 808193, 204309, 75027, 75027, 4024773350
237, 2177009, 418537, 565217, 564076, 417391, 105894, 105894, 234600561
238, 2179253, 459146, 570419, 569350, 458044, 61147, 61147, 2736727999
239, 2176418, 690696, 320642, 319658, 689528, 77947, 77947, 1508844501
241, 2179694, 371986, 664961, 663942, 370985, 53910, 53910, 2251861237
240, 2178674, 524501, 460757, 459781, 523501, 105067, 105067, 998701030
242, 2178311, 528461, 488061, 487104, 527253, 73716, 73716, 4061256460
243, 2178724, 446241, 563117, 562103, 444971, 81146, 81146, 2962920774
245, 2177393, 704631, 337803, 336893, 703564, 47251, 47251, 2019967969
244, 2178252, 537380, 419094, 418134, 536240, 133702, 133702, 3176886097
246, 2177677, 373048, 646615, 645521, 372023, 70235, 70235, 2310082837
247, 2178380, 397839, 638758, 637554, 396837, 53696, 53696, 1799812577
248, 2177735, 417223, 617808, 616721, 416023, 54980, 54980, 2511243284
249, 2179278, 424080, 591634, 590310, 423110, 75072, 75072, 770630444
250, 2177431, 487108, 505781, 504743, 486087, 96856, 96856, 2332100103
253, 2174918, 649222, 369461, 368480, 647887, 69934, 69934, 4178137770
255, 2179667, 397301, 637953, 636776, 396461, 55588, 55588, 1415911085
254, 2177007, 529977, 496820, 495681, 528899, 62815, 62815, 4017039152
252, 2177106, 682758, 266470, 265599, 681563, 140358, 140358, 445062098
251, 2180183, 663858, 367108, 366248, 662585, 60192, 60192, 63927789
256, 2176232, 492398, 531599, 530505, 491286, 65222, 65222, 2849024514
258, 2175379, 624695, 403128, 402064, 623460, 61016, 61016, 1979791939
257, 2177510, 209524, 799073, 797783, 208704, 81213, 81213, 4282917551
259, 2178133, 541256, 465502, 464494, 540339, 83271, 83271, 437961423
260, 2177146, 519630, 498089, 496885, 518496, 72023, 72023, 2013932306
261, 2178109, 354632, 675674, 674293, 353812, 59849, 59849, 2382418410
262, 2177667, 691990, 286981, 286178, 690652, 110933, 110933, 2088224736
263, 2180117, 620699, 421713, 420721, 619552, 48716, 48716, 3774615182
267, 2178620, 383719, 623866, 622692, 382653, 82845, 82845, 2807210146
265, 2179830, 334651, 691632, 690672, 333777, 64549, 64549, 506560065
264, 2176641, 523589, 488601, 487515, 522574, 77181, 77181, 2798428083
266, 2177016, 611855, 381332, 380446, 610839, 96272, 96272, 2137161591
269, 2177430, 425300, 595094, 593996, 424282, 69379, 69379, 2110456868
268, 2179010, 651269, 399591, 398487, 650063, 39800, 39800, 2830899286
270, 2177754, 467438, 560693, 559607, 466506, 61755, 61755, 4067822067
272, 2178965, 435929, 601199, 600138, 434929, 53385, 53385, 2634235390
271, 2177285, 593142, 430680, 429684, 591929, 65925, 65925, 1206278109
273, 2175615, 333721, 699345, 697933, 332732, 55942, 55942, 3432855971
274, 2178361, 379978, 612716, 611552, 378833, 97641, 97641, 915089044
276, 2174582, 430301, 590617, 589274, 429266, 67562, 67562, 4033665650
275, 2176671, 438977, 580494, 579436, 438040, 69862, 69862, 1735242204
277, 2179515, 593364, 441986, 440841, 592292, 55516, 55516, 509833727
279, 2181312, 690794, 331931, 330881, 689778, 68964, 68964, 4055175050
280, 2179392, 557764, 477912, 476923, 556685, 55054, 55054, 2964854884
278, 2179427, 548593, 433605, 432612, 547445, 108586, 108586, 1924669044
281, 2177559, 470538, 562734, 561544, 469609, 56567, 56567, 3533864227
282, 2179054, 485049, 545258, 544052, 484159, 60268, 60268, 2686779654
284, 2176889, 461116, 579108, 578076, 460099, 49245, 49245, 203899585
283, 2180300, 540038, 480249, 479136, 539045, 70916, 70916, 1609551056
285, 2181122, 533081, 426001, 424966, 531914, 132580, 132580, 2419179450
286, 2180127, 689529, 341552, 340783, 688391, 59936, 59936, 1487819928
287, 2176573, 556026, 462371, 461333, 554883, 70980, 70980, 429432258
288, 2178644, 620925, 407374, 406414, 619707, 62112, 62112, 3426698262
289, 2177703, 374352, 644023, 642794, 373212, 71661, 71661, 3638939645
290, 2178701, 470003, 565967, 565018, 468769, 54472, 54472, 3104031878
291, 2178439, 256424, 779067, 777618, 255518, 54906, 54906, 2471923205
292, 2176045, 647632, 338484, 337688, 646345, 102948, 102948, 1423586851
294, 2177090, 515138, 501142, 500067, 514007, 73368, 73368, 1177268889
293, 2178638, 625008, 373050, 372172, 624060, 92174, 92174, 1815807656
296, 2178244, 495527, 538874, 537815, 494474, 55777, 55777, 1137191468
295, 2176341, 453734, 558540, 557471, 452764, 76916, 76916, 3050353921
297, 2175196, 427123, 611363, 610362, 426256, 50046, 50046, 289859726
299, 2179471, 548769, 454635, 453621, 547792, 87327, 87327, 1419000011
298, 2178942, 503051, 525739, 524751, 502041, 61680, 61680, 2513050752
302, 2178827, 385085, 623985, 622815, 384130, 81406, 81406, 3768362296
301, 2174218, 528357, 492465, 491446, 527164, 67393, 67393, 283175286
300, 2178194, 665651, 300633, 299690, 664622, 123799, 123799, 1832480707
303, 2177933, 577979, 451257, 450282, 576849, 60783, 60783, 684028752
304, 2178787, 315557, 711910, 710551, 314681, 63044, 63044, 2325671953
305, 2174264, 461269, 549319, 548038, 460298, 77670, 77670, 3682378652
306, 2178473, 730830, 312460, 311627, 729540, 47008, 47008, 3902974287
308, 2179184, 409456, 583800, 582778, 408394, 97378, 97378, 116709683
307, 2179409, 723899, 303452, 302620, 722664, 63387, 63387, 513121657
309, 2176905, 475509, 527504, 526428, 474382, 86541, 86541, 2543971170
312, 2173428, 458019, 582345, 581071, 456927, 47533, 47533, 3505019321
311, 2178468, 436637, 545131, 544052, 435716, 108466, 108466, 2783863958
310, 2177898, 631757, 382290, 381216, 630357, 76139, 76139, 3779368140
315, 2176254, 644975, 367201, 366259, 643753, 77033, 77033, 3953035793
316, 2174313, 560101, 450162, 448851, 558985, 78107, 78107, 1458170290
314, 2177303, 209065, 819709, 818698, 208273, 60779, 60779, 3254488153
313, 2176672, 633140, 408566, 407576, 631862, 47764, 47764, 697983449
317, 2176621, 455020, 566609, 565579, 453947, 67733, 67733, 3986514832
318, 2176914, 570197, 448048, 447134, 569009, 71263, 71263, 2573300356
320, 2180019, 483222, 542378, 541437, 482006, 65488, 65488, 2981740205
319, 2178415, 602840, 400182, 399180, 601745, 87234, 87234, 683314269
324, 2178573, 402774, 643652, 642477, 401688, 43991, 43991, 1422518386
321, 2176277, 618557, 410875, 409820, 617487, 59769, 59769, 1324875105
323, 2176658, 483558, 551916, 550739, 482395, 54025, 54025, 2525671295
322, 2179279, 600068, 425626, 424673, 598786, 65063, 65063, 787620927
325, 2177938, 502031, 520797, 519831, 501037, 67121, 67121, 122387579
326, 2182263, 350778, 671252, 670134, 349995, 70052, 70052, 2079435419
327, 2177796, 529321, 488802, 487837, 528198, 71819, 71819, 315375216
328, 2179935, 456994, 573828, 572872, 455901, 60170, 60170, 3142822469
329, 2175427, 390286, 624888, 623894, 389305, 73527, 73527, 614049025
330, 2181852, 609547, 428069, 427242, 608266, 54364, 54364, 452851551
332, 2176872, 617614, 408833, 407759, 616314, 63176, 63176, 4170271110
331, 2179376, 504467, 531696, 530710, 503569, 54467, 54467, 1777391899
333, 2177764, 426551, 619124, 618009, 425672, 44204, 44204, 2024474174
334, 2178138, 579259, 419607, 418653, 578177, 91221, 91221, 374181379
336, 2175587, 629650, 396990, 395903, 628474, 62285, 62285, 2741362107
337, 2175882, 467730, 553626, 552328, 466444, 67877, 67877, 932696223
335, 2177369, 381477, 635721, 634630, 380331, 72605, 72605, 996934189
339, 2176790, 483781, 546183, 545222, 482790, 59407, 59407, 1321323916
340, 2179120, 586813, 429166, 428209, 585686, 74623, 74623, 1784817648
338, 2176462, 764106, 273399, 272558, 763075, 51662, 51662, 352077707
341, 2174687, 553510, 479650, 478648, 552345, 55267, 55267, 1813339502
343, 2176423, 216046, 819036, 817628, 215173, 54270, 54270, 718031705
344, 2175988, 411218, 632819, 631682, 410131, 45069, 45069, 4269805947
345, 2178936, 704882, 311165, 310264, 703507, 74559, 74559, 3933758048
342, 2178635, 778397, 264849, 263995, 777152, 47121, 47121, 3988579637
347, 2178722, 497295, 481748, 480871, 496072, 111368, 111368, 2999165952
348, 2175505, 470136, 529342, 528234, 468981, 89406, 89406, 1946014846
349, 2180684, 439026, 602488, 601494, 437968, 49854, 49854, 1052206435
346, 2178937, 485383, 547453, 546460, 484305, 57668, 57668, 4120106811
350, 2177622, 285337, 730852, 729489, 284408, 73768, 73768, 2611665181
352, 2177153, 435032, 602665, 601549, 433951, 51978, 51978, 1200101612
351, 2179345, 486036, 535229, 534232, 485000, 69424, 69424, 2759221568
354, 2178621, 545054, 482444, 481377, 543956, 62895, 62895, 26420261
353, 2179447, 350659, 651941, 650849, 349748, 88125, 88125, 2029317560
356, 2178191, 349389, 689308, 688000, 348414, 51540, 51540, 2545673559
355, 2176676, 510304, 524805, 523548, 509207, 54406, 54406, 2191118520
358, 2177833, 383523, 640991, 639732, 382529, 65529, 65529, 3887635319
361, 2179784, 447758, 588797, 587720, 446781, 54364, 54364, 635894311
360, 2177364, 425706, 578495, 577526, 424611, 85513, 85513, 132642910
359, 2178916, 729857, 288265, 287409, 728625, 72380, 72380, 838549712
357, 2179934, 708609, 286893, 286060, 707566, 95403, 95403, 3834595467
363, 2177276, 382187, 656041, 654701, 381155, 51596, 51596, 126144599
362, 2177554, 607183, 433491, 432546, 606036, 49149, 49149, 2135956011
365, 2179517, 381552, 653975, 652872, 380554, 55282, 55282, 2229194793
366, 2180570, 471984, 544310, 543169, 470957, 75075, 75075, 1059459588
364, 2180274, 779183, 267518, 266684, 778069, 44410, 44410, 4012392482
367, 2177723, 406974, 612294, 611119, 406050, 70643, 70643, 2075002392
369, 2177936, 578749, 459319, 458277, 577523, 52034, 52034, 1370036929
368, 2176285, 329612, 696065, 695022, 328650, 63468, 63468, 1013047739
370, 2177527, 575335, 431915, 430923, 574134, 82610, 82610, 280160951
371, 2175864, 780033, 257988, 257146, 778689, 51004, 51004, 4016189267
372, 2173694, 478068, 539065, 537685, 476880, 70998, 70998, 2943410476
374, 2180651, 344615, 703331, 701932, 343755, 43509, 43509, 2385955320
375, 2177603, 379840, 590934, 589691, 378720, 119209, 119209, 109161424
373, 2178570, 502033, 536457, 535438, 501112, 51765, 51765, 594253777
376, 2179538, 331250, 682568, 681393, 330253, 77037, 77037, 3063088843
378, 2177953, 399797, 595670, 594594, 398848, 94522, 94522, 3666994609
377, 2178159, 538134, 476782, 475854, 537135, 75127, 75127, 3203126617
380, 2179408, 501573, 530178, 529380, 500535, 58871, 58871, 2523583243
379, 2178655, 749376, 287466, 286530, 748175, 53554, 53554, 932900646
381, 2180067, 607994, 420464, 419518, 606901, 62595, 62595, 30935852
384, 2177935, 588084, 452555, 451473, 586915, 49454, 49454, 2718576775
385, 2178585, 281259, 717656, 716338, 280464, 91434, 91434, 1707139241
383, 2176287, 458426, 572096, 570968, 457351, 58723, 58723, 95468732
387, 2179213, 393169, 629958, 628726, 392166, 67597, 67597, 3738077356
382, 2177042, 761227, 281963, 281005, 759899, 46474, 46474, 1926787112
386, 2177947, 612853, 419398, 418436, 611544, 57858, 57858, 974495629
388, 2179605, 409956, 628144, 626799, 409116, 52795, 52795, 1980108042
391, 2175728, 380577, 651261, 649861, 379697, 57166, 57166, 3934568221
390, 2178818, 732367, 303706, 302812, 731057, 54438, 54438, 3266722589
392, 2177077, 439095, 596231, 595073, 438010, 54334, 54334, 3278692753
393, 2176638, 432551, 595246, 594014, 431425, 61701, 61701, 115705895
389, 2176316, 584935, 433753, 432924, 583820, 70442, 70442, 2620920120
394, 2176843, 478232, 551205, 550084, 477154, 60084, 60084, 1229005342
395, 2177140, 755520, 270130, 269175, 754195, 64060, 64060, 55727070
398, 2177925, 736523, 274677, 273904, 735107, 78857, 78857, 1435724601
397, 2178318, 590736, 448428, 447490, 589380, 51142, 51142, 3790167496
396, 2179149, 705053, 337948, 336963, 704129, 47528, 47528, 3305984291
399, 2177383, 544442, 493543, 492306, 543370, 51861, 51861, 4018008592
400, 2177214, 359043, 647273, 646243, 358199, 83228, 83228, 1253795058
402, 2178935, 554407, 484555, 483409, 553250, 51657, 51657, 3645700892
403, 2178186, 427645, 600031, 599165, 426411, 62467, 62467, 3260486496
401, 2175001, 673226, 337893, 337028, 671856, 77499, 77499, 244106443
405, 2175941, 335807, 689316, 687983, 334929, 63953, 63953, 2382026219
404, 2178427, 536122, 504308, 503090, 535133, 49887, 49887, 1010326468
406, 2181176, 542608, 456730, 455677, 541425, 92368, 92368, 3213103270
409, 2176223, 469284, 568475, 567255, 468205, 51502, 51502, 1666820760
408, 2178248, 623355, 413229, 412209, 622341, 53557, 53557, 3074764413
407, 2177781, 716631, 324891, 323942, 715453, 48432, 48432, 250235225
411, 2178978, 533169, 491897, 490887, 532045, 65490, 65490, 2168331121
410, 2178680, 323968, 719741, 718602, 323075, 46647, 46647, 3827951922
412, 2177387, 393662, 598147, 596916, 392510, 98076, 98076, 2139452842
413, 2174413, 334645, 677201, 675749, 333702, 76558, 76558, 1319017695
416, 2177529, 253199, 771714, 770654, 252260, 64851, 64851, 911229302
415, 2178476, 560693, 475191, 474153, 559659, 54390, 54390, 4229723417
414, 2177098, 601113, 426138, 425092, 600037, 62359, 62359, 3063947264
417, 2180384, 628270, 389828, 388683, 627331, 73136, 73136, 3877472316
418, 2177101, 656303, 390215, 389252, 655213, 43059, 43059, 831647955
419, 2179473, 459472, 575570, 574315, 458488, 55814, 55814, 2263086085
421, 2180303, 138106, 899166, 898096, 137419, 53758, 53758, 3114328486
423, 2173995, 562540, 462418, 461288, 561421, 63164, 63164, 2703995447
422, 2180871, 541394, 485326, 484332, 540285, 64767, 64767, 3040105539
420, 2180576, 574121, 471205, 470325, 573067, 45929, 45929, 2269317336
424, 2179385, 518541, 507037, 506033, 517526, 65124, 65124, 2266884425
425, 2176483, 550394, 481475, 480144, 549322, 57574, 57574, 2237846022
426, 2174982, 650780, 378602, 377496, 649688, 59208, 59208, 2026143702
430, 2176383, 209014, 816504, 815260, 208179, 63713, 63713, 176594041
428, 2176002, 465401, 562805, 561641, 464225, 60965, 60965, 1393481688
427, 2178882, 604145, 443520, 442419, 602790, 43004, 43004, 4018703048
429, 2178037, 461917, 550159, 549058, 460911, 77996, 77996, 1541202402
434, 2177310, 396714, 632548, 631366, 395728, 60477, 60477, 3676326459
433, 2180633, 449614, 594950, 593680, 448739, 46825, 46825, 726732520
431, 2180314, 473797, 565288, 564276, 472771, 52091, 52091, 2575222340
432, 2179603, 706528, 312978, 311889, 705292, 71458, 71458, 4159864391
435, 2178731, 597415, 435581, 434591, 596370, 57387, 57387, 2783627521
437, 2176840, 607841, 420647, 419672, 606682, 60999, 60999, 4072549649
436, 2178943, 576665, 455531, 454472, 575581, 58347, 58347, 2714749535
438, 2177268, 432599, 596392, 595295, 431558, 60712, 60712, 1526265813
439, 2176459, 376451, 654164, 653029, 375407, 58704, 58704, 4272311151
440, 2180422, 551616, 481363, 480294, 550511, 58319, 58319, 1521101205
441, 2174940, 514452, 488961, 487715, 513284, 85264, 85264, 4219105858
442, 2176829, 619953, 412249, 411077, 618780, 57385, 57385, 1072612072
444, 2176590, 515544, 495045, 493914, 514453, 78817, 78817, 1157802649
443, 2177093, 543959, 498391, 497508, 542725, 47255, 47255, 3901037155
445, 2176936, 423009, 594700, 593750, 422021, 71728, 71728, 2686187439
447, 2177644, 312744, 700505, 699120, 311911, 76682, 76682, 1566919523
446, 2178567, 712167, 329526, 328691, 710949, 48617, 48617, 3574824003
451, 2174650, 379059, 629306, 627995, 378108, 80091, 80091, 3189694125
449, 2178964, 540982, 470919, 469907, 539932, 78612, 78612, 724105987
450, 2179359, 303729, 701811, 700713, 302886, 85110, 85110, 1814181484
452, 2176438, 492187, 490937, 489764, 491206, 106172, 106172, 1923585040
448, 2179417, 607786, 428625, 427763, 606653, 54295, 54295, 1504624507
453, 2179736, 716658, 313278, 312435, 715307, 61029, 61029, 52823030
454, 2178644, 586991, 405570, 404599, 585730, 97877, 97877, 2411314339
455, 2178481, 652679, 384097, 383093, 651634, 53489, 53489, 3980724108
458, 2177818, 367448, 642913, 641780, 366479, 79599, 79599, 3192043345
456, 2178246, 524686, 425936, 424847, 523541, 139618, 139618, 2686683418
457, 2179387, 385926, 611593, 610618, 384832, 93209, 93209, 2320664718
459, 2179042, 407009, 633041, 631937, 406109, 50473, 50473, 1285362552
460, 2177130, 260007, 765656, 764430, 259099, 63969, 63969, 103174108
461, 2176895, 492016, 542619, 541569, 490873, 54909, 54909, 2857565410
462, 2176423, 352158, 676085, 674920, 351250, 61005, 61005, 3271478355
465, 2175864, 431943, 579306, 578203, 430910, 77751, 77751, 3184817305
466, 2179065, 481172, 527737, 526574, 480070, 81756, 81756, 960947394
463, 2176191, 563426, 464415, 463446, 562490, 61207, 61207, 2770930986
464, 2179304, 472242, 565820, 564856, 471364, 52511, 52511, 940851999
467, 2179462, 423552, 598343, 597290, 422499, 68889, 68889, 1304557479
470, 2176876, 713825, 310088, 309071, 712708, 65592, 65592, 4207934786
469, 2179252, 688037, 337867, 337018, 686834, 64748, 64748, 2065887089
468, 2178115, 505997, 513353, 512245, 505002, 70759, 70759, 84556909
471, 2178270, 295270, 733164, 732184, 294508, 61572, 61572, 1857597938
472, 2172906, 610570, 410354, 409345, 609475, 66581, 66581, 3996738196
474, 2176951, 440585, 595545, 594409, 439496, 53458, 53458, 2842348114
476, 2175304, 374042, 646782, 645576, 373134, 67885, 67885, 4212854200
473, 2180159, 467154, 529956, 529066, 466119, 93932, 93932, 3652728382
477, 2175650, 520519, 495349, 494327, 519331, 73062, 73062, 3986977683
475, 2176919, 583180, 423927, 422845, 582045, 82461, 82461, 3897630959
478, 2179953, 520810, 497587, 496612, 519872, 72536, 72536, 2811583171
479, 2175564, 630841, 412199, 411153, 629637, 45867, 45867, 623618550
481, 2176943, 517681, 516342, 515335, 516469, 55558, 55558, 1515040683
482, 2178504, 382891, 624827, 623780, 381954, 82526, 82526, 1811598001
480, 2177348, 366193, 673102, 672122, 365341, 50295, 50295, 2053018261
483, 2178746, 621016, 414391, 413487, 619850, 55001, 55001, 3001176308
484, 2176422, 531515, 493069, 492021, 530369, 64724, 64724, 268257967
485, 2178759, 307119, 727966, 726755, 306233, 55343, 55343, 3057327234
486, 2176679, 386455, 632601, 631546, 385471, 70303, 70303, 2202378754
488, 2180382, 357551, 681326, 680097, 356682, 52363, 52363, 1453838749
487, 2177570, 728903, 305909, 305034, 727434, 55145, 55145, 1007857001
489, 2177561, 715295, 327508, 326577, 713855, 47163, 47163, 2197955484
490, 2176478, 740615, 293543, 292640, 739362, 55159, 55159, 4227678400
491, 2179025, 713691, 330374, 329390, 712382, 46594, 46594, 3368170716
493, 2174212, 489061, 543748, 542413, 487910, 55540, 55540, 4084603005
494, 2178835, 357784, 683573, 682613, 356711, 49077, 49077, 1040517574
492, 2178096, 490603, 553603, 552417, 489569, 45952, 45952, 756922213
495, 2179621, 950186, 91019, 90241, 948927, 49624, 49624, 3371425485
496, 2176551, 502221, 524238, 523219, 501239, 62817, 62817, 605688325
497, 2177687, 567816, 459101, 458084, 566586, 63050, 63050, 2081004201
498, 2177848, 477920, 544762, 543716, 476758, 67346, 67346, 3235659083
499, 2177015, 613200, 390697, 389678, 612194, 85623, 85623, 7687508
500, 2174861, 574762, 407567, 406554, 573486, 106246, 106246, 4039383725
501, 2176882, 689414, 287958, 286882, 688246, 112191, 112191, 130338809
502, 2177503, 454642, 584783, 583593, 453613, 50436, 50436, 1572662317
503, 2177118, 255443, 784217, 782901, 254573, 49992, 49992, 1502231205
504, 2178304, 284027, 751562, 750237, 283066, 54706, 54706, 4255693466
506, 2177431, 529178, 369675, 368753, 528101, 190862, 190862, 347860073
507, 2175333, 531354, 506949, 505901, 530201, 50464, 50464, 3824100217
509, 2177579, 567231, 467897, 466935, 566018, 54749, 54749, 857081941
505, 2178234, 687179, 356650, 355734, 686157, 46257, 46257, 153583765
512, 2177393, 242663, 781322, 779983, 241873, 65776, 65776, 2968073182
513, 2176009, 487508, 541676, 540511, 486458, 59928, 59928, 4094722588
510, 2177779, 622070, 417360, 416446, 620801, 50551, 50551, 3023126246
511, 2179303, 852197, 175482, 174592, 850736, 63148, 63148, 2030664022
508, 2175663, 748959, 277510, 276607, 747705, 62441, 62441, 14573518
514, 2176798, 463957, 570079, 568953, 462813, 55498, 55498, 2649620331
515, 2175691, 431326, 589717, 588689, 430081, 67939, 67939, 431478461
516, 2178726, 800150, 228661, 227855, 798948, 61556, 61556, 3210630763
518, 2174336, 531544, 475765, 474740, 530473, 80907, 80907, 2350780613
517, 2176922, 684270, 357456, 356504, 683126, 47783, 47783, 2854131689
520, 2178515, 620264, 403275, 402248, 619020, 66854, 66854, 767323587
519, 2176625, 369312, 669268, 668243, 368388, 50707, 50707, 3723376820
521, 2178036, 535866, 496078, 495045, 534693, 58177, 58177, 3633399798
523, 2178803, 436150, 583620, 582445, 435158, 70715, 70715, 3395858114
522, 2180725, 725149, 309236, 308226, 724104, 57005, 57005, 1545017146
525, 2179291, 339513, 685294, 684220, 338660, 65802, 65802, 3147161614
524, 2181534, 643110, 398904, 397924, 642086, 49755, 49755, 1038333972
526, 2179432, 608404, 420175, 419163, 607268, 62211, 62211, 3478282816
527, 2180030, 657480, 355792, 354883, 656271, 77802, 77802, 1148736187
528, 2175369, 728530, 303138, 302226, 727209, 57133, 57133, 3001097538
529, 2178290, 455134, 543668, 542549, 454079, 91430, 91430, 692675957
530, 2176599, 674075, 348655, 347706, 672681, 66741, 66741, 2903725433
532, 2176056, 734477, 261153, 260239, 733253, 93467, 93467, 588233394
531, 2177851, 397945, 628835, 627571, 397032, 63234, 63234, 3968112211
534, 2176615, 531896, 497117, 496000, 530848, 60377, 60377, 3808588979
533, 2178251, 479435, 552751, 551725, 478454, 57943, 57943, 3276880261
535, 2177314, 613230, 430073, 429054, 612139, 46409, 46409, 1103601177
536, 2177431, 361705, 650468, 649329, 360729, 77600, 77600, 3202251244
537, 2176706, 560339, 441195, 440288, 559198, 87843, 87843, 2594218937
538, 2176816, 369580, 663717, 662600, 368781, 56069, 56069, 3447383729
539, 2179029, 512034, 498342, 497433, 511056, 80082, 80082, 1055708658
540, 2178008, 612148, 414511, 413435, 611168, 63373, 63373, 3699278493
541, 2176463, 323727, 671621, 670254, 322837, 94012, 94012, 1993505378
542, 2177254, 752501, 241965, 241111, 751499, 95089, 95089, 2322808396
543, 2179189, 340769, 677592, 676343, 339655, 72415, 72415, 927512781
546, 2175824, 664907, 362532, 361582, 663759, 61522, 61522, 2664536919
544, 2176770, 576883, 423611, 422668, 575768, 88920, 88920, 2871143187
545, 2175662, 658601, 340920, 339790, 657417, 89467, 89467, 234509274
547, 2177131, 834696, 205427, 204604, 833428, 49488, 49488, 4195914304
548, 2180610, 417793, 542262, 541234, 416843, 131239, 131239, 3925932862
549, 2178174, 616334, 414987, 413990, 615297, 58783, 58783, 3179893153
550, 2178395, 666511, 368375, 367487, 665438, 55292, 55292, 1276167615
552, 2176270, 402054, 621237, 620113, 401000, 65933, 65933, 829457018
551, 2180715, 624289, 374123, 373253, 623206, 92922, 92922, 663584105
553, 2177174, 694353, 313464, 312376, 693075, 81953, 81953, 2317862625
555, 2177910, 411309, 626087, 624846, 410364, 52652, 52652, 2248182689
554, 2177471, 488830, 503611, 502526, 487834, 97335, 97335, 2922563067
556, 2176507, 556886, 480597, 479466, 555924, 51817, 51817, 94317915
557, 2175937, 466982, 553663, 552635, 465875, 68391, 68391, 3272061854
558, 2179621, 710207, 336084, 335155, 708835, 44670, 44670, 2338655859
560, 2177200, 423053, 611509, 610567, 421941, 55065, 55065, 2106742574
559, 2178044, 465908, 548233, 547133, 464746, 76012, 76012, 3062208686
561, 2179563, 593585, 436679, 435690, 592447, 60581, 60581, 1338242183
562, 2179313, 739687, 277691, 276844, 738509, 73291, 73291, 1819263341
563, 2178344, 429599, 599202, 598192, 428707, 61322, 61322, 2702914873
567, 2175627, 371087, 643060, 641783, 370083, 74807, 74807, 1656851345
565, 2177739, 700486, 331600, 330571, 699300, 57891, 57891, 1761208976
566, 2177852, 443795, 594845, 593707, 442821, 51342, 51342, 846527519
564, 2177689, 377375, 592936, 592096, 376292, 119495, 119495, 2244280288
568, 2176541, 755914, 287846, 286986, 754717, 45539, 45539, 1228004664
569, 2178642, 422437, 607431, 606203, 421433, 60569, 60569, 3557438330
570, 2179113, 478176, 509267, 508379, 477273, 103009, 103009, 85643761
571, 2176250, 591113, 446551, 445488, 589818, 51640, 51640, 1095310998
572, 2176581, 373201, 667353, 666046, 372067, 48957, 48957, 2696268513
573, 2175497, 552045, 444129, 443247, 550866, 92605, 92605, 2704334838
574, 2181375, 507893, 508342, 507304, 506956, 75440, 75440, 2652347202
575, 2179007, 501948, 536706, 535742, 500855, 51878, 51878, 3053422965
580, 2177924, 369190, 662797, 661545, 368238, 58077, 58077, 416252370
578, 2179553, 380130, 653155, 652162, 379198, 57454, 57454, 1249387163
579, 2177678, 485411, 549322, 547990, 484597, 55179, 55179, 606197477
577, 2177757, 490318, 550044, 548970, 489123, 49651, 49651, 3614093785
576, 2177482, 488471, 533767, 532810, 487344, 67545, 67545, 422803173
581, 2178355, 845821, 182978, 182271, 844605, 61340, 61340, 1307034033
582, 2177659, 445249, 590708, 589385, 444243, 54037, 54037, 1053751801
584, 2178541, 422068, 549536, 548427, 421058, 118726, 118726, 1261821691
583, 2177975, 560309, 475488, 474594, 559214, 54185, 54185, 969213526
585, 2179860, 837407, 184370, 183494, 836033, 69278, 69278, 988788071
586, 2175776, 325093, 699199, 697857, 324079, 64774, 64774, 1479140100
587, 2176199, 466031, 558844, 557656, 464998, 64335, 64335, 1523631019
590, 2178296, 374899, 652258, 651203, 373852, 63042, 63042, 509391337
592, 2175711, 566548, 466619, 465450, 565470, 55812, 55812, 1842238707
588, 2178950, 470444, 549834, 548878, 469434, 70180, 70180, 3567649852
589, 2178865, 345794, 601591, 600569, 344859, 143026, 143026, 4228864014
591, 2176857, 584897, 451346, 450334, 583938, 53171, 53171, 2531648608
593, 2180340, 527045, 474342, 473326, 526051, 89788, 89788, 4026339315
594, 2180527, 362547, 648782, 647402, 361596, 80100, 80100, 3336293096
596, 2177330, 350377, 690914, 689717, 349526, 48398, 48398, 862881740
595, 2179635, 420519, 613519, 612540, 419467, 56795, 56795, 2242346448
597, 2173729, 813991, 207949, 207033, 812486, 66135, 66135, 3207235792
598, 2175917, 691946, 332928, 332040, 690831, 64086, 64086, 118334389
599, 2179964, 215983, 834044, 833104, 215273, 40780, 40780, 3291826750
603, 2176060, 414592, 587274, 585979, 413567, 87324, 87324, 209317654
600, 2179012, 454124, 588683, 587586, 453085, 47767, 47767, 2068137999
602, 2174776, 482297, 533830, 532514, 481177, 72479, 72479, 3769721846
601, 2178624, 649611, 366995, 366011, 648559, 73724, 73724, 2195853621
604, 2175488, 535001, 504461, 503146, 533736, 49572, 49572, 1610705894
606, 2176786, 567022, 447843, 446756, 565819, 74673, 74673, 505796158
605, 2176810, 375523, 656544, 655514, 374451, 57389, 57389, 93868049
607, 2180129, 506941, 517388, 516285, 505829, 66843, 66843, 635064245
608, 2179039, 542367, 475268, 474370, 541282, 72876, 72876, 1801802811
610, 2176515, 558138, 471596, 470378, 557197, 59603, 59603, 3824007082
609, 2176667, 458700, 559948, 558961, 457632, 70713, 70713, 2044192433
611, 2177595, 680909, 349730, 348676, 679926, 59177, 59177, 296523180
615, 2178442, 369708, 655094, 653817, 368709, 65557, 65557, 4163446383
613, 2179647, 618132, 374160, 373236, 616895, 98612, 98612, 690346138
612, 2178189, 588199, 409954, 409155, 587183, 91849, 91849, 2792371838
614, 2176231, 576746, 462995, 461972, 575748, 49385, 49385, 3356170293
616, 2178586, 526194, 492675, 491732, 525037, 71474, 71474, 1837691908
617, 2180157, 454366, 535183, 533970, 453254, 101692, 101692, 1904674831
618, 2180521, 768139, 261220, 260474, 766954, 61867, 61867, 213495632
619, 2178732, 482749, 543542, 542285, 481758, 64199, 64199, 1993531505
620, 2175248, 547456, 485683, 484532, 546331, 55623, 55623, 4200877247
622, 2178075, 384610, 592603, 591527, 383551, 112892, 112892, 4054293272
621, 2175017, 804385, 222697, 221889, 802926, 61560, 61560, 2423253419
623, 2178472, 163815, 874420, 873024, 163091, 52061, 52061, 2786117561
624, 2175171, 198023, 836406, 835356, 197132, 54127, 54127, 1569597160
625, 2179390, 374366, 641486, 640407, 373401, 74865, 74865, 1219496314
627, 2175420, 399841, 643478, 642376, 398769, 45478, 45478, 2778578983
626, 2177113, 601741, 432883, 432043, 600700, 54873, 54873, 290916908
628, 2178378, 693763, 343931, 342875, 692627, 52591, 52591, 4006827383
629, 2178921, 515344, 527540, 526180, 514337, 47760, 47760, 3589720327
630, 2177336, 497284, 513931, 512814, 496195, 78556, 78556, 4291680643
631, 2177469, 515564, 510704, 509439, 514336, 63713, 63713, 1897749945
632, 2175830, 363231, 633064, 631969, 362208, 92679, 92679, 2864033009
634, 2177848, 569333, 445156, 444081, 568178, 75550, 75550, 4291874675
633, 2177529, 530770, 480792, 479784, 529757, 78213, 78213, 1571146062
635, 2176700, 671818, 368111, 367288, 670687, 49398, 49398, 2439797699
637, 2177231, 556150, 479517, 478437, 554929, 54099, 54099, 2551410304
638, 2176363, 408818, 600965, 599707, 407817, 79528, 79528, 1850395574
636, 2179779, 581578, 432920, 432019, 580624, 76319, 76319, 3654947692
641, 2177060, 271583, 710349, 709128, 270724, 107638, 107638, 3834684617
639, 2178691, 568804, 401437, 400516, 567878, 120028, 120028, 2231043509
640, 2179851, 838230, 206981, 206160, 836998, 45741, 45741, 3335510144
643, 2176556, 601212, 442914, 441982, 599978, 45235, 45235, 3604660035
642, 2176794, 531161, 498230, 497178, 530093, 60066, 60066, 1062832689
645, 2176480, 352212, 684320, 683179, 351157, 52806, 52806, 3356530903
646, 2179658, 634074, 412662, 411715, 632983, 44112, 44112, 2527687419
644, 2177584, 593924, 444146, 443123, 592767, 51812, 51812, 762845139
647, 2177560, 316552, 720139, 718907, 315682, 53140, 53140, 4145537548
648, 2175575, 429048, 599423, 598341, 428031, 60366, 60366, 1664603182
649, 2178575, 630667, 410652, 409565, 629531, 49080, 49080, 1542838196
650, 2177841, 570612, 427935, 426917, 569571, 91403, 91403, 491127093
652, 2177398, 377782, 634275, 632953, 376828, 77780, 77780, 2752967390
651, 2177539, 597453, 413537, 412519, 596324, 78853, 78853, 2602173715
653, 2175640, 510328, 523905, 522719, 509228, 54730, 54730, 1233134592
655, 2177503, 590260, 433859, 432809, 589097, 65739, 65739, 234484641
654, 2176001, 632791, 407972, 407019, 631707, 48256, 48256, 1770409694
656, 2178780, 570248, 442523, 441639, 568924, 77723, 77723, 3594985046
658, 2176704, 486221, 550856, 549696, 485185, 52373, 52373, 647956291
657, 2179370, 357832, 661815, 660787, 356892, 71022, 71022, 3906227284
660, 2176126, 594099, 422231, 421227, 593085, 72742, 72742, 2603346050
659, 2179880, 629664, 418097, 417183, 628244, 43346, 43346, 2851331058
662, 2175946, 499498, 510325, 509049, 498390, 79342, 79342, 2767259330
663, 2177614, 555591, 467188, 466062, 554495, 67139, 67139, 4094174688
661, 2179478, 671209, 367553, 366637, 670171, 51954, 51954, 2756668690
665, 2177698, 519541, 517283, 515931, 518483, 53230, 53230, 2486377963
664, 2174052, 655756, 376093, 375038, 654547, 56309, 56309, 4050395152
667, 2180604, 490113, 535305, 534113, 489021, 66026, 66026, 3261158170
668, 2176807, 506591, 520575, 519360, 505339, 62471, 62471, 2682935116
669, 2176558, 285220, 747925, 746839, 284276, 56149, 56149, 3355812676
666, 2178355, 449005, 582085, 580997, 447992, 59138, 59138, 2663913746
670, 2177227, 325115, 696743, 695669, 324068, 67816, 67816, 1939498028
671, 2178786, 637772, 392833, 391781, 636594, 59903, 59903, 388424805
672, 2177297, 663203, 379192, 378217, 661895, 47395, 47395, 3765785992
673, 2179196, 807154, 229540, 228673, 805771, 54029, 54029, 1851278506
676, 2179909, 482662, 550411, 549294, 481724, 57909, 57909, 2427831029
674, 2174441, 711159, 294668, 293753, 709783, 82539, 82539, 3451435036
675, 2178900, 570459, 437265, 436360, 569468, 82674, 82674, 1751246317
677, 2176382, 552189, 479579, 478609, 551091, 57457, 57457, 4024034041
678, 2177862, 314996, 702460, 701280, 314096, 72515, 72515, 2600788559
679, 2178349, 607509, 423204, 422230, 606140, 59633, 59633, 34160684
680, 2177552, 600600, 432799, 431727, 599500, 56463, 56463, 4158646070
682, 2174835, 471263, 564158, 562744, 470200, 53235, 53235, 3683975945
681, 2179416, 634737, 400856, 399908, 633797, 55059, 55059, 2068023148
683, 2181029, 396598, 625011, 623885, 395709, 69913, 69913, 3608574194
684, 2175143, 422295, 574975, 573752, 421199, 91461, 91461, 1694507130
685, 2174964, 497780, 535777, 534476, 496611, 55160, 55160, 447514499
686, 2179838, 490466, 544208, 543272, 489506, 56193, 56193, 1365715332
688, 2179142, 487892, 538040, 537134, 486914, 64581, 64581, 2813413587
687, 2178516, 607696, 414532, 413567, 606579, 68071, 68071, 596642262
689, 2174193, 418582, 613838, 612767, 417554, 55726, 55726, 1430957028
691, 2176208, 479568, 553078, 551936, 478602, 56512, 56512, 480215134
690, 2176719, 540559, 502746, 501756, 539408, 46125, 46125, 2745361580
693, 2177943, 600667, 429691, 428711, 599538, 59668, 59668, 4196104914
694, 2179066, 449619, 545827, 544593, 448499, 95264, 95264, 272502520
692, 2181134, 725858, 319819, 318876, 724433, 46074, 46074, 4019830708
697, 2178165, 517486, 497533, 496420, 516466, 75130, 75130, 3760782335
695, 2176978, 762016, 263555, 262725, 760806, 63938, 63938, 805040099
696, 2178515, 630143, 387606, 386458, 629244, 72532, 72532, 808545440
700, 2175686, 344665, 682042, 680841, 343592, 62273, 62273, 3929452705
699, 2177948, 477048, 542201, 541159, 476012, 70764, 70764, 40117691
698, 2177902, 594581, 335916, 334814, 593481, 159555, 159555, 2284835331
701, 2178468, 686307, 316182, 315308, 685103, 87784, 87784, 3110118258
703, 2178672, 557348, 480593, 479679, 556446, 52303, 52303, 3205385092
702, 2180303, 473026, 494419, 493486, 471982, 123695, 123695, 557532575
704, 2178873, 581152, 445556, 444718, 579871, 63788, 63788, 1103859418
705, 2180889, 509168, 531759, 530556, 508142, 50632, 50632, 3461324486
706, 2178250, 462204, 579491, 578457, 461144, 48477, 48477, 4292742551
708, 2176985, 622516, 386726, 385578, 621261, 80452, 80452, 1684212986
707, 2179250, 615034, 419210, 418141, 613749, 56558, 56558, 4106172753
709, 2178206, 451104, 589080, 588127, 450195, 49850, 49850, 2205478403
711, 2175513, 535459, 490676, 489549, 534343, 62743, 62743, 2985834454
710, 2178097, 468231, 564416, 563462, 467204, 57392, 57392, 1256125981
713, 2176517, 490903, 552404, 551369, 489835, 46003, 46003, 1137068168
712, 2176643, 464076, 573573, 572292, 463112, 51795, 51795, 3626410649
714, 2177530, 570167, 448767, 447711, 569123, 70881, 70881, 821842892
715, 2176974, 458801, 584941, 583711, 457807, 45857, 45857, 352291176
718, 2179408, 334599, 696089, 694951, 333785, 59992, 59992, 117995445
716, 2177427, 552141, 490784, 489821, 551123, 46779, 46779, 3280939142
717, 2176204, 578921, 442705, 441632, 577768, 67589, 67589, 2109265523
719, 2177704, 571303, 464240, 463116, 570219, 54413, 54413, 1702926595
722, 2174669, 478770, 558554, 557244, 477671, 51215, 51215, 3818181045
720, 2177253, 795906, 244171, 243308, 794556, 49656, 49656, 1928143940
721, 2175995, 333079, 642431, 641345, 332172, 113484, 113484, 829783609
723, 2178824, 889934, 159129, 158326, 888509, 41463, 41463, 1362005016
724, 2179461, 540864, 471965, 471042, 539620, 77985, 77985, 520077995
725, 2178601, 688966, 343297, 342409, 687811, 58059, 58059, 3273366782
726, 2177231, 455487, 552118, 550861, 454505, 82130, 82130, 1554649106
727, 2180018, 541310, 463976, 462926, 540368, 85719, 85719, 4172099476
728, 2179453, 631429, 410618, 409802, 630314, 48645, 48645, 2475707040
729, 2180428, 585146, 448700, 447761, 583949, 57436, 57436, 3996785562
730, 2178750, 441894, 539483, 538477, 440992, 108952, 108952, 2219553856
731, 2178001, 548881, 478201, 477170, 547869, 62940, 62940, 954621384
732, 2175197, 527914, 501891, 500664, 526840, 58944, 58944, 3355598491
733, 2178483, 698371, 299420, 298443, 697345, 92452, 92452, 620095289
734, 2180848, 575011, 471228, 470045, 573964, 45300, 45300, 350360742
736, 2178218, 296378, 679839, 678593, 295562, 113923, 113923, 1406998175
735, 2177150, 512866, 500431, 499462, 511627, 76382, 76382, 1411125786
737, 2178310, 556722, 475518, 474556, 555616, 57949, 57949, 1660122303
739, 2178228, 393102, 639126, 637969, 392011, 58010, 58010, 2494638502
738, 2177229, 592413, 438640, 437662, 591210, 58652, 58652, 2993019912
740, 2177673, 506062, 504360, 503227, 504986, 79519, 79519, 3074755094
743, 2177135, 391064, 655443, 654066, 390084, 43239, 43239, 2093392436
744, 2179580, 457498, 578011, 576818, 456475, 55389, 55389, 3084753438
741, 2176244, 457918, 564836, 563883, 456673, 66467, 66467, 911681647
742, 2176469, 779948, 233110, 232267, 778572, 76286, 76286, 831661283
745, 2176441, 627331, 401094, 400082, 626166, 60884, 60884, 2676947507
746, 2175208, 491947, 532543, 531453, 490849, 64208, 64208, 293708050
747, 2177052, 776142, 266052, 265205, 774711, 47471, 47471, 1468234552
750, 2178249, 280484, 739007, 737805, 279539, 70707, 70707, 1589626903
748, 2177613, 342378, 679540, 678220, 341395, 68040, 68040, 2219628764
749, 2178495, 476445, 549222, 548087, 475317, 64712, 64712, 3011786454
752, 2177058, 504190, 502764, 501711, 503289, 82552, 82552, 887450544
751, 2180590, 555302, 471639, 470544, 554209, 64448, 64448, 3584875231
754, 2177038, 360525, 624135, 623032, 359558, 104894, 104894, 3059206635
755, 2173090, 540880, 481093, 479873, 539796, 65724, 65724, 1315312104
753, 2179500, 582718, 461434, 460303, 581729, 46658, 46658, 3775588513
756, 2177508, 594266, 442576, 441533, 593201, 52966, 52966, 3845085971
757, 2176757, 657930, 369180, 368196, 656801, 62325, 62325, 3566691118
758, 2179320, 400159, 545630, 544471, 399138, 144961, 144961, 1304523171
759, 2176937, 719584, 291576, 290600, 718377, 78400, 78400, 3523080849
762, 2176672, 657738, 341869, 340970, 656429, 89833, 89833, 3527007909
761, 2177880, 634670, 389642, 388733, 633431, 65702, 65702, 3034868569
760, 2175767, 600766, 423670, 422672, 599505, 64577, 64577, 1987691785
763, 2179465, 476280, 562061, 560972, 475246, 52453, 52453, 3811533891
764, 2175499, 567354, 462324, 461228, 566121, 59236, 59236, 3257988382
765, 2180886, 507075, 505400, 504104, 505831, 79238, 79238, 174431266
767, 2174446, 513595, 497293, 496246, 512480, 77416, 77416, 932138721
766, 2174233, 554854, 468170, 467246, 553735, 65114, 65114, 567574536
769, 2177966, 375099, 643487, 642258, 374144, 71489, 71489, 1741186065
768, 2175972, 785497, 251325, 250392, 784316, 52221, 52221, 66792552
770, 2177784, 363377, 676024, 674620, 362559, 50602, 50602, 321017226
772, 2178442, 506494, 527025, 525679, 505594, 56825, 56825, 1283731589
771, 2177229, 661585, 374060, 373101, 660757, 53863, 53863, 2142515053
773, 2177796, 539370, 446203, 445186, 538289, 104374, 104374, 1399182617
774, 2174906, 472093, 483005, 482079, 470925, 133402, 133402, 3500715832
778, 2174540, 356384, 678569, 677054, 355411, 53561, 53561, 2480393598
776, 2176390, 358200, 661030, 659696, 357422, 70021, 70021, 553262541
775, 2176265, 593202, 437849, 436720, 591964, 58265, 58265, 2057368317
777, 2173338, 522766, 491523, 490464, 521471, 73557, 73557, 3165021941
779, 2179855, 292191, 753450, 752466, 291390, 45179, 45179, 1289563218
780, 2175968, 592448, 430755, 429836, 591235, 65847, 65847, 4010364440
782, 2177678, 489329, 542744, 541739, 488178, 57844, 57844, 2335596516
781, 2177235, 534395, 477093, 476169, 533560, 78009, 78009, 1976386014
783, 2179779, 524091, 465969, 465004, 523017, 100849, 100849, 416552914
784, 2178438, 374559, 654937, 653804, 373566, 60786, 60786, 263146775
787, 2178285, 359825, 670237, 668844, 358751, 60314, 60314, 2787247385
786, 2180158, 405084, 583967, 582943, 404184, 101990, 101990, 3531759603
789, 2176260, 349956, 691447, 690029, 349002, 47913, 47913, 3586651995
788, 2178441, 616126, 423807, 422838, 615098, 50286, 50286, 3467548901
791, 2179304, 243539, 802014, 800775, 242714, 45131, 45131, 623945670
785, 2177909, 555586, 485689, 484816, 554462, 48678, 48678, 2108694784
790, 2179890, 383956, 657388, 656152, 383006, 49694, 49694, 2674043805
792, 2175219, 448423, 574897, 573748, 447553, 65299, 65299, 4272914025
793, 2178176, 394102, 634099, 633211, 393048, 61858, 61858, 2132579898
796, 2180655, 367397, 665664, 664423, 366521, 58325, 58325, 412478961
795, 2177457, 492527, 513672, 512520, 491342, 83698, 83698, 2981399828
797, 2177875, 342654, 676206, 674992, 341693, 71165, 71165, 3379743729
794, 2178122, 573930, 438921, 437909, 572696, 77333, 77333, 544103072
799, 2178710, 306584, 736703, 735466, 305559, 47199, 47199, 809506152
798, 2176925, 340642, 610014, 608912, 339539, 138909, 138909, 65181051
800, 2179719, 549252, 487472, 486475, 548262, 54129, 54129, 1063050584
802, 2177363, 564997, 463125, 462141, 563772, 61664, 61664, 2079728469
801, 2176950, 485699, 549249, 548024, 484718, 54630, 54630, 2616016479
803, 2177898, 357156, 647716, 646425, 356331, 85135, 85135, 3913735195
804, 2176562, 601233, 414192, 413162, 599911, 74032, 74032, 963977316
805, 2179053, 371087, 649129, 647854, 370199, 70392, 70392, 3086244327
806, 2176261, 602742, 423132, 422201, 601480, 63353, 63353, 725354897
808, 2178777, 398633, 636355, 635237, 397740, 55406, 55406, 2074394447
809, 2177935, 570654, 459128, 458248, 569567, 60169, 60169, 948845894
811, 2175383, 543980, 463789, 462740, 542996, 80939, 80939, 2551924671
807, 2177171, 507057, 522362, 521357, 505983, 60206, 60206, 1849671459
812, 2179698, 612781, 412631, 411836, 611640, 65405, 65405, 2179184856
810, 2176012, 630765, 391401, 390601, 629633, 66806, 66806, 716347513
814, 2177602, 446760, 568261, 567124, 445745, 74856, 74856, 2008280102
813, 2177843, 525284, 463297, 462439, 524187, 101318, 101318, 196739583
816, 2179012, 537420, 505765, 504676, 536371, 47390, 47390, 2282032973
815, 2177161, 572129, 441788, 440795, 571049, 75700, 75700, 3579740465
817, 2179480, 375287, 661717, 660679, 374487, 53655, 53655, 1815825043
818, 2176964, 492488, 540316, 539071, 491411, 56839, 56839, 4030397199
819, 2176482, 507492, 532947, 531847, 506576, 48810, 48810, 2863750951
821, 2176770, 365881, 643802, 642841, 364926, 79660, 79660, 3508290077
822, 2179604, 648581, 368250, 367264, 647349, 74080, 74080, 3418037703
820, 2177995, 676356, 365622, 364652, 675321, 48022, 48022, 745565112
823, 2175044, 502522, 510346, 509024, 501296, 75928, 75928, 2741196497
824, 2174588, 568684, 460256, 459187, 567513, 59474, 59474, 2036615082
825, 2178979, 567743, 458531, 457380, 566787, 64269, 64269, 4081659584
826, 2179048, 624556, 388260, 387371, 623563, 77649, 77649, 1775893277
828, 2177991, 501097, 538664, 537568, 500052, 50305, 50305, 951007907
827, 2177683, 544130, 482017, 480998, 542936, 63801, 63801, 696821631
829, 2178750, 663934, 325836, 324803, 662691, 100743, 100743, 2890466100
830, 2176544, 468681, 563341, 562135, 467521, 57433, 57433, 737657979
831, 2176684, 762892, 240874, 240051, 761669, 85599, 85599, 213604905
836, 2178710, 346292, 675497, 674336, 345457, 68564, 68564, 3829205170
835, 2178796, 528125, 502649, 501593, 527015, 59707, 59707, 1852072658
832, 2176430, 497050, 531108, 530023, 495893, 61178, 61178, 1994682358
834, 2177572, 668837, 358195, 357113, 667489, 62969, 62969, 661861389
833, 2177052, 637117, 361071, 360210, 635932, 91361, 91361, 219231726
837, 2177921, 507583, 534652, 533504, 506522, 47830, 47830, 237693921
840, 2177003, 813941, 230346, 229437, 812511, 45384, 45384, 2079244396
838, 2176720, 645186, 392771, 391758, 644067, 51469, 51469, 644078126
841, 2178108, 493719, 543762, 542618, 492605, 52702, 52702, 550758080
839, 2179506, 611739, 422422, 421515, 610696, 56567, 56567, 244412135
842, 2175706, 613029, 408556, 407494, 612019, 67304, 67304, 3487286151
844, 2180079, 499261, 553198, 552161, 498149, 38655, 38655, 4154966458
845, 2176529, 464329, 546480, 545421, 463251, 78524, 78524, 2387277027
846, 2180000, 466834, 565510, 564238, 465770, 58824, 58824, 190335890
847, 2177665, 457093, 585978, 584786, 456186, 46811, 46811, 3060013537
848, 2177769, 764705, 264425, 263538, 763427, 60837, 60837, 521075299
843, 2179417, 748747, 273961, 273126, 747539, 68022, 68022, 2250723645
849, 2179158, 610473, 422333, 421182, 609442, 57864, 57864, 2883130476
852, 2175939, 449080, 590672, 589370, 447885, 49466, 49466, 1852979001
851, 2176472, 508799, 505166, 503924, 507663, 75460, 75460, 1175197527
850, 2177479, 509489, 481570, 480423, 508433, 98782, 98782, 1863920595
853, 2173373, 589696, 435190, 434212, 588493, 62891, 62891, 2873899301
854, 2179078, 573688, 460854, 459845, 572589, 56051, 56051, 430262404
855, 2178146, 547203, 497220, 496211, 546116, 45698, 45698, 1701608697
856, 2176351, 569225, 462365, 461209, 568102, 57725, 57725, 3399161562
857, 2176948, 364881, 667910, 666654, 363907, 56798, 56798, 969576028
859, 2178539, 289300, 663677, 661956, 288164, 137721, 137721, 3086715097
858, 2178530, 289216, 750504, 749260, 288380, 50585, 50585, 2439078961
860, 2176984, 374648, 630146, 628904, 373694, 84796, 84796, 3575183171
862, 2176818, 340505, 676456, 675053, 339568, 72618, 72618, 1924763654
861, 2179358, 560427, 476738, 475794, 559397, 53501, 53501, 1711258866
863, 2178103, 671629, 346572, 345640, 670514, 71874, 71874, 2266684493
864, 2179778, 462401, 569358, 568183, 461440, 59198, 59198, 379509384
865, 2177269, 552601, 467301, 466302, 551373, 69846, 69846, 2784491383
866, 2178827, 665643, 365762, 364644, 664428, 59175, 59175, 2343210352
869, 2173468, 431148, 606798, 605499, 429873, 50075, 50075, 2989654101
867, 2180175, 422734, 613608, 612649, 421732, 54726, 54726, 2371396945
872, 2176587, 375424, 652545, 651405, 374425, 61394, 61394, 1988659015
868, 2177209, 653643, 358288, 357391, 652537, 77675, 77675, 4096098174
871, 2177267, 580363, 447163, 446038, 579087, 62308, 62308, 3242999882
870, 2177890, 712836, 268275, 267458, 711515, 108903, 108903, 2828810829
874, 2178102, 193161, 830199, 828901, 192423, 66709, 66709, 3361060347
873, 2178510, 376789, 641834, 640844, 375895, 71574, 71574, 1795920796
877, 2175089, 176159, 858050, 856420, 175314, 54573, 54573, 1899120969
876, 2177665, 709075, 327017, 326077, 707882, 53807, 53807, 626558846
875, 2179741, 929387, 113613, 112852, 927605, 48142, 48142, 1393291499
878, 2180558, 412269, 608740, 607681, 411214, 70327, 70327, 2357122225
880, 2179012, 306348, 733994, 732654, 305408, 50304, 50304, 1188346920
879, 2180068, 842268, 188285, 187463, 841114, 60469, 60469, 3290716314
881, 2177949, 463632, 548767, 547628, 462518, 77702, 77702, 635171101
882, 2176827, 626849, 412171, 411221, 625530, 50528, 50528, 100108694
883, 2179063, 465169, 569056, 567998, 464068, 56386, 56386, 3279353907
886, 2177633, 411755, 631087, 629887, 410580, 47162, 47162, 3781157441
884, 2176525, 692235, 346292, 345378, 691140, 50740, 50740, 1844037385
885, 2180097, 660312, 371267, 370399, 659043, 59538, 59538, 3621971020
887, 2176131, 551685, 475590, 474439, 550647, 61885, 61885, 1456527802
888, 2178270, 691694, 351957, 351070, 690559, 46495, 46495, 2994435153
889, 2179054, 667225, 291426, 290607, 666164, 131816, 131816, 2455997258
890, 2175626, 596739, 430308, 429156, 595351, 62036, 62036, 4243165283
891, 2179089, 597858, 405168, 404169, 596856, 87519, 87519, 611283854
893, 2177549, 550622, 419398, 418256, 549543, 119865, 119865, 2853761402
892, 2177076, 442339, 580070, 579066, 441237, 67182, 67182, 1145786830
895, 2176317, 505673, 522091, 521023, 504610, 61460, 61460, 3002806699
894, 2176434, 320918, 694392, 693206, 320044, 73937, 73937, 2411557892
897, 2178431, 448497, 568929, 567763, 447522, 72860, 72860, 514777567
899, 2177549, 570120, 456702, 455687, 568784, 63128, 63128, 3592423636
896, 2177829, 525935, 414568, 413521, 524951, 149427, 149427, 3010682352
898, 2177451, 646277, 360456, 359466, 645196, 83028, 83028, 181629127
900, 2174813, 400348, 622424, 621449, 399332, 65630, 65630, 2868312733
901, 2177551, 401342, 632173, 631277, 400301, 56229, 56229, 309628728
903, 2173392, 523999, 509829, 508818, 522790, 53978, 53978, 2926701652
902, 2178242, 665447, 322936, 322039, 664326, 101747, 101747, 2366913978
906, 2178467, 373333, 605524, 604265, 372315, 111515, 111515, 580504701
904, 2180528, 557801, 472813, 471767, 556757, 60695, 60695, 2654199091
905, 2177974, 703481, 314344, 313439, 702336, 72187, 72187, 1888447283
908, 2177490, 161684, 883524, 882067, 160819, 44698, 44698, 3732551353
907, 2178526, 622661, 423745, 422805, 621519, 43898, 43898, 2019743495
909, 2177005, 647674, 386786, 385783, 646512, 55125, 55125, 2993850969
911, 2177773, 429654, 603060, 601888, 428665, 57253, 57253, 2078360657
910, 2177807, 348023, 679116, 677937, 347085, 62823, 62823, 4241432639
912, 2177096, 429164, 614774, 613582, 428288, 45644, 45644, 931073980
913, 2178203, 558922, 455057, 454068, 557690, 76233, 76233, 3031448079
915, 2179775, 656486, 367125, 366079, 655135, 67475, 67475, 3429750041
914, 2176173, 603171, 431128, 430083, 602007, 54892, 54892, 912044869
916, 2179018, 738603, 259173, 258319, 737283, 92820, 92820, 2497942207
918, 2178857, 470956, 576285, 575208, 469828, 43290, 43290, 1294091483
917, 2175134, 539742, 488060, 487025, 538559, 60874, 60874, 44676280
919, 2178016, 561352, 468604, 467480, 560044, 60268, 60268, 224658160
920, 2177385, 696811, 318161, 317288, 695255, 74935, 74935, 1343953302
921, 2179655, 524732, 477652, 476696, 523667, 88454, 88454, 306982572
924, 2179355, 284611, 706362, 704999, 283737, 99823, 99823, 823599847
923, 2174878, 488612, 539453, 538347, 487492, 60487, 60487, 2583086348
922, 2178794, 504225, 526660, 525716, 503269, 59462, 59462, 3093203770
925, 2178687, 752309, 234885, 233983, 751088, 103211, 103211, 451050686
926, 2177519, 301224, 733010, 731850, 300235, 55600, 55600, 1856800320
929, 2178038, 682026, 348256, 347289, 680805, 59831, 59831, 2791723751
927, 2178501, 544648, 487379, 486415, 543635, 58212, 58212, 1862214226
930, 2177756, 571929, 463892, 462950, 570927, 54029, 54029, 1000628696
928, 2178495, 566156, 449807, 448863, 565089, 74290, 74290, 3354300972
932, 2177982, 501437, 528747, 527590, 500274, 59967, 59967, 3889042498
931, 2175708, 324592, 697216, 696259, 323607, 67017, 67017, 2769805225
933, 2180814, 354404, 683782, 682501, 353453, 53337, 53337, 898662335
934, 2179132, 477129, 551679, 550624, 476156, 61772, 61772, 488934326
935, 2173621, 522452, 417446, 416244, 521291, 148094, 148094, 2632141770
936, 2178100, 577591, 461617, 460658, 576150, 51042, 51042, 855246483
937, 2180157, 384714, 657280, 656125, 383730, 49154, 49154, 3912107419
938, 2176014, 205077, 822237, 820850, 204160, 61845, 61845, 314285060
939, 2177784, 557591, 463098, 462057, 556512, 69263, 69263, 174935620
941, 2177570, 386186, 618635, 617460, 385267, 85011, 85011, 3806810463
940, 2175472, 661004, 367572, 366660, 659702, 60267, 60267, 2763993293
942, 2177089, 450247, 583897, 582783, 449220, 55471, 55471, 3087087860
944, 2177081, 654347, 378156, 377272, 653256, 57025, 57025, 4163903816
943, 2176579, 607201, 418278, 417236, 605918, 63973, 63973, 1596396370
946, 2172627, 474898, 559502, 557969, 473620, 53319, 53319, 2722593013
945, 2178281, 559850, 457659, 456717, 558779, 72638, 72638, 853231965
947, 2173147, 731624, 301481, 300419, 730445, 54589, 54589, 2779435224
948, 2175366, 451811, 559895, 558717, 450657, 77143, 77143, 1450384887
949, 2179328, 477899, 554608, 553455, 476922, 58222, 58222, 2542211713
950, 2179764, 579134, 454926, 453778, 578108, 56909, 56909, 3670576820
952, 2176751, 551556, 484035, 482990, 550400, 53885, 53885, 2800393030
954, 2177035, 307932, 620681, 619438, 307050, 160967, 160967, 2879804747
951, 2175837, 488186, 547207, 546127, 487215, 53551, 53551, 1432532789
953, 2178588, 482527, 546763, 545673, 481519, 61053, 61053, 1708255949
956, 2175234, 631168, 405517, 404489, 629880, 52090, 52090, 1281270301
957, 2179239, 597680, 401591, 400639, 596607, 91361, 91361, 1216813866
955, 2173494, 597542, 411894, 410811, 596533, 78357, 78357, 2984489467
958, 2178378, 361265, 656839, 655522, 360146, 72303, 72303, 2532424759
960, 2175930, 580060, 465617, 464445, 578912, 43448, 43448, 3422104565
959, 2174908, 782554, 256140, 255163, 781273, 49889, 49889, 1824322657
961, 2179609, 462963, 572083, 571103, 461914, 55773, 55773, 1095726072
963, 2178242, 270743, 736476, 735249, 269852, 82961, 82961, 2450412325
962, 2177994, 649124, 389681, 388770, 647667, 51376, 51376, 474480131
964, 2178238, 293578, 750534, 749148, 292656, 46161, 46161, 807144498
965, 2176789, 506047, 518806, 517621, 504797, 64759, 64759, 1876086684
969, 2173298, 330978, 708598, 707105, 330055, 48281, 48281, 4213731856
966, 2179123, 631043, 393017, 391961, 629908, 66597, 66597, 3961872377
968, 2179345, 491130, 532481, 531354, 490120, 67130, 67130, 3761095074
967, 2179405, 658108, 366337, 365401, 657181, 66189, 66189, 559574758
970, 2176292, 726343, 282591, 281611, 724695, 80526, 80526, 1979557174
972, 2178848, 456084, 554858, 553854, 454988, 79532, 79532, 1152921305
971, 2176588, 715683, 318724, 317831, 714386, 54982, 54982, 1204043859
973, 2178090, 396919, 606078, 604923, 395852, 87159, 87159, 320119701
975, 2180434, 535235, 503299, 502154, 534226, 52760, 52760, 3787854790
977, 2177239, 543479, 480244, 479190, 542326, 66000, 66000, 3169227646
976, 2177209, 528397, 507443, 506381, 527268, 53860, 53860, 1081310589
974, 2180249, 732460, 306476, 305655, 731586, 52036, 52036, 4109107643
978, 2174731, 391006, 637968, 636696, 390125, 59468, 59468, 1025213900
980, 2178806, 531689, 485886, 484785, 530612, 72917, 72917, 2050166078
981, 2177463, 708975, 335448, 334356, 707776, 45454, 45454, 4175790824
979, 2176129, 567946, 462469, 461367, 566957, 58695, 58695, 4043311523
982, 2180131, 578312, 463573, 462589, 577203, 49227, 49227, 2886096872
983, 2179371, 498578, 530951, 529885, 497327, 61315, 61315, 3469784882
985, 2176872, 502760, 508302, 507353, 501791, 78333, 78333, 2618100285
984, 2174880, 701653, 275058, 274231, 700404, 111767, 111767, 3117405605
987, 2177617, 583553, 430542, 429533, 582473, 75758, 75758, 73279228
988, 2177661, 573494, 463511, 462356, 572282, 53009, 53009, 1694937415
990, 2176306, 216243, 759632, 758418, 215343, 113335, 113335, 1262090516
986, 2180257, 570614, 465798, 464786, 569389, 54835, 54835, 1455912478
992, 2176131, 284027, 743888, 742641, 283165, 61205, 61205, 4228883414
993, 2177799, 425436, 578364, 577036, 424449, 86257, 86257, 4092165068
989, 2180328, 343725, 663993, 662844, 342698, 83534, 83534, 3350119849
991, 2175937, 580393, 433199, 432206, 579169, 75485, 75485, 911307903
994, 2177083, 362429, 676851, 675597, 361470, 50368, 50368, 2146678356
995, 2177413, 401806, 613844, 612664, 400713, 74193, 74193, 1443000446
997, 2177126, 409509, 624693, 623466, 408584, 55437, 55437, 1887935277
996, 2180428, 453097, 519662, 518680, 452179, 118405, 118405, 483229954
998, 2178229, 444112, 537599, 536432, 442936, 108575, 108575, 1809168124
999, 2175930, 488172, 549885, 548798, 487165, 50955, 50955, 2943326224
