sample_id, N_active, N_A_1, N_B_1, N_A_0, N_B_0, N_A_*, N_B_*, seed
5, 833671, 191786, 168636, 155731, 179114, 69202, 69202, 4057421749
12, 837425, 188172, 170405, 158264, 175560, 72512, 72512, 1139515386
11, 836149, 169356, 188235, 174972, 156786, 73400, 73400, 499641841
2, 833413, 186049, 170069, 157387, 173312, 73298, 73298, 3292977429
9, 835789, 177476, 178972, 166011, 165162, 74084, 74084, 3980912341
4, 832967, 177003, 175797, 163400, 164481, 76143, 76143, 4146499578
13, 834903, 173570, 182394, 170087, 161438, 73707, 73707, 3044115780
1, 839099, 182389, 178200, 166154, 169798, 71279, 71279, 682327618
15, 834792, 184272, 173477, 161181, 171872, 71995, 71995, 2054479739
10, 834665, 184957, 171438, 158912, 172160, 73599, 73599, 1962974278
0, 837585, 162986, 196742, 184183, 150922, 71376, 71376, 1869754642
7, 832403, 177978, 172978, 160630, 165021, 77898, 77898, 2944357348
3, 836933, 169632, 192100, 179132, 157465, 69302, 69302, 944056636
6, 838278, 196838, 160592, 148533, 184043, 74136, 74136, 2616774856
14, 837055, 170475, 189151, 176240, 157991, 71599, 71599, 2476994297
8, 837521, 185298, 163771, 151823, 172753, 81938, 81938, 2070404712
17, 837908, 182634, 180720, 168407, 170345, 67901, 67901, 592373493
22, 830915, 170403, 184624, 171936, 157426, 73263, 73263, 3046851747
18, 836005, 174352, 186251, 173931, 162089, 69691, 69691, 3613605003
16, 835819, 190842, 164573, 152201, 177975, 75114, 75114, 3497629879
27, 835432, 178220, 182952, 170080, 165494, 69343, 69343, 1910028409
23, 834968, 183878, 175599, 162918, 171593, 70490, 70490, 860490681
29, 836532, 188959, 171310, 158739, 176324, 70600, 70600, 2515947058
26, 833622, 167413, 189490, 176452, 155033, 72617, 72617, 2938634693
21, 834458, 178944, 179441, 166771, 166434, 71434, 71434, 2866154407
28, 840113, 156432, 209874, 197019, 144304, 66242, 66242, 512513052
31, 833926, 179775, 174186, 161947, 166910, 75554, 75554, 1925619475
24, 839623, 184252, 180899, 168352, 171996, 67062, 67062, 4288161239
20, 836886, 181699, 177462, 164877, 169080, 71884, 71884, 498019566
25, 835448, 170473, 190699, 177777, 158177, 69161, 69161, 2434470303
19, 836947, 170271, 187134, 174529, 158247, 73383, 73383, 2749468568
30, 834404, 196679, 160873, 148592, 183596, 72332, 72332, 4266485221
32, 831621, 166708, 182419, 169799, 154255, 79220, 79220, 3209188207
35, 837727, 186043, 172655, 160191, 173646, 72596, 72596, 435576283
34, 832257, 185113, 172214, 160057, 172323, 71275, 71275, 3285451352
36, 838129, 182101, 181286, 168899, 170101, 67871, 67871, 1847772224
33, 836369, 178325, 175919, 163285, 165996, 76422, 76422, 3941140716
39, 831339, 173649, 178756, 166081, 160765, 76044, 76044, 779705038
38, 835510, 178302, 178460, 165677, 165671, 73700, 73700, 3376671227
37, 838433, 181874, 177692, 165692, 169447, 71864, 71864, 3837601110
40, 836847, 174068, 176327, 164125, 161735, 80296, 80296, 597630365
44, 836162, 187558, 170110, 157856, 175172, 72733, 72733, 3291366970
42, 837369, 194444, 170234, 157595, 181528, 66784, 66784, 117140805
45, 834388, 186276, 172373, 159902, 173095, 71371, 71371, 4276301202
41, 837267, 175850, 187528, 175407, 164002, 67240, 67240, 2970952026
47, 834674, 184282, 173290, 160766, 171256, 72540, 72540, 1822264276
43, 835567, 181106, 180029, 167707, 168273, 69226, 69226, 4028170065
46, 838423, 197412, 160591, 148306, 185164, 73475, 73475, 3287116949
49, 834589, 187155, 169033, 156759, 174378, 73632, 73632, 1007422422
48, 835572, 177390, 184131, 171026, 164989, 69018, 69018, 3923249416
51, 840730, 184848, 174059, 161445, 172466, 73956, 73956, 1064543907
50, 830926, 187736, 164045, 151501, 174846, 76399, 76399, 46090386
52, 835993, 171253, 186088, 173297, 158969, 73193, 73193, 2814484310
54, 836676, 172760, 188228, 175917, 160435, 69668, 69668, 2515489190
53, 836670, 199463, 156706, 144796, 186643, 74531, 74531, 25311692
58, 834018, 165166, 195003, 182364, 152835, 69325, 69325, 2374084842
61, 835096, 187835, 174172, 161913, 175070, 68053, 68053, 3901688658
56, 835866, 191478, 167266, 154813, 178661, 71824, 71824, 180080572
62, 835489, 162547, 199797, 186459, 150196, 68245, 68245, 884759821
55, 837807, 150659, 208989, 196196, 139127, 71418, 71418, 2183886498
60, 835311, 184796, 170144, 157742, 172227, 75201, 75201, 4014860591
59, 836703, 190488, 168783, 156790, 177446, 71598, 71598, 1549164457
57, 836788, 188565, 172623, 160231, 176007, 69681, 69681, 22155872
63, 838295, 158402, 199082, 186505, 145760, 74273, 74273, 606613999
64, 834773, 157402, 195101, 182193, 145353, 77362, 77362, 3574419581
65, 835659, 172597, 182627, 169884, 160215, 75168, 75168, 3738592962
66, 835298, 178247, 180775, 168108, 165944, 71112, 71112, 3322347279
67, 839803, 170508, 192148, 179394, 158135, 69809, 69809, 1524564204
68, 835983, 166937, 193758, 180707, 154717, 69932, 69932, 3910795008
71, 834461, 172915, 184740, 172252, 160034, 72260, 72260, 421847010
70, 833299, 193780, 163964, 151573, 181280, 71351, 71351, 2550463225
72, 834109, 175523, 184242, 171547, 163041, 69878, 69878, 1822198900
74, 836157, 179250, 181181, 168606, 166556, 70282, 70282, 2686467423
69, 833860, 172673, 187181, 174494, 160218, 69647, 69647, 2526862316
75, 838042, 176753, 182632, 170093, 164116, 72224, 72224, 15624101
73, 837845, 174827, 183810, 171402, 162592, 72607, 72607, 62824966
78, 833923, 196252, 159973, 148061, 183473, 73082, 73082, 1691364362
79, 836923, 163218, 200602, 187480, 151253, 67185, 67185, 3794742245
76, 833893, 176991, 184548, 171339, 164357, 68329, 68329, 2285814700
77, 836382, 183493, 176937, 164125, 171061, 70383, 70383, 2412533440
80, 832316, 173157, 184876, 171862, 160177, 71122, 71122, 2790034285
81, 832615, 179647, 180024, 166681, 166965, 69649, 69649, 3650690584
82, 836653, 184488, 174653, 162193, 172079, 71620, 71620, 775141199
83, 837463, 174534, 185774, 173165, 162434, 70778, 70778, 1782829366
84, 835936, 191764, 170298, 157954, 179164, 68378, 68378, 1685778694
85, 835246, 188483, 168888, 156485, 175458, 72966, 72966, 3723140065
86, 836811, 166268, 188563, 175848, 154458, 75837, 75837, 2083808959
89, 833753, 183944, 169699, 157563, 171311, 75618, 75618, 3112185358
88, 835122, 172035, 183733, 171272, 159296, 74393, 74393, 2471324686
87, 832372, 183228, 171527, 158686, 170453, 74239, 74239, 82860052
90, 838598, 195689, 163783, 151871, 182875, 72190, 72190, 622447759
93, 837951, 167152, 194129, 181375, 155525, 69885, 69885, 897775096
95, 835313, 188098, 169160, 156849, 175262, 72972, 72972, 188971538
92, 834689, 177891, 181940, 169132, 164882, 70422, 70422, 1567274678
94, 836079, 178452, 181014, 168428, 165833, 71176, 71176, 4281718117
91, 837003, 174446, 180499, 167909, 162103, 76023, 76023, 447280475
96, 837839, 162285, 194431, 181680, 150135, 74654, 74654, 3451008312
97, 835487, 176246, 177371, 164994, 163952, 76462, 76462, 2118260449
98, 835037, 179264, 174776, 162423, 166508, 76033, 76033, 2534721161
99, 834890, 187153, 170114, 157864, 174279, 72740, 72740, 3412552102
100, 833521, 169503, 186707, 173805, 157062, 73222, 73222, 362203398
101, 837005, 171798, 187964, 175188, 159381, 71337, 71337, 3064776184
102, 837115, 188035, 171867, 159848, 175287, 71039, 71039, 2373606166
106, 838134, 184058, 178832, 166513, 171023, 68854, 68854, 3995785969
104, 833371, 193698, 166163, 153792, 180636, 69541, 69541, 3615427000
103, 835363, 196642, 162173, 149617, 183833, 71549, 71549, 112482886
105, 834931, 178401, 177364, 165064, 165608, 74247, 74247, 4094384659
107, 838357, 168254, 192479, 179462, 156122, 71020, 71020, 344159392
111, 834945, 196869, 165443, 153160, 183853, 67810, 67810, 4233908026
109, 835877, 185227, 175857, 163231, 172648, 69457, 69457, 1137126062
108, 834615, 170584, 186591, 173454, 158740, 72623, 72623, 2648443022
110, 840415, 183136, 179477, 167440, 170882, 69740, 69740, 10082479
112, 836315, 168496, 188999, 176265, 156271, 73142, 73142, 1036025324
114, 832694, 164345, 193330, 180047, 151842, 71565, 71565, 924283281
113, 839059, 164215, 198701, 185842, 152527, 68887, 68887, 857607865
115, 838426, 159493, 203836, 190844, 147789, 68232, 68232, 2575170405
116, 837447, 182209, 168885, 156619, 169508, 80113, 80113, 2369881222
117, 835401, 169668, 184787, 172072, 156988, 75943, 75943, 1268202534
118, 833921, 172049, 182282, 169600, 159856, 75067, 75067, 56292227
120, 834449, 180620, 181542, 168584, 167983, 67860, 67860, 266322403
122, 837021, 174396, 184850, 172225, 162282, 71634, 71634, 1337091674
121, 837583, 191800, 173064, 160786, 179195, 66369, 66369, 3812009194
124, 836228, 184628, 175923, 163562, 171889, 70113, 70113, 3689711140
119, 833979, 214421, 144855, 133126, 201007, 70285, 70285, 1008404964
128, 838202, 177566, 182221, 169387, 164908, 72060, 72060, 2205218235
123, 833889, 156689, 205001, 191885, 144510, 67902, 67902, 4003075168
125, 836881, 186325, 174167, 161595, 173602, 70596, 70596, 3720114271
126, 835927, 172658, 184719, 171921, 160329, 73150, 73150, 3750674785
129, 836464, 176997, 184068, 171354, 164831, 69607, 69607, 2056115565
127, 834948, 174402, 180222, 167586, 161774, 75482, 75482, 897334928
131, 837364, 175956, 180788, 168266, 163664, 74345, 74345, 580231148
130, 838363, 187715, 174227, 161693, 175364, 69682, 69682, 226317510
132, 837991, 186240, 175268, 163138, 173417, 69964, 69964, 3136159470
133, 835358, 186318, 173437, 160725, 173610, 70634, 70634, 4062755874
134, 837918, 165430, 197986, 185204, 152926, 68186, 68186, 1693101022
137, 834617, 171049, 187830, 174879, 158413, 71223, 71223, 2673283294
136, 833574, 188725, 169455, 157340, 175632, 71211, 71211, 262729650
135, 837791, 186662, 173709, 161814, 174002, 70802, 70802, 3153668391
138, 834547, 184877, 170537, 157815, 172290, 74514, 74514, 3889882204
141, 834138, 162165, 198165, 185078, 149828, 69451, 69451, 434941952
140, 837200, 154325, 208377, 195491, 142037, 68485, 68485, 350099270
139, 834879, 175578, 179972, 167423, 162956, 74475, 74475, 4063895509
143, 836889, 175656, 185610, 173643, 163542, 69219, 69219, 2670048844
142, 834942, 164302, 195707, 182569, 152344, 70010, 70010, 3921196569
147, 830621, 181073, 172662, 159980, 168370, 74268, 74268, 4011376653
146, 835422, 170036, 188462, 175368, 157746, 71905, 71905, 3232243316
145, 835948, 167273, 188102, 175273, 154830, 75235, 75235, 3719556542
148, 832426, 164936, 185706, 172858, 152144, 78391, 78391, 2345594019
144, 837133, 164120, 192234, 179855, 152198, 74363, 74363, 3646441943
149, 838649, 163881, 198187, 185238, 151757, 69793, 69793, 2834339431
150, 835025, 215141, 145927, 134252, 201757, 68974, 68974, 3336790477
151, 835237, 180671, 180976, 168219, 167885, 68743, 68743, 4093169110
152, 836202, 195422, 161655, 149385, 182682, 73529, 73529, 3750328434
153, 832319, 192458, 161227, 149366, 179792, 74738, 74738, 3223629901
154, 838449, 177885, 181671, 169215, 165608, 72035, 72035, 92329428
157, 830343, 181808, 177047, 164114, 168418, 69478, 69478, 2204335153
156, 837642, 162131, 199395, 186370, 150160, 69793, 69793, 3325683319
155, 839684, 164528, 193078, 180760, 152250, 74534, 74534, 1153452671
161, 834475, 156236, 204988, 191583, 143982, 68843, 68843, 1566926182
158, 831298, 181647, 175159, 162155, 168475, 71931, 71931, 2919382239
162, 833229, 194143, 163635, 151142, 181289, 71510, 71510, 3125247681
160, 841781, 180111, 180448, 168502, 168188, 72266, 72266, 1259968792
159, 839904, 166096, 193714, 181252, 154370, 72236, 72236, 2269218402
165, 834452, 182994, 175453, 163147, 170194, 71332, 71332, 2794007340
164, 837691, 192415, 167834, 156259, 179771, 70706, 70706, 3864031226
163, 839428, 172816, 186717, 174822, 160605, 72234, 72234, 331284113
166, 839309, 180821, 178346, 166211, 168349, 72791, 72791, 1179198895
167, 833140, 177430, 182730, 170035, 164811, 69067, 69067, 2915882741
168, 835506, 161779, 196753, 183232, 150428, 71657, 71657, 789302057
169, 833006, 180005, 176025, 163322, 167244, 73205, 73205, 2012901849
170, 837660, 206720, 156146, 144348, 193920, 68263, 68263, 1403667582
171, 839015, 190845, 174034, 161558, 178176, 67201, 67201, 2530016569
172, 835158, 172973, 191550, 178972, 160355, 65654, 65654, 911777734
173, 836705, 188972, 172275, 159457, 176255, 69873, 69873, 3407384762
175, 837316, 188841, 171837, 159548, 176760, 70165, 70165, 341241877
174, 834114, 168851, 192447, 179020, 156434, 68681, 68681, 3478865803
176, 836381, 172259, 183906, 171310, 159800, 74553, 74553, 4069487492
177, 831874, 174231, 181068, 168729, 161320, 73263, 73263, 1656323789
178, 835450, 183216, 179089, 166474, 170343, 68164, 68164, 3432598566
181, 836808, 198051, 164669, 152394, 185330, 68182, 68182, 864004030
182, 836188, 182400, 174334, 161757, 169875, 73911, 73911, 2068737742
179, 837531, 171268, 191611, 179268, 159086, 68149, 68149, 1108464023
180, 834515, 202259, 158819, 146325, 189358, 68877, 68877, 3366820644
183, 833799, 183642, 173877, 161091, 171129, 72030, 72030, 2859573554
184, 834203, 180172, 176932, 164534, 167219, 72673, 72673, 3757203740
185, 837575, 186284, 170981, 158892, 173788, 73815, 73815, 2540219793
186, 835892, 190437, 168490, 156290, 177385, 71645, 71645, 2165061413
187, 833484, 176920, 179491, 167004, 164469, 72800, 72800, 1918087546
188, 834210, 193433, 169308, 157407, 180162, 66950, 66950, 159038044
189, 834984, 161743, 200867, 188197, 149531, 67323, 67323, 735536322
190, 834591, 182232, 181678, 168986, 169695, 66000, 66000, 3143876308
193, 836900, 191395, 170093, 157869, 178551, 69496, 69496, 3138441812
191, 834924, 182404, 177546, 164939, 169999, 70018, 70018, 2453443880
192, 839489, 186586, 175441, 163085, 173989, 70194, 70194, 28043407
194, 837134, 173200, 185407, 172997, 160736, 72397, 72397, 1001428261
195, 836145, 177671, 183377, 170836, 165525, 69368, 69368, 2110006967
196, 834427, 172633, 184808, 171858, 160162, 72483, 72483, 2651705589
198, 834687, 179237, 174808, 162179, 166347, 76058, 76058, 428109988
197, 833300, 166738, 186994, 174032, 154588, 75474, 75474, 1357228797
199, 832048, 197727, 155128, 143078, 184449, 75833, 75833, 3784883782
201, 833203, 174206, 175943, 163275, 161143, 79318, 79318, 678666817
200, 836363, 188971, 170984, 158358, 176578, 70736, 70736, 2569306798
202, 832648, 181884, 174329, 161637, 168742, 73028, 73028, 2749118369
203, 835260, 172178, 190259, 177753, 159724, 67673, 67673, 3855292101
204, 834483, 171094, 190291, 177409, 158789, 68450, 68450, 2014694884
206, 835422, 206830, 153366, 141558, 193756, 69956, 69956, 1558167893
205, 834444, 179445, 183917, 171413, 166505, 66582, 66582, 3198964658
207, 834245, 177236, 184409, 171739, 164775, 68043, 68043, 2512298249
208, 840607, 210188, 152298, 140469, 197470, 70091, 70091, 68228734
210, 832870, 188841, 171428, 159173, 175494, 68967, 68967, 2735647161
211, 834475, 170530, 192723, 180002, 157706, 66757, 66757, 902338982
212, 833351, 178338, 180658, 167879, 165842, 70317, 70317, 2156210008
213, 834504, 182365, 175405, 162890, 169832, 72006, 72006, 2751457929
209, 839146, 166642, 189667, 176900, 154353, 75792, 75792, 1394162314
214, 836799, 185391, 175758, 163626, 172604, 69710, 69710, 712169992
215, 835819, 164049, 189170, 176098, 152242, 77130, 77130, 3675418869
216, 832779, 180045, 178422, 165496, 166946, 70935, 70935, 896331226
217, 833929, 197250, 159573, 147325, 184147, 72817, 72817, 3633563797
219, 833263, 180039, 176106, 163560, 167270, 73144, 73144, 3501846822
218, 836976, 171434, 187459, 174958, 159227, 71949, 71949, 497447266
220, 834919, 171511, 189419, 176678, 158937, 69187, 69187, 1075793352
222, 833956, 166975, 190120, 177665, 153992, 72602, 72602, 23935256
223, 835267, 143762, 216503, 203122, 131938, 69971, 69971, 694652115
221, 838236, 186140, 170916, 158764, 173942, 74237, 74237, 234169668
225, 835533, 194616, 164724, 152360, 181821, 71006, 71006, 1506007161
224, 835520, 192010, 166634, 154715, 179061, 71550, 71550, 365689473
228, 835181, 177660, 181348, 168918, 164927, 71164, 71164, 3910211704
227, 832942, 184187, 177086, 164918, 171305, 67723, 67723, 2631365025
226, 833884, 189019, 168075, 155886, 176150, 72377, 72377, 2102879094
229, 837393, 178222, 181443, 168636, 165974, 71559, 71559, 78134099
231, 832362, 186576, 171583, 158619, 173896, 70844, 70844, 3245995317
230, 838861, 180013, 177865, 165744, 167747, 73746, 73746, 2272230983
232, 838149, 171810, 185640, 173476, 159471, 73876, 73876, 2959330344
233, 835765, 180961, 177380, 165059, 168247, 72059, 72059, 3599118030
235, 836002, 177312, 181943, 169379, 164782, 71293, 71293, 1391119424
234, 834989, 158193, 197666, 184539, 146129, 74231, 74231, 2350236618
236, 834728, 195041, 166473, 153665, 181873, 68838, 68838, 1236470348
237, 830775, 178538, 177827, 164831, 166045, 71767, 71767, 2430477932
239, 836854, 166427, 194908, 181736, 154349, 69717, 69717, 2139953511
238, 836184, 187277, 169143, 156950, 174786, 74014, 74014, 1077342989
240, 836453, 186989, 174578, 162224, 174738, 68962, 68962, 1810676680
242, 836456, 167843, 191661, 179058, 155234, 71330, 71330, 2215249328
243, 838052, 189231, 173784, 161692, 176385, 68480, 68480, 3242308488
244, 833226, 184007, 173079, 160767, 171007, 72183, 72183, 169031417
246, 835782, 189135, 168024, 155466, 176361, 73398, 73398, 4060805597
241, 838399, 174228, 185381, 172647, 161897, 72123, 72123, 833811649
247, 837925, 176759, 179490, 167151, 164593, 74966, 74966, 2055748558
245, 831094, 200067, 153829, 141530, 186938, 74365, 74365, 2973606976
248, 835298, 191935, 167458, 155230, 179543, 70566, 70566, 897004290
249, 837586, 157575, 205901, 193375, 145519, 67608, 67608, 2436135761
252, 834810, 182638, 175737, 163327, 170224, 71442, 71442, 674752566
251, 836678, 187840, 172188, 160056, 175400, 70597, 70597, 4156938604
250, 833135, 177109, 176943, 164459, 164180, 75222, 75222, 3786975342
253, 838605, 207079, 151853, 140101, 194480, 72546, 72546, 1119825755
254, 836759, 163740, 192727, 179929, 151571, 74396, 74396, 3193097232
255, 833630, 179768, 176075, 163401, 167794, 73296, 73296, 1430961137
259, 839713, 172999, 194413, 181999, 160748, 64777, 64777, 1181126607
256, 835312, 173247, 182899, 170176, 161094, 73948, 73948, 443848396
258, 837084, 172139, 183927, 171206, 159912, 74950, 74950, 2755948213
260, 838337, 186230, 174626, 163047, 173884, 70275, 70275, 506279978
261, 835623, 174645, 186221, 173502, 161755, 69750, 69750, 3141298941
257, 833950, 177693, 181486, 168768, 164845, 70579, 70579, 3060428102
262, 835065, 170764, 190494, 177973, 158244, 68795, 68795, 4155945279
263, 835329, 171724, 187922, 175566, 159129, 70494, 70494, 1383426073
264, 835635, 189244, 169464, 157481, 176104, 71671, 71671, 1441387366
265, 836507, 162924, 196271, 183388, 150658, 71633, 71633, 1373641770
266, 836431, 183242, 178500, 166100, 170671, 68959, 68959, 2745666570
267, 835433, 186079, 178565, 166388, 173559, 65421, 65421, 162597
269, 833078, 156070, 202113, 188584, 143913, 71199, 71199, 1058188515
268, 834854, 168906, 188508, 175681, 156821, 72469, 72469, 3187458055
270, 836505, 172288, 189660, 177075, 159900, 68791, 68791, 3537495524
271, 837265, 171456, 190006, 177344, 159533, 69463, 69463, 4080681036
273, 837803, 182727, 178483, 166024, 170283, 70143, 70143, 2057823496
272, 837904, 171752, 186831, 174211, 159698, 72706, 72706, 2766513068
276, 834071, 187254, 167738, 155108, 174615, 74678, 74678, 3551380416
277, 837333, 187193, 170150, 157899, 174737, 73677, 73677, 4083235091
274, 835559, 167056, 189516, 176952, 154971, 73532, 73532, 4038928197
275, 836366, 184147, 175152, 162690, 171695, 71341, 71341, 1789581728
278, 830424, 176592, 181597, 168571, 163566, 70049, 70049, 2446355586
279, 837556, 174331, 179555, 167584, 161902, 77092, 77092, 2919662442
281, 838362, 171601, 188608, 175753, 159268, 71566, 71566, 3840489846
280, 835566, 194565, 163848, 151951, 181468, 71867, 71867, 1207878699
282, 836366, 179216, 180768, 168503, 166809, 70535, 70535, 2348726480
284, 832682, 170759, 183700, 170787, 158218, 74609, 74609, 1121736801
283, 834574, 182955, 171857, 159241, 170299, 75111, 75111, 2454665596
285, 835322, 189032, 169259, 156919, 176154, 71979, 71979, 364966452
286, 835574, 191952, 162381, 149971, 179212, 76029, 76029, 2116260401
288, 838706, 158567, 204630, 191916, 146313, 68640, 68640, 1914940917
287, 835715, 180728, 181867, 169477, 167993, 67825, 67825, 1158749792
289, 836710, 177762, 179229, 166694, 165657, 73684, 73684, 2111571898
291, 836697, 169822, 193266, 180206, 157479, 67962, 67962, 3843018262
293, 836228, 170263, 191001, 178424, 158014, 69263, 69263, 2707641798
290, 836221, 182447, 177223, 164994, 169881, 70838, 70838, 272764317
296, 832528, 170909, 189936, 176254, 158477, 68476, 68476, 2962699851
294, 837088, 173125, 177527, 165212, 160844, 80190, 80190, 99699507
297, 841621, 173247, 190012, 177441, 161469, 69726, 69726, 2822453270
295, 836237, 194018, 163390, 151398, 181257, 73087, 73087, 2900006153
298, 834458, 194614, 164289, 151924, 181725, 70953, 70953, 1806494907
300, 832918, 154943, 202992, 190288, 142821, 70937, 70937, 3575983538
292, 837519, 175762, 181507, 168946, 163056, 74124, 74124, 558370538
301, 840324, 150064, 210685, 197597, 138686, 71646, 71646, 2185264767
299, 835765, 162841, 194607, 181808, 150337, 73086, 73086, 2534654135
302, 836051, 176602, 180882, 168117, 164138, 73156, 73156, 2778622829
303, 833310, 193444, 163378, 151012, 180712, 72382, 72382, 1030923123
305, 834359, 182789, 175443, 162743, 170342, 71521, 71521, 2057551131
304, 837464, 165457, 195817, 183203, 153039, 69974, 69974, 1054555828
308, 834197, 175134, 186309, 173670, 162262, 68411, 68411, 4041681720
306, 836235, 170836, 190079, 177311, 158199, 69905, 69905, 1793194333
307, 832807, 162124, 198721, 185012, 149976, 68487, 68487, 404605422
310, 831352, 185201, 172782, 160247, 172012, 70555, 70555, 1448762380
309, 832626, 177153, 180915, 168173, 164379, 71003, 71003, 1043659760
312, 837025, 172324, 186912, 174682, 159835, 71636, 71636, 2272733037
316, 835810, 189806, 164263, 152023, 176580, 76569, 76569, 3102094226
311, 838433, 170739, 188687, 176078, 158267, 72331, 72331, 1891335344
314, 835613, 179094, 175395, 163066, 166890, 75584, 75584, 2602802281
313, 832504, 162875, 194684, 181148, 151051, 71373, 71373, 672574728
315, 833465, 175692, 182465, 169959, 162979, 71185, 71185, 935921568
317, 833976, 174101, 187530, 174521, 161244, 68290, 68290, 1533377113
318, 834896, 186518, 173194, 160830, 173752, 70301, 70301, 3125707870
319, 833764, 181620, 177024, 164341, 168617, 71081, 71081, 544304504
321, 835195, 189415, 170259, 157790, 176887, 70422, 70422, 2512185801
320, 837358, 187825, 170681, 158776, 175174, 72451, 72451, 2085608988
322, 836233, 176414, 187622, 175001, 164052, 66572, 66572, 3594469355
325, 834002, 199973, 155640, 143205, 186940, 74122, 74122, 3498127656
324, 831687, 159047, 193073, 180050, 146665, 76426, 76426, 477326872
323, 838369, 167949, 191396, 178912, 155016, 72548, 72548, 4027921868
326, 836957, 176558, 185227, 172868, 163878, 69213, 69213, 3757805587
327, 836371, 185287, 173046, 161004, 172620, 72207, 72207, 3851041770
330, 837046, 160060, 201795, 189338, 148009, 68922, 68922, 415178812
328, 837443, 177111, 185753, 173086, 165011, 68241, 68241, 3800858658
329, 836246, 160954, 190430, 177580, 149068, 79107, 79107, 3667095473
331, 836404, 171746, 192451, 180022, 159365, 66410, 66410, 2812949215
332, 833652, 179591, 179022, 166260, 166531, 71124, 71124, 3454310352
333, 833470, 200545, 158076, 146191, 187304, 70677, 70677, 1960279497
334, 834705, 194073, 166425, 154069, 181288, 69425, 69425, 3431588411
335, 836967, 173407, 182521, 169689, 161158, 75096, 75096, 1937408514
337, 836519, 181279, 178282, 166035, 168325, 71299, 71299, 3931238131
336, 838623, 173456, 187458, 175015, 161582, 70556, 70556, 2115031127
338, 837770, 184130, 176280, 164164, 171246, 70975, 70975, 748693998
340, 831599, 182152, 179525, 166410, 169680, 66916, 66916, 4095814755
339, 835985, 188868, 170993, 158805, 176495, 70412, 70412, 4252697727
341, 834010, 182583, 169740, 157065, 169750, 77436, 77436, 1678255822
345, 830221, 177238, 174967, 161703, 164231, 76041, 76041, 1486283876
342, 836054, 174088, 187617, 175249, 161614, 68743, 68743, 3501114138
344, 834245, 152210, 203597, 190166, 140324, 73974, 73974, 2110767033
346, 836120, 182629, 178467, 165882, 169742, 69700, 69700, 3976514684
343, 835236, 174772, 182874, 170333, 162217, 72520, 72520, 3290669065
347, 834805, 159577, 194672, 181479, 147585, 75746, 75746, 1090996988
349, 836930, 179520, 180483, 168176, 167075, 70838, 70838, 225902912
348, 839769, 152010, 209691, 196818, 140308, 70471, 70471, 2924885239
350, 838186, 179946, 180671, 168438, 167633, 70749, 70749, 2393746959
351, 835884, 172302, 191682, 178953, 159685, 66631, 66631, 1217855104
353, 833201, 178871, 177669, 165201, 166062, 72699, 72699, 3117939609
352, 838987, 199842, 164601, 153074, 186778, 67346, 67346, 4193715753
354, 835650, 195109, 168665, 156379, 182577, 66460, 66460, 3507517653
356, 836772, 177167, 178297, 166023, 164579, 75353, 75353, 644569466
355, 834691, 190789, 167144, 154641, 177913, 72102, 72102, 1781738369
357, 836103, 174928, 182563, 170193, 162495, 72962, 72962, 2182060704
359, 834677, 170011, 188549, 175433, 158102, 71291, 71291, 3362005990
358, 833903, 176438, 178159, 165543, 164137, 74813, 74813, 2450753893
360, 836149, 183290, 180284, 167738, 170353, 67242, 67242, 1052779106
362, 837066, 181003, 179396, 167581, 168274, 70406, 70406, 4199442127
363, 837677, 172546, 185942, 173474, 160455, 72630, 72630, 1949626431
361, 840549, 189601, 174779, 162943, 176956, 68135, 68135, 3379697558
364, 831753, 176178, 179728, 167158, 163591, 72549, 72549, 787236661
365, 837734, 169502, 181970, 169487, 156913, 79931, 79931, 3489461577
366, 836538, 175026, 180889, 168059, 162936, 74814, 74814, 3523598506
367, 831964, 186189, 166926, 154392, 172907, 75775, 75775, 795174862
368, 838215, 177101, 181881, 169489, 164608, 72568, 72568, 2259588128
370, 833380, 208957, 149437, 137494, 195554, 70969, 70969, 4243692888
369, 834572, 175641, 185546, 172890, 162909, 68793, 68793, 3184866702
371, 837983, 181005, 176656, 164386, 168748, 73594, 73594, 2043361002
373, 836288, 179086, 182553, 169733, 166618, 69149, 69149, 425112918
372, 838720, 210191, 150511, 138949, 197573, 70748, 70748, 893991138
374, 831492, 173201, 185447, 172709, 160277, 69929, 69929, 2659179790
377, 836460, 167098, 193702, 180608, 154890, 70081, 70081, 3465353039
375, 837061, 158740, 202729, 189536, 146884, 69586, 69586, 2083520237
376, 833941, 175666, 181208, 168550, 162939, 72789, 72789, 3585453847
378, 833813, 172490, 184614, 171980, 159711, 72509, 72509, 2860056424
380, 837031, 175491, 182252, 169432, 163182, 73337, 73337, 1223591697
379, 836707, 191620, 172441, 159809, 178999, 66919, 66919, 2222452742
382, 834520, 196350, 162043, 149996, 183167, 71482, 71482, 2087433649
381, 835044, 176244, 184391, 172136, 163193, 69540, 69540, 1426925002
383, 835029, 176407, 180691, 168136, 164217, 72789, 72789, 1513354317
385, 837613, 204458, 158812, 146740, 191345, 68129, 68129, 2403389798
386, 840127, 187131, 173509, 161263, 174954, 71635, 71635, 692163445
384, 837267, 179064, 181154, 168703, 166554, 70896, 70896, 1056030331
387, 837065, 187021, 171511, 159254, 174107, 72586, 72586, 3222362391
388, 831766, 185234, 167088, 154455, 172547, 76221, 76221, 674012047
390, 835255, 169764, 188512, 175942, 157597, 71720, 71720, 982980208
389, 837293, 190525, 169085, 156365, 178072, 71623, 71623, 2752265986
391, 831256, 165425, 192796, 179968, 153035, 70016, 70016, 329025461
392, 834626, 205447, 156284, 143865, 192606, 68212, 68212, 3123413665
395, 839478, 159511, 202032, 189232, 147799, 70452, 70452, 4061172225
393, 837612, 175561, 187976, 175711, 163442, 67461, 67461, 1574851379
396, 835165, 169023, 188224, 175595, 157169, 72577, 72577, 4125871686
394, 839146, 194166, 166243, 154070, 181923, 71372, 71372, 1558466830
397, 839030, 186965, 175291, 163012, 174274, 69744, 69744, 3754638918
398, 838286, 209065, 148295, 136427, 196315, 74092, 74092, 4033190291
399, 832288, 170938, 186219, 173252, 158169, 71855, 71855, 3677220425
402, 840762, 176081, 185177, 173129, 164101, 71137, 71137, 646245939
400, 835710, 166295, 190339, 177795, 153971, 73655, 73655, 137795090
401, 836230, 167033, 191220, 178046, 154595, 72668, 72668, 479425007
403, 837189, 193983, 168892, 156617, 181203, 68247, 68247, 3630908217
404, 835445, 172349, 186731, 174342, 159689, 71167, 71167, 3038188086
405, 833574, 201729, 154888, 142645, 188764, 72774, 72774, 1734809173
406, 833376, 178214, 180628, 167576, 165750, 70604, 70604, 1028620819
408, 834599, 185906, 176091, 164214, 172886, 67751, 67751, 3970349689
407, 832335, 184568, 170244, 157818, 171661, 74022, 74022, 2626291952
409, 833247, 172484, 182662, 169595, 159386, 74560, 74560, 1428970812
412, 833895, 186915, 170573, 158387, 174020, 72000, 72000, 1281451654
413, 838127, 170322, 182384, 170195, 158412, 78407, 78407, 4122125212
411, 842278, 174450, 185691, 173261, 162392, 73242, 73242, 1324304930
410, 834932, 163933, 192666, 179731, 151570, 73516, 73516, 4172972379
414, 833223, 183723, 175364, 162694, 171280, 70081, 70081, 1790663468
417, 831971, 174180, 177395, 164818, 161594, 76992, 76992, 2698803755
415, 834942, 167176, 190858, 177874, 154606, 72214, 72214, 312529683
416, 837234, 189918, 171286, 158874, 177658, 69749, 69749, 1770054853
419, 838379, 173740, 189041, 176464, 161348, 68893, 68893, 3398414302
418, 831414, 177622, 180996, 168184, 164854, 69879, 69879, 1559690985
420, 835885, 192311, 168068, 155510, 179848, 70074, 70074, 9243168
421, 839435, 184215, 174791, 162734, 172183, 72756, 72756, 2218317672
422, 836685, 190720, 161558, 149522, 177763, 78561, 78561, 2617220155
424, 834658, 186042, 175547, 163332, 173343, 68197, 68197, 2262900454
423, 834848, 177706, 178899, 166590, 164813, 73420, 73420, 2055933939
425, 839651, 190534, 174411, 162310, 177986, 67205, 67205, 2583456801
426, 837888, 174887, 184830, 172733, 162618, 71410, 71410, 3171160996
427, 838134, 180569, 172158, 160180, 168385, 78421, 78421, 736248928
428, 836784, 187897, 171977, 159345, 175797, 70884, 70884, 2692426455
431, 836944, 193243, 167657, 155480, 180320, 70122, 70122, 2910207784
429, 837903, 169681, 187846, 175162, 157606, 73804, 73804, 3297021554
432, 832364, 180824, 173950, 161342, 168668, 73790, 73790, 3619681740
433, 835041, 178577, 181930, 169334, 165852, 69674, 69674, 2260321322
435, 836248, 170469, 189916, 177051, 158110, 70351, 70351, 1455798757
434, 834544, 194204, 165033, 152778, 181403, 70563, 70563, 1306452474
430, 836398, 175387, 184276, 171922, 162875, 70969, 70969, 2859495294
437, 838252, 180085, 183705, 170992, 167680, 67895, 67895, 2435351472
436, 840017, 176856, 184784, 172288, 164735, 70677, 70677, 870665181
438, 836868, 180421, 176814, 164236, 167663, 73867, 73867, 734579721
440, 835192, 189970, 167991, 155527, 177338, 72183, 72183, 1538553048
439, 836593, 177101, 182219, 170112, 164353, 71404, 71404, 236294457
441, 834700, 170522, 183217, 170763, 158012, 76093, 76093, 732335814
442, 837211, 169971, 190960, 178351, 157921, 70004, 70004, 3352320173
444, 838760, 195202, 168756, 156360, 182436, 68003, 68003, 2263058218
443, 834753, 187138, 172118, 159583, 174594, 70660, 70660, 1348204765
446, 838539, 179026, 182477, 169683, 166469, 70442, 70442, 880878769
448, 833887, 168052, 186596, 173790, 155723, 74863, 74863, 2271774841
447, 835435, 159862, 199002, 186322, 147913, 71168, 71168, 2337138550
445, 836481, 175361, 185710, 173208, 162936, 69633, 69633, 198536819
449, 838789, 191691, 172082, 159787, 178941, 68144, 68144, 570693022
450, 837116, 172826, 186867, 174119, 160384, 71460, 71460, 466081325
451, 839302, 180458, 179936, 167569, 168487, 71426, 71426, 1408183429
453, 834130, 164085, 197461, 184623, 151777, 68092, 68092, 4154180919
454, 837245, 181521, 179817, 167238, 169001, 69834, 69834, 3507036277
452, 835520, 189286, 172166, 159978, 176632, 68729, 68729, 782944130
456, 835420, 181831, 177264, 164687, 169098, 71270, 71270, 1519067179
455, 831768, 186499, 169964, 157676, 173731, 71949, 71949, 3480562847
457, 834966, 159786, 199802, 186825, 147727, 70413, 70413, 2618335916
460, 834737, 155787, 198908, 185941, 143399, 75351, 75351, 1297536394
459, 835308, 170679, 182679, 169758, 158196, 76998, 76998, 826708996
461, 835822, 180204, 181559, 168539, 167360, 69080, 69080, 1013929075
458, 837717, 178354, 174105, 161682, 165858, 78859, 78859, 3349668302
462, 835802, 160087, 200129, 186627, 148137, 70411, 70411, 4251853600
465, 829361, 179341, 176632, 163989, 166397, 71501, 71501, 1780586119
464, 837747, 175647, 184609, 172239, 163620, 70816, 70816, 1133204920
463, 833344, 170879, 188039, 175148, 158328, 70475, 70475, 1143833523
467, 834217, 171279, 183924, 171379, 158567, 74534, 74534, 3803996995
468, 834026, 179875, 176083, 162852, 167068, 74074, 74074, 3159701697
466, 834382, 190025, 165780, 153515, 177388, 73837, 73837, 332782213
471, 836238, 188138, 169504, 156907, 175501, 73094, 73094, 3849957756
470, 834959, 166368, 194948, 181459, 154182, 69001, 69001, 1537701417
469, 834775, 179063, 177730, 165135, 166751, 73048, 73048, 2943600370
472, 838860, 170417, 185709, 173555, 158169, 75505, 75505, 2586791718
473, 838265, 186534, 173991, 161990, 174164, 70793, 70793, 2187217769
474, 836792, 177937, 180102, 168007, 165280, 72733, 72733, 1560514996
477, 835101, 194543, 162158, 150013, 181693, 73347, 73347, 1089628723
476, 835794, 177784, 180849, 168056, 165455, 71825, 71825, 2014700635
475, 833197, 189680, 168325, 155706, 177198, 71144, 71144, 1944219587
481, 835694, 179983, 174301, 161902, 167376, 76066, 76066, 885875623
478, 838072, 188298, 176580, 164471, 175425, 66649, 66649, 3961614080
483, 831374, 165287, 192973, 179920, 153010, 70092, 70092, 2359855319
479, 832150, 176614, 182810, 170059, 163797, 69435, 69435, 3774653893
484, 836654, 171516, 192887, 180094, 159635, 66261, 66261, 3805169069
480, 838652, 161097, 200260, 187460, 149333, 70251, 70251, 2636582754
485, 835412, 200978, 157806, 145755, 188107, 71383, 71383, 1574853815
482, 838226, 153953, 205800, 192608, 141963, 71951, 71951, 4081907706
486, 835627, 162833, 191621, 178945, 150518, 75855, 75855, 659238699
488, 834655, 187525, 170905, 158820, 174909, 71248, 71248, 1515305469
487, 836178, 179296, 180068, 168078, 166564, 71086, 71086, 3783163968
489, 834943, 170644, 187392, 175051, 158326, 71765, 71765, 4095376034
490, 831852, 195620, 165204, 152803, 182417, 67904, 67904, 3405494841
491, 835472, 195545, 164551, 152232, 182418, 70363, 70363, 2144050763
493, 834467, 189636, 171032, 158779, 176776, 69122, 69122, 1571314578
492, 831066, 181538, 175631, 162666, 168787, 71222, 71222, 1097521887
496, 833902, 173956, 183168, 170268, 161580, 72465, 72465, 2553284602
495, 837269, 166685, 192624, 180011, 154647, 71651, 71651, 3509790390
494, 836512, 189937, 174607, 161826, 176966, 66588, 66588, 2804627157
499, 834295, 210245, 151169, 139249, 196828, 68402, 68402, 3632380056
497, 835977, 180645, 181964, 169705, 167865, 67899, 67899, 3475311160
501, 831476, 180095, 174506, 162030, 167127, 73859, 73859, 3972245778
502, 833502, 174726, 179350, 167062, 161676, 75344, 75344, 3692717466
498, 837256, 175097, 185915, 173270, 162908, 70033, 70033, 3260771439
500, 835350, 181329, 176902, 164524, 168193, 72201, 72201, 2950152204
504, 834298, 184347, 173426, 161213, 171514, 71899, 71899, 3573146289
503, 836794, 170332, 187645, 175153, 158438, 72613, 72613, 97782181
505, 839407, 183372, 169746, 157712, 170789, 78894, 78894, 2380205846
507, 839413, 170707, 190966, 178333, 158565, 70421, 70421, 1447709562
506, 834813, 175939, 180532, 167589, 163661, 73546, 73546, 2606971680
508, 832188, 180754, 178266, 165385, 167969, 69907, 69907, 4161083591
509, 837176, 166043, 197261, 184207, 153923, 67871, 67871, 2659614817
510, 834691, 170671, 189595, 176391, 158406, 69814, 69814, 2619163677
511, 833488, 181767, 174884, 162579, 169178, 72540, 72540, 1907410189
513, 834974, 166204, 188492, 175869, 153809, 75300, 75300, 3843466061
514, 836220, 190554, 170088, 157893, 178051, 69817, 69817, 2374139804
516, 838070, 155034, 208041, 194920, 143385, 68345, 68345, 3897522743
515, 837766, 191114, 170875, 158422, 178381, 69487, 69487, 2532115705
520, 835900, 187496, 171384, 158989, 175225, 71403, 71403, 2552022520
519, 836124, 176000, 183060, 169956, 163402, 71853, 71853, 1303827413
517, 833852, 171405, 184493, 171788, 158938, 73614, 73614, 2094064531
518, 837280, 179904, 179243, 166399, 167710, 72012, 72012, 3241931119
512, 839720, 194489, 167217, 155081, 182331, 70301, 70301, 720157375
521, 835224, 179024, 178706, 165943, 166351, 72600, 72600, 1312955349
522, 835960, 188818, 167240, 154382, 176284, 74618, 74618, 3632061608
523, 834405, 175398, 181113, 168761, 162893, 73120, 73120, 3039280807
525, 837314, 198241, 163815, 151569, 185171, 69259, 69259, 1861438342
524, 839062, 181232, 180514, 168041, 168659, 70308, 70308, 697057830
526, 838500, 175682, 182758, 170392, 163622, 73023, 73023, 1589947974
528, 832797, 178713, 179420, 166709, 166013, 70971, 70971, 689921156
527, 832318, 165340, 189795, 176840, 152913, 73715, 73715, 2161280667
529, 833708, 187990, 172968, 160385, 174719, 68823, 68823, 2888616031
531, 835098, 183047, 176560, 164060, 170155, 70638, 70638, 1258763611
536, 834762, 199612, 162713, 150424, 186269, 67872, 67872, 3092876082
530, 835408, 181543, 179936, 167401, 168894, 68817, 68817, 2428199073
534, 831384, 194557, 163513, 151277, 181569, 70234, 70234, 3873883120
532, 837167, 175254, 187315, 174688, 163078, 68416, 68416, 1674707578
535, 839373, 189754, 170962, 158811, 176790, 71528, 71528, 4141186641
533, 839570, 185681, 176783, 164531, 172973, 69801, 69801, 482171673
537, 833796, 170364, 185370, 172913, 158193, 73478, 73478, 1962038584
538, 833286, 176346, 182743, 169901, 163744, 70276, 70276, 2239263684
539, 835356, 197863, 163221, 150544, 185066, 69331, 69331, 3313468000
541, 834272, 182822, 174532, 161922, 170220, 72388, 72388, 1881087387
540, 843601, 194882, 166561, 155092, 182464, 72301, 72301, 1712900075
542, 832368, 173989, 179606, 166690, 161587, 75248, 75248, 4058937018
543, 838340, 181106, 180671, 168253, 168508, 69901, 69901, 3230979344
544, 837473, 164526, 195814, 183135, 152176, 70911, 70911, 318358740
545, 834568, 181641, 178140, 165350, 168777, 70330, 70330, 3374483138
546, 836366, 149114, 211232, 198399, 137115, 70253, 70253, 2267519534
548, 831702, 165618, 191198, 177862, 152870, 72077, 72077, 2922224885
547, 832667, 175658, 180573, 167562, 163234, 72820, 72820, 1959740292
551, 833708, 181308, 174707, 162025, 167884, 73892, 73892, 3321927711
553, 832380, 168611, 183722, 170516, 156585, 76473, 76473, 2744969041
549, 837626, 185933, 168077, 155642, 173334, 77320, 77320, 1104341278
550, 835527, 160983, 199399, 186528, 149215, 69701, 69701, 3507710898
552, 834718, 186345, 174402, 161996, 173417, 69279, 69279, 2257031686
554, 837005, 163707, 191178, 178511, 151351, 76129, 76129, 4049845031
555, 836165, 174065, 187509, 174838, 162093, 68830, 68830, 833745674
556, 836258, 178370, 181166, 168949, 166045, 70864, 70864, 2362203608
557, 832379, 168068, 190849, 178138, 155316, 70004, 70004, 4091876366
559, 836909, 170102, 188952, 176436, 158205, 71607, 71607, 3681843154
558, 835899, 161016, 193626, 180733, 149382, 75571, 75571, 500767037
560, 836890, 174084, 188101, 175553, 161686, 68733, 68733, 2143754137
564, 833147, 177082, 182634, 169961, 164400, 69535, 69535, 4210571135
563, 834983, 185203, 175433, 163315, 172896, 69068, 69068, 2480955751
561, 836328, 193871, 163698, 151442, 181211, 73053, 73053, 2867999006
565, 831418, 187746, 166866, 154353, 174663, 73895, 73895, 3887203488
562, 833167, 166165, 189838, 176787, 153685, 73346, 73346, 3857671239
566, 831250, 180242, 176649, 163928, 167407, 71512, 71512, 1698198636
567, 832815, 187064, 171034, 158360, 173827, 71265, 71265, 3874404794
569, 835635, 165506, 194514, 181603, 152928, 70542, 70542, 1893444403
570, 837243, 168045, 190685, 178136, 155931, 72223, 72223, 2464983684
568, 831467, 195531, 160261, 147791, 181556, 73164, 73164, 1455985650
571, 839181, 194418, 162202, 150259, 181370, 75466, 75466, 867660515
572, 833212, 176992, 183414, 170760, 164444, 68801, 68801, 2554158371
573, 836215, 166049, 195259, 182576, 153711, 69310, 69310, 1963746498
574, 834936, 186808, 166604, 154721, 173909, 76447, 76447, 3806271491
575, 837354, 194551, 163394, 151232, 181717, 73230, 73230, 2473402011
576, 836166, 183768, 172620, 160396, 171424, 73979, 73979, 157032338
577, 830703, 174419, 179692, 166649, 161395, 74274, 74274, 557771107
581, 833328, 165809, 199065, 185737, 153319, 64699, 64699, 1272258163
578, 836883, 216006, 148344, 136842, 202469, 66611, 66611, 113066276
580, 834509, 174993, 180975, 168444, 162075, 74011, 74011, 2815138645
579, 833210, 173512, 183450, 170950, 160956, 72171, 72171, 353601492
584, 838620, 158375, 202683, 189774, 146658, 70565, 70565, 947574000
586, 836539, 169936, 187707, 175074, 157414, 73204, 73204, 1618199657
583, 837258, 171374, 188068, 175686, 159500, 71315, 71315, 205409016
585, 832840, 181296, 172249, 159749, 168594, 75476, 75476, 825233324
587, 836758, 152630, 212598, 199505, 140911, 65557, 65557, 2128829796
582, 839855, 174934, 190074, 177594, 162865, 67194, 67194, 1693524927
589, 837915, 164737, 195316, 182846, 152524, 71246, 71246, 2836758079
588, 837986, 179227, 183408, 170890, 166883, 68789, 68789, 3613201830
591, 837127, 177258, 179210, 166581, 165398, 74340, 74340, 2992138811
590, 835686, 180003, 177245, 164848, 167682, 72954, 72954, 1602990165
593, 835088, 203817, 158066, 145982, 191013, 68105, 68105, 4097441354
592, 836441, 179154, 177693, 165433, 166973, 73594, 73594, 3667647125
594, 836696, 186033, 169796, 157426, 173511, 74965, 74965, 755494427
595, 833829, 187456, 169141, 156183, 174665, 73192, 73192, 989208324
596, 835523, 187841, 167113, 154904, 175655, 75005, 75005, 3810090319
597, 836313, 169571, 186598, 174248, 156658, 74619, 74619, 1379193492
602, 840967, 204122, 157697, 145674, 191426, 71024, 71024, 2888811810
601, 833114, 175130, 184644, 171924, 162552, 69432, 69432, 3483381711
599, 836837, 181364, 180230, 168250, 168943, 69025, 69025, 4208906930
598, 838920, 173572, 185968, 173802, 160912, 72333, 72333, 2078447922
600, 835714, 177095, 186744, 173731, 164772, 66686, 66686, 3231243908
603, 833714, 171430, 189605, 176934, 159041, 68352, 68352, 3778757342
604, 835176, 177935, 182384, 169626, 165621, 69805, 69805, 4031786439
605, 835046, 187220, 171556, 158749, 174663, 71429, 71429, 4173841596
607, 836410, 164409, 194017, 181393, 152093, 72249, 72249, 1094930989
606, 840745, 176252, 185803, 173616, 164286, 70394, 70394, 157168538
608, 835834, 152842, 210629, 197406, 140611, 67173, 67173, 3032547488
609, 838036, 173243, 191955, 179219, 161375, 66122, 66122, 1747372809
610, 835853, 171604, 187402, 174839, 159222, 71393, 71393, 1429358859
612, 833574, 167146, 192331, 179495, 154600, 70001, 70001, 1456652091
613, 830882, 189590, 170955, 158036, 176245, 68028, 68028, 3304027516
611, 836326, 208885, 151467, 139809, 195969, 70098, 70098, 2212290500
614, 838318, 189312, 172524, 160608, 176930, 69472, 69472, 2105037540
615, 835303, 181586, 180595, 168437, 168525, 68080, 68080, 2143465952
618, 840020, 187071, 174104, 162048, 174665, 71066, 71066, 4064783637
621, 829014, 174589, 182032, 168861, 161480, 71026, 71026, 3801509775
616, 834901, 177694, 177894, 165659, 164802, 74426, 74426, 329768844
620, 838760, 174157, 185952, 173026, 161921, 71852, 71852, 2678221454
619, 836839, 177189, 180105, 167764, 164527, 73627, 73627, 406384170
617, 836870, 173361, 184955, 172237, 161369, 72474, 72474, 1649045172
622, 834662, 200026, 158734, 145885, 187347, 71335, 71335, 2091388502
623, 834414, 174293, 178340, 165775, 162006, 77000, 77000, 2175704919
624, 834908, 173238, 184410, 171497, 161011, 72376, 72376, 954672631
625, 835442, 181619, 175664, 163231, 168838, 73045, 73045, 2966192487
626, 836475, 178445, 180918, 168375, 166563, 71087, 71087, 2479566087
627, 833716, 184482, 175185, 162598, 171767, 69842, 69842, 3969291431
628, 835116, 172650, 184370, 171813, 160649, 72817, 72817, 53088775
629, 839087, 192729, 166564, 155029, 179949, 72408, 72408, 659153561
630, 836518, 185924, 174185, 161936, 173611, 70431, 70431, 4264889811
631, 831103, 178462, 176537, 164316, 165452, 73168, 73168, 3446815587
635, 835875, 160739, 198755, 185923, 148618, 70920, 70920, 629742866
633, 836544, 176506, 180788, 168535, 163831, 73442, 73442, 3240185778
632, 839598, 174341, 186397, 173887, 162071, 71451, 71451, 1990663196
634, 835148, 176118, 182830, 170400, 163560, 71120, 71120, 1733479118
639, 833764, 153720, 203615, 190462, 141337, 72315, 72315, 575829500
638, 835379, 168540, 193943, 180908, 155902, 68043, 68043, 1741386086
636, 833930, 188204, 171271, 158839, 175374, 70121, 70121, 2676524106
640, 835932, 179293, 182120, 169617, 167334, 68784, 68784, 1318973595
637, 832389, 176175, 181716, 169195, 163031, 71136, 71136, 394543949
641, 833637, 167024, 188658, 176040, 154421, 73747, 73747, 2626947956
642, 832448, 180557, 173091, 160580, 167122, 75549, 75549, 3489460060
643, 837144, 191022, 172358, 160173, 178437, 67577, 67577, 1015396979
644, 835852, 175537, 177837, 165271, 163111, 77048, 77048, 639799188
645, 837534, 161294, 200698, 187798, 148978, 69383, 69383, 718805997
646, 834952, 178822, 183056, 170555, 166277, 68121, 68121, 3817434704
647, 834806, 159801, 199508, 186663, 147584, 70625, 70625, 1484023527
650, 831947, 194229, 163021, 150377, 181362, 71479, 71479, 1265414764
648, 834968, 176984, 183115, 170798, 164861, 69605, 69605, 1252080125
649, 835840, 178317, 181319, 168930, 165820, 70727, 70727, 409755928
651, 838992, 173568, 180625, 168275, 161414, 77555, 77555, 368250413
653, 831486, 182960, 175046, 162356, 170186, 70469, 70469, 123927336
657, 836963, 193398, 169233, 156671, 180981, 68340, 68340, 1833737571
652, 837194, 187515, 175415, 163051, 174955, 68129, 68129, 1778305882
654, 837083, 184439, 168832, 156635, 171821, 77678, 77678, 677072269
655, 832908, 174901, 185692, 172884, 162105, 68663, 68663, 1013628140
656, 834650, 191712, 170522, 158326, 178892, 67599, 67599, 2376204531
658, 836439, 166170, 197483, 184875, 154031, 66940, 66940, 3838690540
659, 832473, 170461, 183090, 170248, 158152, 75261, 75261, 2901262799
661, 837600, 176275, 182333, 169716, 163782, 72747, 72747, 3781198922
660, 838193, 184784, 174069, 161854, 172122, 72682, 72682, 1238771042
662, 835900, 166763, 194967, 182734, 154334, 68551, 68551, 1697846207
663, 833040, 175026, 181799, 168750, 162413, 72526, 72526, 3086698846
665, 836355, 192492, 167722, 155646, 179535, 70480, 70480, 1208433196
664, 834752, 165676, 191827, 178958, 153061, 72615, 72615, 1841744201
666, 836326, 178270, 181395, 168919, 165994, 70874, 70874, 2836042808
671, 832766, 165782, 191225, 178363, 152758, 72319, 72319, 679630672
668, 837425, 158933, 203696, 191121, 146945, 68365, 68365, 3470959994
667, 834552, 193591, 169966, 157381, 180528, 66543, 66543, 3276512516
669, 834640, 187125, 174334, 161991, 174534, 68328, 68328, 3109782422
672, 834074, 185440, 173551, 160917, 172814, 70676, 70676, 3379157195
673, 834095, 173047, 184875, 172231, 160662, 71640, 71640, 1430521967
670, 836545, 194138, 164023, 151912, 181852, 72310, 72310, 3596152529
675, 836609, 172808, 185369, 172591, 160143, 72849, 72849, 3426829567
674, 831997, 171061, 186117, 173109, 158460, 71625, 71625, 1471987045
676, 834718, 156883, 200859, 187924, 144814, 72119, 72119, 93083257
677, 834059, 177725, 176514, 163881, 164857, 75541, 75541, 2585734133
678, 833748, 184306, 173876, 161410, 171872, 71142, 71142, 955342682
680, 833733, 177889, 177490, 164826, 165054, 74237, 74237, 1841309965
681, 833987, 185030, 171954, 160120, 172101, 72391, 72391, 2630970184
682, 835749, 189931, 165608, 153173, 177319, 74859, 74859, 2411891968
679, 837052, 177136, 180336, 167724, 164886, 73485, 73485, 4090110439
683, 834003, 176780, 179928, 167019, 164170, 73053, 73053, 683703789
686, 833095, 175417, 184419, 171299, 162802, 69579, 69579, 3352760274
685, 838623, 169924, 194610, 181979, 157708, 67201, 67201, 1416224273
687, 835936, 181138, 176992, 164577, 168451, 72389, 72389, 4054819308
684, 836571, 166388, 195445, 182567, 154211, 68980, 68980, 1145970064
688, 833362, 177019, 183024, 170710, 164277, 69166, 69166, 2603510944
691, 833580, 179137, 181727, 169183, 166467, 68533, 68533, 3962035539
689, 836183, 172299, 182962, 170561, 160157, 75102, 75102, 2296179068
690, 833314, 193893, 161831, 149817, 180689, 73542, 73542, 3563643538
692, 837564, 178582, 186763, 174285, 165826, 66054, 66054, 727701006
693, 832753, 163638, 183404, 170788, 151091, 81916, 81916, 436819348
695, 830537, 172832, 181226, 168053, 160054, 74186, 74186, 3085512271
696, 836768, 200274, 160978, 148661, 187613, 69621, 69621, 4095542036
694, 832013, 195558, 162886, 150289, 182228, 70526, 70526, 1166669465
699, 833127, 178027, 176928, 164066, 165294, 74406, 74406, 1399169223
698, 837412, 175052, 186522, 174226, 162486, 69563, 69563, 4245506128
700, 834467, 178855, 176459, 163977, 166130, 74523, 74523, 159132406
697, 835421, 187029, 169030, 156694, 174668, 74000, 74000, 326241968
702, 839693, 189697, 172685, 160529, 177424, 69679, 69679, 2810629497
703, 839059, 173403, 187519, 175169, 160998, 70985, 70985, 2272428791
701, 832737, 202215, 157779, 144950, 189051, 69371, 69371, 3117537129
704, 835303, 165030, 189912, 177509, 153104, 74874, 74874, 3577484791
706, 834747, 163946, 195097, 182216, 151204, 71142, 71142, 3040360975
705, 832822, 181682, 178253, 165824, 169097, 68983, 68983, 2743124288
707, 835374, 182917, 177922, 165191, 170166, 69589, 69589, 895822294
708, 837213, 172074, 187430, 174909, 159506, 71647, 71647, 3701663589
709, 835124, 183164, 176581, 163743, 170440, 70598, 70598, 689855260
710, 830888, 170932, 183905, 171284, 158009, 73379, 73379, 737833085
711, 836591, 168983, 190042, 177466, 156968, 71566, 71566, 1960054220
712, 840425, 183447, 176657, 164863, 170916, 72271, 72271, 55194948
713, 833501, 158330, 192923, 180085, 146143, 78010, 78010, 4072856872
716, 832120, 179242, 179079, 166055, 166758, 70493, 70493, 2186952476
714, 834487, 173981, 180999, 168395, 161194, 74959, 74959, 282191637
715, 835788, 192919, 168412, 156198, 180349, 68955, 68955, 3598180541
718, 834308, 182274, 176102, 163773, 169261, 71449, 71449, 4015200996
717, 831341, 185304, 175874, 163283, 172308, 67286, 67286, 3010581358
723, 835876, 159699, 202730, 189586, 147423, 68219, 68219, 1595579619
721, 833869, 191696, 168280, 156074, 178653, 69583, 69583, 3708034693
719, 832818, 177584, 171902, 159153, 165037, 79571, 79571, 1908370216
722, 833747, 187273, 166009, 153688, 174623, 76077, 76077, 1831427796
720, 837137, 194306, 164722, 152512, 181433, 72082, 72082, 1650748747
725, 839466, 184596, 174613, 162526, 172049, 72841, 72841, 263453344
724, 837937, 197048, 162395, 150083, 184485, 71963, 71963, 1973198610
726, 839495, 178477, 183946, 171582, 166116, 69687, 69687, 1602222098
727, 838209, 186241, 171557, 158787, 173728, 73948, 73948, 2761807298
728, 833206, 174019, 183275, 170377, 161429, 72053, 72053, 1726716220
729, 835250, 193229, 164047, 151341, 180339, 73147, 73147, 3090723249
732, 836179, 175299, 187982, 175489, 163003, 67203, 67203, 3674290620
730, 836858, 196925, 160829, 149033, 183779, 73146, 73146, 3166755342
734, 834113, 184209, 175550, 163315, 171343, 69848, 69848, 631762169
733, 836976, 182896, 176725, 164246, 170571, 71269, 71269, 1633939735
731, 835418, 173339, 183688, 171222, 161015, 73077, 73077, 1677703623
735, 833434, 173769, 174867, 162620, 161416, 80381, 80381, 1635739855
736, 833895, 182072, 175995, 163707, 168961, 71580, 71580, 3768596190
738, 834102, 180432, 177224, 164614, 167966, 71933, 71933, 1050095454
737, 835665, 181171, 177239, 164988, 167967, 72150, 72150, 505985585
741, 835242, 189666, 170986, 158807, 176773, 69505, 69505, 1907760261
739, 835161, 170752, 189612, 177016, 157921, 69930, 69930, 932538320
740, 835768, 192679, 164729, 152456, 180000, 72952, 72952, 3806033420
743, 836266, 180752, 180944, 168536, 168444, 68795, 68795, 959698529
744, 836698, 172332, 191213, 178506, 160227, 67210, 67210, 1434260327
742, 833408, 208580, 150560, 138787, 195393, 70044, 70044, 345879621
745, 835751, 177843, 180835, 168385, 165422, 71633, 71633, 1437543166
748, 837740, 158209, 202148, 189226, 145687, 71235, 71235, 2960864257
747, 832956, 169415, 187047, 174505, 156595, 72697, 72697, 3678389119
746, 832516, 173064, 185220, 172361, 160399, 70736, 70736, 3266094241
749, 837759, 161341, 203637, 190370, 149549, 66431, 66431, 4175477341
750, 834118, 179166, 183755, 171208, 166483, 66753, 66753, 2677378051
751, 835531, 157232, 202303, 189637, 145199, 70580, 70580, 3900323344
753, 837104, 162496, 198683, 186237, 149976, 69856, 69856, 3966548029
755, 836816, 189507, 169309, 156890, 176464, 72323, 72323, 400028893
757, 833431, 173817, 181357, 168799, 161078, 74190, 74190, 2449699442
754, 834675, 174704, 182604, 170162, 162341, 72432, 72432, 3916176500
756, 837799, 170866, 187470, 174885, 158462, 73058, 73058, 1636250128
752, 835771, 170486, 185477, 172659, 157959, 74595, 74595, 4129992944
758, 835278, 163592, 197482, 184324, 151672, 69104, 69104, 1187395498
760, 837672, 181817, 180096, 167446, 169379, 69467, 69467, 2863016071
761, 835270, 160153, 197124, 184460, 148161, 72686, 72686, 2140731595
759, 835208, 174394, 177047, 164471, 161862, 78717, 78717, 2064568879
762, 833589, 191766, 168083, 155472, 179150, 69559, 69559, 318333932
766, 832506, 196350, 166052, 153077, 183449, 66789, 66789, 1431282809
765, 838185, 176935, 180931, 168540, 165171, 73304, 73304, 2132172918
763, 837639, 182242, 177432, 164656, 169543, 71883, 71883, 2384435206
764, 836958, 196984, 163939, 151830, 183727, 70239, 70239, 214824864
767, 831319, 185185, 172376, 159746, 172328, 70842, 70842, 2076661958
772, 838803, 166965, 193697, 180920, 154795, 71213, 71213, 4180925895
770, 838606, 181256, 177277, 165080, 168993, 73000, 73000, 3037253697
768, 834175, 178938, 179533, 167170, 166370, 71082, 71082, 1489152026
769, 836720, 180487, 177640, 165068, 168129, 72698, 72698, 1340409541
771, 835046, 160365, 193275, 180247, 148345, 76407, 76407, 999716024
773, 834879, 197399, 156780, 144922, 184466, 75656, 75656, 1619154075
774, 832038, 162035, 196963, 183886, 149328, 69913, 69913, 3857761875
776, 836383, 182890, 181132, 168463, 169960, 66969, 66969, 2108568007
775, 836657, 198018, 168126, 155869, 184788, 64928, 64928, 3400361999
777, 835876, 190552, 171094, 158994, 177890, 68673, 68673, 339809167
779, 833673, 181364, 178516, 165639, 168314, 69920, 69920, 3958517220
778, 835773, 169477, 192282, 179608, 156990, 68708, 68708, 2419682758
780, 832685, 182355, 172668, 160064, 169568, 74015, 74015, 1919319671
782, 833603, 173006, 182749, 170083, 160501, 73632, 73632, 1239336303
781, 836827, 171388, 184532, 171942, 159131, 74917, 74917, 4209054287
785, 834353, 167592, 195483, 182799, 155363, 66558, 66558, 581081181
783, 836764, 162970, 194543, 182323, 150908, 73010, 73010, 752078125
784, 836586, 186511, 166760, 154524, 173293, 77749, 77749, 2286927445
786, 836798, 203325, 156144, 143848, 190441, 71520, 71520, 2940002847
787, 835672, 178573, 176405, 164079, 166413, 75101, 75101, 2575732765
789, 831827, 189560, 166990, 154444, 175951, 72441, 72441, 1160442937
788, 839771, 187499, 176579, 164210, 175085, 68199, 68199, 234790215
790, 839229, 176668, 182854, 170024, 164165, 72759, 72759, 4210668576
793, 832523, 188383, 171490, 159120, 175512, 69009, 69009, 3253169074
791, 833185, 187580, 171069, 158811, 174855, 70435, 70435, 1663317981
792, 835191, 172228, 189311, 176553, 159319, 68890, 68890, 1252414772
794, 835742, 189166, 172534, 159705, 176549, 68894, 68894, 3880070141
795, 836108, 175099, 178105, 165809, 162807, 77144, 77144, 2649021861
796, 833190, 203559, 156001, 143828, 190552, 69625, 69625, 1668750961
800, 830289, 170511, 190183, 177175, 157864, 67278, 67278, 3683267266
797, 835521, 180807, 175973, 163546, 168279, 73458, 73458, 1395984535
798, 839429, 188256, 172362, 160411, 175766, 71317, 71317, 2293254337
799, 835133, 192740, 165764, 153590, 179833, 71603, 71603, 2739352852
801, 837991, 175716, 183741, 171378, 163588, 71784, 71784, 1062847323
802, 835850, 175538, 176994, 164692, 162966, 77830, 77830, 2896996961
804, 835213, 165756, 194834, 182012, 153501, 69555, 69555, 310873978
805, 834533, 172116, 184864, 171839, 159472, 73121, 73121, 2069775026
803, 835023, 184527, 174353, 162068, 171761, 71157, 71157, 2383711282
807, 831365, 192740, 165458, 153308, 179853, 70003, 70003, 4197911520
806, 837402, 205163, 156326, 144132, 192173, 69804, 69804, 2689799958
808, 836731, 182326, 176400, 163934, 170065, 72003, 72003, 2840811589
809, 836947, 169403, 187099, 174649, 156956, 74420, 74420, 2013410744
810, 839074, 167955, 192175, 179787, 156067, 71545, 71545, 2261226033
811, 836485, 204865, 154898, 142672, 192118, 70966, 70966, 2235838417
812, 838418, 173445, 186065, 173649, 161015, 72122, 72122, 3972937316
815, 836229, 171108, 190318, 177173, 158780, 69425, 69425, 3273220709
813, 835980, 182447, 176392, 163889, 169886, 71683, 71683, 2380780338
816, 834110, 186670, 169110, 157176, 173856, 73649, 73649, 3667101903
814, 834748, 174284, 184563, 172085, 161490, 71163, 71163, 2736857919
817, 834199, 165197, 192853, 179687, 152888, 71787, 71787, 3284754392
818, 836361, 185977, 173814, 161764, 172818, 70994, 70994, 2698578005
819, 836741, 162870, 191026, 178851, 150670, 76662, 76662, 1084536985
820, 834028, 172971, 184546, 171449, 160294, 72384, 72384, 2115280753
823, 835295, 204469, 155079, 143427, 191550, 70385, 70385, 3590861001
821, 834541, 167020, 187559, 174779, 154413, 75385, 75385, 771951155
822, 833521, 200756, 157647, 145104, 187264, 71375, 71375, 1321937483
825, 841341, 195563, 172598, 160516, 183086, 64789, 64789, 2597395841
824, 834860, 184322, 169481, 157036, 171483, 76269, 76269, 2439408904
826, 839466, 183012, 174813, 162723, 170680, 74119, 74119, 177554544
827, 834219, 182303, 177483, 165044, 169335, 70027, 70027, 3539634001
829, 836248, 184276, 168418, 156109, 171383, 78031, 78031, 1199332451
828, 832849, 183293, 169430, 156979, 170729, 76209, 76209, 3635487725
830, 834186, 172976, 183902, 171472, 160546, 72645, 72645, 2470948191
831, 833129, 172653, 181665, 169129, 159874, 74904, 74904, 633794600
832, 837156, 168831, 185528, 173183, 156512, 76551, 76551, 2657729163
833, 835031, 166509, 192121, 179425, 154638, 71169, 71169, 1913371209
834, 837469, 186108, 175014, 162557, 173454, 70168, 70168, 574072182
835, 839071, 176578, 183894, 171558, 164243, 71399, 71399, 2769184150
836, 834773, 191284, 169259, 157537, 178111, 69291, 69291, 2613829865
840, 834142, 204164, 157315, 145078, 191525, 68030, 68030, 3035269633
838, 835329, 170703, 187645, 175121, 158142, 71859, 71859, 3440853651
837, 832754, 190441, 166370, 153736, 177363, 72422, 72422, 2386487486
839, 835965, 178019, 180559, 168223, 165310, 71927, 71927, 1278230982
841, 836069, 173345, 184182, 171856, 161234, 72726, 72726, 83786450
842, 832413, 176971, 178619, 165665, 164524, 73317, 73317, 422002349
843, 834328, 183136, 171893, 159392, 170551, 74678, 74678, 112820960
844, 836944, 156782, 198989, 186480, 144459, 75117, 75117, 3317182098
845, 836830, 188507, 172282, 159980, 175825, 70118, 70118, 2373068180
846, 834867, 188028, 171980, 159522, 175383, 69977, 69977, 1872755994
847, 839391, 165337, 194424, 181778, 153424, 72214, 72214, 3947414714
849, 835628, 175762, 180018, 167538, 163572, 74369, 74369, 2885246807
848, 836074, 186238, 173683, 161633, 174180, 70170, 70170, 506662625
850, 833604, 182752, 172218, 160099, 169525, 74505, 74505, 305579255
852, 837067, 173177, 190331, 177582, 160645, 67666, 67666, 480763593
851, 833226, 187310, 170741, 158251, 174546, 71189, 71189, 631000472
856, 834776, 157795, 201302, 187985, 145862, 70916, 70916, 3065425281
853, 835475, 174976, 179851, 167477, 162755, 75208, 75208, 1663286463
855, 831682, 166705, 189367, 176331, 154415, 72432, 72432, 4148225502
858, 833333, 182986, 169967, 157169, 170127, 76542, 76542, 2275062602
857, 830698, 194856, 157615, 145342, 181393, 75746, 75746, 3667833367
854, 835774, 188997, 171640, 159291, 176302, 69772, 69772, 446812298
859, 838856, 173302, 183527, 171167, 161140, 74860, 74860, 1926678190
860, 836208, 178795, 180066, 167918, 166205, 71612, 71612, 114187499
861, 835741, 162524, 194489, 181625, 149815, 73644, 73644, 3258227433
862, 833632, 160560, 193661, 180494, 148457, 75230, 75230, 1346935939
863, 836640, 191612, 169513, 156845, 179136, 69767, 69767, 2465528461
864, 834884, 164120, 193119, 180046, 151995, 72802, 72802, 4070343677
865, 834939, 176757, 180549, 167873, 164448, 72656, 72656, 2334906234
866, 838140, 188068, 174703, 162482, 175673, 68607, 68607, 1957655815
867, 835002, 184571, 171860, 159402, 172227, 73471, 73471, 1250375833
869, 835689, 186993, 167346, 154915, 174365, 76035, 76035, 360111112
868, 832271, 192804, 163552, 150959, 180134, 72411, 72411, 384968427
871, 834011, 188301, 171501, 159061, 175864, 69642, 69642, 1616864414
870, 831901, 203203, 154753, 142654, 190171, 70560, 70560, 1498344366
873, 836161, 166078, 195751, 183343, 154033, 68478, 68478, 312224909
872, 837802, 168862, 187454, 174832, 156602, 75026, 75026, 2700910235
874, 834367, 173088, 188320, 175685, 160638, 68318, 68318, 1474078765
875, 834894, 161997, 191455, 178857, 149997, 76294, 76294, 2651423413
877, 837347, 192896, 168527, 156126, 180562, 69618, 69618, 454141821
876, 836128, 201498, 159221, 147173, 188668, 69784, 69784, 3637379595
878, 836822, 194676, 166823, 154701, 182202, 69210, 69210, 2935625477
880, 834965, 186774, 169221, 156563, 174371, 74018, 74018, 3475250959
879, 840706, 204810, 159333, 147430, 192269, 68432, 68432, 2090250856
881, 834719, 183763, 173790, 161255, 171069, 72421, 72421, 306239114
883, 835317, 171458, 181531, 168877, 159137, 77157, 77157, 189119777
882, 837707, 174648, 182139, 169851, 162625, 74222, 74222, 1974172702
884, 836143, 198404, 159830, 147609, 185542, 72379, 72379, 2776344926
885, 835860, 168114, 190323, 177254, 156047, 72061, 72061, 2208842428
886, 833800, 180475, 173637, 161175, 167513, 75500, 75500, 1274386752
887, 834999, 182808, 177415, 164795, 170025, 69978, 69978, 3657964110
888, 838166, 166533, 197916, 185004, 154517, 67098, 67098, 419377272
890, 833315, 186009, 171244, 158714, 173562, 71893, 71893, 745218745
889, 831321, 185527, 172825, 160808, 172451, 69855, 69855, 3563613599
893, 834874, 167696, 186042, 173170, 155532, 76217, 76217, 67615376
892, 835116, 191309, 167180, 154299, 178646, 71841, 71841, 3334469657
891, 838996, 162123, 195151, 182563, 150003, 74578, 74578, 3374461191
894, 836104, 175109, 187273, 174913, 163201, 67804, 67804, 3272519946
895, 834464, 181394, 179347, 166998, 168803, 68961, 68961, 3123104434
897, 835585, 177914, 183805, 170781, 165423, 68831, 68831, 2553466965
896, 834347, 175486, 184199, 171151, 162653, 70429, 70429, 1049379508
898, 836666, 161260, 198160, 185124, 149342, 71390, 71390, 1208055012
899, 838409, 167131, 185603, 173098, 155051, 78763, 78763, 3854630862
900, 835238, 181114, 177581, 164918, 168221, 71702, 71702, 350865940
901, 834066, 165190, 196211, 183182, 152621, 68431, 68431, 245455469
903, 835774, 173477, 185560, 173148, 160849, 71370, 71370, 634866491
902, 837316, 180153, 184741, 172313, 168211, 65949, 65949, 2814207766
904, 835059, 193936, 159418, 146960, 181173, 76786, 76786, 1089802253
906, 829485, 189773, 167408, 155000, 176540, 70382, 70382, 2901345444
907, 835561, 186710, 174426, 162088, 174159, 69089, 69089, 2543000398
905, 835431, 180900, 180098, 167519, 168170, 69372, 69372, 3836687821
908, 833979, 183100, 174594, 162020, 170469, 71898, 71898, 2467213901
910, 834302, 182934, 171983, 159358, 170709, 74659, 74659, 2358033833
909, 836679, 179176, 179269, 167414, 166388, 72216, 72216, 2921714897
912, 830784, 187021, 169370, 156882, 173809, 71851, 71851, 1389915475
911, 835881, 166158, 191858, 179731, 153982, 72076, 72076, 3769243271
913, 832963, 180798, 172861, 160064, 168240, 75500, 75500, 2573736519
915, 835524, 179809, 180426, 168063, 166892, 70167, 70167, 1226287133
914, 834132, 197238, 161733, 149953, 184108, 70550, 70550, 3160255948
916, 835518, 176867, 182385, 169675, 164495, 71048, 71048, 635475980
918, 837823, 187050, 175397, 162943, 174861, 68786, 68786, 2553465304
920, 833152, 171177, 187426, 174292, 159061, 70598, 70598, 3013791014
917, 836017, 183915, 176604, 164139, 171167, 70096, 70096, 2180443847
919, 837479, 194483, 163389, 151725, 181110, 73386, 73386, 1584165112
922, 835396, 180769, 176489, 163870, 168142, 73063, 73063, 552733498
921, 838331, 189128, 170072, 158290, 176177, 72332, 72332, 47447232
924, 834952, 169894, 189266, 176787, 157561, 70722, 70722, 53891363
923, 834173, 187880, 166416, 154416, 174595, 75433, 75433, 1656393329
926, 836515, 195826, 164714, 152701, 183410, 69932, 69932, 3234496299
925, 834167, 185441, 170296, 157600, 172690, 74070, 74070, 822767731
928, 836877, 183439, 177193, 164893, 170424, 70464, 70464, 1268711762
927, 832544, 169669, 187900, 174872, 156955, 71574, 71574, 4292063678
930, 836317, 178120, 177651, 165058, 165972, 74758, 74758, 1890258869
929, 836182, 171741, 192212, 179389, 159384, 66728, 66728, 2932564345
931, 838144, 176175, 181323, 169084, 163336, 74113, 74113, 3300120437
933, 835261, 171537, 184773, 172022, 159009, 73960, 73960, 3012263341
932, 837988, 195711, 161262, 149395, 183130, 74245, 74245, 2770403764
935, 830975, 172945, 184337, 171596, 160465, 70816, 70816, 3384588925
934, 840112, 188671, 176333, 164221, 176183, 67352, 67352, 230978141
936, 836170, 160041, 197737, 184725, 147743, 72962, 72962, 2089350867
938, 837416, 179661, 179991, 167807, 167201, 71378, 71378, 259064257
937, 834906, 182846, 179312, 166792, 170084, 67936, 67936, 2337511966
941, 835409, 172995, 190399, 178101, 160594, 66660, 66660, 3154962434
939, 837939, 186950, 170723, 158689, 174551, 73513, 73513, 2694746083
940, 835613, 193335, 160481, 148166, 180619, 76506, 76506, 3635467566
942, 834028, 180440, 179582, 167065, 168057, 69442, 69442, 3472779269
943, 835330, 178751, 177734, 164518, 166443, 73942, 73942, 4185635178
945, 835311, 166282, 195759, 183091, 153859, 68160, 68160, 1602317226
944, 834869, 204509, 153966, 142255, 191065, 71537, 71537, 2404202902
946, 837496, 195095, 162656, 150749, 182210, 73393, 73393, 2271891906
947, 833958, 177864, 179370, 166893, 165191, 72320, 72320, 3529197121
949, 832964, 175892, 177694, 165125, 162935, 75659, 75659, 2405302204
951, 833364, 196117, 163105, 150510, 182634, 70499, 70499, 1784228730
948, 837064, 216127, 148491, 136545, 202853, 66524, 66524, 3149987746
950, 838608, 184703, 174582, 162276, 172849, 72099, 72099, 3911142415
953, 833449, 199091, 155905, 143861, 186308, 74142, 74142, 2042532132
952, 834736, 180104, 179903, 167408, 167429, 69946, 69946, 4044698202
954, 835990, 191874, 167327, 155003, 178988, 71399, 71399, 1193739805
955, 833942, 175987, 180522, 167922, 163613, 72949, 72949, 583306255
956, 833086, 169071, 190007, 176938, 156494, 70288, 70288, 1906164283
957, 837063, 190466, 170258, 158238, 177561, 70270, 70270, 382053901
958, 840503, 178956, 179152, 166934, 166789, 74336, 74336, 3413585832
961, 832839, 175017, 180497, 167884, 162347, 73547, 73547, 2867284802
960, 837240, 172094, 192198, 179555, 159719, 66837, 66837, 1496169717
959, 834851, 193391, 171382, 158845, 180701, 65266, 65266, 3107081347
963, 832574, 175364, 182516, 169590, 163004, 71050, 71050, 1202625806
962, 836753, 177421, 185034, 172272, 164610, 68708, 68708, 2460402921
966, 833932, 163359, 188865, 176020, 150986, 77351, 77351, 1816690952
965, 836622, 192463, 168162, 156209, 179790, 69999, 69999, 2099351767
964, 836668, 193939, 166185, 154119, 181323, 70551, 70551, 3405768575
967, 837743, 182299, 174583, 162245, 169966, 74325, 74325, 3499966532
968, 835029, 195178, 162672, 150857, 182088, 72117, 72117, 3850111731
969, 837243, 150957, 208342, 195484, 139154, 71653, 71653, 1031008892
971, 837480, 185936, 179292, 166651, 173399, 66101, 66101, 1838276154
972, 834187, 185894, 171876, 159381, 173094, 71971, 71971, 535405454
970, 834446, 173735, 182177, 169400, 161736, 73699, 73699, 1699664943
974, 833511, 172810, 185605, 173085, 159913, 71049, 71049, 2283528415
975, 836650, 166312, 189997, 177407, 154070, 74432, 74432, 1691094390
978, 833758, 186743, 168318, 155502, 173925, 74635, 74635, 4124293967
976, 836191, 208628, 154366, 142485, 195536, 67588, 67588, 2271727958
977, 836397, 160308, 200183, 187410, 148412, 70042, 70042, 2407194568
979, 833931, 180178, 175156, 162768, 168031, 73899, 73899, 163681025
973, 839811, 191416, 167119, 154780, 178958, 73769, 73769, 1420996374
980, 833234, 173581, 184755, 171894, 160918, 71043, 71043, 843111623
982, 837753, 178860, 182048, 169303, 166504, 70519, 70519, 2613745058
981, 838833, 201512, 157877, 145666, 189030, 72374, 72374, 3486028916
983, 838022, 191171, 170296, 158419, 178598, 69769, 69769, 905145134
984, 837672, 169213, 192212, 179526, 156783, 69969, 69969, 1472693798
986, 836410, 176911, 181194, 168708, 164785, 72406, 72406, 2212641239
985, 839878, 179022, 182409, 169964, 166585, 70949, 70949, 2209281427
988, 837432, 172725, 190109, 177202, 160074, 68661, 68661, 1971385874
987, 835260, 182731, 171547, 158973, 170623, 75693, 75693, 2390334411
992, 838253, 174506, 187684, 175329, 161936, 69399, 69399, 1606324070
990, 834314, 178379, 182469, 169988, 165578, 68950, 68950, 2828936452
991, 836546, 189959, 169491, 157201, 177489, 71203, 71203, 4111113771
993, 835903, 178504, 178601, 166074, 165798, 73463, 73463, 3248886765
989, 837752, 179398, 176668, 164055, 167335, 75148, 75148, 4217212396
994, 838287, 190617, 172477, 160323, 177882, 68494, 68494, 1903701865
995, 837684, 172032, 191465, 178681, 159658, 67924, 67924, 2004341502
997, 831340, 172146, 184052, 170953, 159191, 72499, 72499, 228906719
996, 837469, 178298, 183807, 171039, 165913, 69206, 69206, 2673238861
998, 836059, 188070, 168460, 156127, 175388, 74007, 74007, 20364677
999, 838206, 177468, 183229, 171004, 164881, 70812, 70812, 3798629024
