sample_id, N_LCC, N_A_1_LCC, N_B_1_LCC, N_A_0_LCC, N_B_0_LCC, N_A_*_LCC, N_B_*_LCC, seed
3, 3459127, 745103, 929368, 928162, 744058, 56218, 56218, 1676661326
9, 3456957, 506202, 1167001, 1165736, 505362, 56328, 56328, 1029606980
4, 3459369, 362139, 1260555, 1259549, 361230, 107948, 107948, 399091668
11, 3455664, 635206, 993789, 992707, 634318, 99822, 99822, 3813233137
6, 3455815, 1004450, 665107, 664187, 1003253, 59409, 59409, 3974705098
12, 3457886, 740376, 916550, 915612, 739332, 73008, 73008, 994401515
10, 3456888, 1035959, 636604, 635727, 1034772, 56913, 56913, 2990612290
13, 3456906, 989090, 685776, 684902, 988094, 54522, 54522, 2183126440
5, 3455780, 1191263, 469571, 468580, 1190102, 68132, 68132, 3339386367
0, 3458261, 486669, 818929, 817955, 485844, 424432, 424432, 3921999053
2, 3458950, 858359, 671039, 669928, 857220, 201202, 201202, 3529104278
1, 3458002, 706217, 954308, 953402, 705295, 69390, 69390, 1058647406
8, 3457485, 380572, 1069263, 1068205, 379761, 279842, 279842, 2522974220
7, 3458240, 1247020, 378448, 377562, 1245810, 104700, 104700, 2003980682
19, 3455477, 319029, 1351362, 1350171, 318147, 58384, 58384, 2507959311
14, 3457252, 974173, 693716, 692850, 973125, 61694, 61694, 4060412177
21, 3458204, 629136, 1040076, 1038990, 628060, 60971, 60971, 2705183393
16, 3452891, 1644641, 44488, 43876, 1643424, 38231, 38231, 690453978
18, 3456923, 822273, 845929, 844732, 821335, 61327, 61327, 2369837380
23, 3460332, 1251835, 406393, 405424, 1250358, 73161, 73161, 4199900151
22, 3459091, 851462, 796892, 796059, 850370, 82154, 82154, 3488168060
15, 3459956, 835310, 831723, 830867, 834182, 63937, 63937, 1309589660
17, 3455767, 820116, 855277, 854308, 819090, 53488, 53488, 3891846189
24, 3458423, 968825, 703588, 702708, 967722, 57790, 57790, 2161545097
20, 3457765, 753737, 884747, 883776, 752941, 91282, 91282, 2572077941
25, 3461637, 933903, 711451, 710544, 932909, 86415, 86415, 3643210613
27, 3456387, 818526, 849267, 848164, 817526, 61452, 61452, 1990831876
26, 3458403, 917788, 724187, 723228, 916838, 88181, 88181, 2198696279
29, 3459342, 374365, 1288892, 1287694, 373479, 67456, 67456, 403670467
28, 3455218, 604752, 1039333, 1038285, 603842, 84503, 84503, 120843894
30, 3455623, 748852, 923009, 921736, 747688, 57169, 57169, 72563316
32, 3455046, 377126, 1275447, 1274207, 376202, 76032, 76032, 3179445115
33, 3459311, 821359, 816458, 815464, 820208, 92911, 92911, 1780157825
38, 3456595, 382593, 1266630, 1265343, 381683, 80173, 80173, 961812207
31, 3457204, 1152417, 503076, 502015, 1151338, 74179, 74179, 3920588226
34, 3456212, 695461, 916910, 915799, 694538, 116752, 116752, 4093860141
40, 3459380, 963202, 707241, 705993, 962018, 60463, 60463, 4110579191
36, 3458070, 935483, 721742, 720662, 934435, 72874, 72874, 4214544826
37, 3460621, 1282949, 349070, 348351, 1281845, 99203, 99203, 2738338534
39, 3455617, 798354, 856758, 855735, 797338, 73716, 73716, 4144366770
35, 3457184, 726336, 939193, 938163, 725380, 64056, 64056, 1421700251
41, 3457712, 930285, 729462, 728426, 929289, 70125, 70125, 3844072321
43, 3458079, 503463, 1166722, 1165464, 502512, 59959, 59959, 1298604568
44, 3458423, 214463, 1465524, 1464237, 213687, 50256, 50256, 3478176317
48, 3460228, 720529, 942007, 940951, 719563, 68589, 68589, 3157963574
42, 3459281, 1084778, 569213, 568237, 1083957, 76548, 76548, 3854657743
45, 3459208, 945224, 705562, 704476, 944212, 79867, 79867, 172923012
46, 3457022, 879437, 790960, 789937, 878508, 59090, 59090, 2781078528
47, 3456454, 827870, 834950, 834072, 826908, 66327, 66327, 2595796491
49, 3458036, 566722, 1101231, 1100193, 565746, 62072, 62072, 3577794242
53, 3460266, 706177, 968200, 967070, 705075, 56872, 56872, 3435689639
50, 3456804, 395936, 1275478, 1274346, 395110, 57967, 57967, 275325101
51, 3460477, 966766, 707367, 706425, 965603, 57158, 57158, 1200656586
54, 3458694, 939946, 739066, 738237, 939039, 51203, 51203, 3570401084
52, 3459312, 804599, 856726, 855482, 803341, 69582, 69582, 3461263394
55, 3458337, 1152701, 525794, 524794, 1151404, 51822, 51822, 79763207
56, 3458207, 953390, 685256, 684220, 952383, 91479, 91479, 3490892768
59, 3455420, 601760, 987171, 985847, 600476, 140083, 140083, 367706326
58, 3455553, 928383, 736954, 735898, 927188, 63565, 63565, 1731857318
60, 3457245, 531230, 1132068, 1131028, 530257, 66331, 66331, 2848923062
64, 3458249, 633490, 999616, 998505, 632396, 97121, 97121, 3871762849
63, 3454795, 862020, 796456, 795229, 860758, 70166, 70166, 1184938936
66, 3458579, 315989, 1365061, 1363735, 315168, 49313, 49313, 2534538892
65, 3458710, 948359, 711872, 710804, 947317, 70179, 70179, 1092012066
57, 3457491, 1188185, 477696, 476992, 1187150, 63734, 63734, 2303572463
62, 3459815, 1442966, 234075, 233350, 1441566, 53929, 53929, 20889632
68, 3457144, 618340, 1014402, 1013405, 617487, 96755, 96755, 235726572
67, 3457967, 1152063, 524589, 523718, 1150527, 53535, 53535, 1346792547
61, 3457922, 1561304, 126476, 125679, 1560113, 42175, 42175, 1889389735
69, 3454928, 499517, 1161841, 1160843, 498685, 67021, 67021, 4227400687
70, 3460191, 1103583, 533037, 532117, 1102126, 94664, 94664, 1702189510
71, 3459416, 1569257, 110917, 110144, 1568184, 50457, 50457, 2852902155
73, 3455142, 494897, 1160270, 1158633, 494048, 73647, 73647, 4234691081
72, 3455175, 1327831, 344459, 343606, 1326729, 56275, 56275, 2381466051
74, 3456274, 961853, 714724, 713794, 960675, 52614, 52614, 1646087428
76, 3458353, 720760, 948724, 947514, 719771, 60792, 60792, 1739627841
75, 3457387, 1123448, 539505, 538591, 1122309, 66767, 66767, 3562478067
81, 3457833, 511784, 1164198, 1162857, 510812, 54091, 54091, 2868910431
77, 3455011, 902573, 729299, 728374, 901409, 96678, 96678, 3375778931
80, 3457503, 623388, 1039266, 1038019, 622288, 67271, 67271, 3266710108
78, 3456704, 971166, 683502, 682562, 970234, 74620, 74620, 2261194335
82, 3457678, 1109389, 552820, 551799, 1108312, 67679, 67679, 965222469
79, 3459827, 832490, 656297, 655302, 831664, 242037, 242037, 353304624
83, 3460032, 613241, 1047865, 1046798, 612286, 69921, 69921, 1039079342
85, 3456020, 403420, 1248281, 1246970, 402563, 77393, 77393, 1335665002
84, 3458881, 1118567, 536856, 536002, 1117390, 75033, 75033, 2331417798
86, 3458341, 686873, 974865, 973810, 685927, 68433, 68433, 1702032297
88, 3457595, 454153, 1209906, 1208598, 453238, 65850, 65850, 1045600780
87, 3458548, 777495, 885801, 884963, 776605, 66842, 66842, 3454439463
91, 3458204, 847808, 825170, 824162, 846544, 57260, 57260, 2267921527
93, 3459578, 515820, 1149477, 1148124, 514843, 65657, 65657, 167149699
94, 3456698, 892071, 764697, 763571, 890967, 72696, 72696, 2318786775
95, 3460671, 316929, 1213809, 1212604, 316155, 200587, 200587, 3286774167
90, 3459028, 945132, 718658, 717677, 944205, 66678, 66678, 2971729557
89, 3457644, 684307, 595207, 594203, 683487, 450220, 450220, 2924438932
92, 3456667, 700567, 942339, 941463, 699702, 86298, 86298, 3626636828
96, 3456796, 824331, 841810, 840804, 823071, 63390, 63390, 1880266179
98, 3455075, 1075965, 596214, 595145, 1074671, 56540, 56540, 1005748057
97, 3455666, 402530, 1271515, 1270131, 401614, 54938, 54938, 153069821
101, 3456299, 798900, 870059, 868918, 797810, 60306, 60306, 1642145099
99, 3457091, 1182017, 438222, 437390, 1180956, 109253, 109253, 968802727
102, 3459748, 507983, 1169304, 1168020, 506971, 53735, 53735, 2510190819
100, 3460193, 1393332, 290077, 289329, 1392037, 47709, 47709, 2247577874
103, 3454970, 546844, 1121964, 1120789, 545923, 59725, 59725, 4110713157
104, 3455974, 848871, 765945, 764910, 847778, 114235, 114235, 3696505276
108, 3454373, 774114, 861201, 860075, 773015, 92984, 92984, 837558490
106, 3455192, 978618, 670705, 669585, 977572, 79356, 79356, 1008675613
110, 3459875, 656811, 1002356, 1001440, 655790, 71739, 71739, 1514516564
105, 3458357, 1105182, 549281, 548422, 1103816, 75828, 75828, 3416484460
107, 3457191, 1381037, 304649, 303787, 1379908, 43905, 43905, 2594234316
109, 3457659, 1236621, 439389, 438391, 1235668, 53795, 53795, 3459579535
112, 3455087, 627098, 988884, 987729, 626110, 112633, 112633, 3892906360
111, 3454663, 1081466, 565493, 564666, 1080296, 81371, 81371, 3262609375
114, 3460345, 941018, 698380, 697452, 939865, 91815, 91815, 1678735270
113, 3459970, 400553, 1271216, 1270260, 399617, 59162, 59162, 474998677
115, 3457369, 469211, 1198273, 1197131, 468372, 62191, 62191, 714647267
118, 3455253, 251661, 1382665, 1381237, 250738, 94476, 94476, 2291701543
116, 3455642, 1053454, 573362, 572341, 1052313, 102086, 102086, 3896214370
119, 3455494, 565719, 1085156, 1083976, 564795, 77924, 77924, 2557378980
121, 3460033, 625848, 1044045, 1042863, 624867, 61205, 61205, 495883453
117, 3459117, 727326, 946020, 945101, 726402, 57134, 57134, 1681243647
120, 3461265, 552827, 1113167, 1112124, 551941, 65603, 65603, 63204652
123, 3456656, 708492, 960464, 959515, 707515, 60335, 60335, 1865097103
124, 3457859, 974049, 656745, 655605, 972818, 99321, 99321, 1598995439
122, 3455613, 1048098, 553499, 552530, 1047126, 127180, 127180, 3940323049
125, 3456809, 930972, 723135, 722184, 929786, 75366, 75366, 3030747952
128, 3457782, 596224, 1047949, 1046631, 595368, 85805, 85805, 2522002101
127, 3457408, 888298, 777956, 776965, 887359, 63415, 63415, 2780319831
126, 3455693, 1248928, 414580, 413750, 1247855, 65290, 65290, 4136243100
129, 3460295, 725650, 919608, 918440, 724707, 85945, 85945, 3377728667
131, 3459142, 369273, 1282397, 1281115, 368379, 78989, 78989, 2141950054
130, 3456119, 344495, 1219100, 1217879, 343585, 165530, 165530, 2018134681
132, 3457637, 671133, 979764, 978417, 670257, 79033, 79033, 927559686
133, 3459377, 1192557, 477661, 476799, 1191378, 60491, 60491, 1836863101
134, 3457165, 1175296, 474197, 473332, 1174190, 80075, 80075, 793977388
135, 3457910, 1256061, 411651, 410734, 1254844, 62310, 62310, 3793888554
136, 3457208, 986671, 689404, 688334, 985449, 53675, 53675, 2798033654
137, 3461626, 1453896, 210524, 209801, 1452667, 67369, 67369, 245770426
138, 3459455, 1478779, 203684, 202959, 1477689, 48172, 48172, 1304083348
139, 3456321, 716611, 891727, 890506, 715639, 120919, 120919, 608471001
140, 3457571, 1353276, 326477, 325732, 1351566, 50260, 50260, 686274704
145, 3455795, 685050, 942183, 940837, 683983, 101871, 101871, 4052336123
143, 3455786, 651065, 1012254, 1011077, 650134, 65628, 65628, 1982339557
146, 3458149, 465495, 1200642, 1199429, 464731, 63926, 63926, 171937147
144, 3457014, 664941, 949055, 947964, 664000, 115527, 115527, 744952623
147, 3454613, 1258615, 419578, 418665, 1257385, 50185, 50185, 2296236270
142, 3459144, 755540, 809679, 808830, 754503, 165296, 165296, 2594264697
141, 3457129, 927479, 744500, 743567, 926303, 57640, 57640, 1677138167
148, 3458947, 856467, 809507, 808483, 855374, 64558, 64558, 1846378547
150, 3458922, 795744, 809092, 808014, 794532, 125770, 125770, 1248832122
149, 3460581, 1273470, 397515, 396723, 1272409, 60232, 60232, 2622099843
151, 3459350, 802479, 842433, 841447, 801437, 85777, 85777, 2913207111
153, 3458502, 1025722, 629675, 628802, 1024707, 74798, 74798, 2888560755
155, 3458485, 399517, 1251460, 1250046, 398658, 79402, 79402, 2791386325
152, 3456289, 757336, 912816, 911948, 756265, 58962, 58962, 188170681
156, 3459143, 691672, 975312, 974202, 690795, 63581, 63581, 3265473855
158, 3455722, 1539889, 135841, 135155, 1538471, 53183, 53183, 3487889768
154, 3460486, 911203, 766879, 765901, 910339, 53082, 53082, 2601117068
157, 3460026, 635920, 1044479, 1043458, 634915, 50627, 50627, 4196715295
161, 3456123, 890278, 760038, 759075, 889230, 78751, 78751, 1587764829
160, 3457145, 820827, 840932, 839831, 819567, 67994, 67994, 3973699969
159, 3456943, 803910, 861363, 860423, 802893, 64177, 64177, 167070691
162, 3455730, 793511, 883564, 882602, 792439, 51807, 51807, 4131402899
164, 3457383, 562459, 990312, 988880, 561348, 177192, 177192, 440406730
163, 3456833, 1344249, 334356, 333556, 1342954, 50859, 50859, 1419848579
165, 3457837, 546177, 1082567, 1081610, 545201, 101141, 101141, 2168044791
168, 3456321, 748756, 927376, 925973, 747960, 53128, 53128, 2382446929
166, 3458187, 595430, 1075777, 1074878, 594406, 58848, 58848, 2683067410
167, 3456931, 1574420, 112869, 112073, 1573239, 42165, 42165, 792553006
170, 3458211, 405928, 1263017, 1261848, 405104, 61157, 61157, 705480377
171, 3453312, 1204559, 447310, 446371, 1203160, 75956, 75956, 3786982359
169, 3456221, 829358, 713172, 712135, 828334, 186611, 186611, 3793020345
175, 3461706, 545138, 1135722, 1134524, 544338, 50992, 50992, 2707337910
173, 3457334, 760411, 901513, 900435, 759515, 67730, 67730, 988829928
176, 3455712, 412467, 1240672, 1239621, 411616, 75668, 75668, 1462996157
174, 3459462, 930460, 749996, 749053, 929573, 50190, 50190, 291624879
172, 3457449, 727006, 926285, 925291, 726063, 76402, 76402, 3102871462
177, 3457971, 1042874, 615472, 614547, 1041764, 71657, 71657, 567932981
179, 3459315, 505985, 1176487, 1175288, 505131, 48212, 48212, 3952969777
182, 3459727, 338879, 1330993, 1329967, 338070, 60909, 60909, 3778721979
180, 3456260, 1156506, 504177, 503235, 1155414, 68464, 68464, 1992127389
178, 3459097, 1046853, 604240, 603263, 1046029, 79356, 79356, 150547757
183, 3458814, 565100, 1054811, 1053773, 564084, 110523, 110523, 3466767508
181, 3461351, 816543, 819445, 818391, 815444, 95764, 95764, 2120825064
186, 3459460, 211195, 1462592, 1461174, 210421, 57039, 57039, 3685672734
185, 3461099, 374064, 1264087, 1262815, 373275, 93429, 93429, 3489687121
187, 3458453, 494564, 1177492, 1176288, 493625, 58242, 58242, 1197307282
188, 3457915, 538783, 941762, 940753, 537793, 249412, 249412, 2385325964
184, 3457798, 1213894, 380899, 379948, 1212841, 135108, 135108, 1784139639
189, 3458045, 1062422, 611737, 610921, 1061285, 55840, 55840, 3016877468
190, 3458779, 1107354, 566064, 565119, 1106324, 56959, 56959, 3457447554
191, 3459835, 701997, 962070, 961089, 700895, 66892, 66892, 2897869804
193, 3459566, 990260, 685623, 684470, 989123, 55045, 55045, 3318319733
192, 3460503, 879385, 775147, 774192, 878275, 76752, 76752, 2793928331
195, 3456658, 949893, 701260, 700161, 948784, 78280, 78280, 1790415975
194, 3452385, 1034944, 627982, 626980, 1033683, 64398, 64398, 3823683778
197, 3457337, 1093730, 501394, 500394, 1092641, 134589, 134589, 3488352612
196, 3457053, 819456, 850243, 849184, 818176, 59997, 59997, 1849678869
198, 3458825, 591198, 1065989, 1064855, 590213, 73285, 73285, 2712113577
200, 3455968, 771050, 881115, 880070, 770079, 76827, 76827, 1091528411
203, 3456257, 530017, 1136831, 1135601, 529022, 62393, 62393, 447326118
201, 3457515, 789537, 872598, 871435, 788427, 67759, 67759, 363043056
199, 3456375, 848157, 817690, 816676, 847340, 63256, 63256, 2157970164
202, 3458448, 1116374, 497407, 496385, 1115380, 116451, 116451, 3141652956
204, 3456913, 675689, 955904, 954861, 674807, 97826, 97826, 1371302369
205, 3455842, 1235958, 436799, 435989, 1234438, 56329, 56329, 3619922628
206, 3458386, 713562, 947279, 946158, 712523, 69432, 69432, 4168617499
209, 3456624, 605708, 999205, 998148, 604751, 124406, 124406, 3312810404
208, 3458046, 1072139, 542330, 541373, 1070988, 115608, 115608, 1767703518
212, 3455946, 1056069, 557778, 556818, 1054891, 115195, 115195, 940162482
211, 3459005, 735331, 924642, 923757, 734273, 70501, 70501, 4250434595
207, 3458758, 1277014, 378977, 378228, 1275703, 74418, 74418, 752976286
215, 3456009, 365150, 1313358, 1311648, 364195, 50829, 50829, 1348038261
210, 3458083, 1099141, 544480, 543583, 1097859, 86510, 86510, 1956681780
213, 3462290, 1218624, 449796, 448856, 1217722, 63646, 63646, 104153657
214, 3455428, 1196890, 456511, 455495, 1195770, 75381, 75381, 156986064
217, 3458769, 785581, 889568, 888587, 784577, 55228, 55228, 3677600994
216, 3456393, 410913, 1252703, 1251513, 410098, 65583, 65583, 3264998481
218, 3458555, 428646, 1225440, 1224247, 427794, 76214, 76214, 2894906061
219, 3456294, 942883, 715510, 714432, 941597, 70936, 70936, 3922751259
220, 3457411, 752761, 916896, 915963, 751837, 59977, 59977, 3265521004
224, 3462611, 307787, 1371878, 1370582, 306932, 52716, 52716, 939675725
221, 3459232, 1027058, 647734, 646894, 1026100, 55723, 55723, 3241814112
223, 3455015, 934516, 738164, 737172, 933149, 56007, 56007, 3661314807
222, 3459090, 527221, 1145763, 1144820, 526236, 57525, 57525, 1942506158
225, 3456190, 1252076, 424622, 423693, 1250877, 52461, 52461, 3132882725
226, 3457303, 626915, 1043669, 1042475, 626056, 59094, 59094, 2693813442
230, 3459085, 436416, 1230696, 1229444, 435359, 63585, 63585, 2059821882
229, 3457518, 859953, 768418, 767328, 858769, 101525, 101525, 650457822
227, 3459231, 1275722, 383301, 382465, 1274259, 71742, 71742, 1718649595
228, 3460327, 310963, 1342020, 1340986, 310138, 78110, 78110, 3239411522
231, 3458338, 432314, 1221012, 1219717, 431413, 76941, 76941, 3503341355
232, 3458074, 1332314, 338710, 337964, 1331112, 58987, 58987, 3430785214
233, 3458088, 1165422, 510883, 509889, 1164158, 53868, 53868, 1216335063
234, 3456977, 725718, 932914, 931722, 724785, 70919, 70919, 4203452459
235, 3455551, 1079670, 590842, 589705, 1078430, 58452, 58452, 3280857775
236, 3460014, 493933, 1159359, 1158229, 493071, 77711, 77711, 4234734526
237, 3455059, 1158238, 502279, 501220, 1157050, 68136, 68136, 1449958810
240, 3459873, 731112, 945904, 944753, 730252, 53926, 53926, 2961884401
239, 3458959, 552040, 1121269, 1120082, 551100, 57234, 57234, 2293095435
238, 3457490, 826804, 843764, 842763, 825637, 59261, 59261, 2012514180
243, 3456876, 487805, 1143275, 1141947, 486773, 98538, 98538, 770807551
241, 3455737, 742891, 842972, 842106, 741752, 143008, 143008, 1645784026
242, 3460132, 935096, 745543, 744435, 934078, 50490, 50490, 4045396669
244, 3456002, 409981, 1264054, 1262812, 409223, 54966, 54966, 2110006803
245, 3455294, 536471, 1093479, 1092502, 535580, 98631, 98631, 2596781230
246, 3457518, 658778, 1006074, 1004995, 657871, 64900, 64900, 3590973578
247, 3456416, 779294, 897893, 896923, 778280, 52013, 52013, 963775064
248, 3458478, 917037, 695616, 694677, 916030, 117559, 117559, 3622823428
251, 3458433, 561328, 1118546, 1117209, 560470, 50440, 50440, 1595834506
253, 3458869, 472543, 1209285, 1207778, 471885, 48689, 48689, 3719279679
250, 3458657, 351696, 1316816, 1315575, 350876, 61847, 61847, 604042215
255, 3457964, 224081, 1437507, 1436189, 223351, 68418, 68418, 890552108
252, 3457924, 816063, 825854, 824752, 814831, 88212, 88212, 3587945125
249, 3459175, 1365891, 305509, 304773, 1364618, 59192, 59192, 2921734105
257, 3459820, 1137458, 537947, 537005, 1136198, 55606, 55606, 1925515623
254, 3459828, 523460, 1088794, 1087668, 522558, 118674, 118674, 1138085954
259, 3455355, 1287294, 393714, 392861, 1285908, 47789, 47789, 717465147
256, 3458952, 833654, 805708, 804759, 832767, 91032, 91032, 2126230800
258, 3457166, 705337, 931312, 930376, 704325, 92908, 92908, 1775386038
262, 3459920, 262227, 1423930, 1422535, 261614, 44807, 44807, 3838860643
261, 3457669, 673704, 995785, 994622, 672782, 60388, 60388, 1219478403
260, 3458951, 1179789, 499952, 499047, 1178811, 50676, 50676, 288512212
264, 3459585, 761569, 905266, 903844, 760618, 64144, 64144, 4227581125
265, 3456931, 984402, 689480, 688178, 983065, 55903, 55903, 265302461
266, 3455960, 612454, 1016793, 1015583, 611326, 99902, 99902, 131782522
267, 3462207, 174173, 1508385, 1507314, 173465, 49435, 49435, 3352201772
268, 3458162, 310312, 1366007, 1364638, 309537, 53834, 53834, 1829657711
263, 3458797, 1273842, 404774, 404018, 1272699, 51732, 51732, 3570405346
269, 3455180, 430810, 1206625, 1205431, 429912, 91201, 91201, 102952809
270, 3455704, 426932, 1235243, 1234071, 426018, 66720, 66720, 2688790596
273, 3459567, 583654, 1065276, 1064130, 582851, 81828, 81828, 222448282
271, 3457245, 1159536, 517277, 516320, 1158116, 52998, 52998, 1620153711
272, 3458068, 1211703, 450661, 449767, 1210587, 67675, 67675, 4204794058
275, 3456672, 1037974, 639199, 638081, 1036802, 52308, 52308, 4047839795
274, 3459318, 850838, 823947, 823061, 849916, 55778, 55778, 4078346247
277, 3451993, 490944, 1161992, 1160702, 489985, 74185, 74185, 3725774375
278, 3457711, 938184, 722060, 720809, 937186, 69736, 69736, 377901981
281, 3455189, 301841, 1367630, 1366164, 300916, 59319, 59319, 348862540
279, 3460794, 1125271, 534640, 533689, 1124066, 71564, 71564, 2041931289
276, 3458071, 1241413, 434721, 433890, 1240215, 53916, 53916, 3514497646
280, 3459367, 1049642, 619745, 618787, 1048387, 61403, 61403, 2527869360
282, 3456618, 891597, 749728, 748615, 890680, 87999, 87999, 3328778169
284, 3458156, 474197, 1187797, 1186771, 473363, 68014, 68014, 3674618574
287, 3460588, 499113, 1177836, 1176310, 498259, 54535, 54535, 1981867406
283, 3459543, 878089, 799074, 798050, 876998, 53666, 53666, 3745983135
288, 3460690, 230855, 1446041, 1444753, 230097, 54472, 54472, 427489943
285, 3459993, 787763, 841187, 840035, 786816, 102096, 102096, 2846481807
286, 3459295, 529148, 1082849, 1081758, 528292, 118624, 118624, 274641192
289, 3456695, 526286, 1150459, 1149321, 525131, 52749, 52749, 2570145592
290, 3454677, 480283, 1152942, 1151804, 479274, 95187, 95187, 3499482516
291, 3455814, 680195, 981794, 980681, 679300, 66922, 66922, 148362982
293, 3458221, 541135, 1133088, 1131892, 540116, 55995, 55995, 1589945194
292, 3461442, 569573, 1094947, 1093763, 568899, 67130, 67130, 2613240004
295, 3461055, 253454, 1412687, 1411347, 252735, 65416, 65416, 3808761173
297, 3459733, 563503, 1105623, 1104667, 562608, 61666, 61666, 3734168838
299, 3457340, 189188, 1494043, 1492587, 188448, 46537, 46537, 1158283949
294, 3457915, 1019942, 654869, 653904, 1018936, 55132, 55132, 616063632
296, 3458434, 665806, 992916, 991829, 664993, 71445, 71445, 1764202198
300, 3461029, 1090373, 561802, 560882, 1089264, 79354, 79354, 2794004256
302, 3457922, 733717, 859698, 858603, 732854, 136525, 136525, 1877600425
298, 3456130, 787861, 883277, 882403, 786749, 57920, 57920, 1172222911
301, 3457984, 647994, 1014746, 1013688, 646958, 67299, 67299, 2489425929
303, 3454933, 1047302, 487940, 487208, 1046335, 193074, 193074, 296220528
305, 3458152, 801651, 843760, 842742, 800609, 84695, 84695, 1302815169
308, 3458872, 169949, 1513951, 1512901, 169169, 46451, 46451, 3349629230
307, 3456089, 1024727, 645947, 644901, 1023404, 58555, 58555, 1232697456
306, 3457894, 1419648, 260938, 260202, 1418154, 49476, 49476, 2175407171
304, 3454827, 1130294, 529590, 528632, 1129001, 68655, 68655, 1197132011
310, 3455256, 488582, 1130437, 1129123, 487632, 109741, 109741, 2915597767
311, 3459494, 705150, 793114, 792197, 704271, 232381, 232381, 4044940347
313, 3456426, 947659, 690232, 689307, 946532, 91348, 91348, 3113592209
309, 3458654, 740723, 918113, 917079, 739817, 71461, 71461, 2710953900
312, 3458127, 883735, 771554, 770601, 882795, 74721, 74721, 2789185254
315, 3456128, 915846, 731410, 730387, 914869, 81808, 81808, 1104875273
314, 3460284, 1288684, 366683, 365782, 1287437, 75849, 75849, 2560521911
317, 3460180, 255868, 1419730, 1418725, 255121, 55368, 55368, 1151669532
321, 3460034, 784628, 830911, 829909, 783670, 115458, 115458, 816334767
316, 3461545, 730289, 919390, 918545, 729335, 81993, 81993, 3428554578
322, 3460057, 641277, 1031586, 1030563, 640375, 58128, 58128, 4160191366
319, 3459176, 1383244, 199591, 198751, 1381862, 147864, 147864, 1184295463
318, 3457075, 712358, 904301, 903092, 711544, 112890, 112890, 3521203462
320, 3457866, 975578, 676682, 675673, 974273, 77830, 77830, 1149954926
324, 3458201, 336210, 1328227, 1326733, 335315, 65858, 65858, 3849173042
323, 3459477, 956184, 702281, 701271, 955399, 72171, 72171, 2478985177
326, 3455978, 881735, 794705, 793513, 880807, 52609, 52609, 4032678669
325, 3459341, 1178440, 498523, 497525, 1177643, 53605, 53605, 1624721602
329, 3457271, 907802, 769313, 768182, 906770, 52602, 52602, 2968751073
327, 3460668, 1167309, 502982, 502215, 1165946, 61108, 61108, 1488200353
328, 3456981, 764055, 890059, 888941, 762874, 75526, 75526, 1562944518
330, 3456029, 1075614, 585636, 584804, 1074517, 67729, 67729, 713308936
332, 3457565, 1135845, 531821, 530936, 1134671, 62146, 62146, 410826263
336, 3458893, 580391, 1098054, 1096978, 579438, 52016, 52016, 653318229
335, 3455652, 755789, 907514, 906527, 754798, 65512, 65512, 276531560
331, 3458288, 1632390, 49973, 49278, 1631185, 47731, 47731, 419983757
338, 3457363, 652970, 998039, 997092, 651844, 78709, 78709, 1591783929
333, 3458546, 1392871, 285218, 284398, 1391587, 52236, 52236, 2661949021
337, 3459718, 642193, 895468, 894365, 641300, 193196, 193196, 461446303
339, 3458548, 787713, 814796, 813736, 786713, 127795, 127795, 1944260423
334, 3460113, 1614498, 72297, 71673, 1613235, 44205, 44205, 3798411870
341, 3457562, 714249, 942598, 941652, 713073, 72995, 72995, 2900052110
342, 3456895, 1102840, 492052, 491081, 1101510, 134706, 134706, 876453502
340, 3457643, 1363783, 306628, 305807, 1362481, 59472, 59472, 1385504355
343, 3457291, 1311313, 358967, 358125, 1310286, 59300, 59300, 360086761
347, 3453996, 646736, 994239, 992934, 645719, 87184, 87184, 2644972880
346, 3454253, 578107, 1057280, 1056016, 577184, 92833, 92833, 2413837781
344, 3460080, 1398020, 268435, 267724, 1396723, 64589, 64589, 3102550322
345, 3458621, 662818, 996573, 995595, 661677, 70979, 70979, 4062652626
348, 3457190, 591448, 1059886, 1058606, 590642, 78304, 78304, 1408313582
349, 3457360, 500496, 1141925, 1140647, 499650, 87321, 87321, 2533904800
352, 3455258, 849980, 806731, 805695, 848918, 71967, 71967, 2492417392
350, 3457423, 990958, 681284, 680162, 989649, 57685, 57685, 1221308219
353, 3461185, 661231, 1010627, 1009456, 660219, 59826, 59826, 3323732878
351, 3457765, 703931, 954344, 953561, 702977, 71476, 71476, 715988407
355, 3460216, 291699, 1366963, 1365815, 290911, 72414, 72414, 1608818791
356, 3455981, 612591, 1010178, 1009055, 611579, 106289, 106289, 3307094562
354, 3458138, 1053235, 621695, 620767, 1052275, 55083, 55083, 4032585344
361, 3455019, 204424, 1413873, 1412360, 203564, 110399, 110399, 1226942314
357, 3460797, 936684, 744023, 743102, 935676, 50656, 50656, 3987846474
358, 3457180, 775287, 777293, 776289, 774345, 176983, 176983, 1875941880
359, 3453956, 990102, 686121, 685123, 989034, 51788, 51788, 3080818967
363, 3456425, 984768, 682424, 681381, 983748, 62052, 62052, 3751097998
362, 3461614, 1049638, 632144, 630970, 1048830, 50016, 50016, 273659234
360, 3454505, 960944, 698847, 697925, 960081, 68354, 68354, 3176390318
366, 3459857, 226143, 1425921, 1424946, 225291, 78778, 78778, 1190150820
367, 3456760, 544706, 1125148, 1123977, 543731, 59599, 59599, 205285230
364, 3454667, 1101719, 576640, 575652, 1100646, 50005, 50005, 2216757751
368, 3455205, 1145877, 525361, 524493, 1144534, 57470, 57470, 1463206492
365, 3456591, 1163989, 511176, 510338, 1163004, 54042, 54042, 2480172902
370, 3457677, 649340, 1008697, 1007547, 648237, 71928, 71928, 524583649
371, 3458767, 948367, 714012, 713028, 947324, 68018, 68018, 670032707
369, 3456774, 945671, 732173, 731132, 944866, 51466, 51466, 1233420720
373, 3452275, 982214, 683249, 682050, 981010, 61876, 61876, 1357894059
372, 3460666, 984663, 688061, 687123, 983329, 58745, 58745, 586262023
374, 3457604, 1035355, 621514, 620658, 1034437, 72820, 72820, 1061088865
375, 3458042, 802447, 865950, 864994, 801651, 61500, 61500, 2818063089
377, 3457576, 668466, 994066, 992922, 667406, 67358, 67358, 2637276924
379, 3453579, 792484, 884315, 883058, 791394, 51164, 51164, 3040846915
378, 3458336, 1225849, 434062, 433185, 1224584, 70328, 70328, 3601325503
376, 3459848, 1177824, 478537, 477713, 1176718, 74528, 74528, 281752926
380, 3458632, 363581, 1278112, 1276916, 362775, 88624, 88624, 478108653
381, 3457632, 450201, 1226621, 1225600, 449340, 52935, 52935, 932482920
382, 3458769, 462196, 1193585, 1192501, 461391, 74548, 74548, 1579006346
384, 3457307, 486323, 1170479, 1169468, 485375, 72831, 72831, 4214983266
385, 3457695, 349031, 1306730, 1305588, 348234, 74056, 74056, 889295999
386, 3457397, 596569, 1064980, 1063670, 595546, 68316, 68316, 3617923005
383, 3459280, 1103245, 449462, 448547, 1102218, 177904, 177904, 3857494819
388, 3456722, 869347, 806767, 805480, 868410, 53359, 53359, 1289486503
387, 3458233, 967645, 651191, 650077, 966624, 111348, 111348, 2713409601
391, 3460066, 628850, 1045222, 1043999, 628039, 56978, 56978, 3976033995
390, 3454083, 661424, 1005515, 1004387, 660371, 61193, 61193, 2735904129
389, 3461886, 1162022, 492667, 491873, 1160700, 77312, 77312, 2375649103
393, 3457658, 385307, 1287411, 1286029, 384541, 57185, 57185, 1128354640
392, 3461026, 772714, 825867, 824898, 771561, 132993, 132993, 4087067742
395, 3459689, 449759, 1195485, 1194399, 448818, 85614, 85614, 2057983591
396, 3455554, 675241, 997504, 996327, 674352, 56065, 56065, 65003398
394, 3458601, 906078, 764215, 763014, 905216, 60039, 60039, 528133723
397, 3457551, 220132, 1451987, 1450923, 219315, 57597, 57597, 950103938
404, 3455839, 230265, 1453843, 1452371, 229502, 44929, 44929, 3044576045
399, 3458575, 1108871, 550669, 549718, 1107583, 70867, 70867, 864246107
401, 3459270, 984904, 684712, 683577, 983923, 61077, 61077, 2769437886
400, 3454662, 874639, 750576, 749598, 873743, 103053, 103053, 3518445091
403, 3460794, 443235, 1180122, 1178911, 442268, 108129, 108129, 3377843586
398, 3457739, 1213964, 351505, 350724, 1212716, 164415, 164415, 3794066773
402, 3453473, 855559, 804529, 803505, 854414, 67733, 67733, 26689416
406, 3455481, 627285, 1046119, 1045003, 626288, 55393, 55393, 2079240778
405, 3457732, 1374274, 304588, 303776, 1372986, 51054, 51054, 2983308606
409, 3458990, 284960, 1393811, 1392474, 284211, 51767, 51767, 1087811588
407, 3455448, 1039375, 621349, 620325, 1038297, 68051, 68051, 1121377661
408, 3459920, 945061, 719227, 718285, 943947, 66700, 66700, 2829061828
411, 3457308, 1006110, 466704, 465862, 1005052, 256790, 256790, 2626282103
410, 3459458, 1175092, 366766, 366025, 1173697, 188939, 188939, 784658558
414, 3459084, 820109, 842590, 841767, 819092, 67763, 67763, 1471363206
419, 3453280, 232844, 1416366, 1415295, 231987, 78394, 78394, 495152514
413, 3458250, 760683, 903454, 902545, 759452, 66058, 66058, 3962632807
416, 3459147, 474783, 1117262, 1116210, 473830, 138531, 138531, 827775380
412, 3461118, 996362, 554638, 553808, 995264, 180523, 180523, 3298663859
417, 3460740, 535302, 1105699, 1104455, 534298, 90493, 90493, 1282127745
415, 3455293, 959202, 444406, 443539, 957944, 325101, 325101, 1563429715
421, 3458766, 754348, 911391, 910303, 753546, 64589, 64589, 2825012033
418, 3461949, 1354751, 325483, 324777, 1353738, 51600, 51600, 861444908
422, 3459554, 666435, 883948, 882899, 665304, 180484, 180484, 2636550465
420, 3457934, 1022843, 604422, 603612, 1021615, 102721, 102721, 2167926690
423, 3456581, 1493531, 171365, 170661, 1492498, 64263, 64263, 249847233
424, 3457724, 1013280, 650751, 649859, 1012216, 65809, 65809, 2896038218
430, 3455627, 405777, 1261338, 1259950, 404844, 61859, 61859, 3553480645
425, 3457888, 535271, 1070952, 1069941, 534372, 123676, 123676, 2521650062
429, 3459025, 710627, 944732, 943560, 709628, 75239, 75239, 518613905
427, 3456454, 770523, 857923, 856790, 769380, 100919, 100919, 3225397379
426, 3458790, 762949, 901133, 900124, 761908, 66338, 66338, 260751289
428, 3461097, 994217, 633344, 632484, 993228, 103912, 103912, 2742821001
436, 3458904, 584758, 1091168, 1090200, 583840, 54469, 54469, 3954943402
432, 3461919, 763574, 891274, 890516, 762495, 77030, 77030, 2662584194
433, 3456114, 705255, 966168, 965111, 704318, 57631, 57631, 3873830284
435, 3458627, 647643, 1019049, 1018042, 646769, 63562, 63562, 861848977
431, 3453987, 824174, 792389, 791306, 823246, 111436, 111436, 2792280186
434, 3455698, 1358619, 318641, 317760, 1357412, 51633, 51633, 1921484688
437, 3459261, 409263, 1262389, 1261042, 408377, 59095, 59095, 1015003250
438, 3458504, 538888, 1129470, 1128278, 538082, 61893, 61893, 3803268128
439, 3457263, 781900, 893566, 892326, 780857, 54307, 54307, 2053638579
443, 3460292, 338854, 1326161, 1325103, 337938, 66118, 66118, 1987185875
440, 3457925, 1256785, 397234, 396456, 1255400, 76025, 76025, 2787237417
441, 3461928, 372374, 1264589, 1263609, 371434, 94961, 94961, 4124751094
447, 3460270, 348661, 1327140, 1325872, 347859, 55369, 55369, 537638704
442, 3459268, 1035816, 593509, 592656, 1034639, 101324, 101324, 3235643962
444, 3459759, 1017446, 545790, 544890, 1016301, 167666, 167666, 4254576734
448, 3457925, 1057131, 613330, 612380, 1055718, 59683, 59683, 660084728
446, 3456607, 1175858, 452552, 451709, 1174828, 100830, 100830, 3209460229
450, 3457544, 1143669, 530755, 529906, 1142466, 55374, 55374, 2049980248
449, 3455631, 999451, 677330, 676274, 998518, 52029, 52029, 1318005842
445, 3458688, 1137473, 464605, 463847, 1136427, 128168, 128168, 796707895
451, 3458255, 1158744, 513840, 513027, 1157710, 57467, 57467, 3196039515
452, 3459461, 1119142, 548221, 547271, 1117789, 63519, 63519, 3349149496
453, 3460395, 873038, 664320, 663194, 872005, 193919, 193919, 2338087817
454, 3460695, 1027066, 641596, 640631, 1025914, 62744, 62744, 2940940242
455, 3455354, 1031065, 600478, 599592, 1029761, 97229, 97229, 4166294546
458, 3455283, 637636, 962713, 961538, 636750, 128323, 128323, 2603492402
457, 3454115, 854176, 775508, 774504, 852983, 98472, 98472, 1530394012
456, 3453870, 1313384, 312522, 311747, 1312375, 101921, 101921, 2815637968
459, 3460739, 1045411, 619279, 618305, 1044280, 66732, 66732, 313045923
462, 3457560, 926640, 745271, 744139, 925526, 57992, 57992, 3289846840
460, 3455766, 720749, 936936, 935804, 719875, 71201, 71201, 800229969
461, 3457385, 931630, 708086, 707153, 930550, 89983, 89983, 3679688367
463, 3458215, 568234, 1107011, 1105902, 567304, 54882, 54882, 2077187152
465, 3457055, 1477699, 208789, 208036, 1476031, 43250, 43250, 1298521570
464, 3460913, 1379669, 286929, 286049, 1378560, 64853, 64853, 3489543578
466, 3461410, 1103161, 572971, 572165, 1101851, 55631, 55631, 3252774355
467, 3455513, 823524, 840394, 839389, 822758, 64724, 64724, 1351223280
468, 3459446, 780204, 884524, 883487, 779223, 66004, 66004, 2053684781
470, 3459136, 732509, 928902, 927606, 731517, 69301, 69301, 3502546510
471, 3455012, 584095, 1079629, 1078443, 583215, 64815, 64815, 4244803667
469, 3457161, 1130975, 501441, 500504, 1129715, 97263, 97263, 2702733254
472, 3454149, 992071, 677626, 676339, 990837, 58638, 58638, 4065028520
475, 3456025, 495814, 1167793, 1166457, 494967, 65497, 65497, 1612725059
473, 3459836, 600993, 1073001, 1072017, 599909, 56958, 56958, 3086803527
474, 3457061, 1122626, 550002, 549135, 1121256, 57021, 57021, 3300469761
476, 3456326, 948578, 724964, 724052, 947478, 55627, 55627, 3078066487
477, 3456285, 677063, 909507, 908396, 676099, 142610, 142610, 1440340911
478, 3454177, 825942, 834894, 833714, 824737, 67445, 67445, 2946633862
479, 3459603, 501052, 1181847, 1180632, 500268, 47902, 47902, 3664580928
480, 3455365, 848907, 796814, 795728, 847758, 83079, 83079, 1464175615
481, 3458153, 488651, 1190313, 1189229, 487686, 51137, 51137, 3490925022
482, 3458160, 787736, 865389, 864262, 786599, 77087, 77087, 4131392653
483, 3451291, 1001035, 647076, 645961, 999913, 78653, 78653, 1773367021
487, 3460106, 717549, 946396, 945314, 716389, 67229, 67229, 4275140358
486, 3457570, 593412, 1055854, 1054800, 592470, 80517, 80517, 2071905054
484, 3456642, 1034648, 521558, 520721, 1033349, 173183, 173183, 537622176
485, 3456994, 1331423, 328983, 328052, 1330074, 69231, 69231, 3490803802
489, 3455574, 843254, 814785, 813660, 842183, 70846, 70846, 2494968302
488, 3456827, 966327, 619364, 618259, 965343, 143767, 143767, 3559493721
490, 3457032, 1172935, 488516, 487440, 1171663, 68239, 68239, 887119373
491, 3458290, 457313, 1191483, 1190171, 456571, 81376, 81376, 713052530
492, 3458031, 628606, 1042775, 1041740, 627598, 58656, 58656, 31502496
494, 3454741, 735769, 884308, 883169, 734637, 108429, 108429, 2906648526
493, 3456494, 1083578, 585765, 584829, 1082458, 59932, 59932, 1618883420
495, 3458026, 586286, 1086759, 1085463, 585416, 57051, 57051, 1491681201
497, 3458680, 610192, 1061905, 1060697, 609248, 58319, 58319, 1055281177
504, 3460405, 172199, 1512869, 1511079, 171490, 46384, 46384, 1995331023
496, 3461061, 1229574, 453017, 452180, 1228314, 48988, 48988, 973846898
498, 3459838, 1079474, 571212, 570258, 1078576, 80159, 80159, 731542524
499, 3459041, 634336, 1044764, 1043546, 633419, 51488, 51488, 3553433557
503, 3458507, 1454359, 226146, 225365, 1452957, 49840, 49840, 290024728
501, 3453285, 605608, 1048199, 1046999, 604591, 73944, 73944, 2545584887
505, 3458552, 816847, 860937, 859775, 815883, 52555, 52555, 456475501
500, 3453168, 1203795, 443100, 442181, 1202362, 80865, 80865, 2048803470
502, 3456351, 991051, 618523, 617444, 989855, 119739, 119739, 1962351564
506, 3458114, 819735, 843530, 842436, 818679, 66867, 66867, 2189474237
508, 3461287, 550391, 1112161, 1111015, 549548, 69086, 69086, 2409097995
509, 3457199, 1287314, 367116, 366262, 1285961, 75273, 75273, 58541929
507, 3460575, 1109909, 481254, 480379, 1108913, 140060, 140060, 4248801228
513, 3457972, 494805, 1179893, 1178733, 493925, 55308, 55308, 2637287151
510, 3457589, 1315136, 363929, 363108, 1314148, 50634, 50634, 1119752007
514, 3456494, 636807, 1025005, 1023843, 635675, 67582, 67582, 1897673723
512, 3451840, 928012, 730341, 729273, 926950, 68632, 68632, 1710997779
518, 3458148, 730510, 863142, 862037, 729331, 136564, 136564, 2243179278
511, 3457701, 1128574, 496630, 495741, 1127206, 104775, 104775, 4202021584
515, 3460947, 555996, 1100054, 1098732, 555067, 75549, 75549, 2482935612
517, 3455101, 770914, 875062, 874057, 769956, 82556, 82556, 39121908
516, 3457753, 947557, 726394, 725487, 946367, 55974, 55974, 3410585117
519, 3458360, 617309, 1034160, 1033084, 616251, 78778, 78778, 987314460
523, 3456984, 230415, 1427485, 1426298, 229642, 71572, 71572, 2548526734
521, 3453316, 729218, 683137, 682108, 728185, 315334, 315334, 681636299
522, 3459052, 1150387, 507682, 506789, 1148956, 72619, 72619, 4246793020
525, 3457204, 268784, 1385300, 1383943, 268051, 75563, 75563, 2497089853
520, 3460061, 1233341, 389047, 387968, 1232365, 108670, 108670, 3525423573
526, 3455031, 562906, 1091638, 1090509, 561954, 74012, 74012, 411658318
528, 3462111, 921393, 742204, 741171, 920557, 68393, 68393, 3738180205
524, 3457893, 925844, 722127, 721314, 924784, 81912, 81912, 1230204931
527, 3460394, 1168946, 489932, 489059, 1167993, 72232, 72232, 1766428413
531, 3456519, 576395, 1069237, 1068177, 575484, 83613, 83613, 1950574620
530, 3460566, 1067185, 587774, 586861, 1066084, 76331, 76331, 3107705186
533, 3457044, 775339, 801247, 800097, 774385, 152988, 152988, 1550619722
529, 3455920, 937659, 693808, 692883, 936666, 97452, 97452, 1858297422
532, 3458363, 1000832, 662832, 661925, 999768, 66503, 66503, 3010120048
536, 3458678, 736938, 923511, 922408, 736041, 69890, 69890, 3458157262
534, 3457572, 977297, 678352, 677449, 975928, 74273, 74273, 2374255044
538, 3458449, 1026987, 626820, 625870, 1026154, 76309, 76309, 2367457231
539, 3459342, 639332, 1036932, 1035857, 638535, 54343, 54343, 1446103467
540, 3459784, 1118049, 551395, 550410, 1116742, 61594, 61594, 3096428428
537, 3456935, 915317, 750202, 749363, 914093, 63980, 63980, 974342725
535, 3457282, 1178368, 493814, 492956, 1177212, 57466, 57466, 2872875296
545, 3458256, 579492, 1084222, 1082992, 578600, 66475, 66475, 4286956230
541, 3457454, 1077590, 594925, 594000, 1076323, 57308, 57308, 3643565736
543, 3457657, 1112957, 541649, 540824, 1111867, 75180, 75180, 2130236579
544, 3458493, 555752, 1123549, 1122548, 554722, 50961, 50961, 4048972189
542, 3457158, 646135, 1033043, 1032159, 645001, 50410, 50410, 4199969531
547, 3457367, 1238250, 421693, 420740, 1236900, 69892, 69892, 3189378770
546, 3457806, 1146132, 532886, 532077, 1144759, 50976, 50976, 4240015432
548, 3455709, 923139, 751045, 749872, 921763, 54945, 54945, 601031619
550, 3456699, 995669, 658434, 657262, 994466, 75434, 75434, 3899177388
549, 3456175, 1082086, 578834, 577905, 1081040, 68155, 68155, 1652718442
551, 3455585, 918165, 750573, 749611, 917076, 60080, 60080, 2528615545
554, 3457997, 295893, 1371988, 1370811, 295181, 62062, 62062, 1404629880
553, 3454548, 860989, 796947, 795870, 860086, 70328, 70328, 1078933219
552, 3458391, 988244, 686701, 685697, 987269, 55240, 55240, 1099385532
556, 3458134, 849111, 820067, 818953, 847983, 61010, 61010, 3372865782
558, 3455555, 736017, 925067, 924088, 735171, 67606, 67606, 390593910
560, 3455951, 618955, 1021665, 1020461, 617948, 88461, 88461, 2125066493
555, 3457673, 924311, 726447, 725307, 923114, 79247, 79247, 2392297935
557, 3456278, 971093, 699073, 698151, 969953, 59004, 59004, 3351506599
561, 3452164, 884285, 779424, 778524, 883099, 63416, 63416, 1291529887
562, 3460317, 794796, 871875, 870561, 793735, 64675, 64675, 3910425837
559, 3460647, 527552, 1077734, 1076624, 526749, 125994, 125994, 3884961049
564, 3457595, 556665, 1084992, 1083880, 555666, 88196, 88196, 754186705
563, 3457484, 889965, 768258, 767369, 888888, 71502, 71502, 367642565
565, 3452927, 572466, 1033484, 1032344, 571309, 121662, 121662, 2798433191
568, 3458740, 472748, 1188245, 1187128, 471871, 69374, 69374, 1058701664
569, 3458468, 843215, 827432, 826451, 842112, 59629, 59629, 2227421102
571, 3454059, 170972, 1509292, 1507840, 170125, 47915, 47915, 2307686749
566, 3456747, 936333, 630895, 629887, 935222, 162205, 162205, 3215265657
573, 3459800, 1079312, 576401, 575550, 1078347, 75095, 75095, 2772754315
567, 3461523, 768271, 711046, 710176, 767332, 252349, 252349, 2701161809
570, 3457190, 1017214, 658751, 657697, 1016120, 53704, 53704, 856892750
574, 3456164, 807638, 848930, 847923, 806643, 72515, 72515, 206999069
572, 3457269, 885518, 669470, 668323, 884488, 174735, 174735, 3754024212
575, 3458380, 892777, 772792, 771739, 891724, 64674, 64674, 440437443
576, 3458230, 664107, 1012340, 1011382, 663225, 53588, 53588, 4189245421
577, 3459289, 293837, 1352863, 1351610, 293127, 83926, 83926, 2527815305
580, 3459493, 606039, 1061909, 1060471, 605184, 62945, 62945, 2849873160
578, 3454396, 802465, 843089, 842025, 801459, 82679, 82679, 3643439508
579, 3458097, 796074, 868766, 867772, 795143, 65171, 65171, 3325528273
581, 3458665, 1277420, 395495, 394705, 1276243, 57401, 57401, 2584857738
583, 3455615, 627671, 1049648, 1048364, 626728, 51602, 51602, 25484521
582, 3459244, 796158, 782867, 781715, 795236, 151634, 151634, 173021750
586, 3458470, 783925, 892190, 891107, 782952, 54148, 54148, 964016490
585, 3457816, 672666, 1000246, 999049, 671743, 57056, 57056, 2722468701
584, 3459388, 565613, 1078469, 1077322, 564710, 86637, 86637, 2632187087
587, 3457198, 1082582, 584634, 583769, 1081319, 62447, 62447, 1731360312
589, 3457688, 516283, 1156835, 1155550, 515302, 56859, 56859, 3276829584
588, 3457722, 1235011, 406389, 405377, 1233895, 88525, 88525, 70571013
591, 3452281, 354591, 1306305, 1305208, 353559, 66309, 66309, 2829973
590, 3458731, 906602, 752134, 751253, 905784, 71479, 71479, 1003750169
592, 3457206, 397414, 1280606, 1279187, 396617, 51691, 51691, 3550273379
593, 3459156, 642514, 1026139, 1024856, 641573, 62037, 62037, 2250411264
594, 3460250, 465388, 1178937, 1177799, 464426, 86850, 86850, 602885990
596, 3460399, 441641, 1115297, 1114288, 440803, 174185, 174185, 2708772027
595, 3458780, 952162, 697288, 696341, 950855, 81067, 81067, 2144029964
597, 3457810, 608233, 1061881, 1060663, 607075, 59979, 59979, 718944919
598, 3459985, 1298889, 332805, 331882, 1297567, 99421, 99421, 3831704798
599, 3460766, 1172483, 502594, 501722, 1171323, 56322, 56322, 2226277614
600, 3457637, 672339, 977852, 976953, 671285, 79604, 79604, 3275762069
602, 3456089, 1363099, 315601, 314808, 1361937, 50322, 50322, 2613396591
601, 3456440, 1011962, 626655, 625786, 1011061, 90488, 90488, 1351915032
605, 3453704, 971788, 671563, 670288, 970453, 84806, 84806, 4003958704
604, 3459287, 652714, 987971, 987021, 651681, 89950, 89950, 130136434
606, 3456290, 559775, 1081331, 1080335, 558765, 88042, 88042, 2386929639
603, 3458832, 239680, 1394044, 1392959, 238703, 96723, 96723, 1804323652
607, 3456813, 776185, 889907, 888910, 775117, 63347, 63347, 3964588276
608, 3459947, 955967, 709952, 708709, 954971, 65174, 65174, 3995829448
610, 3459375, 524243, 1072111, 1071116, 523459, 134223, 134223, 1600277587
609, 3456894, 1001532, 646948, 645955, 1000345, 81057, 81057, 2590095121
611, 3456228, 716402, 933725, 932653, 715430, 79009, 79009, 3811947565
612, 3461565, 1008971, 672762, 671633, 1007971, 50114, 50114, 2680924329
614, 3457704, 340838, 1328524, 1327290, 340000, 60526, 60526, 3726688288
615, 3456294, 589716, 1077868, 1076673, 588871, 61583, 61583, 222762223
613, 3455474, 1163657, 490863, 489963, 1162491, 74250, 74250, 3800560181
621, 3459911, 423952, 1224954, 1223916, 423137, 81976, 81976, 891014462
618, 3459344, 333501, 1317449, 1316474, 332592, 79664, 79664, 2367546920
616, 3457939, 1154077, 527210, 526271, 1152969, 48706, 48706, 3077560261
620, 3456197, 957151, 719552, 718667, 955821, 52503, 52503, 545047069
619, 3457620, 912378, 735962, 735035, 911529, 81358, 81358, 1697145538
622, 3455120, 505729, 1144512, 1143249, 504796, 78417, 78417, 307956378
623, 3460697, 485479, 1185464, 1184210, 484570, 60487, 60487, 3872433888
617, 3458951, 1175848, 247186, 246418, 1174649, 307425, 307425, 2728524089
624, 3457856, 343453, 1285023, 1283732, 342706, 101471, 101471, 2929298231
626, 3461829, 294299, 1347152, 1345915, 293487, 90488, 90488, 836820305
625, 3456688, 1008386, 652207, 651273, 1007274, 68774, 68774, 1691909784
633, 3461734, 88188, 1599150, 1597902, 87492, 44501, 44501, 911074492
631, 3455790, 206395, 1468881, 1467711, 205463, 53670, 53670, 1055263665
630, 3455528, 421091, 1249400, 1247917, 420216, 58452, 58452, 1760257000
628, 3454747, 484391, 1185694, 1184367, 483391, 58452, 58452, 2131126956
627, 3458211, 1161521, 445576, 444753, 1160441, 122960, 122960, 3081790991
629, 3454415, 462102, 1041330, 1040208, 461227, 224774, 224774, 441003431
635, 3455725, 519287, 1108675, 1107356, 518261, 101073, 101073, 1524574916
632, 3461171, 1186055, 456707, 455776, 1184637, 88998, 88998, 1026677004
637, 3460204, 464294, 1208165, 1207075, 463424, 58623, 58623, 206249022
634, 3457038, 1115225, 564034, 563265, 1114144, 50185, 50185, 1502820910
636, 3459097, 1416667, 268284, 267463, 1415617, 45533, 45533, 3371292051
639, 3455161, 994751, 649226, 648298, 993542, 84672, 84672, 1099218952
643, 3457589, 331780, 1342675, 1341367, 330993, 55387, 55387, 3712700722
638, 3456358, 1331999, 345881, 344997, 1331143, 51169, 51169, 3099320917
644, 3459031, 305938, 1358782, 1357516, 305139, 65828, 65828, 4127173095
640, 3458003, 1201578, 474140, 473300, 1200397, 54294, 54294, 1376869766
641, 3457079, 427180, 1250589, 1249273, 426359, 51839, 51839, 1079571268
645, 3459621, 519906, 1156871, 1155588, 518988, 54134, 54134, 2624187562
642, 3459286, 839508, 785949, 785093, 838528, 105104, 105104, 2745889961
647, 3457673, 767324, 863101, 861977, 766187, 99542, 99542, 3059659031
646, 3457360, 1018110, 653053, 651864, 1016859, 58737, 58737, 652787194
649, 3458971, 542439, 1111207, 1110086, 541607, 76816, 76816, 3140577405
648, 3455842, 701381, 908872, 907890, 700301, 118699, 118699, 1800652490
651, 3456909, 1010122, 640020, 639098, 1009123, 79273, 79273, 2984789989
650, 3460810, 1184530, 419637, 418872, 1183513, 127129, 127129, 2328611176
654, 3458106, 532570, 1139731, 1138707, 531632, 57733, 57733, 2250276136
655, 3457175, 757484, 879361, 878297, 756565, 92734, 92734, 3817980907
652, 3456998, 1285183, 394232, 393323, 1284098, 50081, 50081, 750030292
657, 3456758, 1117772, 542448, 541464, 1116626, 69224, 69224, 1705279223
656, 3456003, 1224350, 439523, 438699, 1223079, 65176, 65176, 437277059
658, 3457110, 913153, 762716, 761775, 911748, 53859, 53859, 1146169811
653, 3460132, 1277936, 406992, 406066, 1276838, 46150, 46150, 210361384
659, 3456350, 386682, 1279769, 1278572, 385821, 62753, 62753, 622069245
660, 3456618, 295857, 1364145, 1362835, 295001, 69390, 69390, 3044123083
661, 3455949, 916259, 734480, 733321, 915287, 78301, 78301, 3026611895
662, 3457261, 374699, 1290092, 1288831, 373829, 64905, 64905, 518663319
663, 3457202, 898468, 757776, 756718, 897126, 73557, 73557, 3159497750
664, 3460703, 570109, 1099804, 1098611, 569263, 61458, 61458, 1883914618
665, 3460014, 683651, 980269, 979090, 682820, 67092, 67092, 1135457911
667, 3456272, 687766, 977880, 976872, 686534, 63610, 63610, 3289931128
668, 3456947, 647939, 1033762, 1032545, 646999, 47851, 47851, 3151396464
671, 3455077, 490828, 1169104, 1167587, 489874, 68842, 68842, 2474169285
666, 3457945, 829860, 845613, 844621, 828755, 54548, 54548, 2693746648
669, 3458174, 355283, 1315044, 1313992, 354381, 59737, 59737, 3123469235
672, 3456911, 996040, 661341, 660287, 995035, 72104, 72104, 4212640276
670, 3459611, 656675, 1014623, 1013561, 655750, 59501, 59501, 3565457221
675, 3459054, 538339, 1125681, 1124546, 537350, 66569, 66569, 1078216557
674, 3456291, 974537, 681767, 680657, 973264, 73033, 73033, 4159109470
677, 3462594, 1214707, 470554, 469789, 1213530, 47007, 47007, 3086549990
678, 3455780, 465554, 1200691, 1199437, 464572, 62763, 62763, 2356605952
673, 3460249, 1324609, 288504, 287790, 1323458, 117944, 117944, 2417660885
676, 3457368, 1522156, 153203, 152449, 1520788, 54386, 54386, 3954415034
679, 3459605, 341252, 1306318, 1305358, 340431, 83123, 83123, 1815238659
680, 3455792, 1080889, 492198, 491297, 1079886, 155761, 155761, 3926118318
682, 3454209, 520616, 1159779, 1158200, 519768, 47923, 47923, 3060626780
683, 3455201, 997827, 657526, 656491, 996531, 73413, 73413, 2537207853
681, 3460710, 1195969, 409404, 408629, 1194952, 125878, 125878, 2465954901
684, 3458587, 1375863, 294453, 293528, 1374729, 60007, 60007, 3079612616
686, 3460126, 373866, 1286384, 1285175, 373059, 70821, 70821, 319818067
685, 3456486, 968379, 681792, 680777, 967290, 79124, 79124, 328970721
689, 3458321, 557618, 1110687, 1109456, 556584, 61988, 61988, 1873720555
690, 3457365, 205871, 1476927, 1475729, 204986, 46926, 46926, 3740875122
687, 3458364, 720352, 944101, 943204, 719375, 65666, 65666, 670725023
688, 3459026, 714481, 782626, 781702, 713531, 233343, 233343, 490316429
691, 3458143, 1217928, 462795, 461941, 1216783, 49348, 49348, 3235952187
692, 3457837, 891883, 780963, 779676, 890823, 57246, 57246, 2758295226
693, 3456698, 693308, 967514, 966540, 692174, 68581, 68581, 3947851884
694, 3457818, 1104187, 545873, 544867, 1102677, 80107, 80107, 2756944049
695, 3460374, 707670, 950765, 949717, 706780, 72721, 72721, 447432094
696, 3459778, 785122, 882058, 881136, 784070, 63696, 63696, 1857671169
700, 3456363, 601184, 1067764, 1066648, 600217, 60275, 60275, 130305155
699, 3456392, 335290, 1326386, 1325381, 334531, 67402, 67402, 2377812190
697, 3459176, 1432546, 252611, 251839, 1431140, 45520, 45520, 3211356365
698, 3461675, 599048, 882252, 881475, 597988, 250456, 250456, 3769048094
701, 3457019, 886572, 763484, 762372, 885587, 79502, 79502, 1672893319
705, 3458924, 1016483, 655213, 654105, 1015335, 58894, 58894, 508694482
702, 3452742, 856395, 817492, 816497, 855266, 53546, 53546, 3474700230
706, 3462492, 670209, 994450, 993459, 669348, 67513, 67513, 1328449120
704, 3456522, 1242295, 417433, 416381, 1241201, 69606, 69606, 3588253686
707, 3456950, 528272, 1145848, 1144707, 527375, 55374, 55374, 3243242488
708, 3457322, 895030, 759706, 758734, 894052, 74900, 74900, 2046457735
703, 3457637, 892472, 767044, 766102, 891297, 70361, 70361, 224639533
709, 3454766, 416728, 1262942, 1261424, 415802, 48935, 48935, 3677845786
710, 3461091, 973710, 702016, 701043, 972624, 55849, 55849, 3243193516
713, 3457569, 780105, 876938, 875746, 779236, 72772, 72772, 1944729763
712, 3458820, 1094358, 579656, 578614, 1093174, 56509, 56509, 3184624783
711, 3457559, 1217560, 434744, 433856, 1216445, 77477, 77477, 4238525776
715, 3459939, 458141, 1214667, 1213584, 457269, 58139, 58139, 2568761567
714, 3458440, 1321976, 325780, 324887, 1320439, 82679, 82679, 3976282288
722, 3455822, 610411, 1054639, 1053383, 609425, 63982, 63982, 3078108534
716, 3456289, 704233, 959446, 958155, 703231, 65612, 65612, 2037060609
719, 3460108, 579385, 1083679, 1082381, 578445, 68109, 68109, 3345700186
718, 3460692, 322220, 1356433, 1355029, 321424, 52793, 52793, 605361663
717, 3459153, 782931, 883979, 882917, 781898, 63714, 63714, 302203678
723, 3460334, 890121, 770411, 769330, 889026, 70723, 70723, 4243938029
721, 3455237, 578892, 996516, 995536, 577965, 153164, 153164, 4002623736
720, 3455633, 1096838, 571718, 570825, 1095892, 60180, 60180, 660851838
728, 3459761, 354478, 1332312, 1331127, 353700, 44072, 44072, 1907091491
726, 3455586, 1257478, 416522, 415677, 1256103, 54903, 54903, 993233549
725, 3461548, 742639, 850322, 849379, 741558, 138825, 138825, 1539507417
727, 3455695, 1017762, 642648, 641705, 1016416, 68582, 68582, 759446256
724, 3461618, 747204, 917765, 916895, 746222, 66766, 66766, 1369535558
729, 3457303, 1090627, 568878, 567927, 1089525, 70173, 70173, 415547003
732, 3456413, 527213, 1093432, 1092197, 526259, 108656, 108656, 2111171978
730, 3458495, 925668, 729157, 728242, 924592, 75418, 75418, 1139397374
737, 3460233, 681879, 995485, 994337, 680880, 53826, 53826, 1119848912
734, 3455872, 624131, 1027316, 1025897, 623278, 77625, 77625, 2313506361
735, 3456852, 295554, 1341771, 1340759, 294644, 92062, 92062, 2970882515
733, 3456760, 422710, 1233597, 1232546, 421851, 73028, 73028, 2440208347
731, 3457207, 1078306, 577370, 576549, 1077318, 73832, 73832, 691125268
736, 3458580, 780880, 887160, 886175, 779713, 62326, 62326, 65333838
738, 3459844, 421250, 1255217, 1254084, 420455, 54419, 54419, 635225687
739, 3459257, 891819, 784049, 782975, 890702, 54856, 54856, 161282014
742, 3454448, 1022298, 651433, 650565, 1021200, 54476, 54476, 3884245071
741, 3455150, 452967, 1199187, 1198043, 451975, 76489, 76489, 1265040315
740, 3458385, 1196651, 447712, 446660, 1195590, 85886, 85886, 784314136
743, 3455675, 180174, 1495651, 1494424, 179454, 52986, 52986, 863229154
744, 3461056, 909708, 699335, 698259, 908636, 122559, 122559, 3312995664
745, 3456558, 571689, 1098352, 1097427, 570636, 59227, 59227, 3664697425
749, 3458388, 533414, 1133297, 1131927, 532406, 63672, 63672, 3883966463
748, 3456292, 631323, 1000713, 999586, 630296, 97187, 97187, 2324307668
746, 3455346, 760577, 849511, 848487, 759629, 118571, 118571, 12688855
747, 3455529, 1432346, 220119, 219211, 1430871, 76491, 76491, 573707080
752, 3456406, 251414, 1414730, 1413438, 250602, 63111, 63111, 1530768887
751, 3455332, 925640, 710384, 709240, 924456, 92806, 92806, 337440976
750, 3461210, 1320015, 300414, 299647, 1318934, 111100, 111100, 649034315
754, 3455356, 703205, 959762, 958536, 702049, 65902, 65902, 3699645984
755, 3454938, 883560, 792834, 791729, 882379, 52218, 52218, 1659508942
753, 3458647, 896229, 662708, 661692, 895286, 171366, 171366, 1524334666
757, 3458856, 1012807, 628826, 627777, 1011906, 88770, 88770, 3743535575
756, 3459835, 947496, 715452, 714495, 946548, 67922, 67922, 1776763741
760, 3456470, 459028, 1206548, 1205205, 458093, 63798, 63798, 1696662071
762, 3452872, 632317, 1020669, 1019435, 631347, 74552, 74552, 3483132032
761, 3457470, 1339099, 324575, 323736, 1338124, 65968, 65968, 1823549928
763, 3460326, 963863, 708266, 707241, 962656, 59150, 59150, 1782231364
758, 3456350, 1344266, 331727, 330956, 1343051, 53175, 53175, 886696083
759, 3453949, 914659, 710674, 709710, 913516, 102695, 102695, 1278627480
764, 3458751, 1225507, 398318, 397416, 1224562, 106474, 106474, 2336917531
765, 3452112, 1169455, 501922, 501030, 1168319, 55693, 55693, 3814374385
767, 3456733, 746840, 920870, 919739, 745914, 61685, 61685, 1803995100
768, 3459293, 745979, 873594, 872463, 744949, 111154, 111154, 2269532230
771, 3457128, 563486, 1099617, 1098461, 562600, 66482, 66482, 1382888807
766, 3459161, 1153310, 513786, 513000, 1152223, 63421, 63421, 1942453405
770, 3457279, 824377, 829800, 828729, 823239, 75567, 75567, 1776804734
769, 3460251, 963239, 688298, 687365, 962253, 79548, 79548, 870417140
772, 3456282, 844123, 836906, 835753, 842918, 48291, 48291, 1941964930
773, 3459489, 246814, 1392515, 1391227, 245941, 91496, 91496, 3998803390
775, 3457307, 887684, 784320, 783131, 886582, 57795, 57795, 2115457328
776, 3456021, 570312, 1104929, 1103506, 569574, 53850, 53850, 99476567
774, 3457086, 794738, 884504, 883316, 793708, 50410, 50410, 1062169747
777, 3459595, 920247, 766032, 764896, 919318, 44551, 44551, 2683540824
779, 3458349, 800049, 875156, 873989, 798983, 55086, 55086, 1363487982
778, 3455089, 1063770, 596177, 595310, 1062690, 68571, 68571, 2127054401
786, 3455958, 424874, 1222493, 1221205, 423954, 81716, 81716, 171244942
782, 3455584, 350627, 1324724, 1323636, 349779, 53409, 53409, 237505304
780, 3454771, 968187, 697162, 696205, 967003, 63107, 63107, 1297506199
784, 3456466, 202286, 1463721, 1462631, 201508, 63160, 63160, 3864645832
781, 3457424, 924698, 745855, 744949, 923684, 59119, 59119, 1419098876
788, 3458610, 568197, 1063843, 1062457, 567319, 98397, 98397, 92599917
785, 3460322, 1329277, 334343, 333497, 1328099, 67553, 67553, 3466313394
789, 3456237, 685771, 986280, 984947, 684795, 57222, 57222, 538969899
783, 3457058, 1073622, 563914, 562877, 1072379, 92133, 92133, 2481537267
791, 3458936, 526557, 1133021, 1131754, 525686, 70959, 70959, 2738618512
787, 3454247, 1277237, 401442, 400622, 1275976, 49485, 49485, 975055228
793, 3456755, 779433, 873146, 872081, 778289, 76903, 76903, 3614847162
790, 3455511, 901199, 747417, 746470, 899923, 80251, 80251, 4206562109
792, 3456410, 1038057, 614756, 613763, 1037108, 76363, 76363, 732236798
796, 3457697, 505953, 1172994, 1171663, 505021, 51033, 51033, 2561574946
795, 3456853, 496182, 1132060, 1130953, 495328, 101165, 101165, 4256938464
794, 3457831, 879701, 778276, 777355, 878605, 71947, 71947, 290624679
802, 3459076, 999103, 668799, 667787, 997995, 62696, 62696, 4139665848
797, 3460984, 935705, 730931, 729853, 934815, 64840, 64840, 459384206
800, 3456025, 867075, 676507, 675574, 866061, 185404, 185404, 367279901
798, 3458628, 985179, 691140, 690325, 984048, 53968, 53968, 1930766096
799, 3458003, 905424, 768190, 767209, 904426, 56377, 56377, 4157936803
801, 3457797, 1051533, 626099, 625119, 1050238, 52404, 52404, 947093445
804, 3455121, 1002589, 665470, 664516, 1001282, 60632, 60632, 3667538038
806, 3457694, 801362, 840675, 839671, 800504, 87741, 87741, 1476918435
805, 3459424, 856927, 805254, 804188, 855999, 68528, 68528, 3078028901
803, 3457225, 1069972, 482790, 481851, 1068884, 176864, 176864, 130815782
808, 3460619, 992948, 649609, 648577, 991697, 88894, 88894, 1560466218
807, 3457682, 615094, 1053921, 1052857, 614048, 60881, 60881, 979919155
812, 3458960, 1082407, 592575, 591478, 1080974, 55763, 55763, 2009829354
809, 3458466, 1153133, 517798, 516789, 1152172, 59287, 59287, 3338633127
811, 3457999, 287923, 1346620, 1345378, 287208, 95435, 95435, 4170432067
813, 3459033, 831221, 824262, 823046, 830232, 75136, 75136, 3182715313
814, 3459882, 1081828, 593869, 592804, 1080491, 55445, 55445, 3605599339
810, 3460885, 953153, 651340, 650548, 952162, 126841, 126841, 3333549958
815, 3457530, 869445, 812734, 811809, 868574, 47484, 47484, 1760021200
817, 3457357, 729672, 933884, 932689, 728486, 66313, 66313, 3973371313
818, 3458383, 533807, 1142063, 1141005, 532942, 54283, 54283, 1443173234
816, 3459172, 981679, 688971, 688027, 980459, 60018, 60018, 3645650578
819, 3459117, 943649, 711090, 709932, 942694, 75876, 75876, 2533224624
820, 3455961, 467602, 1202835, 1201554, 466718, 58626, 58626, 3255663472
822, 3461306, 1368475, 312614, 311775, 1367168, 50637, 50637, 558741822
821, 3459687, 1235021, 428452, 427726, 1233860, 67314, 67314, 2582227485
826, 3459886, 740402, 878128, 876925, 739359, 112536, 112536, 536800004
827, 3457077, 785696, 876709, 875712, 784608, 67176, 67176, 997955699
823, 3458631, 695535, 935792, 934542, 694480, 99141, 99141, 4011483468
825, 3457932, 822386, 841684, 840653, 821225, 65992, 65992, 3944557933
824, 3458956, 964050, 703341, 702240, 962767, 63279, 63279, 4028823036
828, 3455687, 725708, 884142, 882988, 724571, 119139, 119139, 3298370825
829, 3460611, 1134541, 515798, 514964, 1133320, 80994, 80994, 2399256385
832, 3455442, 538657, 1129949, 1128674, 537776, 60193, 60193, 1011585030
831, 3459230, 519682, 1150411, 1148959, 518648, 60765, 60765, 2527592871
833, 3457380, 648427, 1014359, 1013202, 647444, 66974, 66974, 3524431407
830, 3455242, 958359, 708180, 707099, 957396, 62104, 62104, 2373663085
834, 3456702, 1330223, 320222, 319233, 1329118, 78953, 78953, 2499598329
836, 3459293, 1207873, 461734, 460832, 1206662, 61096, 61096, 454422253
835, 3457316, 718834, 890329, 889034, 717827, 120646, 120646, 2542642125
838, 3458627, 187835, 1455214, 1453850, 187120, 87304, 87304, 3244852636
839, 3460780, 620309, 1059733, 1058658, 619394, 51343, 51343, 1980736610
840, 3455517, 514267, 1155385, 1154372, 513285, 59104, 59104, 1656642087
837, 3457190, 1152205, 503820, 502872, 1150965, 73664, 73664, 191081436
843, 3456731, 375678, 1302928, 1301628, 374851, 50823, 50823, 2965408318
841, 3456935, 241995, 1429387, 1428018, 241245, 58145, 58145, 4219031579
842, 3457028, 278358, 1269589, 1268436, 277525, 181560, 181560, 2011328076
845, 3457274, 991795, 674578, 673488, 990503, 63455, 63455, 1021142449
847, 3456267, 624768, 1032898, 1031782, 623623, 71598, 71598, 2682569652
844, 3458586, 1250096, 415361, 414404, 1248987, 64869, 64869, 3951761545
846, 3455934, 798526, 860738, 859660, 797422, 69794, 69794, 329346479
849, 3459848, 203154, 1469400, 1468290, 202420, 58292, 58292, 3605054274
848, 3456288, 656753, 994350, 993145, 655914, 78063, 78063, 1578959664
850, 3459648, 440909, 1202999, 1201946, 440048, 86873, 86873, 126917870
851, 3455641, 619655, 1036104, 1034684, 618708, 73245, 73245, 171262066
853, 3457626, 1411531, 267201, 266336, 1410130, 51214, 51214, 1109911016
855, 3455646, 833802, 821087, 819980, 832819, 73979, 73979, 1919352581
856, 3460685, 350449, 1287396, 1286327, 349583, 93465, 93465, 3951266141
852, 3459297, 1093710, 530964, 530092, 1092613, 105959, 105959, 154454701
857, 3458883, 707675, 717059, 716024, 706791, 305667, 305667, 1222368667
860, 3455723, 597933, 1082577, 1081230, 597045, 48469, 48469, 3525786433
854, 3458445, 1117798, 540400, 539435, 1116708, 72052, 72052, 60331523
859, 3457574, 1352658, 324952, 324009, 1351453, 52251, 52251, 2443189081
861, 3456526, 748995, 928622, 927574, 747943, 51696, 51696, 3340620717
858, 3454767, 1160230, 469322, 468512, 1159129, 98787, 98787, 1012696210
863, 3454501, 1024059, 643466, 642609, 1023065, 60651, 60651, 4285536255
864, 3461496, 695339, 945858, 944960, 694285, 90527, 90527, 3733815202
865, 3457307, 683209, 957457, 956302, 682233, 89053, 89053, 1634233360
862, 3460135, 933858, 718759, 717933, 932855, 78365, 78365, 3960267576
867, 3457992, 828648, 846972, 846030, 827662, 54340, 54340, 2325682385
868, 3459510, 1164589, 492696, 491824, 1163459, 73471, 73471, 3819825018
866, 3459737, 1426098, 256753, 256005, 1424975, 47953, 47953, 1821952247
869, 3460355, 1243482, 409847, 408919, 1242347, 77880, 77880, 2358206585
870, 3457884, 651429, 1014988, 1013714, 650543, 63605, 63605, 3303951388
871, 3456062, 733727, 904451, 903382, 732872, 90815, 90815, 258760898
872, 3458079, 607098, 1016417, 1015417, 606265, 106441, 106441, 1240294300
874, 3458871, 336050, 1282135, 1280909, 335285, 112246, 112246, 2449523330
873, 3457747, 418210, 1256334, 1255063, 417376, 55382, 55382, 1040648784
875, 3457458, 590558, 1025629, 1024545, 589628, 113549, 113549, 1580622082
876, 3451303, 1244664, 406740, 405753, 1243144, 75501, 75501, 2019888688
877, 3459276, 730454, 901023, 899753, 729452, 99297, 99297, 476176901
879, 3457011, 1281155, 396232, 395304, 1279862, 52229, 52229, 2354692588
878, 3458682, 760441, 901412, 900375, 759574, 68440, 68440, 1728651740
880, 3461152, 577850, 1085689, 1084375, 576864, 68187, 68187, 2380960986
881, 3459545, 543621, 1127032, 1125813, 542721, 60179, 60179, 904146729
883, 3455691, 750442, 891663, 890595, 749555, 86718, 86718, 188570328
885, 3457909, 785003, 819132, 818170, 783986, 125809, 125809, 803923372
884, 3458354, 475081, 1195070, 1194085, 474210, 59954, 59954, 2252655283
887, 3458774, 524838, 1148086, 1146805, 523973, 57536, 57536, 2088435267
882, 3455740, 1170138, 452201, 451315, 1168840, 106623, 106623, 39564824
886, 3457194, 1018310, 659875, 659133, 1017066, 51405, 51405, 2127563471
893, 3457969, 169434, 1512905, 1511589, 168623, 47709, 47709, 2452505514
891, 3458808, 1009623, 613861, 612892, 1008624, 106904, 106904, 1155140606
888, 3461608, 1553551, 80431, 79790, 1552056, 97890, 97890, 2231881390
890, 3457645, 733277, 931484, 930353, 732227, 65152, 65152, 713896731
889, 3456436, 1097909, 561541, 560653, 1096675, 69829, 69829, 2913982278
892, 3455600, 763290, 905699, 904482, 762329, 59900, 59900, 447896003
895, 3457253, 658461, 1000485, 999265, 657528, 70757, 70757, 2360538222
894, 3456792, 1071751, 604451, 603456, 1070742, 53196, 53196, 3194562832
899, 3457445, 494050, 1163214, 1162041, 493216, 72462, 72462, 1508598947
901, 3462697, 594308, 1073199, 1072108, 593430, 64826, 64826, 1702659719
898, 3456907, 900067, 767545, 766284, 899125, 61943, 61943, 2208757230
896, 3455759, 1059947, 593969, 592893, 1059000, 74975, 74975, 3354827743
900, 3461244, 829940, 825213, 824116, 829013, 76481, 76481, 3336194172
897, 3458371, 1530434, 159787, 159138, 1529352, 39830, 39830, 3899980707
902, 3459160, 646211, 1021615, 1020522, 645244, 62784, 62784, 694596665
903, 3454493, 652303, 1018167, 1017091, 651372, 57780, 57780, 801590540
904, 3455188, 542142, 1128299, 1127005, 541220, 58261, 58261, 2791119231
906, 3459333, 704722, 881234, 880288, 703851, 144619, 144619, 440584800
907, 3459841, 517409, 1146536, 1145608, 516518, 66885, 66885, 3791595984
905, 3460131, 523389, 1119145, 1118222, 522533, 88421, 88421, 1339485299
909, 3458823, 1225835, 375455, 374618, 1224699, 129108, 129108, 2221973912
910, 3460798, 564246, 1109385, 1108152, 563229, 57893, 57893, 1161068552
908, 3458274, 1335844, 347742, 346961, 1334661, 46533, 46533, 3784739944
915, 3459571, 194722, 1491741, 1490502, 194008, 44299, 44299, 3207058671
918, 3454683, 309376, 1368605, 1367172, 308520, 50505, 50505, 282378459
911, 3459208, 1221950, 440758, 439977, 1220575, 67974, 67974, 1488056422
916, 3455979, 610943, 834103, 833140, 609821, 283986, 283986, 2866542612
913, 3458571, 945348, 728389, 727517, 944233, 56542, 56542, 2014584910
914, 3457531, 687913, 978692, 977599, 686823, 63252, 63252, 3899247748
912, 3460211, 756434, 913587, 912587, 755403, 61100, 61100, 156851928
917, 3458659, 920532, 737538, 736708, 919513, 72184, 72184, 2670091703
920, 3452957, 820401, 859693, 858635, 819290, 47469, 47469, 2976352071
922, 3462072, 816958, 844445, 843490, 815947, 70616, 70616, 1340478998
921, 3460606, 925720, 740995, 739913, 924690, 64644, 64644, 3573289381
919, 3457913, 1115007, 541217, 540238, 1113873, 73789, 73789, 3507889762
923, 3457638, 325944, 1336664, 1335614, 325152, 67132, 67132, 1093819636
927, 3458508, 118473, 1559610, 1558279, 117760, 52193, 52193, 3979129885
924, 3461368, 1047462, 520919, 520031, 1046590, 163183, 163183, 3773425305
925, 3457410, 420912, 1244105, 1243072, 419995, 64663, 64663, 3243050445
928, 3461091, 622806, 948001, 946973, 621771, 160770, 160770, 3757642496
926, 3456409, 345249, 1313830, 1312595, 344385, 70175, 70175, 1345110210
932, 3460168, 292763, 1321973, 1320880, 291962, 116295, 116295, 3447534533
930, 3459464, 1116546, 549316, 548412, 1115354, 64918, 64918, 2276988536
931, 3458751, 289874, 1388237, 1387225, 289049, 52183, 52183, 2395207075
929, 3458337, 879044, 740383, 739485, 878239, 110593, 110593, 1890510571
935, 3459660, 192016, 1170765, 1169405, 191274, 368100, 368100, 771399084
934, 3457772, 1049285, 602531, 601401, 1048169, 78193, 78193, 2789915532
937, 3459956, 20276, 1618728, 1617548, 19648, 91878, 91878, 1749670877
933, 3459829, 1089518, 577534, 576535, 1088518, 63862, 63862, 1617998565
936, 3460565, 559629, 1120856, 1119738, 558952, 50695, 50695, 2688004096
939, 3461377, 631635, 1034136, 1032849, 630653, 66052, 66052, 3365419427
943, 3454889, 173278, 1502437, 1500943, 172533, 52849, 52849, 3062205756
940, 3457681, 1003189, 663415, 662382, 1001977, 63359, 63359, 2838191765
942, 3459716, 1048660, 623082, 621998, 1047604, 59186, 59186, 2729578101
945, 3456560, 594699, 1023627, 1022512, 593744, 110989, 110989, 854248645
941, 3460627, 1220843, 446150, 445249, 1219735, 64325, 64325, 1474152770
938, 3461842, 875315, 524476, 523615, 874324, 332056, 332056, 751636239
944, 3457088, 895792, 749993, 749143, 894658, 83751, 83751, 228614057
949, 3460136, 349208, 1297973, 1296906, 348341, 83854, 83854, 3803986215
947, 3458591, 540309, 1101617, 1100435, 539408, 88411, 88411, 4007891541
948, 3458273, 833044, 839816, 838755, 832038, 57310, 57310, 2640323963
946, 3459229, 983465, 670712, 669881, 982401, 76385, 76385, 2923514862
950, 3459428, 799198, 858834, 857610, 798274, 72756, 72756, 1506138531
951, 3458585, 631318, 993693, 992532, 630340, 105351, 105351, 3553447393
952, 3456879, 819414, 828968, 828234, 818019, 81122, 81122, 1537068100
953, 3461561, 731937, 935371, 934113, 730906, 64617, 64617, 681520855
954, 3457299, 1032432, 615610, 614692, 1031447, 81559, 81559, 2068165319
958, 3451193, 706979, 906520, 905347, 706059, 113144, 113144, 1672046060
960, 3457018, 572347, 1097459, 1096355, 571111, 59873, 59873, 2776823003
962, 3458440, 330177, 1355986, 1354662, 329335, 44140, 44140, 4145989606
957, 3456662, 1057635, 604932, 604047, 1056324, 66862, 66862, 864711963
961, 3460056, 946650, 733046, 732146, 945602, 51306, 51306, 1446209890
955, 3458238, 767284, 821239, 820256, 766427, 141516, 141516, 2016246865
956, 3461704, 922013, 736157, 735233, 920741, 73780, 73780, 909142152
959, 3458826, 1334680, 349780, 349016, 1333442, 45954, 45954, 291264724
965, 3455877, 1085169, 580030, 579012, 1084128, 63769, 63769, 2993773344
964, 3459713, 1216428, 462987, 462161, 1215097, 51520, 51520, 2097137695
963, 3455766, 866240, 805353, 804487, 865308, 57189, 57189, 897960626
966, 3459081, 544454, 1040097, 1038922, 543718, 145945, 145945, 3765102385
967, 3459380, 811230, 841695, 840560, 810295, 77800, 77800, 3527309751
968, 3458315, 720891, 928314, 927309, 719965, 80918, 80918, 2078018064
974, 3455730, 791658, 810797, 809660, 790833, 126391, 126391, 3299398509
969, 3458071, 1460694, 216239, 215512, 1459336, 53145, 53145, 2396226471
973, 3460896, 327353, 1303666, 1302768, 326523, 100293, 100293, 325855951
970, 3456934, 724462, 942966, 941786, 723530, 62095, 62095, 3744906196
971, 3458557, 1027416, 636313, 635289, 1026277, 66631, 66631, 1645310801
976, 3457440, 649080, 1012904, 1011859, 648257, 67670, 67670, 2585306840
972, 3457266, 1278106, 383706, 382749, 1277105, 67800, 67800, 1416651832
975, 3460587, 958516, 665005, 664050, 957464, 107776, 107776, 3644374764
977, 3456557, 1005808, 666276, 665194, 1004747, 57266, 57266, 22442170
979, 3458808, 563348, 1062372, 1061335, 562527, 104613, 104613, 1198248635
978, 3457230, 799783, 874837, 873896, 798852, 54931, 54931, 4003522322
980, 3460544, 925340, 733421, 732501, 924336, 72473, 72473, 3941585174
981, 3456645, 837760, 778337, 777227, 836673, 113324, 113324, 2989039733
983, 3456827, 701199, 980613, 979594, 700097, 47662, 47662, 3882639385
982, 3456474, 1396086, 179892, 179051, 1394885, 153280, 153280, 1804798201
985, 3453719, 488982, 1146311, 1145152, 488206, 92534, 92534, 4017333391
986, 3455111, 713772, 964832, 963630, 712739, 50069, 50069, 2888363115
991, 3456179, 418354, 1255755, 1254494, 417596, 54990, 54990, 613408755
984, 3458349, 856922, 812285, 811145, 855883, 61057, 61057, 147627260
993, 3456544, 677333, 942353, 940949, 676315, 109797, 109797, 4001365036
989, 3457422, 1059066, 598259, 597441, 1058098, 72279, 72279, 2115026103
988, 3457096, 1005254, 665212, 664224, 1004282, 59062, 59062, 156328493
990, 3456841, 824797, 835136, 834114, 823888, 69453, 69453, 1326169572
987, 3456932, 1107475, 563631, 562706, 1106424, 58348, 58348, 1900516094
992, 3457568, 492340, 1180518, 1179447, 491377, 56943, 56943, 866129684
994, 3461062, 1063121, 599734, 598835, 1061932, 68720, 68720, 3250310459
995, 3457517, 473799, 1173158, 1172103, 472873, 82792, 82792, 3773809870
998, 3456730, 426530, 1251696, 1250383, 425601, 51260, 51260, 1774862641
997, 3457453, 678883, 989801, 988816, 677867, 61043, 61043, 78001806
996, 3459749, 713500, 948066, 947067, 712434, 69341, 69341, 4002292997
999, 3455848, 806588, 832984, 831958, 805490, 89414, 89414, 3465474744
