sample_id, N_LCC, N_A_1_LCC, N_B_1_LCC, N_A_0_LCC, N_B_0_LCC, N_A_*_LCC, N_B_*_LCC, seed
13, 2494765, 18020, 1181998, 1177694, 15727, 50663, 50663, 3549073610
9, 2492305, 16557, 1180461, 1177742, 14135, 51705, 51705, 744404335
0, 2492005, 15599, 1174323, 1171310, 13283, 58745, 58745, 2997734680
10, 2495139, 18015, 1179901, 1177189, 15556, 52239, 52239, 1791356177
6, 2496643, 1186317, 14764, 12453, 1183163, 49973, 49973, 253706808
5, 2498306, 17219, 1182851, 1180040, 14954, 51621, 51621, 1242434213
3, 2501021, 17573, 1183178, 1180371, 15335, 52282, 52282, 272696298
11, 2491271, 1179096, 17212, 14840, 1176463, 51830, 51830, 510594943
2, 2497596, 13443, 1181233, 1178545, 11271, 56552, 56552, 1783353461
7, 2492026, 15614, 1182960, 1180326, 13262, 49932, 49932, 903541765
14, 2495387, 1176879, 15894, 13719, 1174513, 57191, 57191, 3863259798
4, 2497922, 1181979, 19434, 17122, 1179117, 50135, 50135, 2128820451
8, 2489193, 1179535, 14815, 12450, 1177007, 52693, 52693, 4007638176
15, 2495617, 16755, 1182114, 1179583, 14481, 51342, 51342, 551786699
16, 2497203, 14242, 1186763, 1182756, 12062, 50690, 50690, 799572925
12, 2493937, 1170809, 25593, 23300, 1168055, 53090, 53090, 3861879065
1, 2496217, 15419, 1185372, 1183068, 13202, 49578, 49578, 2703183702
17, 2490982, 19896, 1172828, 1169854, 17514, 55445, 55445, 1419835536
18, 2495014, 15505, 1182338, 1179756, 13209, 52103, 52103, 1274916975
27, 2491367, 25966, 1170124, 1166052, 23665, 52780, 52780, 1731784275
21, 2497004, 1185269, 14712, 12395, 1181886, 51371, 51371, 3615388489
30, 2494381, 15304, 1182847, 1179007, 12965, 52129, 52129, 1221892190
26, 2490696, 18224, 1178680, 1175834, 16006, 50976, 50976, 22804189
28, 2495022, 16304, 1181506, 1178702, 13912, 52299, 52299, 3765245979
19, 2498157, 1183454, 16993, 14641, 1180307, 51381, 51381, 699014187
20, 2494608, 1184551, 14949, 12529, 1182105, 50237, 50237, 4200705957
22, 2503849, 1191183, 12960, 10737, 1188715, 50127, 50127, 146808545
23, 2498068, 14743, 1185333, 1183004, 12476, 51256, 51256, 2255518131
24, 2498897, 1188477, 14517, 12246, 1185579, 49039, 49039, 2644215863
25, 2493542, 1180915, 15860, 13476, 1178231, 52530, 52530, 3862373260
29, 2497022, 1183030, 15770, 13482, 1180472, 52134, 52134, 3479705042
33, 2502065, 15186, 1188441, 1185903, 12847, 49844, 49844, 2864763225
34, 2496676, 15232, 1185717, 1182277, 13090, 50180, 50180, 2178722491
31, 2493354, 1184161, 15865, 13597, 1181203, 49264, 49264, 217865654
36, 2497121, 18690, 1180543, 1177813, 16339, 51868, 51868, 1490099171
32, 2498852, 1185511, 15442, 13063, 1182930, 50953, 50953, 3285752732
43, 2492244, 14618, 1181860, 1178910, 12238, 52309, 52309, 3103295554
39, 2492024, 16132, 1181378, 1178871, 13863, 50890, 50890, 2605180571
37, 2493693, 1182550, 16356, 14017, 1179954, 50408, 50408, 847877359
35, 2489936, 16587, 1177855, 1175584, 14198, 52856, 52856, 2137659032
42, 2494529, 15654, 1181928, 1179341, 13344, 52131, 52131, 2525830925
38, 2494298, 1187035, 14083, 11738, 1184052, 48695, 48695, 2461182034
41, 2497285, 1186581, 14305, 11972, 1183373, 50527, 50527, 3740373634
46, 2495720, 15082, 1182544, 1179554, 12606, 52967, 52967, 218343395
50, 2500117, 12360, 1192985, 1187763, 10219, 48395, 48395, 2054879921
47, 2495749, 15900, 1184250, 1181659, 13544, 50198, 50198, 983045838
44, 2495647, 1185381, 14738, 12506, 1182400, 50311, 50311, 3912155750
40, 2496204, 1181070, 17252, 14988, 1178658, 52118, 52118, 4127971745
49, 2500774, 1190664, 12854, 10616, 1186590, 50025, 50025, 3474541540
45, 2495362, 1185002, 15023, 12765, 1182248, 50162, 50162, 802643963
51, 2503660, 1191088, 14466, 12289, 1187855, 48981, 48981, 2195874766
56, 2500538, 17032, 1185572, 1182596, 14792, 50273, 50273, 1576881015
57, 2491130, 17711, 1176409, 1173371, 15259, 54190, 54190, 4007948660
54, 2501076, 1188249, 13082, 10876, 1185909, 51480, 51480, 3126568510
59, 2502433, 14877, 1187814, 1185443, 12603, 50848, 50848, 1919135263
52, 2499491, 1186737, 14346, 11999, 1184213, 51098, 51098, 2031036260
55, 2496854, 1184150, 16255, 14129, 1180830, 50745, 50745, 1555466744
58, 2495723, 1183660, 16404, 14042, 1180785, 50416, 50416, 1786279211
53, 2500814, 1188129, 15515, 13183, 1185179, 49404, 49404, 130454927
48, 2498826, 33783, 1164992, 1162623, 31488, 52970, 52970, 388444340
61, 2499516, 1186947, 14392, 12146, 1183673, 51179, 51179, 379184003
64, 2495004, 17364, 1180661, 1177494, 15059, 52213, 52213, 3836826301
65, 2505338, 14663, 1191017, 1188382, 12432, 49422, 49422, 866821094
62, 2495376, 16674, 1181114, 1178636, 14458, 52247, 52247, 4203106253
60, 2499176, 1186933, 13842, 11577, 1184352, 51236, 51236, 1136618750
63, 2497160, 1185835, 14558, 12266, 1182085, 51208, 51208, 3892187507
66, 2492764, 16068, 1182487, 1179876, 13741, 50296, 50296, 2696099360
67, 2495624, 14951, 1183199, 1180508, 12672, 52147, 52147, 986029757
68, 2495119, 1180664, 17012, 14709, 1177738, 52498, 52498, 2888042301
75, 2492638, 15895, 1182114, 1179301, 13494, 50917, 50917, 1578653674
73, 2496454, 18409, 1180043, 1176867, 16091, 52522, 52522, 3393158761
69, 2493242, 18157, 1178369, 1175751, 15815, 52575, 52575, 1777618922
72, 2493963, 1179973, 18622, 16254, 1176684, 51215, 51215, 717389616
70, 2492495, 1182004, 15670, 13446, 1178439, 51468, 51468, 1963639792
74, 2494833, 17039, 1179857, 1176945, 14848, 53072, 53072, 2350081476
76, 2497328, 16370, 1184493, 1182124, 14111, 50115, 50115, 4021858343
78, 2501583, 1191441, 13312, 11068, 1188314, 48724, 48724, 267583001
79, 2491582, 1173898, 19844, 17529, 1170061, 55125, 55125, 2185680948
77, 2496516, 1185228, 13984, 11771, 1182665, 51434, 51434, 2318250200
80, 2492105, 1179026, 17743, 15416, 1175852, 52034, 52034, 2398171091
71, 2490748, 1165751, 25528, 23140, 1163257, 56536, 56536, 1127894675
81, 2494027, 1181214, 17078, 14737, 1177944, 51527, 51527, 2476823124
82, 2501812, 1189395, 14237, 12015, 1185971, 50097, 50097, 2038332022
86, 2496657, 1185608, 15684, 13469, 1181582, 50157, 50157, 4064362530
85, 2497488, 15914, 1184362, 1181446, 13646, 51060, 51060, 2167173611
92, 2486790, 14382, 1180658, 1176519, 12001, 51615, 51615, 3829462756
84, 2497915, 1184997, 15566, 13354, 1182148, 50925, 50925, 3271012295
87, 2500868, 1186596, 16373, 14240, 1183549, 50055, 50055, 3985874881
83, 2494542, 1180954, 17215, 14867, 1177934, 51786, 51786, 4098923085
93, 2500253, 1188135, 13113, 10923, 1185276, 51403, 51403, 552496394
96, 2502745, 14624, 1189639, 1185973, 12297, 50106, 50106, 3429984582
89, 2494374, 1182346, 17334, 15078, 1179224, 50196, 50196, 3242123666
91, 2490984, 1178988, 15785, 13441, 1176100, 53335, 53335, 2574038660
90, 2498227, 1187463, 14042, 11778, 1183996, 50474, 50474, 1022564071
88, 2495932, 13383, 1187539, 1185156, 11142, 49356, 49356, 798578318
99, 2494273, 15492, 1181131, 1178170, 13164, 53158, 53158, 1532825774
102, 2490812, 16216, 1178085, 1174175, 13914, 54211, 54211, 888676419
97, 2492391, 16963, 1179455, 1176984, 14649, 52170, 52170, 2925501825
100, 2496789, 13022, 1188004, 1184879, 10744, 50070, 50070, 2584910206
95, 2496047, 1184114, 14473, 12204, 1181468, 51894, 51894, 2725113497
104, 2495764, 15128, 1185771, 1182177, 12836, 49926, 49926, 3826793281
94, 2498109, 1185486, 14528, 12307, 1183002, 51393, 51393, 2222477954
98, 2489226, 1173686, 18870, 16348, 1170902, 54710, 54710, 2712877230
103, 2493321, 14613, 1185375, 1182582, 12407, 49172, 49172, 1192498407
101, 2495565, 16649, 1183076, 1180574, 14354, 50456, 50456, 3344196439
105, 2499699, 14618, 1187788, 1184420, 12261, 50306, 50306, 3327411039
106, 2495539, 1183045, 15930, 13593, 1180241, 51365, 51365, 1246514222
107, 2494048, 1181871, 16827, 14517, 1178981, 50926, 50926, 18702439
108, 2491556, 1177566, 16774, 14364, 1174652, 54100, 54100, 3458431892
109, 2499996, 1185954, 17358, 15144, 1182598, 49471, 49471, 1109480963
118, 2494318, 12488, 1187640, 1182774, 10366, 50525, 50525, 3624587437
112, 2491400, 17227, 1178505, 1175740, 14662, 52633, 52633, 670883478
113, 2500239, 15484, 1186090, 1183303, 13178, 51092, 51092, 3975948602
111, 2494740, 1184252, 15177, 12838, 1181673, 50400, 50400, 967575411
117, 2497151, 15501, 1183168, 1180751, 13127, 52302, 52302, 456885534
110, 2499633, 1184299, 17001, 14798, 1181733, 50901, 50901, 1990191029
119, 2504458, 13623, 1191999, 1189149, 11385, 49151, 49151, 268590057
120, 2489088, 16803, 1179269, 1176235, 14433, 51174, 51174, 1486343011
114, 2496014, 1184282, 14925, 12576, 1181359, 51436, 51436, 805452989
115, 2495993, 20724, 1177079, 1174750, 18454, 52493, 52493, 2423791793
116, 2492510, 22140, 1173696, 1171391, 19641, 52821, 52821, 858039811
123, 2496153, 15724, 1183884, 1180510, 13419, 51308, 51308, 3794102334
121, 2494029, 1185168, 13804, 11583, 1182442, 50516, 50516, 2256142768
124, 2494991, 1185881, 13434, 11177, 1182167, 51166, 51166, 1736451738
128, 2493921, 14907, 1184378, 1180964, 12618, 50527, 50527, 2607332552
127, 2490050, 19785, 1173728, 1171093, 17354, 54045, 54045, 3804111533
125, 2496927, 1186970, 13752, 11456, 1184517, 50116, 50116, 1628036978
132, 2495462, 12850, 1189216, 1186110, 10532, 48377, 48377, 906827183
122, 2487819, 1180248, 15965, 13608, 1177346, 50326, 50326, 3585827084
133, 2492196, 1182106, 15065, 12798, 1178517, 51855, 51855, 4146026248
126, 2500893, 1185854, 15303, 12788, 1183246, 51851, 51851, 1569917230
134, 2496706, 15231, 1184156, 1181656, 12951, 51356, 51356, 741759895
138, 2489059, 16241, 1178523, 1175102, 13881, 52656, 52656, 1045355036
137, 2499115, 1184145, 17036, 14729, 1181039, 51083, 51083, 325040038
139, 2497908, 15282, 1185122, 1181724, 13054, 51363, 51363, 3930679337
136, 2494072, 1182931, 15013, 12807, 1180207, 51557, 51557, 2021601691
130, 2493310, 15692, 1183212, 1180868, 13298, 50120, 50120, 3552901265
131, 2497362, 1185253, 16421, 14014, 1181898, 49888, 49888, 3715504179
129, 2492316, 1174849, 19916, 17486, 1172127, 53969, 53969, 1725833699
143, 2495706, 12505, 1188707, 1185300, 10276, 49459, 49459, 1368071095
135, 2495507, 15076, 1182253, 1179887, 12721, 52785, 52785, 464266438
140, 2496437, 1182630, 16122, 13906, 1180071, 51854, 51854, 2330514589
144, 2493912, 1182145, 16512, 14148, 1178169, 51469, 51469, 264383519
145, 2493061, 1182028, 16145, 13844, 1178306, 51369, 51369, 882026605
142, 2492494, 1182354, 15659, 13386, 1178811, 51142, 51142, 4012011934
151, 2497438, 13186, 1188508, 1184828, 10838, 50039, 50039, 1536018737
147, 2495450, 14475, 1185909, 1182767, 12107, 50096, 50096, 3535220415
148, 2502345, 20834, 1180962, 1178135, 18658, 51878, 51878, 2638165385
152, 2493576, 1186805, 13873, 11488, 1182858, 49276, 49276, 3648727472
149, 2498310, 16825, 1182967, 1180190, 14612, 51858, 51858, 2522221820
153, 2499247, 17453, 1184260, 1181315, 15197, 50511, 50511, 2854474948
141, 2500096, 1188167, 15266, 12875, 1185806, 48991, 48991, 1118100668
154, 2492638, 17060, 1180042, 1177293, 14735, 51754, 51754, 3956361141
146, 2500834, 1187608, 14493, 12217, 1185312, 50602, 50602, 1343453522
150, 2496250, 1186085, 13769, 11472, 1183818, 50553, 50553, 2283856060
156, 2497470, 15038, 1185990, 1183373, 12665, 50202, 50202, 1766853101
162, 2495243, 12092, 1190334, 1186685, 9810, 48161, 48161, 1261014090
155, 2500089, 1188580, 14648, 12504, 1185721, 49318, 49318, 3709210584
158, 2495594, 1183557, 15927, 13722, 1180298, 51045, 51045, 3492716786
166, 2499531, 15481, 1186407, 1182698, 13285, 50830, 50830, 3654274533
157, 2499514, 1186007, 14629, 12357, 1183375, 51573, 51573, 803602989
165, 2497248, 1187185, 14440, 12213, 1183924, 49743, 49743, 539675310
159, 2493497, 1180523, 16516, 14163, 1177969, 52163, 52163, 1007823161
161, 2493650, 1185737, 14112, 11920, 1183015, 49433, 49433, 1111934104
167, 2501438, 1188312, 14419, 12193, 1184406, 51054, 51054, 2993788188
160, 2496749, 13991, 1186768, 1184285, 11701, 50002, 50002, 898375605
168, 2501924, 1185419, 17556, 15359, 1182342, 50624, 50624, 4291051982
164, 2497492, 1184514, 14997, 12656, 1182111, 51607, 51607, 1992456658
163, 2498975, 1185176, 15549, 13191, 1182805, 51127, 51127, 14564689
170, 2492686, 16403, 1176149, 1173453, 14117, 56282, 56282, 978221237
171, 2493593, 1182885, 15312, 12935, 1179969, 51246, 51246, 44631508
174, 2490925, 14432, 1183608, 1180305, 12106, 50237, 50237, 527834387
181, 2495024, 16876, 1182935, 1179215, 14580, 50709, 50709, 2843805017
169, 2497434, 1187500, 15063, 12745, 1184556, 48785, 48785, 3773632068
179, 2497942, 16573, 1182496, 1178870, 14333, 52835, 52835, 263427603
172, 2497906, 1183586, 17600, 15212, 1180394, 50557, 50557, 1292418652
175, 2498422, 1185860, 14351, 11923, 1182908, 51690, 51690, 3257121738
182, 2497733, 15732, 1185176, 1181692, 13463, 50835, 50835, 684275196
180, 2491159, 1182039, 15216, 12860, 1179444, 50800, 50800, 2194848311
183, 2494801, 18061, 1179782, 1176960, 15672, 52163, 52163, 3205511181
176, 2500031, 15572, 1185008, 1182580, 13297, 51787, 51787, 444537937
185, 2502353, 13524, 1191184, 1188216, 11269, 49080, 49080, 2533520809
173, 2499448, 1173798, 24085, 21744, 1171229, 54296, 54296, 3039868298
187, 2493424, 11766, 1186830, 1183206, 9574, 51024, 51024, 2605124706
178, 2495028, 15804, 1182182, 1179837, 13525, 51840, 51840, 3981394554
186, 2499574, 1182167, 18838, 16407, 1179506, 51328, 51328, 191949140
177, 2499769, 1189918, 13391, 11163, 1187467, 48915, 48915, 3085344733
184, 2496153, 1177570, 20000, 17599, 1175018, 52983, 52983, 714410502
196, 2496757, 14025, 1188200, 1184510, 11772, 49125, 49125, 2865755969
192, 2495360, 14899, 1181233, 1178301, 12609, 54159, 54159, 1754060211
188, 2500283, 1186388, 16145, 13787, 1183859, 50052, 50052, 145087987
189, 2491363, 1176540, 17435, 15062, 1173642, 54342, 54342, 723938712
198, 2500366, 13983, 1189366, 1185241, 11778, 49999, 49999, 36281072
190, 2497147, 1181607, 16153, 13844, 1178077, 53733, 53733, 3409882881
193, 2495731, 19060, 1178693, 1176281, 16827, 52435, 52435, 1735863834
191, 2495712, 1183632, 15187, 12889, 1180948, 51528, 51528, 2691409863
195, 2497546, 1182647, 16412, 14151, 1179098, 52619, 52619, 4064202009
194, 2501550, 1185725, 16315, 14116, 1182118, 51638, 51638, 3125645252
199, 2492502, 1181730, 16133, 13777, 1178360, 51251, 51251, 3305513609
197, 2494507, 1184651, 14823, 12556, 1181813, 50332, 50332, 3126510860
202, 2497517, 13156, 1187928, 1184252, 11035, 50573, 50573, 3373265775
200, 2497298, 1187653, 13479, 11217, 1184487, 50231, 50231, 3580279421
205, 2497453, 14575, 1185469, 1182870, 12211, 51164, 51164, 415270584
201, 2497529, 17464, 1183499, 1181167, 15187, 50106, 50106, 4000319028
203, 2498644, 1183506, 16581, 14325, 1180662, 51785, 51785, 3780649394
204, 2501469, 1189704, 14684, 12334, 1186699, 49024, 49024, 1251723896
210, 2494840, 17326, 1181193, 1178484, 15007, 51415, 51415, 2666038626
209, 2495867, 14559, 1185042, 1182520, 12226, 50760, 50760, 2430544132
208, 2495872, 1186036, 13916, 11653, 1183225, 50521, 50521, 3129314910
215, 2498535, 15550, 1183802, 1180746, 13225, 52606, 52606, 1282636437
206, 2501000, 17287, 1184830, 1182591, 14988, 50652, 50652, 1793545382
214, 2488544, 18128, 1175884, 1172963, 15647, 52961, 52961, 4202852555
212, 2498595, 17747, 1182313, 1179542, 15371, 51811, 51811, 3058639018
207, 2498900, 1188929, 12723, 10518, 1186500, 50115, 50115, 1159344300
211, 2496621, 1183601, 16916, 14613, 1180673, 50409, 50409, 625712429
213, 2495191, 1181021, 17537, 15099, 1178468, 51533, 51533, 1340047481
216, 2496244, 1183442, 15117, 12773, 1181048, 51932, 51932, 841006538
223, 2496218, 15111, 1186866, 1183750, 12843, 48824, 48824, 406939247
218, 2494727, 25670, 1170906, 1168316, 23337, 53249, 53249, 1780897193
226, 2496748, 13670, 1186117, 1182793, 11360, 51404, 51404, 3869124825
217, 2494471, 1184710, 14443, 12163, 1182479, 50338, 50338, 1850778481
229, 2494186, 15099, 1182013, 1178795, 12787, 52746, 52746, 2297771291
225, 2497814, 1189146, 13197, 11013, 1184956, 49751, 49751, 87727718
220, 2500815, 1185864, 15601, 13416, 1183278, 51328, 51328, 2952935637
219, 2491352, 1179610, 15852, 13559, 1176375, 52978, 52978, 2112741644
221, 2490693, 1179833, 17411, 15087, 1176986, 50688, 50688, 4226664071
222, 2491183, 23171, 1172906, 1170098, 20776, 52116, 52116, 2579135414
230, 2497543, 12453, 1188625, 1185498, 10341, 50313, 50313, 1126561205
224, 2496259, 1183232, 14917, 12740, 1180724, 52323, 52323, 465357860
227, 2496540, 1186370, 15570, 13364, 1183734, 48751, 48751, 2188930163
228, 2505089, 23289, 1180023, 1177664, 21007, 51553, 51553, 907071676
233, 2495876, 13187, 1186492, 1183272, 10903, 51011, 51011, 3358929555
232, 2498325, 1186060, 14923, 12612, 1183184, 50773, 50773, 1974649527
231, 2495833, 1187262, 13601, 11364, 1184074, 49766, 49766, 888033318
240, 2496470, 15075, 1183661, 1180169, 12803, 52381, 52381, 1536503540
236, 2490840, 16335, 1181130, 1178368, 14051, 50478, 50478, 2374416403
235, 2488583, 1181424, 14282, 11944, 1178131, 51401, 51401, 2557158630
237, 2499111, 14998, 1185973, 1183446, 12712, 50991, 50991, 3515207919
243, 2499945, 14601, 1187650, 1184970, 12358, 50183, 50183, 479413977
234, 2492061, 1181696, 15036, 12656, 1179255, 51709, 51709, 4179598547
239, 2490319, 1178498, 17634, 15347, 1174976, 51932, 51932, 61221919
246, 2491309, 16589, 1178037, 1175340, 14133, 53605, 53605, 2175792200
247, 2497600, 15198, 1185031, 1182321, 12978, 51036, 51036, 1001390161
245, 2489462, 1177322, 17502, 15187, 1174351, 52550, 52550, 3338846105
238, 2497500, 14733, 1184886, 1182457, 12380, 51522, 51522, 662036836
249, 2491276, 20147, 1174981, 1171806, 17756, 53293, 53293, 4293011177
242, 2499328, 1178779, 19905, 17579, 1176199, 53433, 53433, 2255960435
248, 2496032, 15831, 1183776, 1181059, 13480, 50943, 50943, 2568843897
241, 2500889, 16130, 1185488, 1183167, 13888, 51108, 51108, 3145957550
244, 2498165, 1184704, 16373, 14009, 1182175, 50452, 50452, 1981285696
253, 2499890, 1191549, 12776, 10573, 1187898, 48547, 48547, 4151204616
250, 2497685, 1189595, 12883, 10712, 1186851, 48822, 48822, 562264299
252, 2496617, 15163, 1185149, 1182506, 12795, 50502, 50502, 2144092265
254, 2495407, 17562, 1181111, 1177810, 15308, 51808, 51808, 417526714
251, 2496985, 1189007, 12760, 10526, 1186046, 49323, 49323, 1328002401
257, 2491176, 16778, 1180298, 1175932, 14456, 51856, 51856, 3897503253
255, 2498243, 18753, 1183237, 1180051, 16432, 49885, 49885, 3628082437
259, 2501852, 13916, 1189964, 1187025, 11693, 49627, 49627, 1573322779
258, 2495594, 15468, 1184051, 1181308, 13199, 50784, 50784, 2926978583
267, 2502529, 15006, 1188154, 1184657, 12696, 51008, 51008, 3041970706
268, 2497652, 15130, 1186360, 1182911, 12879, 50186, 50186, 1932069217
260, 2496863, 1183003, 15522, 13126, 1180028, 52592, 52592, 3088241272
261, 2496162, 1180096, 18096, 15766, 1177088, 52558, 52558, 2893867559
256, 2495226, 1182955, 17131, 14734, 1180424, 49991, 49991, 4221870540
263, 2489755, 14147, 1181635, 1178642, 11929, 51701, 51701, 2784420907
265, 2498230, 1188893, 13121, 10920, 1186080, 49608, 49608, 2170015392
264, 2496246, 1184186, 15281, 12969, 1181030, 51390, 51390, 3920934973
271, 2494163, 15496, 1182279, 1179440, 13098, 51925, 51925, 3090317510
262, 2496521, 1184636, 14282, 12011, 1182266, 51663, 51663, 2057399952
266, 2494088, 15664, 1183110, 1180594, 13304, 50708, 50708, 223320098
272, 2499112, 1189297, 14278, 11992, 1186557, 48494, 48494, 3235491955
273, 2495537, 1188806, 11962, 9771, 1185278, 49860, 49860, 2508505712
269, 2493591, 1180444, 15796, 13524, 1178049, 52889, 52889, 4182652393
277, 2500311, 16033, 1185359, 1181840, 13751, 51664, 51664, 365047929
274, 2491601, 17221, 1178206, 1175816, 14786, 52786, 52786, 1960844437
275, 2499322, 12941, 1189307, 1186938, 10758, 49689, 49689, 545011528
270, 2495796, 1182896, 16526, 14146, 1180578, 50825, 50825, 4208125852
276, 2497666, 1185694, 15208, 12983, 1183003, 50389, 50389, 2185782665
278, 2500442, 13970, 1189439, 1186519, 11804, 49355, 49355, 949347810
281, 2500166, 1186761, 17251, 14971, 1183303, 48940, 48940, 650528232
280, 2494750, 32802, 1165071, 1161390, 30301, 52593, 52593, 3858824908
283, 2497561, 1182100, 17436, 15106, 1179341, 51789, 51789, 972380330
282, 2499224, 13226, 1189117, 1186693, 11064, 49562, 49562, 2778376048
284, 2497767, 1182659, 18277, 15921, 1179166, 50872, 50872, 2079587949
285, 2490439, 1178884, 17070, 14631, 1176276, 51789, 51789, 1736449747
286, 2486381, 1178548, 15839, 13419, 1175423, 51576, 51576, 2408540358
279, 2499185, 1179274, 19729, 17328, 1176378, 53238, 53238, 1894762341
287, 2491859, 1180859, 15097, 12832, 1177835, 52618, 52618, 1330365697
289, 2494714, 16319, 1181317, 1178662, 13970, 52223, 52223, 3384416633
290, 2491672, 1180609, 14972, 12715, 1177318, 53029, 53029, 1546065424
291, 2500690, 1185726, 16184, 13936, 1183230, 50807, 50807, 1715646207
292, 2503487, 1187900, 15178, 12961, 1185588, 50930, 50930, 1402658466
296, 2493840, 22422, 1171863, 1169246, 20061, 55124, 55124, 1763705460
293, 2507852, 1193160, 14870, 12714, 1189732, 48688, 48688, 3052865316
297, 2497778, 16620, 1184835, 1182261, 14212, 49925, 49925, 1121550112
294, 2500529, 1182943, 16841, 14609, 1180376, 52880, 52880, 224285500
298, 2492806, 14517, 1184280, 1181655, 12358, 49998, 49998, 2459932148
302, 2493456, 14035, 1183334, 1180476, 11759, 51926, 51926, 3145408566
295, 2493733, 1185540, 13612, 11422, 1182509, 50325, 50325, 939105079
301, 2488558, 14742, 1177894, 1175291, 12473, 54079, 54079, 3890130476
288, 2494559, 13956, 1186610, 1183719, 11692, 49291, 49291, 1224952548
300, 2490648, 1177467, 17532, 15154, 1174829, 52833, 52833, 2970317094
303, 2492487, 21386, 1176690, 1172952, 19059, 51200, 51200, 2718873803
299, 2493048, 1178017, 16927, 14575, 1175443, 54043, 54043, 2803518087
305, 2498819, 20264, 1178356, 1175760, 18029, 53205, 53205, 27639381
312, 2498230, 14599, 1183942, 1180862, 12253, 53287, 53287, 12579104
310, 2493855, 18146, 1181226, 1178339, 15734, 50205, 50205, 1747981711
317, 2493556, 16070, 1183885, 1180209, 13720, 49836, 49836, 4083506273
311, 2504894, 13618, 1191933, 1189231, 11298, 49407, 49407, 2739381000
309, 2496260, 13958, 1187123, 1184432, 11701, 49523, 49523, 2634331265
316, 2500353, 20929, 1179219, 1176442, 18667, 52548, 52548, 1347790909
304, 2494502, 1183428, 14791, 12573, 1180776, 51467, 51467, 2258400904
308, 2499491, 1185303, 16976, 14625, 1182053, 50267, 50267, 2770188627
318, 2499257, 14269, 1188324, 1184945, 11969, 49875, 49875, 500162598
306, 2493405, 1176444, 15380, 12991, 1173798, 57396, 57396, 3047380629
307, 2498609, 14844, 1185631, 1183295, 12575, 51132, 51132, 404386008
314, 2495588, 1183363, 16371, 13980, 1180110, 50882, 50882, 2679432072
313, 2498056, 14105, 1186671, 1184320, 11878, 50541, 50541, 4210186453
315, 2492276, 1175058, 19961, 17579, 1172094, 53792, 53792, 413034130
323, 2491898, 15811, 1180141, 1176956, 13470, 52760, 52760, 1284275325
329, 2499997, 13788, 1187099, 1184192, 11422, 51748, 51748, 2550387895
321, 2496319, 15985, 1183597, 1181296, 13647, 50897, 50897, 3186059753
333, 2496098, 15826, 1183352, 1180279, 13479, 51581, 51581, 4002951933
331, 2495633, 15618, 1182561, 1179375, 13365, 52357, 52357, 3633402621
320, 2501782, 1186629, 16746, 14489, 1184068, 49925, 49925, 1074492825
322, 2491950, 14213, 1183448, 1181129, 11960, 50600, 50600, 3887333479
319, 2496529, 1183983, 15992, 13682, 1181636, 50618, 50618, 3758882294
332, 2494393, 1188201, 12723, 10440, 1184571, 49229, 49229, 2575945909
324, 2501046, 1185577, 15578, 13410, 1182877, 51802, 51802, 312980937
328, 2500016, 26238, 1174948, 1172055, 23887, 51444, 51444, 3298062885
326, 2497492, 16878, 1182077, 1179607, 14542, 52194, 52194, 41093324
327, 2493071, 1171837, 23241, 20804, 1169117, 54036, 54036, 4039872223
330, 2496356, 1179590, 19254, 16878, 1177110, 51762, 51762, 1318692282
334, 2495371, 1181624, 17699, 15410, 1178078, 51280, 51280, 3620150254
325, 2491671, 1174258, 18989, 16585, 1171647, 55096, 55096, 1784153583
336, 2493786, 14628, 1180474, 1177462, 12368, 54427, 54427, 3613710327
337, 2492640, 1183683, 14546, 12236, 1181089, 50543, 50543, 3542832547
343, 2496043, 23153, 1175018, 1172329, 20815, 52364, 52364, 3327155764
338, 2493706, 1182361, 16195, 13801, 1179037, 51156, 51156, 672373006
335, 2497787, 19107, 1180591, 1178045, 16754, 51645, 51645, 2269324130
345, 2495976, 15790, 1183640, 1179805, 13537, 51602, 51602, 2464060302
339, 2495348, 1181415, 18553, 16124, 1177954, 50651, 50651, 1232670906
341, 2498308, 1181508, 17240, 14789, 1178907, 52932, 52932, 1841197137
344, 2497453, 15031, 1184155, 1181015, 12770, 52241, 52241, 2784139349
348, 2494455, 13637, 1184954, 1181168, 11240, 51728, 51728, 2252922740
346, 2495406, 15237, 1184398, 1181393, 12946, 50716, 50716, 2031594819
340, 2502372, 1185688, 15944, 13652, 1183304, 51892, 51892, 1494231159
347, 2499212, 1181414, 18460, 16126, 1177698, 52757, 52757, 2701125939
342, 2496529, 1183099, 18585, 16162, 1180405, 49139, 49139, 2379228727
349, 2490716, 16211, 1178224, 1175674, 13863, 53372, 53372, 3509174910
353, 2496310, 15244, 1185037, 1181639, 12950, 50720, 50720, 815011612
352, 2493804, 15348, 1182583, 1179439, 13052, 51691, 51691, 418841444
357, 2495740, 17236, 1182833, 1179731, 14868, 50536, 50536, 4028934837
355, 2495683, 16401, 1182156, 1179265, 14207, 51827, 51827, 494364357
359, 2491139, 13776, 1182288, 1178771, 11432, 52436, 52436, 2721207077
354, 2496568, 15153, 1184281, 1181312, 12772, 51525, 51525, 3080966542
351, 2492792, 1180613, 16561, 14124, 1177350, 52072, 52072, 1435310545
350, 2494831, 1180450, 15291, 12989, 1178101, 54000, 54000, 812879406
358, 2499824, 1184697, 16710, 14426, 1181819, 51086, 51086, 1261672
362, 2495405, 1185073, 14133, 11804, 1181565, 51415, 51415, 2266815827
356, 2495547, 1184753, 15202, 12845, 1182197, 50275, 50275, 3130082926
364, 2495344, 13874, 1185209, 1182537, 11516, 51104, 51104, 3227468732
361, 2497744, 1184002, 15991, 13622, 1181251, 51439, 51439, 2456911209
360, 2497134, 1183697, 15300, 12955, 1181382, 51900, 51900, 2482323960
365, 2496161, 15414, 1183500, 1180562, 13039, 51823, 51823, 3541897579
363, 2491877, 23752, 1170884, 1168442, 21383, 53708, 53708, 2613937025
368, 2494289, 13661, 1184639, 1181769, 11340, 51440, 51440, 210782768
369, 2497211, 12862, 1186211, 1182971, 10733, 52217, 52217, 173667022
366, 2493020, 14351, 1184057, 1181621, 11981, 50505, 50505, 15868971
371, 2495006, 1184719, 13592, 11387, 1181082, 52113, 52113, 80937631
370, 2488480, 1178054, 16352, 13897, 1175609, 52284, 52284, 1514034322
372, 2498235, 13469, 1188090, 1185463, 11287, 49963, 49963, 2466716169
375, 2489832, 15900, 1179502, 1176947, 13567, 51958, 51958, 1152535163
373, 2497742, 1180653, 19498, 17217, 1177490, 51442, 51442, 3850649213
367, 2493392, 1180741, 17307, 15015, 1178311, 51009, 51009, 806817415
378, 2496432, 15545, 1184204, 1181104, 13191, 51194, 51194, 2093486101
374, 2493796, 1184031, 14249, 11914, 1181728, 50937, 50937, 3078929207
377, 2492337, 16364, 1181588, 1179015, 14090, 50640, 50640, 3299194433
380, 2488490, 1173198, 16508, 14236, 1170270, 57139, 57139, 3969498460
379, 2497709, 15919, 1184359, 1182082, 13601, 50874, 50874, 4197408958
376, 2494848, 1179546, 16142, 13750, 1177132, 54139, 54139, 4281617327
384, 2493053, 17106, 1178716, 1176246, 14693, 53146, 53146, 3008529157
385, 2493334, 1180471, 17246, 14982, 1177401, 51617, 51617, 3651550139
386, 2501634, 15247, 1187975, 1185169, 12937, 50153, 50153, 864349215
381, 2502496, 1191131, 13356, 11064, 1188851, 49047, 49047, 3180781735
383, 2495949, 1178453, 16304, 14014, 1175802, 55688, 55688, 1870239588
382, 2496119, 1182151, 16754, 14422, 1179858, 51467, 51467, 2299433422
389, 2500671, 14508, 1187867, 1185184, 12266, 50423, 50423, 2357235219
391, 2502370, 1188081, 14606, 12391, 1185068, 51112, 51112, 3276321300
388, 2496577, 1186765, 14277, 11907, 1183876, 49876, 49876, 3047041489
392, 2503051, 14053, 1188708, 1186227, 11809, 51127, 51127, 3374932226
394, 2496021, 16842, 1180723, 1178120, 14484, 52926, 52926, 2361330170
387, 2491669, 16659, 16094, 13668, 14372, 1215438, 1215438, 33567270
390, 2495824, 1176318, 20184, 17927, 1173301, 54047, 54047, 2881048708
393, 2495432, 1183260, 16740, 14520, 1180388, 50262, 50262, 278028479
400, 2497092, 14519, 1185445, 1182724, 12112, 51146, 51146, 581594418
395, 2497001, 1184892, 15497, 13152, 1182116, 50672, 50672, 3181235210
396, 2501369, 15246, 1187374, 1185000, 12961, 50394, 50394, 3485287164
399, 2494566, 1176698, 19186, 16819, 1173789, 54037, 54037, 2286355890
397, 2497934, 1184786, 14562, 12270, 1182610, 51853, 51853, 1232153970
402, 2498001, 13290, 1188034, 1185174, 11113, 50195, 50195, 2818056025
398, 2495734, 1185949, 14632, 12362, 1183021, 49885, 49885, 307652258
408, 2501554, 12997, 1189417, 1186444, 10834, 50931, 50931, 4291627247
404, 2495252, 1186160, 13636, 11339, 1183333, 50392, 50392, 2091086409
405, 2491636, 1181911, 14750, 12404, 1179353, 51609, 51609, 517539139
407, 2497789, 1186576, 14566, 12332, 1183569, 50373, 50373, 3230837178
406, 2495471, 1187831, 13619, 11216, 1184943, 48931, 48931, 1865222423
401, 2500040, 1184458, 17255, 14847, 1182060, 50710, 50710, 3784353418
403, 2497662, 18304, 1180576, 1178238, 15896, 52324, 52324, 3760347133
410, 2493644, 15530, 1182598, 1179410, 13198, 51454, 51454, 1380303150
409, 2493538, 1181503, 17722, 15431, 1177936, 50473, 50473, 3379772069
412, 2496624, 13181, 1185384, 1182838, 10875, 52173, 52173, 1991916595
417, 2490905, 14000, 1182362, 1179099, 11676, 51884, 51884, 1213696195
414, 2494569, 1186131, 13304, 11117, 1182787, 50615, 50615, 2521409576
413, 2495895, 1186453, 13449, 11187, 1183350, 50728, 50728, 1765129365
411, 2503012, 1183122, 18819, 16585, 1180742, 51872, 51872, 4040596586
416, 2503677, 1185927, 17135, 14917, 1182950, 51374, 51374, 363562097
415, 2493705, 1182152, 15544, 13196, 1179369, 51722, 51722, 1196763083
422, 2495839, 18778, 1178467, 1175727, 16521, 53173, 53173, 3568020310
426, 2501233, 14763, 1188347, 1184574, 12571, 50489, 50489, 617531926
427, 2490895, 15095, 1180971, 1177303, 12756, 52385, 52385, 2973578770
418, 2502782, 1187991, 16432, 14408, 1184685, 49633, 49633, 26385266
423, 2499741, 1185132, 16226, 13943, 1182616, 50912, 50912, 1571572753
425, 2499581, 1187160, 15197, 12944, 1184246, 50017, 50017, 3029885385
420, 2494721, 1180272, 18303, 16035, 1176875, 51618, 51618, 429848942
419, 2499322, 1186332, 14367, 12040, 1183967, 51308, 51308, 1952885664
428, 2500001, 15117, 1187351, 1184006, 12871, 50328, 50328, 407851086
421, 2502775, 1186186, 18216, 16009, 1182960, 49702, 49702, 1664394177
424, 2491605, 1181466, 16122, 13804, 1178739, 50737, 50737, 3203816548
429, 2497030, 16021, 1185586, 1182590, 13643, 49595, 49595, 981243654
433, 2497196, 12639, 1188736, 1185595, 10396, 49915, 49915, 3170231434
431, 2499267, 17237, 1181622, 1179281, 14881, 53123, 53123, 4183774704
436, 2494565, 12196, 1189057, 1186073, 10001, 48619, 48619, 2506355005
435, 2498322, 17573, 1183183, 1180201, 15287, 51039, 51039, 647752587
434, 2494981, 14665, 1184117, 1181422, 12371, 51203, 51203, 797281221
437, 2490598, 1177591, 18873, 16415, 1174697, 51511, 51511, 2416399867
441, 2496524, 14778, 1185995, 1182216, 12539, 50498, 50498, 1528694506
443, 2493004, 13442, 1186013, 1182665, 11262, 49811, 49811, 2642611106
432, 2491579, 1175865, 19859, 17442, 1173081, 52666, 52666, 3640352436
430, 2499211, 1184275, 16808, 14580, 1182008, 50770, 50770, 2680782773
439, 2494257, 16896, 1179995, 1177292, 14516, 52779, 52779, 1620147302
445, 2495751, 15975, 1185161, 1182104, 13591, 49460, 49460, 1885314832
440, 2494240, 1184116, 13327, 11119, 1181362, 52158, 52158, 3964588424
449, 2498387, 14239, 1189293, 1185995, 11980, 48440, 48440, 3197875272
444, 2498526, 1184788, 15954, 13706, 1181970, 51054, 51054, 3577039488
448, 2501804, 15585, 1187839, 1184506, 13338, 50268, 50268, 2323009526
451, 2499861, 16390, 1184791, 1181693, 14121, 51433, 51433, 1678558460
438, 2488753, 1175662, 18442, 16113, 1172522, 53007, 53007, 441407814
452, 2501639, 11989, 1191747, 1188755, 9860, 49644, 49644, 4160962275
446, 2492053, 1181211, 17301, 15007, 1177614, 50460, 50460, 437602829
442, 2497211, 1179397, 19074, 16781, 1177113, 52423, 52423, 3907864457
447, 2494164, 1181693, 17630, 15401, 1178106, 50667, 50667, 1123814273
450, 2496452, 1182472, 17808, 15433, 1180157, 50291, 50291, 770218968
460, 2493221, 15565, 1183277, 1179273, 13336, 50885, 50885, 1737815913
453, 2498124, 1186991, 14401, 12040, 1184284, 50204, 50204, 1867190331
456, 2497848, 14048, 1185422, 1182987, 11685, 51853, 51853, 1614921561
454, 2500003, 1184263, 17386, 15206, 1181354, 50897, 50897, 2367124281
458, 2498370, 14694, 1184785, 1182300, 12449, 52071, 52071, 1622930682
459, 2498231, 13589, 1188720, 1185506, 11394, 49511, 49511, 2308639507
455, 2495594, 1185459, 15119, 12809, 1182261, 49973, 49973, 4222629594
457, 2497839, 1182702, 16685, 14329, 1179099, 52512, 52512, 1241011313
461, 2495511, 16911, 1180897, 1177996, 14597, 52555, 52555, 2105102449
464, 2497292, 19583, 1178922, 1175966, 17191, 52815, 52815, 315739617
465, 2493532, 14625, 1182276, 1179703, 12296, 52316, 52316, 2973055154
463, 2489958, 29019, 1165603, 1162862, 26576, 52949, 52949, 577904507
466, 2495644, 1185691, 14064, 11877, 1182912, 50550, 50550, 2139943218
467, 2493759, 15494, 1183269, 1180366, 13122, 50754, 50754, 737715146
462, 2498096, 1182328, 16171, 13907, 1179932, 52879, 52879, 644098186
474, 2495819, 14521, 1186804, 1183961, 12331, 49101, 49101, 417832173
476, 2497888, 14813, 1185936, 1182848, 12469, 50911, 50911, 3759252356
475, 2493714, 15220, 1185647, 1181864, 12847, 49068, 49068, 892302887
471, 2496621, 1189970, 12236, 10088, 1186561, 48883, 48883, 3463651563
469, 2491889, 15209, 1182361, 1179469, 12770, 51040, 51040, 878444529
470, 2497823, 1186418, 14770, 12488, 1184065, 50041, 50041, 934839008
479, 2498981, 14549, 1186031, 1182096, 12299, 52003, 52003, 3968098876
472, 2501220, 1183876, 18410, 16080, 1181468, 50693, 50693, 3157518706
473, 2496684, 1186330, 14069, 11773, 1183352, 50580, 50580, 2680421724
468, 2491202, 1177281, 17975, 15531, 1174831, 52792, 52792, 2955780495
477, 2499748, 1189388, 14317, 12073, 1186722, 48624, 48624, 1702201739
480, 2495279, 1183332, 15124, 12804, 1180561, 51729, 51729, 316229450
478, 2489598, 1180390, 14903, 12570, 1177379, 52178, 52178, 347106112
482, 2498474, 1183800, 16966, 14730, 1180220, 51379, 51379, 3557894892
483, 2501395, 16135, 1187798, 1184735, 13911, 49408, 49408, 1250349368
484, 2495989, 15730, 1184386, 1181342, 13345, 50593, 50593, 2847900045
481, 2493445, 1178741, 17868, 15471, 1175563, 52901, 52901, 657862862
486, 2500205, 13958, 1189271, 1186358, 11746, 49436, 49436, 2849054222
488, 2501006, 13460, 1189053, 1186411, 11274, 50404, 50404, 2278328910
491, 2494993, 14549, 1185291, 1182067, 12288, 50399, 50399, 640098091
494, 2499429, 15261, 1187047, 1183357, 12922, 50421, 50421, 1602990900
485, 2494339, 1172815, 22834, 20391, 1169845, 54227, 54227, 3516771247
490, 2497891, 1183167, 15587, 13254, 1180293, 52795, 52795, 3647836707
492, 2499877, 13534, 1175261, 1171468, 11410, 64102, 64102, 3041871376
487, 2495395, 1184088, 14665, 12277, 1181413, 51476, 51476, 1953836511
493, 2489905, 1179511, 16340, 13956, 1176368, 51865, 51865, 3303404125
498, 2493737, 15660, 1181197, 1178065, 13403, 52706, 52706, 1396335554
496, 2497041, 1186277, 15055, 12776, 1183777, 49578, 49578, 1047532762
489, 2495492, 1180945, 16288, 13961, 1178616, 52841, 52841, 3139597512
497, 2497255, 1182710, 14401, 12120, 1179934, 54045, 54045, 777837150
500, 2497651, 16468, 1184790, 1182066, 14131, 50098, 50098, 3736501771
504, 2498012, 15423, 1186209, 1182853, 13113, 50207, 50207, 677189315
495, 2489779, 15153, 1181689, 1179349, 12780, 50404, 50404, 2415400750
508, 2501430, 15937, 1187543, 1183185, 13671, 50547, 50547, 3898953674
502, 2497438, 1182087, 16500, 14123, 1178548, 53090, 53090, 1453201437
501, 2495811, 1187343, 12907, 10651, 1184482, 50214, 50214, 705345310
503, 2494413, 28609, 1166131, 1163506, 26233, 54967, 54967, 2440037914
499, 2495507, 1180629, 15271, 13084, 1178255, 54134, 54134, 492705366
505, 2488463, 1180395, 15299, 12958, 1176989, 51411, 51411, 2345912824
507, 2492644, 1183397, 13976, 11597, 1180018, 51828, 51828, 3518025430
506, 2497365, 1188649, 13831, 11563, 1185990, 48666, 48666, 780730465
509, 2495570, 1181792, 16497, 14291, 1178716, 52137, 52137, 2087497126
512, 2500576, 16021, 1184959, 1182261, 13757, 51789, 51789, 3015640366
513, 2498921, 15306, 1184929, 1182457, 13025, 51602, 51602, 2744014393
520, 2497804, 15661, 1184845, 1180981, 13419, 51449, 51449, 3489253595
510, 2500273, 1183183, 17449, 15014, 1180445, 52091, 52091, 2595500877
515, 2497040, 1185565, 15283, 13054, 1182692, 50223, 50223, 879240479
521, 2497467, 14551, 1186228, 1183469, 12331, 50444, 50444, 2790258058
514, 2496662, 18576, 1180257, 1177790, 16259, 51890, 51890, 3490093393
511, 2499043, 1187672, 14167, 11829, 1185327, 50024, 50024, 625581315
517, 2495750, 1182517, 15751, 13394, 1180052, 52018, 52018, 3006485333
516, 2498644, 1178409, 20893, 18495, 1176005, 52421, 52421, 1894314220
518, 2500025, 1181511, 19212, 16899, 1179241, 51581, 51581, 2000542776
524, 2489167, 1176883, 17286, 14917, 1173979, 53051, 53051, 3322165719
519, 2496501, 1180319, 17788, 15385, 1177869, 52570, 52570, 751261475
523, 2493210, 1176432, 19422, 17039, 1173227, 53545, 53545, 1785996821
526, 2494616, 1179262, 17497, 14996, 1176629, 53116, 53116, 889522545
522, 2494880, 1177708, 20422, 18173, 1175175, 51701, 51701, 3789088094
535, 2492333, 15535, 1181150, 1176659, 13211, 52889, 52889, 3988537941
530, 2498400, 1188254, 13621, 11408, 1184697, 50210, 50210, 901355053
525, 2494597, 1181020, 16091, 13630, 1178828, 52514, 52514, 873721534
529, 2491564, 1175464, 18643, 16289, 1172572, 54298, 54298, 2551172334
532, 2500177, 1188674, 14957, 12707, 1184427, 49706, 49706, 2328080532
528, 2499428, 1182313, 17059, 14752, 1179436, 52934, 52934, 678639010
527, 2498309, 1185580, 14855, 12613, 1183001, 51130, 51130, 3053957224
537, 2497507, 17211, 1181324, 1178039, 14715, 53109, 53109, 2053870381
536, 2488525, 1177034, 16412, 14109, 1172834, 54068, 54068, 2820046355
533, 2501056, 1183346, 17853, 15621, 1180790, 51723, 51723, 1361610085
531, 2501029, 1187755, 14994, 12681, 1185445, 50077, 50077, 1889687059
540, 2496545, 19126, 1178437, 1174997, 16831, 53577, 53577, 1444743736
541, 2494163, 14743, 1185733, 1182632, 12385, 49335, 49335, 4044182590
538, 2496319, 1186950, 14711, 12484, 1184336, 48919, 48919, 1951285108
539, 2498720, 1184075, 16176, 13933, 1180960, 51788, 51788, 3797404743
542, 2497416, 1188540, 12057, 9817, 1185534, 50734, 50734, 359237424
534, 2498463, 1178986, 20435, 18112, 1176492, 52219, 52219, 3766587605
544, 2501475, 1188631, 14656, 12478, 1185244, 50233, 50233, 2042376915
546, 2492957, 14892, 1182239, 1179908, 12552, 51683, 51683, 2737491729
545, 2493298, 15849, 1181414, 1178995, 13482, 51779, 51779, 3988646236
547, 2495198, 16305, 1182663, 1180289, 13989, 50976, 50976, 395235953
550, 2490726, 1184947, 13998, 11640, 1181803, 49169, 49169, 2400100593
551, 2493549, 1183631, 14357, 12062, 1180495, 51502, 51502, 3805444430
543, 2500954, 1184814, 15405, 13180, 1182473, 52541, 52541, 3601502461
548, 2497332, 1181329, 17030, 14699, 1178744, 52765, 52765, 4244907101
552, 2493899, 15318, 1182837, 1179867, 12959, 51459, 51459, 2875817081
558, 2497375, 15148, 1186888, 1183165, 12852, 49661, 49661, 2769181599
549, 2496183, 17214, 1181062, 1178732, 14823, 52176, 52176, 3796040053
555, 2499662, 1188370, 14252, 11987, 1185375, 49839, 49839, 3758154448
556, 2497970, 1180311, 19095, 16767, 1176887, 52455, 52455, 3193782173
553, 2498494, 1184265, 15819, 13582, 1181924, 51452, 51452, 336915634
557, 2496649, 1181997, 18923, 16561, 1178678, 50245, 50245, 357736214
554, 2495250, 1179334, 19884, 17458, 1176286, 51144, 51144, 2432682928
562, 2496582, 14545, 1184140, 1181359, 12278, 52130, 52130, 3960367936
563, 2498851, 15282, 1185622, 1182821, 13030, 51048, 51048, 3377203679
559, 2497475, 1186092, 14720, 12455, 1183234, 50487, 50487, 2645990670
560, 2495317, 1185529, 13735, 11497, 1182926, 50815, 50815, 1245165111
566, 2492304, 14593, 1179979, 1177464, 12322, 53973, 53973, 681173050
561, 2498440, 1184836, 13777, 11550, 1182371, 52953, 52953, 3792882392
568, 2494490, 14666, 1182947, 1180381, 12250, 52123, 52123, 4002114302
570, 2491117, 14318, 1179897, 1176901, 12027, 53987, 53987, 1903862952
571, 2497623, 14878, 1186011, 1182283, 12617, 50917, 50917, 95703305
564, 2496261, 22763, 1174078, 1171828, 20478, 53557, 53557, 3309674461
575, 2492353, 14428, 1183078, 1179559, 12158, 51565, 51565, 852747074
569, 2487699, 1179887, 14363, 12111, 1177386, 51976, 51976, 346538716
565, 2497909, 1183072, 15844, 13464, 1180497, 52516, 52516, 3553387114
567, 2494678, 1178788, 19574, 17280, 1176246, 51395, 51395, 459148456
578, 2494306, 15372, 1183931, 1180117, 13086, 50900, 50900, 663613785
572, 2495789, 1175618, 21237, 18975, 1172921, 53519, 53519, 3226023253
577, 2497441, 22810, 1176376, 1173751, 20518, 51993, 51993, 143754056
573, 2497104, 1183114, 15909, 13617, 1180600, 51932, 51932, 2362865067
581, 2495523, 15863, 1183389, 1180150, 13501, 51310, 51310, 2686591404
586, 2503594, 15118, 1190605, 1186901, 12966, 49002, 49002, 1994720874
574, 2501616, 1190119, 13068, 10903, 1187836, 49845, 49845, 1705419871
579, 2492565, 15929, 1181092, 1178545, 13639, 51680, 51680, 2525596101
576, 2491405, 1170196, 25022, 22652, 1167671, 52932, 52932, 868632390
580, 2492059, 16688, 1179601, 1177028, 14272, 52235, 52235, 260656679
583, 2495571, 18111, 1180237, 1177324, 15701, 52099, 52099, 746043769
587, 2501885, 13311, 1190565, 1187660, 11125, 49612, 49612, 2496743256
588, 2502709, 15334, 1186807, 1183958, 13118, 51746, 51746, 93760891
584, 2489246, 1182090, 14505, 12204, 1179595, 50426, 50426, 2000662876
585, 2496241, 1185021, 14652, 12409, 1182671, 50744, 50744, 2405822354
582, 2498860, 1185023, 14440, 12197, 1182436, 52382, 52382, 3871610809
589, 2497267, 16250, 1183368, 1180727, 13884, 51519, 51519, 4097902084
595, 2502429, 14706, 1189004, 1186126, 12547, 50023, 50023, 1889596428
599, 2501355, 14492, 1190361, 1187516, 12198, 48394, 48394, 2057553808
590, 2497870, 1186591, 14125, 11819, 1184369, 50483, 50483, 1285120951
591, 2495716, 1186118, 14374, 12146, 1183484, 49797, 49797, 4080922229
597, 2492226, 19505, 1174754, 1172372, 17031, 54282, 54282, 4262894693
592, 2493021, 1180048, 16556, 14203, 1177264, 52475, 52475, 637284867
593, 2494709, 1186121, 13729, 11440, 1183685, 49867, 49867, 1123433514
600, 2493558, 17361, 1179659, 1176574, 14990, 52487, 52487, 1104319813
598, 2496355, 1183103, 16444, 14019, 1180379, 51205, 51205, 911617123
596, 2492651, 1176962, 20736, 18486, 1174479, 50994, 50994, 1305554939
601, 2499193, 1184313, 16324, 14021, 1180817, 51859, 51859, 1688436754
594, 2495145, 1183110, 15566, 13243, 1180822, 51202, 51202, 4015102182
604, 2495859, 15051, 1183245, 1180661, 12836, 52033, 52033, 4052055578
603, 2493579, 16781, 1179957, 1177292, 14475, 52537, 52537, 2427968436
605, 2500923, 1184827, 17153, 14858, 1181693, 51196, 51196, 995627300
602, 2491923, 1179094, 17123, 14705, 1175987, 52507, 52507, 1119370718
613, 2494012, 15726, 1183246, 1179658, 13364, 51009, 51009, 3243322143
611, 2491023, 14814, 1182503, 1178929, 12475, 51151, 51151, 4104429722
614, 2501013, 15858, 1187560, 1184237, 13554, 49902, 49902, 4025544577
606, 2499349, 17587, 1183970, 1181694, 15312, 50393, 50393, 3444500732
615, 2496160, 13899, 1184560, 1180594, 11741, 52683, 52683, 4239143542
607, 2503501, 1188712, 14698, 12464, 1185729, 50949, 50949, 919265036
609, 2496128, 16042, 1184525, 1181704, 13757, 50050, 50050, 4026901754
612, 2500812, 1186637, 15572, 13455, 1183142, 51003, 51003, 4201985079
608, 2497957, 1181248, 17589, 15298, 1178480, 52671, 52671, 3004900363
617, 2486520, 1180243, 14907, 12602, 1176042, 51363, 51363, 846528208
610, 2497389, 1183009, 16162, 13823, 1180613, 51891, 51891, 1156398284
616, 2497087, 1187154, 14014, 11767, 1184380, 49886, 49886, 1079624310
620, 2494702, 1186149, 13793, 11501, 1183037, 50111, 50111, 2890094120
618, 2509593, 1195650, 12678, 10512, 1193413, 48670, 48670, 791565252
625, 2500058, 15576, 1187479, 1184106, 13301, 49798, 49798, 467984700
626, 2490421, 16645, 1179327, 1176039, 14414, 51998, 51998, 2990864510
628, 2497853, 13326, 1187015, 1183851, 10993, 51334, 51334, 1775813583
619, 2500677, 1187137, 14501, 12244, 1184833, 50981, 50981, 3780487671
623, 2493623, 16602, 1180393, 1177559, 14343, 52363, 52363, 3732231090
624, 2496793, 1188499, 13405, 11109, 1185862, 48959, 48959, 1016215407
621, 2488356, 1170640, 22136, 19824, 1168098, 53829, 53829, 2362097533
622, 2492781, 1180667, 14898, 12642, 1178306, 53134, 53134, 1760768489
631, 2493283, 22195, 1173237, 1170596, 19833, 53711, 53711, 773386880
627, 2493346, 1178986, 18929, 16726, 1175749, 51478, 51478, 1620431836
634, 2500705, 18325, 1183720, 1180659, 16067, 50967, 50967, 1849949153
629, 2504953, 1192074, 13603, 11503, 1189733, 49020, 49020, 2985022347
632, 2496401, 1181824, 16924, 14611, 1179302, 51870, 51870, 1956807023
637, 2499899, 14226, 1190552, 1186643, 11952, 48263, 48263, 3944142287
636, 2490630, 17700, 1179488, 1175937, 15369, 51068, 51068, 2496743885
638, 2492477, 18868, 1176493, 1173101, 16439, 53788, 53788, 3244519251
640, 2497865, 14982, 1187551, 1183367, 12687, 49639, 49639, 498080878
630, 2487194, 1176405, 16922, 14627, 1173626, 52807, 52807, 213041847
635, 2497413, 14635, 1186269, 1183786, 12241, 50241, 50241, 2930825063
633, 2494984, 1180425, 15469, 13067, 1177769, 54127, 54127, 741060510
643, 2496843, 19030, 1181241, 1177914, 16760, 50949, 50949, 1363027965
639, 2494706, 19731, 1176625, 1173897, 17343, 53555, 53555, 4162678581
642, 2495828, 1182363, 16492, 14219, 1178250, 52252, 52252, 1180679215
641, 2495706, 36481, 1158696, 1155720, 34137, 55336, 55336, 2953383387
647, 2495595, 15588, 1183803, 1180107, 13341, 51378, 51378, 3396909163
650, 2492210, 14753, 1183976, 1180032, 12343, 50553, 50553, 1089369367
644, 2504536, 1192443, 13196, 11067, 1189446, 49192, 49192, 1257006623
648, 2492501, 16554, 1180176, 1177358, 14159, 52127, 52127, 3670441021
645, 2493805, 1182317, 15441, 13122, 1179735, 51595, 51595, 3271079500
646, 2500862, 1186687, 15885, 13585, 1183361, 50672, 50672, 2874975093
649, 2494769, 14531, 1184099, 1181712, 12323, 51052, 51052, 1415302382
655, 2496491, 16974, 1180555, 1177224, 14722, 53508, 53508, 1600095428
653, 2493611, 1178761, 19140, 16771, 1175833, 51553, 51553, 1593088249
652, 2496745, 1181956, 17364, 15142, 1178689, 51797, 51797, 1060513787
651, 2496720, 1181706, 16422, 14074, 1179128, 52695, 52695, 2704952323
658, 2494395, 15852, 1184993, 1181140, 13592, 49409, 49409, 3885174386
660, 2495618, 13734, 1186848, 1183429, 11491, 50058, 50058, 156732617
656, 2492765, 17559, 1180278, 1177063, 15117, 51374, 51374, 537935261
654, 2503463, 1192152, 13278, 11061, 1188098, 49437, 49437, 3504128605
659, 2490792, 15391, 1180480, 1177370, 13021, 52265, 52265, 3826686627
661, 2493545, 16754, 1180401, 1177281, 14425, 52342, 52342, 466554615
657, 2493961, 16283, 1181181, 1178578, 13921, 51999, 51999, 2752567974
667, 2493910, 15046, 1184814, 1180001, 12817, 50616, 50616, 724202203
666, 2498172, 12840, 1188944, 1185794, 10662, 49966, 49966, 1321202151
662, 2491716, 1175488, 19606, 17121, 1173111, 53195, 53195, 1265520397
663, 2498338, 1184910, 14477, 12141, 1182654, 52078, 52078, 1011022976
665, 2495815, 1183735, 16051, 13645, 1180418, 50983, 50983, 3730696177
664, 2500036, 17711, 1181719, 1178771, 15391, 53222, 53222, 3391728489
673, 2495747, 19563, 1180817, 1177508, 17219, 50320, 50320, 3792004047
674, 2498948, 1186339, 15174, 12796, 1182867, 50886, 50886, 4002405136
668, 2497225, 1182482, 17729, 15389, 1179363, 51131, 51131, 425315747
672, 2498396, 1183057, 15850, 13551, 1180664, 52637, 52637, 806214745
670, 2491918, 1178132, 17298, 14911, 1175039, 53269, 53269, 580169525
676, 2495110, 14318, 1184922, 1181737, 12001, 51066, 51066, 1607781174
671, 2497308, 1183478, 17245, 14914, 1181069, 50301, 50301, 2459596397
669, 2500015, 1186625, 15238, 12970, 1184116, 50533, 50533, 2073112952
675, 2496059, 13770, 1184431, 1182001, 11503, 52177, 52177, 112946408
677, 2495410, 16899, 1182996, 1180677, 14610, 50114, 50114, 79655211
684, 2501701, 1190863, 13942, 11674, 1187284, 48969, 48969, 620393294
681, 2495476, 1184380, 15740, 13453, 1181605, 50149, 50149, 926201920
682, 2501404, 1189584, 13778, 11481, 1186457, 50052, 50052, 3372377466
678, 2494113, 1183412, 14652, 12357, 1180326, 51683, 51683, 3157886536
679, 2492559, 18422, 1176881, 1174483, 15937, 53418, 53418, 664681746
686, 2494492, 14904, 1185046, 1181001, 12589, 50476, 50476, 1095844306
687, 2494242, 14498, 1184019, 1181110, 12153, 51231, 51231, 3122690565
690, 2494938, 13131, 1183728, 1180179, 10884, 53508, 53508, 3596820826
685, 2494190, 15291, 1183654, 1181161, 12934, 50575, 50575, 374352071
680, 2497256, 1181520, 18255, 15964, 1179135, 51191, 51191, 1699281826
689, 2490936, 14954, 1182594, 1179661, 12669, 50529, 50529, 1905857196
691, 2498804, 1187958, 13892, 11719, 1184721, 50257, 50257, 397798490
688, 2495246, 1183009, 15913, 13685, 1180457, 51091, 51091, 876221664
683, 2495369, 1178091, 18987, 16560, 1175561, 53085, 53085, 171501719
693, 2498226, 13886, 1188968, 1186152, 11670, 48775, 48775, 2001042878
694, 2500815, 13347, 1189435, 1186693, 11156, 50092, 50092, 185557761
698, 2502909, 16117, 1188521, 1185367, 13802, 49551, 49551, 565147606
696, 2501669, 15431, 1188334, 1185691, 13027, 49593, 49593, 2471315973
701, 2495315, 14055, 1185087, 1181935, 11672, 51283, 51283, 669915404
697, 2490308, 16251, 1179182, 1176079, 13784, 52506, 52506, 3560532220
695, 2492940, 1183547, 13558, 11187, 1180492, 52078, 52078, 1791822918
702, 2493999, 14568, 1184782, 1182023, 12196, 50215, 50215, 4026615587
703, 2494929, 15017, 1184065, 1181245, 12780, 50911, 50911, 3470238241
700, 2495660, 1187359, 12859, 10702, 1184068, 50336, 50336, 2728864913
692, 2489819, 1178533, 16116, 13679, 1175975, 52758, 52758, 2737827105
699, 2494800, 1180021, 17988, 15696, 1176519, 52288, 52288, 3593982474
704, 2494226, 17493, 1179367, 1176313, 15075, 52989, 52989, 1663702944
707, 2496794, 15916, 1183781, 1180178, 13679, 51620, 51620, 661358448
705, 2503620, 19535, 1185688, 1182677, 17316, 49202, 49202, 2969062672
706, 2503585, 1192098, 13256, 11048, 1189277, 48953, 48953, 2888647890
708, 2496769, 14536, 1183652, 1180749, 12240, 52796, 52796, 3698925379
717, 2491567, 15709, 1180100, 1176952, 13386, 52710, 52710, 3322394928
710, 2498531, 1180300, 17800, 15431, 1177836, 53582, 53582, 2726357860
713, 2492739, 1180405, 16481, 14128, 1177639, 52043, 52043, 1432524790
718, 2495722, 1184920, 15153, 12804, 1182127, 50359, 50359, 641572076
719, 2497748, 15137, 1185493, 1183008, 12822, 50644, 50644, 3291378085
712, 2501441, 15036, 1186944, 1184692, 12733, 51018, 51018, 2314268876
714, 2495041, 1184036, 14167, 11911, 1181575, 51676, 51676, 1176887357
709, 2498413, 14593, 1186614, 1184238, 12440, 50264, 50264, 2549024241
711, 2492234, 1168586, 26098, 23723, 1166285, 53771, 53771, 3617642288
716, 2494859, 18519, 1177562, 1174989, 16143, 53823, 53823, 3016313206
720, 2501358, 1188405, 14223, 12019, 1184627, 51042, 51042, 85551913
721, 2494103, 1183484, 14606, 12221, 1180748, 51522, 51522, 4149766990
724, 2496395, 14080, 1188103, 1185133, 11705, 48687, 48687, 2593964330
722, 2490890, 1175311, 19237, 16766, 1172812, 53382, 53382, 4187810554
725, 2498645, 13782, 1189295, 1185948, 11496, 49062, 49062, 2607030573
715, 2498659, 1184788, 15383, 13020, 1182296, 51586, 51586, 1579999340
723, 2498947, 1184345, 16094, 13775, 1182013, 51360, 51360, 3951826384
733, 2502436, 14220, 1188339, 1184991, 12078, 51404, 51404, 4056894476
730, 2496481, 1185469, 15318, 12972, 1182016, 50353, 50353, 1981413625
732, 2496620, 1183000, 17377, 14901, 1179384, 50979, 50979, 1924994416
736, 2491154, 21065, 1172401, 1169284, 18680, 54862, 54862, 2989788425
727, 2494918, 1183116, 15380, 13005, 1180045, 51686, 51686, 3531430475
731, 2497488, 15803, 1183234, 1180560, 13607, 52142, 52142, 3547905969
728, 2494826, 1182676, 15685, 13299, 1180020, 51573, 51573, 315316900
729, 2494826, 16503, 1181744, 1179431, 14134, 51507, 51507, 966135442
726, 2495062, 1169490, 26169, 23768, 1166579, 54528, 54528, 2976665929
740, 2495671, 15151, 1182414, 1178989, 12793, 53162, 53162, 3809512014
739, 2498449, 18326, 1183514, 1180521, 15926, 50081, 50081, 1754545148
735, 2496298, 1180635, 18329, 16040, 1177904, 51695, 51695, 513385468
737, 2498702, 16200, 1185540, 1183120, 13934, 49954, 49954, 1740391691
738, 2496305, 1186117, 13460, 11140, 1183632, 50978, 50978, 1916826518
734, 2497975, 1188089, 13274, 10995, 1185585, 50016, 50016, 1902411504
741, 2496682, 1182290, 15577, 13235, 1179948, 52816, 52816, 1938759240
749, 2498315, 16622, 1185075, 1181838, 14350, 50215, 50215, 58315527
747, 2499019, 13284, 1188369, 1185729, 11055, 50291, 50291, 4048373229
743, 2499153, 14645, 1186598, 1183966, 12420, 50762, 50762, 1756800340
742, 2494037, 1187131, 13117, 10885, 1184546, 49179, 49179, 1507713538
745, 2495088, 1183609, 15776, 13459, 1180474, 50885, 50885, 3035034680
746, 2502156, 1191131, 13742, 11438, 1188673, 48586, 48586, 3323168369
752, 2498258, 14017, 1187156, 1184459, 11734, 50446, 50446, 3764526052
748, 2499771, 1183114, 18118, 15726, 1180871, 50971, 50971, 3180993390
753, 2496622, 1185968, 13445, 11162, 1183463, 51292, 51292, 3199087767
757, 2494526, 12833, 1187543, 1183586, 10552, 50006, 50006, 1375118942
751, 2495952, 1168703, 26812, 24393, 1165924, 55060, 55060, 292230970
750, 2498305, 1184248, 15266, 12950, 1181691, 52075, 52075, 2016517986
754, 2486799, 1177494, 16711, 14191, 1174511, 51946, 51946, 236502587
760, 2496395, 14507, 1188673, 1185205, 12162, 47924, 47924, 3377134733
744, 2497978, 1182477, 14146, 11852, 1180211, 54646, 54646, 1110206380
758, 2497239, 32819, 1165515, 1161505, 30504, 53448, 53448, 4241515488
755, 2496325, 1183322, 15530, 13265, 1180828, 51690, 51690, 2030574107
756, 2499278, 1183105, 16898, 14580, 1180575, 52060, 52060, 2885005572
759, 2496280, 16876, 1183129, 1180683, 14562, 50515, 50515, 605864992
764, 2496432, 17233, 1184479, 1181386, 14930, 49202, 49202, 1377280462
765, 2502602, 13240, 1190393, 1187471, 11064, 50217, 50217, 3685871051
761, 2498199, 1185518, 14572, 12350, 1183163, 51298, 51298, 130085650
763, 2499954, 16434, 1184659, 1182068, 14199, 51297, 51297, 3074440052
772, 2489732, 14533, 1180070, 1177280, 12231, 52809, 52809, 3411488524
768, 2498351, 18739, 1180989, 1178326, 16335, 51981, 51981, 2167777974
766, 2495973, 1183068, 16945, 14690, 1180438, 50416, 50416, 4065811158
774, 2500040, 1188552, 13922, 11698, 1185022, 50423, 50423, 86659325
769, 2497407, 1180764, 18911, 16585, 1177893, 51627, 51627, 3853995767
775, 2488521, 1176504, 17783, 15366, 1173392, 52738, 52738, 3564842057
762, 2498901, 1181261, 16026, 13603, 1178763, 54624, 54624, 2484729826
776, 2495419, 19958, 1176661, 1173844, 17608, 53674, 53674, 709830097
777, 2499830, 19049, 1182225, 1179117, 16867, 51286, 51286, 2775257723
771, 2496817, 1180519, 17665, 15332, 1177707, 52797, 52797, 3699877532
778, 2496927, 17578, 1182577, 1179518, 15192, 51031, 51031, 2559896490
770, 2494124, 1178590, 17899, 15460, 1176137, 53019, 53019, 2722571303
767, 2499518, 1186370, 15630, 13308, 1183294, 50458, 50458, 1068198205
773, 2497339, 1186969, 13380, 11116, 1184440, 50717, 50717, 3077341452
781, 2497015, 14626, 1185971, 1183011, 12271, 50568, 50568, 2801463918
780, 2500807, 16626, 1184760, 1182058, 14339, 51512, 51512, 2634221629
779, 2491020, 1176524, 17008, 14632, 1174184, 54336, 54336, 1920764743
786, 2501576, 1188976, 14459, 12202, 1185505, 50217, 50217, 935932911
782, 2496324, 12920, 1185983, 1183553, 10708, 51580, 51580, 1163594170
783, 2497709, 14959, 1184274, 1181696, 12622, 52079, 52079, 509065340
788, 2492597, 13904, 1185646, 1182843, 11674, 49265, 49265, 2058866971
789, 2498222, 19948, 1179923, 1177192, 17643, 51758, 51758, 1548506061
790, 2495021, 1184722, 14132, 11984, 1181149, 51517, 51517, 3260203328
784, 2490952, 16481, 1179699, 1177209, 14037, 51763, 51763, 3127178758
787, 2495160, 1182755, 15457, 13178, 1180200, 51785, 51785, 1520651505
792, 2496872, 15717, 1184090, 1181277, 13450, 51169, 51169, 1211716526
794, 2497231, 1186279, 13926, 11663, 1183183, 51090, 51090, 1014207151
795, 2494009, 1186559, 13529, 11308, 1183043, 49785, 49785, 11177329
797, 2501893, 15272, 1189040, 1185472, 13123, 49493, 49493, 2647776803
793, 2491224, 18777, 1177112, 1174627, 16280, 52214, 52214, 3088098204
799, 2486818, 16140, 1178131, 1174843, 13630, 52037, 52037, 3947735160
785, 2494698, 1185795, 14610, 12303, 1183320, 49335, 49335, 1064271616
791, 2502090, 15083, 1187971, 1185642, 12818, 50288, 50288, 981520114
798, 2494465, 22789, 1172935, 1170056, 20413, 54136, 54136, 1780247005
796, 2499029, 1182682, 16213, 13956, 1180180, 52999, 52999, 112398561
806, 2499993, 14501, 1188613, 1185307, 12146, 49713, 49713, 3410341701
805, 2492022, 16368, 1177411, 1174452, 13999, 54896, 54896, 2653326506
801, 2495790, 1180800, 16042, 13758, 1177674, 53758, 53758, 2365689448
802, 2500050, 1187416, 16189, 13845, 1184088, 49256, 49256, 1273480434
803, 2496250, 1181281, 19254, 16971, 1177528, 50608, 50608, 330679944
804, 2495071, 1181248, 16421, 14063, 1178661, 52339, 52339, 2953005409
807, 2497732, 15633, 1185542, 1183097, 13288, 50086, 50086, 2427061734
809, 2501554, 1188497, 15660, 13426, 1185761, 49105, 49105, 2122758044
817, 2497758, 14217, 1186813, 1183120, 11830, 50889, 50889, 3183402170
800, 2496848, 1184722, 15000, 12696, 1182164, 51133, 51133, 1280752625
812, 2499116, 1183403, 15829, 13480, 1180800, 52802, 52802, 1007382866
808, 2496964, 1185297, 14977, 12706, 1182936, 50524, 50524, 3359151078
813, 2501895, 1189787, 13570, 11383, 1186527, 50314, 50314, 1488956957
810, 2497182, 1176260, 21590, 19312, 1173606, 53207, 53207, 3051178868
814, 2494789, 1183311, 16298, 14025, 1180719, 50218, 50218, 3299768884
818, 2500170, 13994, 1187296, 1184365, 11717, 51399, 51399, 3096853923
811, 2496975, 1184216, 14458, 12225, 1181674, 52201, 52201, 3056845353
815, 2491265, 1180466, 15391, 13093, 1178101, 52107, 52107, 224254808
819, 2498333, 1187909, 12966, 10788, 1185162, 50754, 50754, 1238112790
824, 2491239, 16855, 1180856, 1177310, 14470, 50874, 50874, 1424230231
816, 2494921, 17595, 1179078, 1176676, 15160, 53206, 53206, 2161969951
820, 2496714, 22279, 1175564, 1172919, 20010, 52971, 52971, 1222041912
825, 2492295, 18300, 1178402, 1175180, 15801, 52306, 52306, 1170403341
823, 2495836, 16408, 1182762, 1180048, 14124, 51247, 51247, 2311861960
821, 2496435, 1177291, 21511, 19149, 1174848, 51818, 51818, 1895465300
830, 2501103, 14276, 1188477, 1185740, 12072, 50269, 50269, 3466671063
828, 2492429, 18917, 1176931, 1174382, 16619, 52790, 52790, 3182618755
826, 2496148, 1183186, 15403, 13094, 1180297, 52084, 52084, 1022391418
829, 2493461, 1184297, 14483, 12189, 1181448, 50522, 50522, 2401482632
822, 2501318, 15763, 1185947, 1183715, 13415, 51239, 51239, 1249927697
831, 2497365, 15696, 1184097, 1181708, 13390, 51237, 51237, 1349895712
833, 2492882, 1183627, 13572, 11240, 1180357, 52043, 52043, 3897188828
832, 2496027, 14950, 1184248, 1181327, 12692, 51405, 51405, 539653268
827, 2491640, 14655, 1182107, 1179393, 12173, 51656, 51656, 2452330981
834, 2491116, 16702, 1179084, 1176536, 14352, 52221, 52221, 61622946
837, 2501963, 1186873, 15911, 13658, 1184167, 50677, 50677, 2056118955
835, 2500465, 1188252, 15181, 13003, 1184571, 49729, 49729, 120181458
839, 2498170, 1182183, 18143, 15663, 1179199, 51491, 51491, 834777510
836, 2496253, 1185346, 13744, 11491, 1182860, 51406, 51406, 2225191665
841, 2493305, 14451, 1183233, 1180199, 12134, 51644, 51644, 164160814
840, 2496751, 14089, 1185766, 1183282, 11896, 50859, 50859, 2819017872
843, 2497018, 17683, 1181997, 1179055, 15347, 51468, 51468, 3149342388
847, 2497649, 13765, 1188216, 1185437, 11473, 49379, 49379, 160975101
838, 2500717, 1185388, 16756, 14505, 1183128, 50470, 50470, 2328310748
842, 2492258, 1179536, 16316, 13955, 1176909, 52771, 52771, 2949635177
849, 2498139, 16779, 1183059, 1180218, 14489, 51797, 51797, 1326806689
846, 2493866, 1174736, 21184, 18740, 1171074, 54066, 54066, 4212749226
845, 2496071, 1185844, 14023, 11785, 1183249, 50585, 50585, 3476098544
853, 2501140, 12083, 1193667, 1190568, 9882, 47470, 47470, 828107518
848, 2500001, 1185220, 17587, 15291, 1182697, 49603, 49603, 2829697434
852, 2495555, 19770, 1178343, 1175799, 17335, 52154, 52154, 2500516624
850, 2493912, 1180876, 15999, 13694, 1178145, 52599, 52599, 2354304188
851, 2502945, 14724, 1188716, 1186334, 12529, 50321, 50321, 557792051
856, 2498246, 13649, 1188549, 1185715, 11509, 49412, 49412, 1771329373
844, 2494095, 1182679, 16198, 13738, 1180236, 50622, 50622, 3915572338
855, 2499077, 14147, 1187365, 1184359, 11988, 50609, 50609, 4272435620
854, 2493606, 1182891, 14747, 12401, 1179643, 51962, 51962, 2850493863
857, 2495544, 18947, 1180776, 1177980, 16567, 50637, 50637, 1692801044
864, 2499627, 18057, 1184206, 1180806, 15832, 50363, 50363, 54722954
860, 2495683, 16877, 1179459, 1176473, 14452, 54211, 54211, 1100830477
859, 2499220, 1185416, 15785, 13458, 1182569, 50996, 50996, 2686328202
861, 2491373, 16858, 1178256, 1175547, 14492, 53110, 53110, 1561358759
863, 2496769, 14865, 1183725, 1181111, 12546, 52261, 52261, 1794417839
862, 2502723, 15816, 1186365, 1184000, 13496, 51523, 51523, 86030747
858, 2495138, 1186976, 14013, 11714, 1184413, 49011, 49011, 3335670973
869, 2494358, 15831, 1182487, 1179954, 13596, 51245, 51245, 878941950
866, 2491638, 1178782, 16860, 14380, 1176034, 52791, 52791, 1207182861
867, 2498294, 18442, 1180991, 1178438, 16117, 52153, 52153, 2669267535
865, 2502668, 1188913, 14443, 12278, 1185940, 50547, 50547, 3269862693
871, 2494819, 1186966, 12848, 10604, 1183545, 50428, 50428, 3991753891
874, 2493695, 15773, 1182478, 1179133, 13529, 51391, 51391, 1592401217
872, 2489863, 20639, 1174676, 1171986, 18356, 52103, 52103, 3810587221
868, 2498908, 1187407, 14594, 12276, 1184963, 49834, 49834, 1788834445
870, 2498851, 1190542, 12363, 10189, 1187931, 48913, 48913, 1393175405
873, 2495697, 1185355, 15350, 13042, 1182656, 49647, 49647, 2558415994
875, 2490222, 1174315, 16696, 14309, 1171144, 56879, 56879, 3512030779
876, 2496948, 1181407, 15728, 13358, 1178967, 53744, 53744, 481111467
880, 2492172, 19656, 1175872, 1172964, 17388, 53146, 53146, 1972146225
877, 2497172, 16630, 1183001, 1180370, 14325, 51423, 51423, 4085691128
879, 2498622, 15508, 1186220, 1183308, 13186, 50200, 50200, 2670088821
882, 2496842, 13287, 1186199, 1182961, 11061, 51667, 51667, 2131513859
887, 2495901, 17898, 1180710, 1177364, 15607, 52161, 52161, 1489465521
881, 2496186, 14404, 1182900, 1179769, 12061, 53526, 53526, 1170615078
883, 2490353, 15251, 1178371, 1175116, 13023, 54296, 54296, 1078692156
878, 2500297, 23410, 1172476, 1170172, 21047, 56596, 56596, 2068561896
889, 2490854, 17861, 1178865, 1174904, 15546, 51839, 51839, 2901201001
885, 2492158, 18892, 1175953, 1173547, 16422, 53672, 53672, 4179271954
884, 2495978, 1179542, 18303, 15889, 1176664, 52790, 52790, 801224401
890, 2495402, 1184544, 14883, 12561, 1181860, 50777, 50777, 3900380081
888, 2494841, 1182759, 15993, 13635, 1179916, 51269, 51269, 2623426675
886, 2498171, 15998, 1180628, 1178259, 13708, 54789, 54789, 4247385683
894, 2493648, 17756, 1181289, 1178409, 15448, 50373, 50373, 1660373708
895, 2492930, 18950, 1174027, 1171212, 16595, 56073, 56073, 2262110607
896, 2493116, 16011, 1183726, 1180866, 13683, 49415, 49415, 200877303
892, 2492086, 1179807, 17235, 14858, 1177220, 51483, 51483, 3485023620
899, 2497869, 14635, 1185748, 1182335, 12435, 51358, 51358, 2118113443
893, 2492715, 17497, 1178610, 1176018, 15238, 52676, 52676, 2104705146
898, 2497998, 14074, 1189177, 1185872, 11923, 48476, 48476, 2008401768
891, 2500635, 1173477, 24423, 21985, 1170858, 54946, 54946, 4116816451
897, 2489820, 1182951, 13727, 11555, 1179959, 50814, 50814, 1575206349
901, 2500409, 15425, 1187598, 1185221, 13101, 49532, 49532, 3808067927
900, 2496805, 1184238, 15419, 13166, 1181822, 51080, 51080, 1675619730
902, 2491179, 13947, 1183360, 1180504, 11636, 50866, 50866, 794326413
906, 2494108, 15093, 1182678, 1180021, 12750, 51783, 51783, 1726752220
912, 2495807, 14094, 1183734, 1180551, 11830, 52799, 52799, 1026040364
904, 2497928, 1184443, 15618, 13159, 1181468, 51620, 51620, 629308864
907, 2496158, 15014, 1184103, 1181315, 12752, 51487, 51487, 3783979412
909, 2493559, 13669, 1183597, 1180565, 11518, 52105, 52105, 2454954821
903, 2490404, 15353, 1179980, 1177650, 13025, 52198, 52198, 2753109221
910, 2496579, 15497, 1183653, 1181282, 13189, 51479, 51479, 457017331
913, 2490116, 1181909, 15126, 12795, 1178844, 50721, 50721, 3044953954
905, 2495987, 1185651, 15006, 12657, 1183307, 49683, 49683, 1177255734
908, 2501826, 14082, 1190350, 1187834, 11930, 48815, 48815, 1460357099
911, 2499117, 1181474, 18285, 15947, 1178565, 52423, 52423, 2351718467
914, 2500959, 1184325, 17719, 15441, 1180608, 51433, 51433, 1098257836
915, 2496410, 1179982, 18657, 16276, 1176511, 52492, 52492, 3626155158
922, 2498853, 13139, 1189322, 1186245, 10933, 49607, 49607, 1830738753
917, 2491693, 1183453, 13551, 11345, 1180006, 51669, 51669, 4290512481
916, 2498737, 1183201, 16524, 14190, 1180446, 52188, 52188, 3827612631
920, 2499978, 15350, 1186341, 1183627, 13094, 50783, 50783, 531989406
919, 2491505, 20801, 1173112, 1170455, 18413, 54362, 54362, 1735832205
923, 2503094, 1193592, 13054, 10896, 1189686, 47933, 47933, 1452721006
918, 2491110, 1177926, 17430, 15063, 1175037, 52827, 52827, 1978230144
927, 2489565, 16622, 1180310, 1176936, 14271, 50713, 50713, 1368578962
926, 2495327, 21525, 1175817, 1172869, 19266, 52925, 52925, 654284949
924, 2502356, 13847, 1191178, 1188457, 11616, 48629, 48629, 755903768
929, 2493813, 15625, 1182897, 1180008, 13269, 51007, 51007, 840292394
921, 2495977, 1184339, 15818, 13525, 1182081, 50107, 50107, 1728327522
930, 2497182, 15062, 1184488, 1181274, 12672, 51843, 51843, 2065511705
928, 2495257, 1186475, 14474, 12193, 1183649, 49233, 49233, 746927195
931, 2491982, 15230, 1181341, 1178244, 12907, 52130, 52130, 3351530987
925, 2498271, 1185372, 14697, 12388, 1183052, 51381, 51381, 692975703
933, 2504799, 14314, 1190928, 1188156, 12155, 49623, 49623, 3396855833
937, 2499029, 14107, 1189818, 1186048, 11740, 48658, 48658, 3392490043
935, 2500765, 18905, 1182051, 1178917, 16760, 52066, 52066, 2957470120
932, 2493176, 17084, 1180141, 1177525, 14704, 51861, 51861, 3891505651
936, 2496867, 1185601, 14274, 11986, 1182322, 51342, 51342, 1067085155
942, 2493937, 15588, 1183776, 1181157, 13286, 50065, 50065, 4096943175
944, 2492468, 16098, 1179845, 1177087, 13820, 52809, 52809, 2692332526
939, 2497456, 1180738, 17943, 15705, 1177400, 52835, 52835, 1851744256
943, 2497459, 1186359, 14155, 11849, 1183256, 50920, 50920, 223042301
940, 2499749, 1187560, 15332, 13136, 1184949, 49386, 49386, 106116377
934, 2494120, 1181597, 16026, 13711, 1178776, 52005, 52005, 751344232
941, 2496468, 1186240, 13314, 10944, 1183840, 51065, 51065, 3693533958
938, 2493399, 1182638, 14869, 12502, 1180068, 51661, 51661, 978142972
950, 2497516, 18826, 1178845, 1176123, 16394, 53664, 53664, 2912599881
945, 2497349, 1181786, 17373, 14973, 1178981, 52118, 52118, 1493829079
946, 2499710, 19031, 1180971, 1178594, 16636, 52239, 52239, 1146266373
949, 2500984, 1191862, 12489, 10298, 1188797, 48769, 48769, 590219335
948, 2492442, 1184257, 14331, 12119, 1181733, 50001, 50001, 3178281958
947, 2492515, 1182097, 15435, 13094, 1179573, 51158, 51158, 1347612105
951, 2496746, 1182478, 17520, 15197, 1179351, 51100, 51100, 409655991
952, 2489785, 17102, 1179158, 1176556, 14771, 51099, 51099, 1327513466
955, 2492646, 16474, 1179385, 1176509, 14034, 53122, 53122, 1199063693
956, 2503262, 17274, 1185046, 1182221, 14987, 51867, 51867, 630882143
953, 2496996, 1181994, 17917, 15514, 1179101, 51235, 51235, 868751295
958, 2500438, 14960, 1187291, 1183893, 12758, 50768, 50768, 3008617815
964, 2495806, 13414, 1187512, 1183891, 11083, 49953, 49953, 1735990323
954, 2495130, 1184233, 13918, 11604, 1181701, 51837, 51837, 2618021582
957, 2498205, 1184820, 15770, 13555, 1182402, 50829, 50829, 4010932747
960, 2495689, 1181838, 14657, 12271, 1178999, 53962, 53962, 88993250
959, 2497235, 1174273, 21352, 18949, 1171425, 55618, 55618, 687085144
961, 2500055, 1181370, 15575, 13246, 1178412, 55726, 55726, 1456442651
962, 2493406, 16717, 1179423, 1176836, 14502, 52964, 52964, 3595544514
968, 2500260, 13644, 1189206, 1186462, 11424, 49762, 49762, 4080365140
966, 2498552, 21762, 1176253, 1173574, 19385, 53789, 53789, 1871936488
972, 2497141, 14194, 1187942, 1184329, 11942, 49367, 49367, 1319785463
969, 2492293, 1180571, 16749, 14454, 1177735, 51392, 51392, 4076606721
965, 2491440, 1182332, 15430, 13158, 1178934, 50793, 50793, 2958072932
967, 2502407, 1188630, 15629, 13285, 1186067, 49398, 49398, 2050329162
963, 2500379, 1186638, 16057, 13800, 1184416, 49734, 49734, 1376575883
971, 2499542, 1187463, 15939, 13629, 1184761, 48875, 48875, 2736126271
974, 2497934, 13549, 1188688, 1185281, 11262, 49577, 49577, 1355764846
973, 2488813, 18611, 1175802, 1173097, 16197, 52553, 52553, 2652282439
977, 2497816, 14160, 1186607, 1183580, 11943, 50763, 50763, 2415699702
976, 2500850, 13647, 1189531, 1186695, 11519, 49729, 49729, 999831334
970, 2494643, 1181205, 15460, 13108, 1178702, 53084, 53084, 992406166
975, 2496351, 1185092, 14049, 11824, 1182352, 51517, 51517, 4097008290
981, 2495789, 1183410, 16262, 13879, 1179696, 51271, 51271, 4078210418
978, 2498577, 16406, 1183897, 1181397, 14089, 51394, 51394, 2590225862
982, 2492484, 1184472, 13909, 11529, 1181092, 50741, 50741, 1532820245
979, 2495163, 15331, 1182447, 1179972, 13001, 52206, 52206, 2266065799
986, 2498707, 14069, 1189098, 1185908, 11712, 48960, 48960, 4064833709
987, 2493847, 16506, 1182100, 1178326, 14151, 51382, 51382, 1048914502
988, 2495311, 16238, 1182489, 1179375, 13877, 51666, 51666, 592504231
985, 2498238, 14749, 1186030, 1183297, 12474, 50844, 50844, 3748118222
983, 2492658, 1182135, 14983, 12707, 1179151, 51841, 51841, 3358688990
990, 2493830, 16646, 1181303, 1177525, 14446, 51955, 51955, 2942916303
989, 2497826, 19870, 1180232, 1176856, 17560, 51654, 51654, 1189808374
980, 2493801, 1180898, 15854, 13631, 1178202, 52608, 52608, 3868718172
984, 2496311, 1187585, 13518, 11280, 1184970, 49479, 49479, 2819346488
992, 2496229, 17211, 1181931, 1178977, 14894, 51608, 51608, 3692142160
994, 2495850, 15890, 1183366, 1180649, 13507, 51219, 51219, 3697361645
991, 2499702, 1185225, 15740, 13499, 1182672, 51283, 51283, 1264401806
993, 2494200, 14153, 1183626, 1181094, 11819, 51754, 51754, 4160245262
996, 2489491, 19002, 1176060, 1172620, 16657, 52576, 52576, 1985522794
999, 2499252, 15576, 1184947, 1182113, 13356, 51630, 51630, 2806111889
997, 2503028, 12895, 1192080, 1189532, 10629, 48946, 48946, 241269769
998, 2495680, 1177158, 20664, 18262, 1174540, 52528, 52528, 3076793055
995, 2495818, 17218, 1182112, 1179698, 14828, 50981, 50981, 3881501607
