sample_id, N_active, N_A_1, N_B_1, N_A_0, N_B_0, N_A_*, N_B_*, seed
0, 393450, 79542, 84302, 61844, 57758, 55002, 55002, 2009273218
10, 393308, 82271, 82014, 59866, 60175, 54491, 54491, 952831099
9, 395450, 82806, 81561, 59646, 60819, 55309, 55309, 1927162237
7, 393454, 81420, 82395, 60233, 59458, 54974, 54974, 16096963
4, 391186, 80248, 83234, 60944, 58190, 54285, 54285, 826528208
1, 395863, 81288, 83481, 61432, 59386, 55138, 55138, 2508098077
5, 392964, 81281, 81634, 59485, 59254, 55655, 55655, 2313866181
3, 391913, 80881, 80827, 58931, 58656, 56309, 56309, 3605260817
8, 394037, 82806, 81010, 59197, 60776, 55124, 55124, 2561109105
2, 395198, 81774, 81671, 59877, 59766, 56055, 56055, 2695555837
6, 395592, 80779, 83386, 61532, 58811, 55542, 55542, 3199268913
11, 393535, 81586, 82266, 60280, 59469, 54967, 54967, 1132561961
12, 392519, 82883, 81323, 59127, 60632, 54277, 54277, 2911845316
20, 393260, 80364, 82947, 60669, 58458, 55411, 55411, 2605872689
15, 395537, 81890, 83038, 60766, 59933, 54955, 54955, 3951852416
16, 393355, 81004, 83478, 61091, 59074, 54354, 54354, 261400831
13, 394269, 80555, 83075, 60726, 58801, 55556, 55556, 3995141550
18, 392804, 83718, 81014, 59139, 61423, 53755, 53755, 3918088752
17, 393568, 82159, 82400, 60095, 60162, 54376, 54376, 1233301138
19, 393869, 80851, 82026, 59938, 59114, 55970, 55970, 3724516695
23, 395180, 82029, 83262, 61092, 59915, 54441, 54441, 1848700420
14, 394198, 80726, 85034, 62512, 58808, 53559, 53559, 3136480879
24, 392323, 81417, 82652, 60532, 59246, 54238, 54238, 2938576985
22, 394470, 82709, 81368, 59314, 60123, 55478, 55478, 4206052534
21, 391442, 81805, 81034, 59184, 59609, 54905, 54905, 2312449964
26, 392544, 80801, 82129, 59920, 58598, 55548, 55548, 932901748
29, 392081, 82230, 81453, 59136, 59968, 54647, 54647, 2761061253
27, 392129, 83040, 81622, 59349, 60664, 53727, 53727, 1257252012
25, 392397, 81707, 80886, 58922, 59338, 55772, 55772, 2486001750
28, 392037, 81266, 81221, 58978, 59278, 55647, 55647, 4091850310
31, 392950, 82570, 81367, 59512, 60307, 54597, 54597, 3742029547
30, 393011, 80099, 82940, 60545, 58141, 55643, 55643, 3549940485
32, 395071, 83443, 81589, 59522, 61149, 54684, 54684, 3900396071
33, 391883, 80400, 82430, 60204, 58389, 55230, 55230, 851414076
34, 394835, 82452, 82270, 60211, 60372, 54765, 54765, 2269392105
35, 395865, 82247, 82587, 60220, 59997, 55407, 55407, 2257604393
38, 392944, 81753, 82409, 60284, 59508, 54495, 54495, 1830727528
36, 396813, 80977, 83208, 61164, 59304, 56080, 56080, 1632014146
39, 391771, 82880, 80083, 58166, 60298, 55172, 55172, 316897443
37, 393766, 81559, 82359, 60226, 59222, 55200, 55200, 532261336
40, 393482, 83397, 80525, 58452, 61278, 54915, 54915, 2411956083
42, 392948, 83001, 80870, 58610, 60813, 54827, 54827, 1196992629
44, 394898, 80510, 83471, 61396, 58539, 55491, 55491, 4047389605
41, 393644, 81901, 81550, 59373, 59708, 55556, 55556, 442258812
43, 394015, 84204, 79781, 57764, 61618, 55324, 55324, 1752132514
45, 394254, 83942, 80368, 58608, 61462, 54937, 54937, 3070545257
47, 394394, 84416, 79794, 58320, 62084, 54890, 54890, 2725281786
46, 395283, 82742, 82112, 60242, 60597, 54795, 54795, 1860410714
48, 394329, 80075, 83802, 61237, 58157, 55529, 55529, 1606667355
49, 391519, 82153, 81154, 58934, 59978, 54650, 54650, 2528575198
50, 393632, 81108, 82661, 60353, 59300, 55105, 55105, 490032898
51, 394695, 81519, 82134, 60021, 59849, 55586, 55586, 3168013951
52, 392386, 82507, 81246, 59332, 60111, 54595, 54595, 2646505675
53, 392069, 82745, 82053, 59648, 60241, 53691, 53691, 1331548751
54, 394001, 82098, 81781, 59639, 59983, 55250, 55250, 3863162342
55, 395467, 82952, 80847, 59030, 60768, 55935, 55935, 3019036654
57, 395260, 83759, 80738, 59128, 61585, 55025, 55025, 605258036
56, 394235, 80209, 82973, 60610, 58253, 56095, 56095, 1854276735
58, 393906, 81455, 83181, 60925, 59511, 54417, 54417, 2808321265
59, 391651, 81925, 81075, 58942, 59423, 55143, 55143, 1437359153
60, 392873, 82172, 81899, 59681, 59813, 54654, 54654, 940908208
64, 393955, 81134, 82120, 60040, 59237, 55712, 55712, 1397762283
61, 394481, 83066, 81285, 58945, 60971, 55107, 55107, 876634565
63, 394317, 81236, 83474, 61019, 59190, 54699, 54699, 2546534009
62, 393618, 82788, 81829, 59509, 60654, 54419, 54419, 1201422971
65, 392532, 81029, 82462, 60043, 59066, 54966, 54966, 3881873711
66, 392175, 81245, 81774, 59527, 59167, 55231, 55231, 4269602111
67, 393614, 81127, 82330, 60393, 58780, 55492, 55492, 3199289144
68, 394662, 83263, 81294, 59416, 60853, 54918, 54918, 3025690395
69, 394426, 82063, 81988, 59581, 60194, 55300, 55300, 1109574130
71, 391205, 81442, 82023, 59734, 59134, 54436, 54436, 511542071
72, 392863, 81395, 83416, 60880, 59384, 53894, 53894, 3040551869
70, 395141, 81202, 83713, 61416, 59196, 54807, 54807, 4130074907
74, 393889, 81909, 81730, 59290, 59882, 55539, 55539, 3403194705
73, 391277, 80676, 82684, 60643, 58648, 54313, 54313, 1994924649
76, 393002, 81554, 81850, 59907, 59625, 55033, 55033, 3179707220
75, 394154, 84047, 81227, 59206, 61808, 53933, 53933, 4068487127
77, 395978, 81385, 83101, 60863, 59349, 55640, 55640, 1274443395
78, 392725, 79233, 83506, 61090, 57458, 55719, 55719, 3910588763
79, 393582, 80074, 83109, 61041, 58378, 55490, 55490, 23753915
80, 395449, 81692, 82246, 60160, 59787, 55782, 55782, 1137039002
81, 392894, 81621, 82380, 59882, 59433, 54789, 54789, 1320422600
82, 394534, 82128, 82985, 60790, 59925, 54353, 54353, 1812080524
84, 393280, 81235, 81928, 59765, 59002, 55675, 55675, 1751974533
83, 392993, 82948, 81397, 59204, 60710, 54367, 54367, 2805662276
86, 392716, 81829, 81727, 59718, 59620, 54911, 54911, 2373656950
85, 393990, 80528, 82313, 60234, 58643, 56136, 56136, 3463757146
87, 391933, 81033, 82690, 60285, 58811, 54557, 54557, 3379266204
88, 395465, 80398, 84903, 62606, 58656, 54451, 54451, 4268444831
89, 392878, 80233, 82583, 60396, 58632, 55517, 55517, 432712911
90, 394500, 81693, 81993, 60135, 59541, 55569, 55569, 1599763138
91, 395141, 82503, 83119, 60518, 60837, 54082, 54082, 2830488026
93, 393836, 81891, 81694, 59463, 59686, 55551, 55551, 3378605450
95, 393435, 83530, 79838, 57908, 60957, 55601, 55601, 284663616
94, 392615, 80468, 83302, 61023, 58532, 54645, 54645, 41301103
98, 394764, 79998, 82645, 60459, 58234, 56714, 56714, 3791363396
96, 392957, 82041, 81356, 59344, 59910, 55153, 55153, 1147194334
92, 394368, 82139, 82812, 60624, 60387, 54203, 54203, 2041082743
97, 394015, 80457, 82916, 60780, 58510, 55676, 55676, 3784889821
99, 394159, 81637, 81955, 59783, 59616, 55584, 55584, 750920257
100, 393844, 82531, 80604, 58544, 60479, 55843, 55843, 41907405
101, 394175, 82411, 81851, 59817, 60012, 55042, 55042, 1168288171
102, 394402, 81344, 82196, 60232, 59208, 55711, 55711, 4286482694
103, 389827, 79984, 82214, 59870, 57831, 54964, 54964, 571972853
104, 396429, 82493, 82207, 60342, 60901, 55243, 55243, 3973965527
105, 395155, 81851, 81489, 59727, 59914, 56087, 56087, 1563610164
107, 393173, 80691, 82575, 60378, 58437, 55546, 55546, 2716215169
108, 395717, 82702, 81311, 59437, 60515, 55876, 55876, 2950998350
111, 394600, 80796, 83814, 61376, 58924, 54845, 54845, 1198548563
109, 393403, 81485, 82389, 60272, 59399, 54929, 54929, 2175054336
106, 393499, 81493, 81776, 59727, 59783, 55360, 55360, 3986427937
112, 393589, 83094, 81445, 59367, 60679, 54502, 54502, 3012308216
113, 394988, 81850, 82391, 60457, 59930, 55180, 55180, 1631810533
110, 394771, 82919, 81101, 59047, 60712, 55496, 55496, 2036952285
114, 395823, 81866, 83995, 61697, 59775, 54245, 54245, 678031167
115, 396062, 80698, 84335, 62253, 58680, 55048, 55048, 1354517801
118, 395483, 82228, 81813, 59586, 60278, 55789, 55789, 1462060164
116, 393776, 81062, 81831, 59876, 58923, 56042, 56042, 1371598654
120, 394509, 82874, 81238, 59391, 60512, 55247, 55247, 2572326320
121, 394588, 81385, 82215, 59952, 59442, 55797, 55797, 39733685
119, 394004, 82364, 82107, 60052, 60081, 54700, 54700, 3427502686
123, 394309, 82664, 80968, 59211, 60540, 55463, 55463, 3241681906
122, 393225, 83454, 80431, 58364, 61202, 54887, 54887, 3475379096
117, 393230, 82631, 81397, 59278, 60432, 54746, 54746, 3487518556
124, 395325, 81660, 81907, 59996, 59416, 56173, 56173, 3492618360
125, 394524, 82967, 81316, 58926, 60901, 55207, 55207, 3443479061
126, 391579, 80482, 83119, 60771, 58319, 54444, 54444, 1471445632
127, 394884, 83302, 81249, 59146, 61195, 54996, 54996, 2719700923
129, 394294, 82971, 80314, 58220, 60601, 56094, 56094, 1292809819
128, 394661, 80714, 83414, 61141, 58840, 55276, 55276, 1024546371
130, 394930, 82928, 81220, 59061, 61085, 55318, 55318, 586875672
131, 393300, 82109, 81306, 59131, 59904, 55425, 55425, 3916269831
133, 393878, 81227, 82666, 60543, 59326, 55058, 55058, 3642358988
132, 393540, 80337, 81804, 59911, 58370, 56559, 56559, 2330670274
135, 394029, 81549, 83073, 60875, 59296, 54618, 54618, 4285622773
134, 392707, 81027, 82430, 60110, 59208, 54966, 54966, 1705145294
136, 394574, 81168, 82543, 60326, 59335, 55601, 55601, 3890482589
138, 393773, 80628, 83010, 60995, 58640, 55250, 55250, 3940182625
139, 392141, 81787, 81918, 59907, 59761, 54384, 54384, 1116178547
137, 393383, 81646, 81374, 59329, 59612, 55711, 55711, 593574961
140, 392630, 81882, 81920, 59521, 59563, 54872, 54872, 2968546322
142, 396131, 82193, 81857, 59866, 60187, 56014, 56014, 1252987436
141, 395830, 83506, 81473, 59467, 61378, 55003, 55003, 3065639257
145, 394682, 81710, 82266, 60044, 59834, 55414, 55414, 1334405503
144, 394080, 80549, 82407, 60119, 58703, 56151, 56151, 3588919595
143, 393573, 81435, 83693, 61461, 59376, 53804, 53804, 1828653404
146, 393152, 81925, 80979, 59192, 59772, 55642, 55642, 3550585053
147, 394625, 80855, 83303, 61139, 59116, 55106, 55106, 3746950970
148, 394233, 80356, 83121, 60614, 58576, 55783, 55783, 3584909416
150, 394269, 82735, 82898, 60520, 60786, 53665, 53665, 1848478848
149, 392215, 84101, 79387, 57600, 61555, 54786, 54786, 1555866091
151, 396251, 83697, 81360, 59610, 61714, 54935, 54935, 1186180256
153, 393855, 81823, 82207, 60062, 59641, 55061, 55061, 1679456889
152, 391110, 82101, 81482, 59191, 59772, 54282, 54282, 3531370252
155, 394945, 83192, 81961, 59882, 60918, 54496, 54496, 2190093025
154, 394499, 82213, 82786, 60924, 60032, 54272, 54272, 3079929972
157, 394554, 80212, 83319, 61050, 58447, 55763, 55763, 2395503623
156, 392796, 82573, 80991, 58843, 60193, 55098, 55098, 374406189
159, 394053, 81110, 82658, 60462, 59179, 55322, 55322, 1248639798
158, 394353, 81052, 82164, 59840, 59223, 56037, 56037, 1301387143
160, 395241, 80192, 83933, 61528, 58750, 55419, 55419, 1721912728
163, 393245, 82162, 82301, 60078, 60006, 54349, 54349, 970655544
162, 392330, 80824, 81653, 59485, 58842, 55763, 55763, 2413392018
161, 392430, 79505, 83166, 60835, 57718, 55603, 55603, 29203693
164, 391914, 81492, 81102, 58977, 59147, 55598, 55598, 2173231800
165, 393038, 81546, 81422, 59297, 59443, 55665, 55665, 3576640226
166, 392384, 81834, 81816, 59780, 59466, 54744, 54744, 3815052123
167, 393577, 83282, 81148, 58941, 61448, 54379, 54379, 2224295459
168, 395947, 81571, 82405, 60509, 59522, 55970, 55970, 888023957
169, 395226, 83896, 80987, 59016, 61625, 54851, 54851, 2607236221
170, 393705, 81833, 81976, 60004, 59880, 55006, 55006, 3087161285
171, 393946, 80268, 83047, 60869, 58520, 55621, 55621, 2094245299
172, 394473, 81546, 82309, 60252, 59554, 55406, 55406, 2018792891
173, 395009, 83212, 82205, 60141, 61329, 54061, 54061, 1377559793
176, 392664, 81836, 81353, 59358, 59393, 55362, 55362, 1344333568
175, 393815, 81394, 82424, 60229, 59216, 55276, 55276, 2355373407
174, 394732, 82166, 82437, 60178, 59979, 54986, 54986, 2178259997
177, 394452, 83021, 81376, 59418, 60999, 54819, 54819, 1233538779
178, 393791, 82115, 81516, 59348, 59826, 55493, 55493, 3503659948
179, 392994, 80814, 82158, 59985, 58967, 55535, 55535, 784260976
183, 393591, 81199, 82569, 60341, 59112, 55185, 55185, 1767890976
182, 395688, 82486, 82309, 60174, 60475, 55122, 55122, 3561505516
180, 395444, 82270, 81479, 59694, 60037, 55982, 55982, 964534488
184, 393924, 81424, 82523, 60060, 59371, 55273, 55273, 3324954733
181, 392573, 82593, 81041, 59034, 60255, 54825, 54825, 85196801
185, 394191, 81496, 82512, 60270, 59299, 55307, 55307, 2600228764
186, 390977, 81147, 81580, 58970, 59126, 55077, 55077, 3465332928
188, 393049, 81661, 80537, 58153, 59694, 56502, 56502, 770059114
187, 394904, 83972, 80575, 58774, 61719, 54932, 54932, 3209478482
189, 394071, 82151, 82151, 60094, 59791, 54942, 54942, 2013293707
191, 393940, 80091, 83086, 61001, 57984, 55889, 55889, 3935320456
190, 396366, 80946, 83965, 61583, 59220, 55326, 55326, 1667636984
192, 395024, 83403, 79923, 58104, 61122, 56236, 56236, 1160884772
195, 393235, 81224, 81354, 59294, 59219, 56072, 56072, 797166637
194, 394618, 82723, 81903, 60013, 60667, 54656, 54656, 1951500971
193, 393480, 80624, 83015, 60838, 58617, 55193, 55193, 1938939193
197, 396434, 83161, 81214, 59425, 61084, 55775, 55775, 2254806460
196, 394707, 82648, 81539, 59536, 60682, 55151, 55151, 1561320127
198, 393241, 82551, 80411, 58403, 60310, 55783, 55783, 2663476113
200, 394226, 81364, 83118, 60698, 59440, 54803, 54803, 1756644790
199, 394888, 83802, 80817, 58760, 61321, 55094, 55094, 1586645750
201, 393432, 80229, 83519, 61228, 58456, 55000, 55000, 4174911673
202, 392065, 82161, 80401, 58237, 60036, 55615, 55615, 1940984009
204, 393161, 82472, 80994, 59102, 60449, 55072, 55072, 919345422
203, 394108, 81527, 83379, 61116, 59346, 54370, 54370, 3096697013
205, 393497, 83505, 78493, 56809, 61088, 56801, 56801, 2636101133
207, 393374, 82652, 80040, 58101, 60681, 55950, 55950, 953135168
208, 394557, 83715, 81364, 59372, 61322, 54392, 54392, 2106792744
206, 393893, 83822, 80607, 58487, 61301, 54838, 54838, 2101969131
209, 391957, 81464, 80371, 58546, 59350, 56113, 56113, 2665954472
210, 393607, 82210, 82279, 60098, 59994, 54513, 54513, 1545189400
211, 395086, 80927, 82195, 60405, 58893, 56333, 56333, 4282088265
212, 392796, 81431, 81667, 59282, 59324, 55546, 55546, 2173397798
213, 394596, 79510, 82962, 60965, 57651, 56754, 56754, 229314151
214, 394631, 82482, 81184, 58962, 60547, 55728, 55728, 1965664810
215, 394954, 83225, 81775, 59459, 60891, 54802, 54802, 2946744003
216, 395131, 81419, 82618, 60595, 59571, 55464, 55464, 1916961745
217, 393996, 83576, 80916, 58824, 61310, 54685, 54685, 14782992
218, 395946, 82074, 82577, 60489, 60184, 55311, 55311, 3143257626
220, 395071, 81832, 81359, 59308, 59716, 56428, 56428, 463985983
219, 394311, 81368, 82098, 60149, 59470, 55613, 55613, 2785001920
221, 392774, 83205, 79721, 57630, 60766, 55726, 55726, 3368223860
222, 396332, 82213, 82452, 60452, 60293, 55461, 55461, 2206994620
224, 395265, 80920, 83886, 61452, 58985, 55011, 55011, 58664197
223, 395017, 83372, 81434, 59381, 61330, 54750, 54750, 1940781435
225, 393321, 81339, 81081, 59243, 59278, 56190, 56190, 607582444
226, 395227, 83556, 80853, 59116, 61492, 55105, 55105, 2615099334
227, 393448, 81004, 82087, 60237, 58892, 55614, 55614, 1946276192
228, 392739, 84124, 79091, 57271, 61717, 55268, 55268, 3383864947
229, 393494, 81339, 82066, 59919, 59138, 55516, 55516, 2504476554
231, 391573, 83299, 80467, 58410, 60787, 54305, 54305, 3461114110
230, 393861, 83568, 81245, 59417, 61211, 54210, 54210, 1022939772
233, 395314, 82174, 83506, 61377, 60207, 54025, 54025, 3751881038
232, 391738, 82472, 81199, 59236, 60073, 54379, 54379, 3793825629
234, 392706, 81670, 80795, 58572, 59581, 56044, 56044, 4038591898
236, 393381, 82419, 81893, 59612, 60285, 54586, 54586, 1827940901
237, 392877, 82782, 80394, 58702, 60397, 55301, 55301, 1932413295
235, 394346, 81943, 81305, 59418, 59990, 55845, 55845, 3364756720
240, 394724, 83535, 81393, 59329, 61271, 54598, 54598, 3646579159
239, 392593, 84328, 79281, 57201, 61659, 55062, 55062, 3517522071
238, 396164, 81439, 83112, 60986, 59759, 55434, 55434, 3514417760
242, 394077, 82242, 81629, 59610, 60244, 55176, 55176, 753936514
241, 394442, 81352, 83130, 60964, 59406, 54795, 54795, 2791735820
243, 391401, 82167, 80429, 58600, 60057, 55074, 55074, 3819482384
244, 395357, 80968, 82364, 60331, 59064, 56315, 56315, 2411393353
245, 393891, 81486, 82006, 59918, 59659, 55411, 55411, 1910529119
246, 395302, 83858, 80400, 58519, 61615, 55455, 55455, 3006126618
247, 391382, 82164, 81014, 59136, 59832, 54618, 54618, 952412526
248, 396066, 82091, 82729, 60536, 59884, 55413, 55413, 2631257709
249, 393501, 82105, 82751, 60392, 60029, 54112, 54112, 3293966422
250, 394754, 81789, 82272, 60461, 59704, 55264, 55264, 3212438371
252, 393918, 81305, 82425, 60385, 59547, 55128, 55128, 418420480
253, 392517, 82444, 80065, 58282, 60008, 55859, 55859, 871095949
251, 394690, 82120, 81789, 59568, 59773, 55720, 55720, 2931997517
254, 391985, 80360, 81722, 59529, 58598, 55888, 55888, 4160010677
255, 392860, 82946, 80009, 58153, 60534, 55609, 55609, 2692349011
256, 393076, 81466, 82053, 60020, 59463, 55037, 55037, 4134040749
257, 392822, 80570, 83002, 60784, 58596, 54935, 54935, 36760380
258, 393904, 83014, 82028, 60004, 60954, 53952, 53952, 2320969070
259, 394470, 82358, 82089, 59942, 60001, 55040, 55040, 456524084
260, 393176, 84282, 80018, 58013, 61953, 54455, 54455, 2434246163
261, 393926, 81899, 81358, 59496, 59733, 55720, 55720, 4161148845
263, 392268, 82111, 81193, 59095, 60103, 54883, 54883, 346820410
262, 393069, 82417, 81700, 59722, 60366, 54432, 54432, 2797133460
265, 393500, 83257, 80910, 58881, 60900, 54776, 54776, 2413745209
264, 393935, 82049, 80706, 58595, 60045, 56270, 56270, 1997710777
266, 394509, 81861, 81867, 59959, 59770, 55526, 55526, 1665633536
267, 392039, 80595, 83926, 61615, 58695, 53604, 53604, 2125506441
268, 392715, 81123, 81847, 59632, 59121, 55496, 55496, 2544388307
269, 394563, 82722, 81115, 59198, 60524, 55502, 55502, 4132403648
270, 394350, 82923, 81561, 59561, 60857, 54724, 54724, 2227887038
271, 394105, 83019, 81371, 59268, 60695, 54876, 54876, 522783010
273, 394776, 81998, 82557, 60505, 60078, 54819, 54819, 2348759937
272, 395013, 82426, 81481, 59277, 60415, 55707, 55707, 267982297
274, 392853, 81130, 81806, 59794, 58955, 55584, 55584, 3107016002
275, 394122, 80885, 83031, 60691, 58835, 55340, 55340, 1535514517
276, 394016, 80364, 83422, 61061, 58749, 55210, 55210, 2542745394
277, 392285, 81768, 81687, 59848, 59552, 54715, 54715, 1713698392
278, 395646, 83000, 82106, 60126, 60706, 54854, 54854, 2766993244
279, 394216, 81880, 81500, 59387, 59703, 55873, 55873, 721898416
280, 394655, 80429, 83668, 61130, 58546, 55441, 55441, 899441634
281, 391507, 80238, 82125, 59850, 58286, 55504, 55504, 1764105956
282, 391824, 82957, 81410, 59394, 60707, 53678, 53678, 3231199627
283, 393314, 81880, 80942, 59044, 59802, 55823, 55823, 1798122996
284, 393381, 80801, 83737, 61295, 58814, 54367, 54367, 1095859353
285, 394262, 80293, 83407, 61177, 58457, 55464, 55464, 118271772
287, 393755, 82256, 81201, 59183, 60061, 55527, 55527, 2188190856
286, 393005, 83309, 80532, 58497, 61047, 54810, 54810, 2676341144
288, 394005, 79488, 83289, 61123, 57789, 56158, 56158, 3897816170
290, 394091, 82686, 81318, 59172, 60627, 55144, 55144, 1705291377
289, 391748, 81997, 82177, 59772, 59982, 53910, 53910, 1453473279
291, 393573, 83030, 80904, 59058, 60769, 54906, 54906, 1489103437
292, 394591, 80342, 82253, 60283, 58691, 56511, 56511, 1584547886
293, 393859, 83873, 79905, 57950, 61451, 55340, 55340, 152675242
294, 395356, 82734, 82835, 60732, 60595, 54230, 54230, 2811768426
295, 392846, 81934, 81411, 59115, 59630, 55378, 55378, 2458059616
296, 395597, 82050, 82783, 60696, 60184, 54942, 54942, 3142119314
298, 391763, 81593, 80749, 58677, 59162, 55791, 55791, 1338350830
297, 393083, 81196, 81781, 59639, 59091, 55688, 55688, 2307862621
299, 393789, 81841, 81719, 59733, 59734, 55381, 55381, 410892146
300, 396126, 83013, 82803, 60516, 60906, 54444, 54444, 921413294
302, 394454, 82389, 81588, 59712, 60249, 55258, 55258, 3395529140
301, 393235, 82427, 81166, 59325, 60199, 55059, 55059, 1699593068
303, 393553, 80586, 83670, 61185, 58636, 54738, 54738, 2737119292
304, 393456, 81643, 82970, 60629, 59302, 54456, 54456, 498333115
305, 393858, 82201, 81246, 59259, 59984, 55584, 55584, 1611145934
306, 396313, 82562, 82945, 60752, 60434, 54810, 54810, 433855000
307, 394013, 81348, 82075, 60000, 59036, 55777, 55777, 291677693
309, 393371, 81131, 82851, 60493, 59046, 54925, 54925, 788287883
308, 394541, 83586, 81113, 59141, 61167, 54767, 54767, 1723281922
312, 394251, 80915, 82598, 60225, 59093, 55710, 55710, 1730920542
310, 394559, 80991, 84349, 62106, 58921, 54096, 54096, 916190489
311, 393872, 81559, 82282, 60343, 59446, 55121, 55121, 3814439608
314, 393090, 81641, 82449, 60232, 59490, 54639, 54639, 3608390603
313, 394357, 81784, 82019, 59731, 59693, 55565, 55565, 4049078400
315, 392217, 81546, 82885, 60408, 59486, 53946, 53946, 4294429746
316, 394542, 82086, 81378, 59508, 60092, 55739, 55739, 1006933291
318, 392560, 81951, 82171, 59683, 59657, 54549, 54549, 2988014416
317, 393391, 81897, 80943, 58862, 60019, 55835, 55835, 4182108917
319, 395744, 81882, 82544, 60405, 59539, 55687, 55687, 2360770684
320, 395693, 81115, 82443, 60748, 59219, 56084, 56084, 965537085
321, 393441, 83159, 81449, 59192, 60813, 54414, 54414, 41226427
323, 394967, 80497, 83816, 61342, 58904, 55204, 55204, 477595846
322, 393360, 81455, 82237, 59975, 59395, 55149, 55149, 3525918930
324, 394044, 80536, 83456, 60940, 58810, 55151, 55151, 352910974
325, 394113, 81179, 81102, 59116, 59282, 56717, 56717, 4032540393
326, 395666, 83616, 80234, 58382, 61284, 56075, 56075, 981467304
327, 394251, 81678, 82563, 60458, 59458, 55047, 55047, 1993326524
328, 391072, 81706, 81537, 59347, 59334, 54574, 54574, 1303761639
330, 392818, 79972, 84002, 61789, 57947, 54554, 54554, 356279997
329, 393691, 82959, 82513, 60186, 60851, 53591, 53591, 4052508699
331, 393052, 83187, 80221, 58381, 61047, 55108, 55108, 2071746907
332, 394114, 82518, 81144, 59089, 60145, 55609, 55609, 3374500611
333, 392993, 82168, 81761, 59565, 59799, 54850, 54850, 2962939032
334, 391765, 82642, 80306, 58323, 60088, 55203, 55203, 3189071694
335, 396824, 83330, 81093, 59086, 61275, 56020, 56020, 777364789
336, 391675, 82521, 81035, 58784, 60217, 54559, 54559, 753031599
337, 390784, 82116, 81207, 58821, 59862, 54389, 54389, 3360881069
338, 393074, 80515, 83371, 60961, 58573, 54827, 54827, 4021367302
340, 397467, 82510, 81084, 59043, 60818, 57006, 57006, 284927048
339, 396512, 81799, 83813, 61585, 59897, 54709, 54709, 4072234453
341, 393792, 82637, 81058, 59232, 60351, 55257, 55257, 2220210068
342, 393736, 81619, 82079, 60128, 59566, 55172, 55172, 791877693
343, 392228, 82060, 81362, 59190, 59970, 54823, 54823, 1922411360
344, 393842, 82010, 82066, 59857, 59947, 54981, 54981, 3333802083
345, 394384, 82501, 80484, 58496, 60571, 56166, 56166, 1183006326
347, 393344, 81089, 80856, 58889, 59002, 56754, 56754, 191049867
346, 392732, 82334, 80751, 58655, 60140, 55426, 55426, 2491470191
348, 392179, 81385, 82171, 59973, 59132, 54759, 54759, 1703536599
349, 393753, 82560, 81132, 59115, 60186, 55380, 55380, 24309163
350, 392039, 81490, 82308, 60056, 59247, 54469, 54469, 2361311339
352, 394166, 81559, 82883, 60727, 59053, 54972, 54972, 1005679267
351, 394648, 82338, 81500, 59352, 60436, 55511, 55511, 1896103002
354, 392599, 81117, 82016, 59915, 59111, 55220, 55220, 2635286620
353, 395410, 83035, 82672, 60739, 61064, 53950, 53950, 3117756789
355, 394359, 83361, 81027, 59245, 61026, 54850, 54850, 3797825612
356, 394717, 82285, 80825, 58963, 60242, 56201, 56201, 3441649149
357, 396087, 80519, 84427, 62267, 58532, 55171, 55171, 4164037862
359, 392844, 81489, 81763, 59815, 59509, 55134, 55134, 3536356703
358, 395940, 81115, 82186, 60275, 59374, 56495, 56495, 390828643
360, 393032, 82623, 81564, 59226, 60351, 54634, 54634, 3780460132
361, 395809, 82946, 81132, 59073, 60788, 55935, 55935, 1338186821
363, 393918, 80627, 83167, 61048, 58534, 55271, 55271, 656070946
364, 395604, 81727, 83202, 61096, 59565, 55007, 55007, 1043722620
362, 395173, 82414, 81304, 59408, 60467, 55790, 55790, 3845346927
365, 395314, 82387, 81354, 59382, 60375, 55908, 55908, 1548950794
366, 393029, 80869, 82903, 60649, 58880, 54864, 54864, 2397824378
367, 392893, 82337, 80761, 58831, 60034, 55465, 55465, 1404422477
368, 392027, 81699, 82279, 60081, 59532, 54218, 54218, 949409353
371, 393129, 82583, 79517, 57655, 60460, 56457, 56457, 2121862186
370, 396179, 82351, 81938, 60015, 60111, 55882, 55882, 1127050347
372, 393957, 81973, 81489, 59303, 59744, 55724, 55724, 1435347897
369, 393651, 82783, 80562, 58682, 60414, 55605, 55605, 2372320010
373, 395211, 81479, 81985, 60426, 59349, 55986, 55986, 3583138309
374, 393756, 83414, 79873, 57896, 61253, 55660, 55660, 3976293637
376, 393935, 82568, 82608, 60548, 60119, 54046, 54046, 3026143970
375, 394077, 82961, 80480, 58450, 60766, 55710, 55710, 2557533489
377, 393293, 83127, 80880, 58996, 61018, 54636, 54636, 627284241
378, 395036, 81561, 82797, 60964, 59570, 55072, 55072, 1274500546
379, 393169, 81964, 81710, 59505, 59910, 55040, 55040, 3389871477
380, 394249, 80026, 83682, 61298, 58207, 55518, 55518, 3994658462
383, 393374, 81811, 81911, 59849, 59861, 54971, 54971, 2445583530
384, 394878, 80979, 81944, 59986, 59185, 56392, 56392, 3880039774
382, 393482, 81073, 83624, 61054, 58929, 54401, 54401, 2400001162
381, 395177, 81216, 82892, 60706, 59563, 55400, 55400, 2891816927
387, 393870, 80494, 83861, 61354, 58701, 54730, 54730, 4183742095
385, 394118, 80628, 82603, 60270, 58797, 55910, 55910, 930234616
386, 394900, 83037, 81883, 59871, 60665, 54722, 54722, 3069899425
388, 394224, 81901, 82731, 60427, 60023, 54571, 54571, 3975156561
389, 394705, 82141, 81360, 59492, 60182, 55765, 55765, 4293086355
390, 393693, 82591, 82306, 60175, 60609, 54006, 54006, 668175376
391, 393560, 80326, 82544, 60536, 58222, 55966, 55966, 2782669651
392, 391911, 82320, 80005, 58250, 60026, 55655, 55655, 3423396632
393, 393968, 82725, 81177, 59232, 60706, 55064, 55064, 3116979164
395, 393288, 81726, 81297, 59429, 59258, 55789, 55789, 2823787145
394, 394034, 82065, 81744, 59735, 60172, 55159, 55159, 189541095
396, 393507, 83231, 81170, 59002, 60998, 54553, 54553, 2117956365
399, 395666, 83368, 82189, 60133, 61220, 54378, 54378, 683689065
397, 394665, 81662, 81334, 59119, 59754, 56398, 56398, 1452382747
398, 393329, 81708, 83603, 61202, 59494, 53661, 53661, 3629653159
400, 392165, 80651, 82965, 60602, 58609, 54669, 54669, 730834178
401, 395661, 81737, 83730, 61641, 59795, 54379, 54379, 3713859869
402, 394591, 81990, 82193, 60131, 59649, 55314, 55314, 3885263640
403, 393580, 82859, 80939, 58943, 60731, 55054, 55054, 3076683925
404, 394019, 81848, 82153, 60086, 59534, 55199, 55199, 2744343600
405, 393375, 82320, 81556, 59564, 60039, 54948, 54948, 2636947063
407, 394192, 82464, 81661, 59577, 60518, 54986, 54986, 779952652
406, 393661, 82600, 82197, 60102, 60298, 54232, 54232, 2232161038
408, 393151, 82607, 81354, 59401, 60347, 54721, 54721, 750369082
409, 393502, 81494, 81684, 59841, 59633, 55425, 55425, 4052069183
410, 391259, 80946, 82668, 60293, 58904, 54224, 54224, 4218126896
412, 392124, 83003, 80505, 58675, 60765, 54588, 54588, 1192712374
411, 392923, 81334, 82864, 60357, 59126, 54621, 54621, 3425812691
413, 393071, 80998, 82458, 60256, 58933, 55213, 55213, 3448148522
414, 395284, 80970, 81496, 59659, 59143, 57008, 57008, 3229596179
415, 392896, 82302, 81725, 59722, 59895, 54626, 54626, 2483409099
416, 394244, 81730, 81994, 60009, 59475, 55518, 55518, 985192366
417, 394104, 83252, 80972, 58981, 61021, 54939, 54939, 1910727085
419, 395131, 81202, 84103, 61717, 59461, 54324, 54324, 34188486
418, 395150, 83794, 82133, 60142, 61625, 53728, 53728, 1942006137
420, 393474, 80596, 82404, 60276, 58704, 55747, 55747, 1855340332
421, 392770, 82557, 81280, 59167, 60212, 54777, 54777, 4283683389
423, 391765, 83533, 79198, 57356, 61116, 55281, 55281, 813624737
422, 393452, 82268, 82168, 59933, 60241, 54421, 54421, 3985389531
425, 391603, 83534, 79879, 57746, 61068, 54688, 54688, 508432450
424, 391783, 80576, 82025, 59752, 58474, 55478, 55478, 648328283
426, 393120, 80115, 82123, 60056, 58220, 56303, 56303, 1542078644
427, 392056, 79958, 83322, 61056, 57934, 54893, 54893, 1185027359
428, 393947, 82294, 81148, 59158, 60117, 55615, 55615, 794319271
429, 392767, 82382, 81988, 59741, 60214, 54221, 54221, 3664290456
430, 394090, 80952, 83800, 61471, 58829, 54519, 54519, 1527112439
431, 394272, 81342, 82881, 60679, 59400, 54985, 54985, 212327962
432, 394640, 81899, 82296, 60378, 59723, 55172, 55172, 2243020547
433, 394351, 82797, 82266, 60228, 60718, 54171, 54171, 4276084095
434, 394123, 81803, 82234, 60089, 59871, 55063, 55063, 3645048586
435, 392319, 81176, 82399, 59971, 59003, 54885, 54885, 1964050563
437, 393046, 81501, 82197, 60047, 59023, 55139, 55139, 1182431147
438, 394130, 81084, 81836, 59932, 59220, 56029, 56029, 1715416119
436, 393649, 81742, 81789, 59618, 59832, 55334, 55334, 4165091179
439, 393747, 80279, 82541, 60310, 58347, 56135, 56135, 141315270
440, 395663, 82230, 83626, 61359, 60138, 54155, 54155, 780734896
442, 394589, 81537, 81868, 59957, 59323, 55952, 55952, 1372165842
441, 394352, 80935, 83362, 61102, 58977, 54988, 54988, 2383794704
443, 392395, 80293, 83354, 61035, 58215, 54749, 54749, 4205360920
446, 392382, 80238, 83160, 60497, 58511, 54988, 54988, 1764895687
445, 394631, 82634, 80716, 58944, 60517, 55910, 55910, 2479517062
444, 393844, 81808, 81889, 60077, 59790, 55140, 55140, 3564881594
447, 393848, 82355, 81620, 59534, 60467, 54936, 54936, 1033935370
448, 391380, 83274, 80808, 58951, 60887, 53730, 53730, 1869705885
449, 394160, 82769, 80950, 59026, 60511, 55452, 55452, 3408278686
450, 395745, 82809, 81154, 58976, 60788, 56009, 56009, 839999502
451, 396585, 82332, 80618, 58863, 60498, 57137, 57137, 1741010675
452, 391909, 82857, 81321, 59004, 60553, 54087, 54087, 3516667174
453, 394841, 81636, 83259, 61049, 59727, 54585, 54585, 1658110759
454, 391577, 82984, 80681, 58840, 60446, 54313, 54313, 2573114645
455, 391301, 82035, 82168, 59616, 59712, 53885, 53885, 119001535
457, 393754, 82616, 81960, 59826, 60436, 54458, 54458, 344028632
456, 393680, 81160, 82191, 60033, 58948, 55674, 55674, 1393753683
459, 393374, 82491, 81511, 59315, 60441, 54808, 54808, 1818899252
458, 395246, 82416, 82163, 60573, 60348, 54873, 54873, 4242214847
461, 392156, 80563, 81509, 59264, 58330, 56245, 56245, 3514768616
460, 395125, 81297, 82090, 60017, 59507, 56107, 56107, 4174576849
462, 395442, 80889, 82262, 60102, 58941, 56624, 56624, 761829164
463, 393950, 82328, 81605, 59432, 60291, 55147, 55147, 2849522375
464, 394352, 83851, 81359, 59312, 61354, 54238, 54238, 4125068377
465, 397372, 84490, 81457, 59890, 62215, 54660, 54660, 1634953530
466, 392790, 82150, 80881, 58904, 60199, 55328, 55328, 1888270678
467, 391625, 81051, 82618, 60352, 58846, 54379, 54379, 2518723250
469, 395343, 81558, 83276, 61056, 59635, 54909, 54909, 138032077
468, 394672, 82305, 81904, 59966, 60273, 55112, 55112, 573524777
470, 393679, 81334, 83680, 61445, 59566, 53827, 53827, 3182953139
472, 392723, 82068, 82077, 59971, 59569, 54519, 54519, 1461636306
473, 393892, 84045, 79726, 57664, 61521, 55468, 55468, 3840603006
471, 394564, 82297, 82284, 60471, 59958, 54777, 54777, 1374404588
476, 393272, 82416, 81349, 59315, 60346, 54923, 54923, 1018467469
474, 392058, 81515, 81716, 59534, 58975, 55159, 55159, 2911829872
475, 395334, 83095, 80863, 59042, 60976, 55679, 55679, 2956117535
477, 394105, 81205, 81422, 59691, 59263, 56262, 56262, 1841493139
478, 393044, 81621, 82013, 59944, 59736, 54865, 54865, 602191157
479, 394959, 81647, 83081, 61034, 59357, 54920, 54920, 1704736030
480, 392133, 80718, 82727, 60464, 58968, 54628, 54628, 3407230431
481, 394081, 82498, 81021, 58955, 60403, 55602, 55602, 3519130856
482, 396132, 81670, 82938, 60720, 59720, 55542, 55542, 2401860931
483, 394143, 82153, 81941, 60040, 59989, 55010, 55010, 3751730431
484, 394499, 81485, 81475, 59563, 59384, 56296, 56296, 355812806
485, 394016, 82814, 80393, 58425, 60794, 55795, 55795, 1989058462
486, 394364, 81631, 80714, 58849, 59498, 56836, 56836, 685486288
488, 394808, 81414, 82591, 60371, 59386, 55523, 55523, 433374038
487, 393431, 83305, 80531, 58574, 61021, 55000, 55000, 535312985
489, 394010, 82555, 80747, 59150, 60390, 55584, 55584, 46588000
490, 395906, 80523, 83700, 61362, 58661, 55830, 55830, 1608994591
491, 393929, 83041, 80806, 59118, 60714, 55125, 55125, 2961944252
492, 393515, 81712, 80124, 58209, 59666, 56902, 56902, 3822444455
493, 393824, 80527, 84200, 61943, 58674, 54240, 54240, 1497497822
494, 393612, 82737, 81821, 59545, 60559, 54475, 54475, 222972662
495, 391811, 82755, 80868, 58780, 60194, 54607, 54607, 1464334774
496, 394410, 80679, 83229, 60935, 58971, 55298, 55298, 1421184057
498, 394603, 82736, 82692, 60415, 60708, 54026, 54026, 2188488335
497, 393221, 82253, 81918, 59788, 59842, 54710, 54710, 3162608884
499, 394598, 82891, 81798, 59501, 60606, 54901, 54901, 3547506531
500, 394817, 81598, 82363, 60249, 59567, 55520, 55520, 1739809567
502, 393263, 80445, 82984, 60893, 58629, 55156, 55156, 2600290251
501, 394597, 83735, 80123, 58242, 61559, 55469, 55469, 4045218463
503, 394034, 82086, 80939, 58952, 60171, 55943, 55943, 3958824472
504, 392949, 80546, 82138, 59843, 58588, 55917, 55917, 1121061164
505, 394413, 83092, 80071, 58272, 61020, 55979, 55979, 4079301095
506, 393576, 83258, 81360, 59527, 60903, 54264, 54264, 2441558985
509, 393885, 82197, 80990, 59296, 60020, 55691, 55691, 49631188
507, 394528, 83600, 80406, 58538, 61388, 55298, 55298, 2008776912
508, 395410, 82652, 82099, 59783, 60596, 55140, 55140, 1139502884
510, 393393, 80601, 82550, 60302, 58746, 55597, 55597, 427182831
511, 393553, 81613, 81049, 58826, 59675, 56195, 56195, 3009373243
512, 391552, 80561, 82442, 59862, 58247, 55220, 55220, 4180972413
513, 393646, 80777, 82121, 59749, 58703, 56148, 56148, 1857119317
514, 392468, 81478, 81910, 59934, 59306, 54920, 54920, 2193302520
515, 394543, 81170, 82964, 60686, 59187, 55268, 55268, 2912892345
516, 392251, 79009, 84978, 62330, 57234, 54350, 54350, 362981974
517, 393986, 83315, 80985, 59047, 61039, 54800, 54800, 3815052005
518, 393960, 82142, 81519, 59467, 59990, 55421, 55421, 2617969918
520, 394998, 82785, 82638, 60382, 60793, 54200, 54200, 3729708202
521, 392671, 82066, 81630, 59814, 59727, 54717, 54717, 511890962
519, 392888, 81504, 81346, 59125, 59265, 55824, 55824, 1696253209
522, 393677, 82340, 81326, 59268, 60165, 55289, 55289, 3910177188
524, 392570, 82440, 81842, 59776, 59964, 54274, 54274, 2319815555
523, 392109, 81314, 82601, 60234, 59192, 54384, 54384, 3562096345
525, 393588, 82733, 81799, 59753, 60693, 54305, 54305, 2794504885
526, 389862, 80346, 81056, 58948, 58296, 55608, 55608, 1986119204
527, 394824, 82164, 81419, 59508, 60221, 55756, 55756, 3206616559
528, 394391, 81167, 82704, 60447, 59555, 55259, 55259, 4106764750
529, 393063, 81724, 81651, 59716, 59812, 55080, 55080, 999644324
530, 393761, 81315, 82116, 60162, 59272, 55448, 55448, 1200319647
531, 393199, 82634, 81570, 59309, 60406, 54640, 54640, 642524936
532, 394358, 81493, 82349, 60200, 59596, 55360, 55360, 3507365425
533, 394133, 80852, 83069, 61078, 59024, 55055, 55055, 1106719571
534, 393840, 83263, 80736, 58650, 61131, 55030, 55030, 2632547788
536, 393699, 82287, 82079, 59844, 60025, 54732, 54732, 2782751656
537, 395288, 81472, 83409, 61577, 59356, 54737, 54737, 3189821603
535, 393351, 83538, 80914, 59005, 61014, 54440, 54440, 4114099481
538, 394724, 83387, 80849, 58838, 60868, 55391, 55391, 3045616300
539, 395347, 82233, 81779, 59681, 60072, 55791, 55791, 1448123005
540, 392505, 80914, 82079, 59796, 59080, 55318, 55318, 1999550320
541, 394047, 81219, 83410, 61223, 59141, 54527, 54527, 4291458730
542, 394630, 81349, 83488, 61116, 59309, 54684, 54684, 4116104441
543, 391264, 80009, 82352, 60040, 57925, 55469, 55469, 3966961602
544, 395681, 81210, 83734, 61503, 59198, 55018, 55018, 683284630
545, 394481, 81367, 83335, 60974, 59147, 54829, 54829, 1850852997
546, 392638, 80260, 83075, 60656, 58355, 55146, 55146, 1219389163
548, 393884, 81907, 81956, 59760, 59847, 55207, 55207, 2265929279
547, 394868, 82960, 81403, 59428, 60717, 55180, 55180, 277062193
549, 393006, 81155, 82334, 60365, 59076, 55038, 55038, 1872859675
550, 394266, 81223, 81894, 59781, 59456, 55956, 55956, 757142634
551, 391617, 82047, 81611, 59756, 59555, 54324, 54324, 3896255967
552, 391425, 81989, 81030, 58994, 59694, 54859, 54859, 1800321949
553, 391862, 81092, 81844, 59617, 58807, 55251, 55251, 2382078180
555, 391588, 80376, 81647, 59541, 58424, 55800, 55800, 1456065595
554, 394056, 83120, 81385, 59638, 60723, 54595, 54595, 3719765929
556, 393440, 82455, 80682, 58373, 60452, 55739, 55739, 3615040021
557, 391821, 80986, 81927, 59660, 59020, 55114, 55114, 3897920695
559, 393953, 81311, 82063, 60040, 59275, 55632, 55632, 3515340176
558, 395713, 81857, 82956, 60894, 59952, 55027, 55027, 2492450993
560, 394320, 81331, 82130, 60264, 59355, 55620, 55620, 2038321917
561, 395025, 81890, 82229, 60133, 59787, 55493, 55493, 3931001090
562, 393207, 78972, 84359, 61914, 57098, 55432, 55432, 1910367207
563, 392292, 81874, 82418, 60159, 59889, 53976, 53976, 3229126130
564, 393253, 80566, 83328, 60843, 58528, 54994, 54994, 3956427251
565, 396843, 82209, 82868, 61017, 60319, 55215, 55215, 1641723202
566, 393940, 82533, 81089, 59077, 60449, 55396, 55396, 4087649393
567, 392502, 81367, 81869, 59833, 59199, 55117, 55117, 1820111173
568, 394154, 81304, 83845, 61134, 59405, 54233, 54233, 1989591173
569, 393178, 83357, 80447, 58465, 60807, 55051, 55051, 3778352857
570, 393432, 82129, 82121, 59956, 59892, 54667, 54667, 1629712906
571, 395014, 82346, 82372, 60396, 60460, 54720, 54720, 362365928
572, 395766, 84262, 81344, 59350, 61898, 54456, 54456, 3493761010
573, 393583, 82337, 81233, 59340, 60107, 55283, 55283, 2937708321
574, 392950, 81732, 81624, 59631, 59469, 55247, 55247, 2407287694
575, 392273, 80585, 83478, 61146, 58708, 54178, 54178, 948429279
576, 392701, 83722, 80391, 58593, 61339, 54328, 54328, 819859658
577, 395267, 81495, 83369, 61411, 59658, 54667, 54667, 2414850416
578, 395851, 82750, 82384, 60643, 60532, 54771, 54771, 2559952652
579, 394500, 82602, 81907, 60012, 60349, 54815, 54815, 2400941752
580, 391836, 82641, 81326, 58979, 60254, 54318, 54318, 1230107661
581, 393293, 82550, 81197, 59068, 60480, 54999, 54999, 1816388729
582, 390709, 82537, 81224, 59007, 60365, 53788, 53788, 1696893869
585, 393541, 81703, 82054, 59884, 59442, 55229, 55229, 2977503461
584, 393140, 80987, 82519, 60072, 58852, 55355, 55355, 1264723913
583, 394022, 82251, 81301, 59066, 60116, 55644, 55644, 2590590611
586, 392802, 82527, 80431, 58521, 60239, 55542, 55542, 242902869
587, 393955, 83096, 80643, 58578, 60898, 55370, 55370, 3454116081
588, 393431, 80842, 82545, 60245, 58875, 55462, 55462, 1996007893
589, 394052, 80304, 83794, 61359, 58625, 54985, 54985, 2124898710
590, 390753, 80373, 82458, 60050, 58308, 54782, 54782, 2260711635
591, 396317, 81249, 83566, 61620, 59230, 55326, 55326, 3710783235
592, 394583, 82522, 82466, 60442, 60397, 54378, 54378, 3357797251
593, 393854, 82264, 82680, 60499, 60099, 54156, 54156, 1203531539
595, 392229, 81437, 81990, 59725, 59295, 54891, 54891, 339638479
594, 393070, 83340, 81502, 59319, 60831, 54039, 54039, 1755189351
596, 394421, 82838, 80232, 58313, 60750, 56144, 56144, 189271540
597, 393091, 83369, 80120, 58144, 60948, 55255, 55255, 966299624
598, 393505, 82489, 83425, 60984, 60395, 53106, 53106, 4161029214
599, 393677, 82571, 80883, 59152, 60141, 55465, 55465, 162373594
600, 393260, 81252, 81965, 59950, 59117, 55488, 55488, 801571289
601, 393059, 82600, 82527, 60296, 59938, 53849, 53849, 1470221897
603, 393006, 79830, 82423, 60147, 57802, 56402, 56402, 678134693
602, 395147, 82867, 82220, 59880, 60750, 54715, 54715, 2978357866
604, 395281, 82714, 81547, 59438, 60808, 55387, 55387, 4109273002
607, 394166, 81481, 82084, 59789, 59494, 55659, 55659, 4070400922
605, 394993, 82667, 82299, 60379, 60704, 54472, 54472, 623804758
608, 394718, 80147, 84000, 61454, 58143, 55487, 55487, 80871819
606, 393046, 83039, 80246, 58108, 60709, 55472, 55472, 837575166
609, 392994, 81949, 82798, 60455, 59750, 54021, 54021, 3707419615
610, 395368, 81623, 82126, 59880, 59813, 55963, 55963, 3125576998
612, 394538, 81529, 81940, 59929, 59568, 55786, 55786, 3353372681
611, 395214, 80850, 83243, 61042, 59023, 55528, 55528, 2424691227
613, 393371, 81393, 81854, 59448, 59538, 55569, 55569, 800256455
614, 393934, 82343, 81824, 59883, 60132, 54876, 54876, 582545404
615, 393244, 81468, 82407, 60244, 59315, 54905, 54905, 1098824973
616, 394145, 80697, 82567, 60635, 58598, 55824, 55824, 2129251581
617, 395098, 80523, 83122, 61129, 58550, 55887, 55887, 758929729
618, 392272, 82918, 81195, 59073, 60722, 54182, 54182, 1566592506
619, 394103, 81668, 82106, 59906, 59501, 55461, 55461, 3075947874
621, 391853, 82113, 80531, 58441, 59960, 55404, 55404, 4231273266
620, 391766, 81100, 82615, 60185, 59034, 54416, 54416, 2104240408
623, 392782, 80734, 82296, 60181, 58771, 55400, 55400, 2018982143
622, 394779, 82229, 80974, 59105, 60121, 56175, 56175, 1601658577
624, 393222, 82426, 82567, 60163, 60158, 53954, 53954, 2725331762
625, 392028, 80398, 81879, 59685, 58140, 55963, 55963, 3299031039
626, 390390, 79919, 81774, 59483, 57778, 55718, 55718, 3669006811
627, 392277, 82737, 81487, 59332, 60589, 54066, 54066, 2373344939
628, 394825, 81300, 81863, 59477, 59507, 56339, 56339, 667207393
629, 395082, 81319, 82917, 60526, 59250, 55535, 55535, 79841756
630, 395096, 83178, 80790, 58802, 61070, 55628, 55628, 967977594
633, 391825, 81325, 81265, 59059, 59374, 55401, 55401, 3916012416
632, 393892, 83330, 80248, 58441, 60895, 55489, 55489, 286977003
631, 393056, 83210, 80964, 59138, 60698, 54523, 54523, 2498412992
634, 394464, 83181, 81082, 58987, 60964, 55125, 55125, 2117064938
635, 391098, 81954, 81131, 59122, 59891, 54500, 54500, 2041576404
636, 394545, 83928, 81346, 59310, 61607, 54177, 54177, 1441994959
637, 391723, 79928, 83140, 60992, 58007, 54828, 54828, 2132975859
638, 393498, 80984, 84440, 61797, 58981, 53648, 53648, 2690061044
639, 394037, 81513, 80543, 58593, 59566, 56911, 56911, 1819023230
640, 393709, 82487, 82392, 60083, 60501, 54123, 54123, 3214810985
642, 394086, 82699, 81576, 59165, 60390, 55128, 55128, 256289619
643, 394368, 81790, 81959, 60008, 59739, 55436, 55436, 3260293531
645, 393801, 81678, 81291, 59266, 59812, 55877, 55877, 616067116
644, 395675, 84081, 81887, 60178, 61969, 53780, 53780, 607547901
641, 393503, 80597, 83208, 60981, 58543, 55087, 55087, 1664653407
646, 395164, 82404, 82913, 60676, 60275, 54448, 54448, 2415433587
647, 392082, 82176, 82141, 59958, 59917, 53945, 53945, 3665320066
648, 392846, 81481, 81994, 59871, 59576, 54962, 54962, 60261605
649, 395724, 82267, 82127, 60251, 60215, 55432, 55432, 3431235889
650, 392577, 83585, 79908, 58106, 61292, 54843, 54843, 67620529
652, 393553, 81984, 82340, 60284, 59887, 54529, 54529, 705888403
651, 393963, 79806, 82414, 60051, 58090, 56801, 56801, 2845212981
653, 394071, 81837, 83815, 61551, 59530, 53669, 53669, 229206534
654, 393079, 80833, 82584, 60360, 58892, 55205, 55205, 855901933
656, 394164, 82797, 82144, 59818, 60813, 54296, 54296, 3076731427
657, 393456, 83085, 81453, 59634, 60906, 54189, 54189, 2037525943
655, 395682, 82226, 82033, 60056, 60279, 55544, 55544, 3798547932
658, 395103, 82516, 81684, 59571, 60246, 55543, 55543, 275014358
659, 392820, 83350, 80860, 58804, 60950, 54428, 54428, 2367141101
660, 394631, 82911, 80314, 58563, 60755, 56044, 56044, 2857259843
662, 391445, 82395, 79996, 58082, 59972, 55500, 55500, 2774732464
661, 392450, 82416, 81498, 59370, 60112, 54527, 54527, 3179354069
663, 393681, 80899, 81488, 59374, 58786, 56567, 56567, 2735217677
664, 393106, 82364, 81632, 59678, 60058, 54687, 54687, 3992625280
666, 392726, 82093, 81949, 59794, 59890, 54500, 54500, 2437749451
665, 397310, 82621, 82896, 60741, 60534, 55259, 55259, 1279658821
667, 394672, 82049, 82556, 60411, 59994, 54831, 54831, 4086081381
668, 393745, 81547, 81914, 59664, 59684, 55468, 55468, 2051491630
669, 393386, 80195, 82420, 60374, 58221, 56088, 56088, 2298468705
671, 393974, 80680, 83172, 60823, 58577, 55361, 55361, 1229055322
670, 393253, 82462, 81065, 58891, 60231, 55302, 55302, 929127945
672, 392583, 82709, 80122, 58312, 60674, 55383, 55383, 2265788072
673, 394640, 82199, 81796, 59743, 60220, 55341, 55341, 814880279
674, 392433, 83269, 80099, 57792, 61059, 55107, 55107, 4140170529
676, 392615, 81102, 81417, 59309, 59001, 55893, 55893, 2435639684
675, 394687, 82237, 82809, 60633, 59980, 54514, 54514, 473465811
677, 394976, 83190, 82239, 59970, 61263, 54157, 54157, 364841583
678, 394960, 82367, 82667, 60518, 60450, 54479, 54479, 545970398
679, 392532, 81721, 80352, 58633, 59362, 56232, 56232, 3767341727
681, 395782, 81900, 83267, 61292, 59907, 54708, 54708, 1315605294
680, 392067, 81176, 82381, 59890, 59084, 54768, 54768, 3190743938
682, 393901, 83875, 79763, 58328, 61093, 55421, 55421, 775438334
683, 393224, 82447, 81620, 59252, 60201, 54852, 54852, 1335475520
684, 393418, 81556, 80871, 58626, 59485, 56440, 56440, 4186121587
685, 393719, 82854, 80282, 58404, 60767, 55706, 55706, 1172764459
686, 391869, 81378, 82380, 59958, 59371, 54391, 54391, 499534443
687, 393062, 84054, 79757, 57860, 61623, 54884, 54884, 3339668761
688, 394449, 81536, 82945, 60762, 59636, 54785, 54785, 1517252140
689, 393111, 82241, 81589, 59528, 59983, 54885, 54885, 2130165793
690, 393287, 82917, 82194, 59863, 60501, 53906, 53906, 157569803
691, 395342, 81904, 82171, 60096, 59903, 55634, 55634, 487990861
693, 392218, 79209, 84302, 61677, 57576, 54727, 54727, 4002112545
692, 396787, 81959, 83096, 60959, 60101, 55336, 55336, 4294270243
694, 394193, 81574, 81563, 59443, 59561, 56026, 56026, 2319419885
695, 390899, 82071, 81597, 59372, 59665, 54097, 54097, 850469505
696, 393194, 80278, 82226, 60094, 58390, 56103, 56103, 99826487
698, 395356, 84138, 81091, 59308, 61973, 54423, 54423, 3986374117
697, 394290, 82972, 81278, 59239, 60793, 55004, 55004, 673317997
699, 392081, 82937, 79664, 57926, 60544, 55505, 55505, 1950815146
700, 393557, 83440, 80956, 58944, 61195, 54511, 54511, 3895973759
701, 392685, 82363, 81859, 59566, 60247, 54325, 54325, 1161601730
702, 392739, 79918, 82944, 60718, 58049, 55555, 55555, 1590759775
703, 394447, 79682, 84570, 61967, 58134, 55047, 55047, 1129825814
704, 394652, 81626, 80824, 58761, 59459, 56991, 56991, 1419878492
705, 392907, 82690, 80536, 58720, 60367, 55297, 55297, 2199084725
706, 394869, 80824, 82532, 60547, 58990, 55988, 55988, 154590225
708, 390851, 80514, 82834, 60524, 58611, 54184, 54184, 2565709031
707, 394711, 80583, 82408, 60232, 58518, 56485, 56485, 987649160
709, 395138, 82739, 81354, 59324, 60655, 55533, 55533, 4072723505
710, 393336, 82428, 81171, 59204, 60345, 55094, 55094, 3060223452
711, 391924, 81722, 82284, 60048, 59418, 54226, 54226, 612401811
713, 393443, 82966, 81131, 58961, 60851, 54767, 54767, 891062607
712, 393343, 83620, 80219, 58014, 61112, 55189, 55189, 3978471285
714, 393844, 80080, 83056, 60853, 57903, 55976, 55976, 2141394704
716, 395340, 80931, 83357, 61292, 58906, 55427, 55427, 1663778679
715, 395457, 81902, 81835, 59872, 59932, 55958, 55958, 3525532913
717, 394326, 82027, 81939, 59608, 59982, 55385, 55385, 1050482593
718, 392933, 81555, 80574, 58301, 59645, 56429, 56429, 3343066476
719, 394545, 80851, 82305, 60071, 58896, 56211, 56211, 518152960
720, 395184, 80058, 82595, 60414, 58433, 56842, 56842, 1967731822
721, 392849, 82237, 81414, 59548, 60022, 54814, 54814, 2019478858
722, 392404, 81532, 82039, 59882, 59511, 54720, 54720, 1415083257
723, 393835, 82277, 81165, 59252, 60041, 55550, 55550, 306488280
724, 392776, 80131, 83178, 60796, 58077, 55297, 55297, 1301550335
725, 394823, 82854, 81855, 59913, 60619, 54791, 54791, 212464218
726, 392138, 81577, 81945, 59905, 58997, 54857, 54857, 3825262324
728, 392332, 83219, 79129, 57291, 60987, 55853, 55853, 3046970808
727, 393637, 81867, 82163, 59959, 59714, 54967, 54967, 3703603541
729, 392473, 80270, 83221, 60969, 58295, 54859, 54859, 2541167170
732, 393337, 82326, 81479, 59246, 60086, 55100, 55100, 123146140
730, 393124, 81660, 81345, 59339, 59912, 55434, 55434, 2276041162
731, 393765, 82342, 80567, 58702, 60262, 55946, 55946, 2704857574
733, 392566, 81294, 82553, 60190, 59021, 54754, 54754, 1670282118
734, 394955, 81301, 82157, 60189, 59290, 56009, 56009, 1836643115
735, 395291, 82644, 82168, 60151, 60340, 54994, 54994, 3789344385
736, 393649, 80822, 82319, 60224, 58722, 55781, 55781, 3166222588
737, 394086, 83760, 79870, 58144, 61428, 55442, 55442, 1214468304
738, 392530, 82022, 81039, 59034, 59751, 55342, 55342, 811954466
739, 394465, 83495, 80635, 58700, 61129, 55253, 55253, 1900455455
740, 393535, 80763, 82865, 60858, 58885, 55082, 55082, 4217102981
741, 393044, 81593, 83345, 60824, 59452, 53915, 53915, 3452559611
742, 394550, 81290, 82648, 60430, 59258, 55462, 55462, 4127310312
744, 393371, 81297, 82323, 60228, 58999, 55262, 55262, 245895785
743, 393699, 82345, 80238, 58234, 60092, 56395, 56395, 2983910004
745, 391775, 82521, 79750, 57807, 60277, 55710, 55710, 3286212231
746, 394225, 83084, 82231, 60079, 60851, 53990, 53990, 1228260561
747, 395896, 82120, 84366, 62165, 60195, 53525, 53525, 3856719629
748, 394408, 81671, 82446, 60232, 59625, 55217, 55217, 2961605916
749, 395779, 84057, 80050, 58405, 61727, 55770, 55770, 1914224035
750, 394213, 82217, 81706, 59836, 60106, 55174, 55174, 3573893799
751, 395400, 81340, 83916, 61639, 59465, 54520, 54520, 3656845912
752, 393848, 82908, 80748, 58705, 60905, 55291, 55291, 389971660
753, 393762, 81908, 83274, 60933, 59751, 53948, 53948, 1029927561
756, 391748, 82259, 81763, 59285, 59987, 54227, 54227, 2293108694
754, 393439, 82821, 81450, 59199, 60617, 54676, 54676, 121006114
755, 394107, 83659, 80761, 58830, 61371, 54743, 54743, 511201212
757, 397823, 83716, 81848, 59935, 61620, 55352, 55352, 2800853946
758, 395512, 83014, 81567, 59477, 60800, 55327, 55327, 1376706378
759, 394159, 82723, 81827, 59661, 60652, 54648, 54648, 3849239580
760, 392983, 82085, 81943, 60023, 59922, 54505, 54505, 754309608
761, 391098, 83433, 80007, 58101, 60779, 54389, 54389, 3241860667
762, 391619, 82842, 81228, 58913, 60558, 54039, 54039, 547219465
764, 394049, 81091, 82493, 60310, 59027, 55564, 55564, 1381825152
763, 394306, 82010, 81494, 59423, 59871, 55754, 55754, 3812479934
765, 393485, 81806, 81733, 59899, 59523, 55262, 55262, 3052787542
766, 392112, 81696, 81159, 59107, 59342, 55404, 55404, 1414513754
767, 394597, 83356, 80721, 58841, 61183, 55248, 55248, 3598216389
768, 394018, 83157, 80859, 59058, 61008, 54968, 54968, 3516457922
769, 393460, 82598, 81804, 59600, 60672, 54393, 54393, 1537347865
770, 393209, 81845, 82095, 59816, 59897, 54778, 54778, 1173949945
771, 394729, 82465, 81709, 59779, 60456, 55160, 55160, 2983607079
774, 389835, 82195, 80342, 58224, 59678, 54698, 54698, 158403481
772, 393127, 81257, 82839, 60601, 59372, 54529, 54529, 3335498075
773, 395655, 81314, 83379, 61373, 59403, 55093, 55093, 3642075168
775, 392882, 81758, 81514, 59316, 59796, 55249, 55249, 3576932436
776, 394842, 81534, 82649, 60484, 59559, 55308, 55308, 3162110402
777, 394504, 81024, 82512, 60470, 59208, 55645, 55645, 2790614754
778, 392742, 81078, 82154, 59899, 58761, 55425, 55425, 2894231962
779, 394102, 83012, 82021, 59913, 60646, 54255, 54255, 2390387695
781, 392570, 81800, 81821, 59880, 59503, 54783, 54783, 4250584436
780, 392831, 80723, 81964, 59779, 58575, 55895, 55895, 2921371636
782, 391148, 80964, 82252, 59701, 58911, 54660, 54660, 2677371707
783, 395008, 82028, 81735, 59492, 60101, 55826, 55826, 1800447648
784, 393908, 82824, 81102, 59179, 60567, 55118, 55118, 2737841232
785, 393223, 81040, 81984, 59895, 59082, 55611, 55611, 491290753
786, 393918, 83363, 81727, 59510, 60970, 54174, 54174, 1168817474
787, 395404, 83551, 82301, 60182, 61316, 54027, 54027, 1967378307
788, 394614, 81837, 83749, 61483, 59889, 53828, 53828, 1718406437
789, 393690, 81440, 83386, 61095, 59311, 54229, 54229, 3331183058
790, 391422, 82426, 79806, 57981, 60143, 55533, 55533, 4116437441
792, 395887, 83495, 81652, 59756, 61134, 54925, 54925, 3445567696
791, 393943, 82768, 81355, 59334, 60582, 54952, 54952, 1207044437
793, 397384, 82480, 81978, 60182, 60480, 56132, 56132, 1196747849
794, 395246, 81951, 83502, 61341, 59820, 54316, 54316, 301847058
795, 395289, 79715, 82714, 60662, 57926, 57136, 57136, 4220967116
798, 394311, 81570, 81365, 59255, 59439, 56341, 56341, 2590961463
796, 392737, 82877, 81117, 59262, 60487, 54497, 54497, 1464504738
797, 395648, 81236, 83020, 60854, 59364, 55587, 55587, 3741213902
801, 392694, 81595, 79968, 57913, 59524, 56847, 56847, 2867018152
800, 395129, 81137, 83025, 60677, 59832, 55229, 55229, 406437763
799, 392943, 82864, 80629, 58672, 60626, 55076, 55076, 2210327847
802, 394674, 83001, 80280, 58607, 60946, 55920, 55920, 3846645717
803, 393172, 83060, 80699, 58793, 60866, 54877, 54877, 472432609
804, 394092, 82123, 82424, 60302, 60343, 54450, 54450, 1289698669
805, 393028, 81449, 82806, 60612, 59439, 54361, 54361, 4363241
806, 392205, 81950, 82293, 60027, 59637, 54149, 54149, 2856595373
807, 393363, 81337, 82109, 59954, 59235, 55364, 55364, 423086534
808, 392836, 82476, 81156, 59323, 60073, 54904, 54904, 1719163761
810, 393148, 80399, 82694, 60469, 58448, 55569, 55569, 3466756485
809, 393906, 80240, 83634, 61178, 58426, 55214, 55214, 547622952
811, 395198, 81917, 82857, 60740, 60014, 54835, 54835, 1512459813
812, 394404, 80918, 83175, 60676, 58965, 55335, 55335, 133863927
814, 394283, 82049, 81581, 59483, 60032, 55569, 55569, 3887816109
813, 394861, 83626, 81606, 59601, 61296, 54366, 54366, 1791766001
816, 394089, 81493, 83387, 60926, 59645, 54319, 54319, 1756073187
815, 394445, 82279, 82645, 60450, 60097, 54487, 54487, 767281208
817, 394695, 82057, 82889, 60833, 59850, 54533, 54533, 1194062155
818, 395895, 81745, 82908, 60906, 59752, 55292, 55292, 3349948113
819, 391764, 81051, 80486, 58253, 58822, 56576, 56576, 703070530
820, 394765, 81733, 82354, 60140, 59608, 55465, 55465, 3651284054
821, 394383, 81818, 83089, 60778, 59616, 54541, 54541, 128899851
822, 393824, 83328, 81875, 59862, 61043, 53858, 53858, 1899683109
823, 394739, 82312, 82122, 60146, 60023, 55068, 55068, 2525771963
824, 393617, 82400, 81030, 59009, 60326, 55426, 55426, 1692109806
825, 393237, 81041, 82139, 59934, 58973, 55575, 55575, 1313372971
826, 393817, 81286, 82036, 59966, 59435, 55547, 55547, 677539008
828, 393287, 81214, 81938, 59727, 59294, 55557, 55557, 2348856655
827, 394501, 81600, 81715, 59774, 59890, 55761, 55761, 2844437494
829, 390451, 81731, 80412, 58386, 59510, 55206, 55206, 39648825
830, 393896, 84230, 79708, 57824, 61744, 55195, 55195, 2912280023
831, 394041, 80648, 82898, 60877, 58752, 55433, 55433, 1476527647
832, 395554, 82590, 81660, 59854, 60598, 55426, 55426, 2037572658
833, 394709, 80617, 81891, 59687, 58770, 56872, 56872, 2098130739
834, 394333, 82281, 82184, 59804, 60422, 54821, 54821, 3662245316
835, 391978, 81603, 81087, 59213, 59345, 55365, 55365, 1307358883
836, 393458, 80476, 82821, 60504, 58617, 55520, 55520, 577957892
837, 396223, 81353, 83214, 61017, 59441, 55599, 55599, 4275829292
838, 392896, 82897, 81100, 58922, 60535, 54721, 54721, 3353908931
839, 393830, 81627, 82292, 60349, 59490, 55036, 55036, 3883578469
841, 390311, 83181, 79365, 57328, 60693, 54872, 54872, 692130946
840, 393630, 82529, 80571, 58617, 60449, 55732, 55732, 1925845771
842, 394519, 82006, 82330, 60024, 60177, 54991, 54991, 1277578690
843, 393400, 80855, 82050, 60006, 58901, 55794, 55794, 3166050642
844, 393489, 82085, 81159, 59213, 60114, 55459, 55459, 2386335796
845, 393116, 81679, 81792, 59939, 59684, 55011, 55011, 397595804
846, 393522, 82092, 81072, 59038, 60164, 55578, 55578, 3964036389
847, 392798, 80530, 83538, 61029, 58595, 54553, 54553, 1093511528
848, 395570, 81590, 83569, 61745, 59362, 54652, 54652, 3382647032
849, 393480, 82460, 81908, 59649, 60363, 54550, 54550, 2605804109
850, 395174, 81707, 82375, 60372, 59654, 55533, 55533, 2747210172
851, 393918, 81350, 81360, 59402, 59248, 56279, 56279, 2913606138
852, 394070, 80697, 83555, 61216, 58622, 54990, 54990, 547752855
853, 395443, 81658, 82070, 60153, 59616, 55973, 55973, 3474744177
854, 393186, 82152, 81995, 59465, 60114, 54730, 54730, 2026311922
855, 395355, 81340, 83200, 61001, 59488, 55163, 55163, 3256156500
856, 392621, 81985, 80805, 58756, 59905, 55585, 55585, 3528804269
857, 393188, 81470, 81901, 59978, 59469, 55185, 55185, 153789622
858, 392592, 82196, 80139, 58086, 59813, 56179, 56179, 1481913339
859, 390481, 81076, 82035, 59476, 58964, 54465, 54465, 2120204751
860, 392478, 81633, 80307, 58061, 59537, 56470, 56470, 3080129586
861, 396165, 83310, 81719, 59790, 61396, 54975, 54975, 2719003555
862, 393666, 81831, 82357, 60496, 59472, 54755, 54755, 789011086
863, 395056, 82529, 83411, 61146, 60448, 53761, 53761, 1510357984
864, 392901, 83466, 80962, 58755, 61074, 54322, 54322, 3265907487
865, 395000, 82248, 80386, 58613, 60177, 56788, 56788, 3896994895
866, 390952, 80769, 81401, 59002, 58690, 55545, 55545, 1071501520
867, 395216, 82187, 82562, 60267, 60276, 54962, 54962, 3122776705
868, 394173, 81486, 82933, 60913, 59509, 54666, 54666, 1550687173
869, 394308, 82242, 80983, 58887, 60250, 55973, 55973, 4114521023
870, 393078, 82247, 80671, 58526, 60010, 55812, 55812, 553578052
871, 393868, 82047, 82090, 59956, 59917, 54929, 54929, 3981271455
872, 390149, 80076, 81324, 59124, 58027, 55799, 55799, 119946249
874, 393094, 82830, 79915, 58028, 60435, 55943, 55943, 1063649403
873, 394268, 82069, 82212, 60210, 59835, 54971, 54971, 4080240856
876, 394071, 83381, 82268, 60160, 60994, 53634, 53634, 1453484830
875, 393467, 82472, 81100, 59130, 60365, 55200, 55200, 1482210701
877, 394205, 82690, 81502, 59427, 60358, 55114, 55114, 837648129
878, 393625, 80408, 82146, 59933, 58706, 56216, 56216, 343044413
879, 392900, 82561, 80890, 58854, 60441, 55077, 55077, 2073309349
880, 394211, 81954, 82873, 60646, 59938, 54400, 54400, 2075609295
881, 393509, 81646, 82315, 60298, 59732, 54759, 54759, 544153501
882, 396176, 82004, 81466, 59538, 60200, 56484, 56484, 27773384
883, 396167, 82761, 82412, 60556, 60826, 54806, 54806, 3298333907
884, 392553, 81187, 82706, 60203, 59079, 54689, 54689, 1166630772
885, 394290, 82237, 82296, 60316, 60183, 54629, 54629, 4058040247
887, 394004, 81063, 81292, 59189, 58860, 56800, 56800, 3446873271
886, 395403, 81909, 83349, 61370, 59777, 54499, 54499, 3515834958
888, 394306, 81482, 83021, 60652, 59787, 54682, 54682, 2917568966
889, 395261, 81979, 83150, 60998, 60052, 54541, 54541, 639121755
890, 392130, 82290, 80402, 58484, 60344, 55305, 55305, 3375474038
891, 395027, 82375, 81298, 59223, 60433, 55849, 55849, 736744075
892, 395119, 83081, 80768, 59022, 61076, 55586, 55586, 2961015159
893, 396028, 81807, 82460, 60335, 59728, 55849, 55849, 3872471097
894, 394920, 83537, 80049, 58533, 60801, 56000, 56000, 1033351138
895, 396231, 82307, 83041, 61065, 60440, 54689, 54689, 2960531714
896, 395756, 81274, 83546, 61497, 59385, 55027, 55027, 238596506
897, 391114, 80846, 82202, 59928, 58742, 54698, 54698, 3576053550
898, 391519, 81044, 83678, 61090, 58677, 53515, 53515, 460306227
899, 393968, 82650, 82067, 59689, 60456, 54553, 54553, 928546008
900, 393877, 81283, 82377, 60243, 59342, 55316, 55316, 726200078
901, 392833, 81233, 82649, 60458, 59157, 54668, 54668, 3941444737
902, 393974, 81225, 81396, 59300, 59259, 56397, 56397, 747128762
903, 394317, 80965, 83557, 61525, 58970, 54650, 54650, 3891529541
904, 393512, 80062, 83166, 61017, 57979, 55644, 55644, 3204004435
905, 392072, 80407, 83530, 61159, 58302, 54337, 54337, 2368345620
906, 394114, 82056, 81760, 59713, 60025, 55280, 55280, 3074275632
907, 392717, 83606, 79875, 58282, 61264, 54845, 54845, 447112915
908, 392529, 81525, 81774, 59790, 59404, 55018, 55018, 1725370197
909, 394214, 83109, 81297, 59314, 60658, 54918, 54918, 2351118317
912, 393706, 82780, 82381, 60072, 60579, 53947, 53947, 1424916016
911, 393369, 83628, 80088, 58274, 61401, 54989, 54989, 886724495
910, 395523, 82970, 83044, 60568, 61013, 53964, 53964, 1441072593
914, 393491, 82086, 81819, 59910, 59862, 54907, 54907, 2839537751
913, 394970, 82306, 83294, 61037, 60045, 54144, 54144, 396024849
915, 394270, 80710, 84015, 61790, 58657, 54549, 54549, 1244657137
916, 395090, 82181, 82077, 59950, 60288, 55297, 55297, 1751902124
917, 393531, 82632, 81356, 59366, 60465, 54856, 54856, 2373589772
918, 392077, 80975, 81210, 59117, 58833, 55971, 55971, 329302659
920, 392689, 82715, 81487, 59093, 60650, 54372, 54372, 2074622748
919, 395030, 82451, 82305, 60359, 60257, 54829, 54829, 1780821704
921, 393772, 82606, 81953, 59762, 60447, 54502, 54502, 1141264447
922, 395451, 82636, 82772, 60607, 60716, 54360, 54360, 3126613240
923, 394016, 79508, 83356, 61087, 57821, 56122, 56122, 3290670551
924, 392722, 82578, 81500, 59597, 60339, 54354, 54354, 887901780
925, 392484, 82211, 80820, 58953, 60076, 55212, 55212, 997099664
926, 395734, 82494, 82185, 59911, 60284, 55430, 55430, 2798166728
927, 395452, 82477, 81567, 59752, 60382, 55637, 55637, 3930600645
928, 393592, 80456, 83379, 60755, 58516, 55243, 55243, 2883425137
929, 392586, 81141, 80724, 58638, 58951, 56566, 56566, 3257819231
930, 395183, 82582, 82012, 59948, 60389, 55126, 55126, 1001750365
931, 392754, 82973, 79888, 57920, 60313, 55830, 55830, 2094441338
932, 392307, 80766, 82494, 60168, 58507, 55186, 55186, 634423756
933, 394295, 81303, 81795, 59741, 59298, 56079, 56079, 3291761637
934, 392132, 80576, 82093, 59702, 58663, 55549, 55549, 3848424430
935, 393750, 83211, 80567, 58448, 60778, 55373, 55373, 2056815871
937, 393869, 81723, 81953, 59643, 59648, 55451, 55451, 3491343244
938, 394409, 82234, 81435, 59558, 59942, 55620, 55620, 2771775517
936, 394496, 79898, 84035, 61410, 58189, 55482, 55482, 3241698015
939, 394968, 81858, 82608, 60310, 59792, 55200, 55200, 3289501647
940, 393981, 81156, 82877, 60471, 59145, 55166, 55166, 2141382849
941, 394154, 81111, 83556, 61299, 59024, 54582, 54582, 1398793715
942, 393857, 81851, 81242, 58934, 59564, 56133, 56133, 1262004823
944, 391448, 82373, 80802, 58700, 60189, 54692, 54692, 3191965251
943, 395450, 83154, 81836, 59953, 60747, 54880, 54880, 181699481
946, 392631, 82790, 81011, 58602, 60526, 54851, 54851, 958380868
945, 393540, 81332, 81775, 59731, 59280, 55711, 55711, 3386842616
947, 396334, 82059, 83019, 60935, 59985, 55168, 55168, 388503905
948, 392915, 80818, 82179, 60185, 58407, 55663, 55663, 1147575184
949, 394982, 81614, 81345, 59454, 59641, 56464, 56464, 3486997001
950, 391672, 82618, 80723, 58478, 60195, 54829, 54829, 320939712
952, 392567, 79475, 84653, 62164, 57441, 54417, 54417, 1941988010
951, 395259, 83262, 81735, 59876, 61078, 54654, 54654, 919751993
953, 395234, 81418, 81956, 60100, 59726, 56017, 56017, 1358225403
954, 392874, 81637, 82365, 60079, 59587, 54603, 54603, 2910948824
955, 393792, 82547, 81437, 59440, 60374, 54997, 54997, 2212884127
956, 396423, 82597, 82539, 60266, 60795, 55113, 55113, 3392620595
958, 395372, 81300, 82461, 60447, 59314, 55925, 55925, 898777011
957, 394108, 81047, 82908, 60704, 58861, 55294, 55294, 656572686
959, 393400, 81646, 81620, 59552, 59484, 55549, 55549, 762849874
961, 395654, 82730, 83337, 61401, 60514, 53836, 53836, 3440307072
962, 394553, 83163, 80158, 58453, 60695, 56042, 56042, 3249007961
963, 392852, 80105, 82560, 60210, 58207, 55885, 55885, 182430511
964, 393218, 81661, 80690, 58553, 59592, 56361, 56361, 3445991991
960, 396417, 82694, 83230, 60989, 60632, 54436, 54436, 3784614884
966, 394151, 82977, 80686, 58616, 60864, 55504, 55504, 915440854
965, 396747, 84365, 80940, 59543, 61727, 55086, 55086, 841583368
967, 392781, 81672, 81605, 59803, 59553, 55074, 55074, 1425603295
968, 392406, 80951, 82458, 60276, 58537, 55092, 55092, 2530401688
969, 393255, 82224, 82447, 60421, 60051, 54056, 54056, 3728829778
972, 394852, 81603, 82640, 60618, 59783, 55104, 55104, 268099219
970, 396389, 80251, 84233, 62128, 58499, 55639, 55639, 279348067
971, 392869, 82548, 81246, 58884, 60395, 54898, 54898, 2869222784
973, 392446, 82066, 82194, 59673, 60129, 54192, 54192, 2434143340
974, 392728, 81444, 82003, 59707, 59314, 55130, 55130, 675597103
975, 391722, 82352, 81092, 58916, 60266, 54548, 54548, 2220627089
976, 396291, 82517, 83105, 61016, 60595, 54529, 54529, 3859177190
977, 393481, 81300, 82951, 60760, 59174, 54648, 54648, 2782948324
978, 391497, 82014, 81317, 59178, 59762, 54613, 54613, 700080617
979, 393598, 82642, 81844, 59965, 60521, 54313, 54313, 1972995270
980, 394245, 82257, 81884, 59697, 60193, 55107, 55107, 3603001614
981, 393075, 81568, 81490, 59467, 59578, 55486, 55486, 2591248147
982, 392628, 81684, 82116, 59872, 59784, 54586, 54586, 2819670791
983, 393614, 80777, 83162, 61089, 58700, 54943, 54943, 2344777241
984, 394485, 81241, 81484, 59427, 59177, 56578, 56578, 3305546956
985, 393541, 83122, 81532, 59468, 60969, 54225, 54225, 928869249
987, 392219, 82256, 80919, 58902, 60080, 55031, 55031, 2243498528
986, 394884, 81164, 83172, 60846, 59140, 55281, 55281, 2911958832
988, 392969, 82733, 81293, 59192, 60307, 54722, 54722, 539279818
989, 392089, 82185, 83047, 60554, 59903, 53200, 53200, 3278799186
990, 394642, 81584, 82932, 60684, 59746, 54848, 54848, 629350802
991, 393597, 80974, 82881, 60628, 58896, 55109, 55109, 3707841240
992, 394206, 81997, 81279, 59408, 59628, 55947, 55947, 1009440431
993, 394795, 81956, 81761, 59579, 59635, 55932, 55932, 1439507048
995, 395320, 80771, 83908, 61641, 58632, 55184, 55184, 3391305703
994, 396326, 82965, 81077, 59257, 60835, 56096, 56096, 788053909
996, 394324, 80737, 83438, 60932, 58979, 55119, 55119, 2917542627
997, 393607, 82006, 82876, 60658, 59759, 54154, 54154, 688399824
999, 393275, 82446, 81659, 59797, 60221, 54576, 54576, 2571378632
998, 395003, 82695, 81652, 59865, 60615, 55088, 55088, 808186836
