sample_id, N_active, N_A_1, N_B_1, N_A_0, N_B_0, N_A_*, N_B_*, seed
1, 2065071, 436533, 473388, 468241, 431505, 127702, 127702, 3626636100
0, 2062426, 505225, 396628, 391694, 500031, 134424, 134424, 990053860
10, 2062294, 489694, 440517, 435502, 484301, 106140, 106140, 1871494928
11, 2062507, 489739, 433362, 428102, 484366, 113469, 113469, 2939363613
3, 2062644, 464647, 461641, 456406, 459414, 110268, 110268, 3422902870
9, 2062399, 445022, 468648, 463592, 439975, 122581, 122581, 1386072075
6, 2063981, 515862, 410933, 405817, 510533, 110418, 110418, 3590318371
5, 2063796, 511405, 402630, 397443, 506152, 123083, 123083, 1454225915
4, 2066063, 493593, 430805, 425643, 488362, 113830, 113830, 4091802818
8, 2064312, 434643, 482393, 477021, 429567, 120344, 120344, 1029102174
7, 2061546, 463408, 459903, 454780, 458103, 112676, 112676, 1625915754
2, 2066829, 508266, 413254, 408352, 503063, 116947, 116947, 1325917062
14, 2066059, 431950, 488669, 483607, 427037, 117398, 117398, 1499337606
13, 2064094, 409381, 506871, 501716, 404182, 120972, 120972, 2927913077
16, 2066385, 504223, 397870, 393056, 499042, 136097, 136097, 737847639
12, 2064664, 486354, 442860, 437836, 480948, 108333, 108333, 3294464851
15, 2061638, 533874, 394563, 389572, 528267, 107681, 107681, 4164106850
17, 2064755, 466638, 446667, 441470, 461470, 124255, 124255, 3877458736
21, 2065498, 396511, 495428, 490100, 391637, 145911, 145911, 2438027553
22, 2066452, 439379, 477938, 472975, 434376, 120892, 120892, 1595078280
18, 2065334, 449149, 471294, 466201, 444228, 117231, 117231, 2440236104
20, 2063138, 518228, 386876, 381895, 512695, 131722, 131722, 2555711887
23, 2063639, 452264, 468264, 463149, 447200, 116381, 116381, 362422222
19, 2061517, 505912, 398237, 393083, 500611, 131837, 131837, 416175008
26, 2063614, 438431, 477591, 472187, 433341, 121032, 121032, 129444658
24, 2062526, 352103, 551150, 545677, 347166, 133215, 133215, 3715124162
27, 2063612, 415331, 503394, 498123, 410350, 118207, 118207, 2374141978
33, 2061535, 429827, 484372, 478964, 424800, 121786, 121786, 1157771627
28, 2061872, 497842, 406649, 401720, 492305, 131678, 131678, 3737593775
31, 2058406, 456679, 465122, 459780, 451215, 112805, 112805, 981186100
29, 2063346, 474641, 455315, 450259, 469093, 107019, 107019, 1719355163
25, 2067119, 521839, 403377, 398522, 516575, 113403, 113403, 1838228982
30, 2062934, 436347, 474695, 469509, 431473, 125455, 125455, 3600226118
34, 2064152, 485988, 430160, 425188, 480690, 121063, 121063, 1633784898
32, 2065593, 513936, 417367, 412471, 508569, 106625, 106625, 255272412
35, 2065686, 473024, 453884, 448745, 467571, 111231, 111231, 1668899655
36, 2066678, 490158, 414983, 410097, 485112, 133164, 133164, 2619336714
38, 2063544, 434895, 477541, 472457, 429777, 124437, 124437, 3524485557
37, 2068071, 434073, 499723, 494625, 429068, 105291, 105291, 1795312274
41, 2064066, 412112, 510149, 504587, 407174, 115022, 115022, 1357108255
40, 2062767, 391124, 531997, 526405, 386001, 113620, 113620, 2931892709
39, 2064434, 427397, 479721, 474589, 422097, 130315, 130315, 651727833
42, 2064544, 458037, 454944, 449999, 452934, 124315, 124315, 4021111035
43, 2062023, 438690, 477806, 472412, 433455, 119830, 119830, 3295725023
45, 2063603, 409820, 507802, 502350, 404795, 119418, 119418, 1880474328
44, 2062975, 510655, 385782, 380873, 505481, 140092, 140092, 3822205528
46, 2062404, 497852, 425501, 420417, 492402, 113116, 113116, 3035711973
47, 2062701, 497334, 420073, 414923, 492029, 119171, 119171, 1504462320
48, 2062619, 428375, 463499, 458360, 423287, 144549, 144549, 931700108
49, 2064790, 457948, 463466, 458212, 452848, 116158, 116158, 3414024167
52, 2061018, 454736, 472043, 466773, 449380, 109043, 109043, 2563831979
51, 2061185, 431009, 477862, 472737, 425791, 126893, 126893, 3096700748
54, 2064095, 513344, 406393, 401588, 508004, 117383, 117383, 2081058728
55, 2062598, 419459, 493140, 487764, 414383, 123926, 123926, 2877002104
50, 2064076, 508681, 412345, 407210, 502984, 116428, 116428, 3049195319
53, 2062932, 456926, 433976, 428744, 451832, 145727, 145727, 5809812
57, 2064318, 469381, 440439, 435203, 464217, 127539, 127539, 3856318261
56, 2063559, 425837, 465899, 460545, 420730, 145274, 145274, 910111880
58, 2062642, 460548, 459315, 454037, 455474, 116634, 116634, 1282954149
59, 2063763, 447689, 469446, 464289, 442793, 119773, 119773, 1031430282
60, 2063788, 413578, 510809, 505224, 408529, 112824, 112824, 2365428774
62, 2062626, 406714, 504411, 498772, 401759, 125485, 125485, 1478432934
61, 2061573, 456369, 434646, 429306, 451422, 144915, 144915, 2086682740
64, 2063370, 393499, 510422, 504866, 388485, 133049, 133049, 54050655
63, 2061425, 444260, 446840, 441568, 438971, 144893, 144893, 119241212
66, 2062489, 465632, 438432, 433256, 460277, 132446, 132446, 3571562108
65, 2064274, 466605, 439386, 434065, 461442, 131388, 131388, 2768876841
69, 2060892, 444905, 459078, 453726, 439473, 131855, 131855, 4182937560
70, 2062348, 441375, 466679, 461566, 436042, 128343, 128343, 1887738184
68, 2067422, 407851, 517307, 512094, 402790, 113690, 113690, 3411195365
67, 2064081, 519864, 394392, 389721, 514588, 122758, 122758, 2383651490
71, 2062798, 496412, 427681, 422456, 491209, 112520, 112520, 723149181
72, 2064037, 481197, 422614, 417724, 475738, 133382, 133382, 182109536
74, 2062881, 520730, 406436, 401453, 515280, 109491, 109491, 2125917833
73, 2065898, 443054, 452888, 447951, 438003, 142001, 142001, 12029048
75, 2064857, 442540, 458149, 452829, 437297, 137021, 137021, 3599993080
76, 2065956, 491432, 435166, 429944, 486112, 111651, 111651, 2316221178
77, 2063511, 511516, 412688, 407724, 506193, 112695, 112695, 2442692848
78, 2064716, 451914, 460471, 455467, 446910, 124977, 124977, 2795827408
80, 2064949, 451705, 485179, 480042, 446349, 100837, 100837, 3065929340
79, 2061515, 478857, 445377, 440117, 473504, 111830, 111830, 1669136072
81, 2062148, 418098, 490916, 485555, 412943, 127318, 127318, 946759475
82, 2065127, 443640, 455884, 450409, 438726, 138234, 138234, 2334561517
83, 2063347, 464359, 430891, 425752, 459241, 141552, 141552, 2466523274
84, 2063020, 495483, 423925, 419002, 490014, 117298, 117298, 95601466
85, 2064159, 443849, 459272, 454023, 438739, 134138, 134138, 2866775876
86, 2062220, 452959, 448184, 443030, 447681, 135183, 135183, 658453477
87, 2063280, 466515, 463510, 458212, 461423, 106810, 106810, 3856474902
90, 2061390, 443637, 482360, 476761, 438268, 110182, 110182, 1593456964
89, 2063214, 414480, 500972, 495591, 409301, 121435, 121435, 265895766
88, 2061159, 501038, 424746, 419663, 495674, 110019, 110019, 1378762928
92, 2063694, 459190, 471246, 466205, 453969, 106542, 106542, 893096484
91, 2063917, 462351, 456063, 450915, 457254, 118667, 118667, 1501594306
93, 2060964, 420126, 486609, 481145, 414954, 129065, 129065, 1009676336
94, 2064436, 478140, 447726, 442602, 472970, 111499, 111499, 182579860
95, 2060704, 403963, 517682, 512224, 398921, 113957, 113957, 2562271558
96, 2063257, 424390, 499823, 494430, 419108, 112753, 112753, 502870664
97, 2062105, 418923, 504314, 499180, 413892, 112898, 112898, 3891149726
98, 2063695, 483402, 435330, 430189, 478154, 118310, 118310, 4052600036
99, 2066267, 449184, 433945, 428945, 444183, 155005, 155005, 3726055935
101, 2063831, 480485, 427131, 422190, 475019, 129503, 129503, 3772568367
103, 2062901, 442556, 477294, 472002, 437335, 116857, 116857, 1835625725
105, 2059180, 398098, 496458, 490855, 392887, 140441, 140441, 1122123282
100, 2062802, 476479, 448154, 443056, 471327, 111893, 111893, 3462038609
102, 2065076, 509376, 402307, 397110, 504097, 126093, 126093, 1179715921
104, 2062216, 431930, 489632, 484633, 426829, 114596, 114596, 3668207756
106, 2065858, 523395, 406693, 401396, 517794, 108290, 108290, 833583525
107, 2066080, 491744, 415416, 410289, 486099, 131266, 131266, 3821221125
108, 2062565, 397046, 520471, 515163, 391971, 118957, 118957, 933607185
109, 2065926, 438421, 482762, 477716, 433239, 116894, 116894, 3574497060
110, 2059122, 464127, 437702, 432321, 458734, 133119, 133119, 2584917250
111, 2064018, 496355, 408860, 403706, 491223, 131937, 131937, 3396467224
114, 2062386, 456587, 459361, 454127, 451329, 120491, 120491, 4263139181
113, 2063296, 418927, 495787, 490454, 414028, 122050, 122050, 1757464697
115, 2060460, 422314, 501376, 496124, 417168, 111739, 111739, 998146323
112, 2061397, 477682, 433047, 427968, 472256, 125222, 125222, 2954697104
117, 2063027, 427642, 501090, 496105, 422604, 107793, 107793, 759227704
116, 2063335, 426180, 463142, 457878, 421239, 147448, 147448, 1697432236
118, 2062638, 423263, 488139, 482870, 418148, 125109, 125109, 3498415194
119, 2064419, 469620, 459945, 454803, 464451, 107800, 107800, 948732943
120, 2063345, 477692, 448918, 443868, 472383, 110242, 110242, 2640956074
121, 2063103, 444860, 476634, 471556, 439705, 115174, 115174, 3404737998
122, 2064052, 476389, 424897, 419774, 471296, 135848, 135848, 2059702712
123, 2064973, 510250, 406148, 401159, 505112, 121152, 121152, 930711905
124, 2065313, 436671, 462905, 457809, 431490, 138219, 138219, 257139235
126, 2060044, 426454, 452245, 446918, 421433, 156497, 156497, 479016091
129, 2061472, 405507, 518600, 513038, 400609, 111859, 111859, 2219262568
125, 2066017, 464500, 442654, 437596, 459367, 130950, 130950, 662578344
127, 2061518, 420326, 490412, 485205, 415165, 125205, 125205, 2718112494
128, 2063440, 465106, 444071, 438994, 459787, 127741, 127741, 440654068
130, 2064885, 421628, 506149, 500681, 416623, 109902, 109902, 2901081900
131, 2061220, 446232, 495051, 489472, 440997, 94734, 94734, 1027113037
132, 2066351, 450816, 479364, 474093, 445900, 108089, 108089, 4044852905
133, 2063724, 473655, 450556, 445398, 468637, 112739, 112739, 3793187239
134, 2061665, 452479, 455471, 450478, 447315, 127961, 127961, 417458105
135, 2058533, 453026, 454605, 449144, 447442, 127158, 127158, 475152716
137, 2061427, 424083, 489321, 483983, 419034, 122503, 122503, 2897942955
136, 2064203, 515342, 403176, 397952, 510247, 118743, 118743, 2794881461
138, 2065151, 486597, 439327, 434225, 481494, 111754, 111754, 2835442987
140, 2064716, 392508, 522238, 516995, 387581, 122697, 122697, 3559927749
139, 2066735, 419075, 504614, 499519, 414335, 114596, 114596, 641628519
141, 2062910, 491910, 438338, 433337, 486553, 106386, 106386, 3308397833
142, 2064002, 479894, 420356, 415246, 474578, 136964, 136964, 1793635053
143, 2061131, 473613, 423230, 418273, 468385, 138815, 138815, 4063394284
144, 2064841, 448274, 480958, 475952, 443255, 108201, 108201, 2195939831
145, 2059592, 432432, 475042, 469602, 427286, 127615, 127615, 1143091029
146, 2063062, 434547, 476508, 471233, 429484, 125645, 125645, 654057764
147, 2061855, 461627, 450485, 445156, 456195, 124196, 124196, 3943888830
149, 2064801, 503430, 428747, 423783, 498399, 105221, 105221, 3630263645
150, 2061779, 427894, 481374, 475996, 422665, 126925, 126925, 545578686
148, 2062347, 534125, 390003, 384974, 528749, 112248, 112248, 4115164728
151, 2066302, 490440, 429679, 424754, 485333, 118048, 118048, 3294394
152, 2061008, 458142, 459437, 454428, 452887, 118057, 118057, 3906358324
153, 2063349, 482006, 429885, 424831, 476783, 124922, 124922, 2710980393
154, 2065237, 442101, 477133, 471830, 436945, 118614, 118614, 651795492
155, 2061008, 400202, 512885, 507328, 395355, 122619, 122619, 2477163410
156, 2067150, 485284, 426712, 421766, 479886, 126751, 126751, 1444519355
158, 2063095, 505774, 414543, 409659, 500487, 116316, 116316, 747622392
157, 2065427, 461256, 450655, 445562, 456078, 125938, 125938, 880211630
159, 2064325, 447177, 468345, 463474, 441859, 121735, 121735, 3377986575
161, 2062658, 477533, 436634, 431457, 472006, 122514, 122514, 475177868
160, 2063997, 466260, 427138, 422014, 461189, 143698, 143698, 4182900705
164, 2064642, 457757, 455078, 450021, 452892, 124447, 124447, 2937443354
162, 2064097, 415732, 485944, 480777, 410782, 135431, 135431, 1465796293
163, 2063224, 468214, 457592, 452457, 463077, 110942, 110942, 1932993668
166, 2064022, 397066, 534462, 528805, 392097, 105796, 105796, 3870320659
165, 2061639, 441041, 451252, 446028, 435836, 143741, 143741, 1130575193
167, 2062491, 492342, 408466, 403412, 486809, 135731, 135731, 255843901
168, 2061232, 478911, 448531, 443263, 473717, 108405, 108405, 991061687
169, 2064921, 445964, 470600, 465247, 440984, 121063, 121063, 576980800
171, 2063456, 445731, 474311, 469175, 440639, 116800, 116800, 636666541
170, 2063955, 438736, 480865, 475386, 433706, 117631, 117631, 2750863489
173, 2062412, 467375, 450341, 445275, 462037, 118692, 118692, 3700436240
172, 2060347, 491559, 423347, 418066, 486167, 120604, 120604, 3928625694
174, 2061852, 439433, 485018, 479841, 434144, 111708, 111708, 1389910825
176, 2062609, 409823, 486197, 480794, 404859, 140468, 140468, 2265435094
175, 2064903, 525847, 392544, 387581, 520381, 119275, 119275, 196809598
178, 2064269, 446117, 447826, 442750, 440902, 143337, 143337, 1821601747
177, 2065834, 419609, 509815, 504492, 414682, 108618, 108618, 3176807423
179, 2063563, 417452, 489505, 484322, 412524, 129880, 129880, 3539169348
180, 2062157, 501965, 424570, 419438, 496488, 109848, 109848, 1907009329
181, 2062011, 438284, 478288, 472734, 433293, 119706, 119706, 879832111
182, 2062979, 494532, 434913, 429908, 489186, 107220, 107220, 2397573649
184, 2065338, 452310, 453676, 448678, 447020, 131827, 131827, 832648354
183, 2062202, 456959, 455368, 450404, 451545, 123963, 123963, 831655034
186, 2059367, 491358, 435131, 430139, 486063, 108338, 108338, 3580463100
185, 2064261, 404530, 493789, 488591, 399493, 138929, 138929, 1702958593
187, 2064984, 443286, 457799, 452621, 438336, 136471, 136471, 517622539
188, 2064965, 446134, 474184, 468914, 441047, 117343, 117343, 2923002826
189, 2062482, 438563, 460302, 455174, 433503, 137470, 137470, 3268274189
190, 2062314, 405647, 505751, 500553, 400777, 124793, 124793, 2802678630
192, 2064839, 442493, 483675, 478489, 437278, 111452, 111452, 3721651335
194, 2062082, 394883, 514878, 509492, 389661, 126584, 126584, 1659255695
191, 2063599, 447160, 466486, 461342, 441975, 123318, 123318, 1846236889
193, 2062534, 430961, 491173, 485599, 425801, 114500, 114500, 4082855790
195, 2063706, 496324, 432658, 427895, 490803, 108013, 108013, 3815567259
196, 2062285, 451305, 459359, 454211, 445906, 125752, 125752, 2382223160
197, 2058484, 442794, 483520, 478240, 437602, 108164, 108164, 1462674328
198, 2064724, 459071, 447545, 442423, 453845, 130920, 130920, 1634658369
200, 2066371, 425816, 493177, 488176, 420500, 119351, 119351, 2475443071
199, 2065183, 517502, 390961, 386192, 512310, 129109, 129109, 2962077514
201, 2061658, 433564, 460227, 454884, 428135, 142424, 142424, 2392921878
202, 2062348, 484550, 434490, 429199, 479289, 117410, 117410, 2186920396
203, 2064027, 489512, 417328, 412448, 484045, 130347, 130347, 3180918182
204, 2062120, 469146, 450062, 444896, 463734, 117141, 117141, 531210151
206, 2065972, 465959, 455352, 449891, 460908, 116931, 116931, 3526413814
205, 2060123, 407967, 500337, 495060, 402637, 127061, 127061, 1909820234
207, 2063560, 439090, 474313, 469055, 433964, 123569, 123569, 1288273875
208, 2063089, 413621, 493190, 487675, 408577, 130013, 130013, 1192670651
209, 2064451, 440483, 472973, 467880, 435601, 123757, 123757, 3997407060
210, 2063053, 444613, 488716, 483478, 439492, 103377, 103377, 3813044259
212, 2063088, 415961, 498328, 492820, 411003, 122488, 122488, 969400997
211, 2065196, 466016, 455562, 450428, 460602, 116294, 116294, 2943413683
213, 2064403, 438002, 472543, 467302, 432862, 126847, 126847, 3611359580
214, 2063841, 423447, 477757, 472589, 418490, 135779, 135779, 1846625761
215, 2062285, 510910, 419758, 414562, 505587, 105734, 105734, 2065632724
216, 2064247, 457737, 465767, 460589, 452470, 113842, 113842, 2187792084
219, 2064570, 442320, 473448, 468156, 437330, 121658, 121658, 549389854
217, 2063705, 459485, 460391, 455238, 454339, 117126, 117126, 3535495707
220, 2066369, 472504, 450698, 445414, 467245, 115254, 115254, 1528011799
218, 2065239, 460539, 440191, 435067, 455374, 137034, 137034, 1175839663
221, 2064084, 472656, 450438, 445177, 467289, 114262, 114262, 1710824954
223, 2063843, 422971, 499790, 494451, 418059, 114286, 114286, 3703286163
222, 2066591, 539322, 384940, 380113, 533872, 114172, 114172, 820409344
225, 2062242, 497675, 413390, 408329, 492280, 125284, 125284, 2299754957
224, 2064326, 491226, 413817, 408758, 485801, 132362, 132362, 3307414131
226, 2064758, 409658, 515580, 510263, 404685, 112286, 112286, 1261137551
227, 2064506, 427919, 480588, 475304, 422965, 128865, 128865, 685161171
228, 2062133, 403282, 512733, 507186, 398222, 120355, 120355, 240355925
231, 2064132, 438414, 488957, 483458, 433485, 109909, 109909, 4159587420
229, 2066086, 508000, 405212, 400356, 502852, 124833, 124833, 3439964468
230, 2062444, 455624, 466143, 461086, 450419, 114586, 114586, 3937148961
232, 2064474, 451653, 457339, 452211, 446589, 128341, 128341, 1491874470
233, 2065729, 432738, 503780, 498489, 427940, 101391, 101391, 3453985554
235, 2063081, 437224, 462176, 457116, 432265, 137150, 137150, 1219485358
234, 2065932, 500952, 423703, 418712, 495929, 113318, 113318, 3103477642
236, 2062650, 502529, 412927, 407864, 497332, 120999, 120999, 3526153720
237, 2063497, 463745, 440023, 434808, 458457, 133232, 133232, 1194523638
238, 2065510, 460939, 440600, 435410, 455837, 136362, 136362, 1633914255
240, 2065757, 485699, 429683, 424620, 480693, 122531, 122531, 668229819
239, 2062862, 444902, 444246, 439240, 439796, 147339, 147339, 3667139771
241, 2061723, 433954, 478319, 472990, 428778, 123841, 123841, 2436561003
244, 2064701, 498937, 430537, 425372, 493573, 108141, 108141, 1373327383
243, 2062406, 451419, 469375, 464344, 446122, 115573, 115573, 1399113160
242, 2059560, 481241, 435178, 429779, 475876, 118743, 118743, 61461303
247, 2063360, 472517, 436170, 431210, 467429, 128017, 128017, 1093350025
245, 2064333, 516037, 413099, 408057, 510718, 108211, 108211, 1205906913
246, 2065261, 471153, 455935, 450894, 466101, 110589, 110589, 2355077781
248, 2061935, 450311, 445958, 440785, 444977, 139952, 139952, 540936255
249, 2061859, 445884, 456555, 451236, 440628, 133778, 133778, 4228415815
250, 2062880, 428915, 485959, 480873, 423847, 121643, 121643, 916768240
251, 2065079, 443685, 482398, 477309, 438755, 111466, 111466, 2179539344
252, 2063763, 448887, 449898, 444586, 443818, 138287, 138287, 3078092312
253, 2064679, 484652, 434167, 429136, 479344, 118690, 118690, 1431912903
254, 2060488, 507574, 399235, 394145, 501944, 128795, 128795, 1326277696
255, 2062676, 505346, 419929, 414652, 499947, 111401, 111401, 2730963123
256, 2061415, 471166, 454794, 449489, 466018, 109974, 109974, 27166861
258, 2058790, 449536, 468582, 462865, 444157, 116825, 116825, 2597050959
257, 2066063, 465028, 438442, 433502, 459877, 134607, 134607, 1620884515
259, 2063749, 403712, 487727, 482340, 398826, 145572, 145572, 3946336719
260, 2060918, 408742, 519955, 514446, 403609, 107083, 107083, 4208752495
261, 2064489, 488722, 431189, 426254, 483432, 117446, 117446, 3786244759
262, 2062301, 457916, 459151, 454022, 452586, 119313, 119313, 3895739187
263, 2064735, 410082, 492469, 487255, 405029, 134950, 134950, 3070040300
264, 2063875, 395372, 515811, 510479, 390395, 125909, 125909, 3649361957
265, 2061356, 496695, 417980, 412786, 491361, 121267, 121267, 2329738216
266, 2064011, 494771, 427306, 422484, 489796, 114827, 114827, 1518369750
267, 2064557, 483794, 440739, 435895, 478407, 112861, 112861, 617405810
270, 2063012, 455435, 462452, 457309, 450110, 118853, 118853, 1523422289
272, 2061714, 401537, 521237, 515738, 396486, 113358, 113358, 2751206763
268, 2060203, 473106, 454579, 449252, 467720, 107773, 107773, 3641544434
269, 2062537, 423979, 462031, 456815, 419024, 150344, 150344, 3208506905
271, 2064685, 487593, 405492, 400371, 482271, 144479, 144479, 431675931
273, 2062211, 517257, 397350, 392524, 511936, 121572, 121572, 3670319624
274, 2064986, 392444, 514213, 508926, 387663, 130870, 130870, 858807859
275, 2065001, 462040, 438687, 433390, 456744, 137070, 137070, 4238130207
276, 2063218, 464468, 462586, 457378, 459282, 109752, 109752, 1237416032
278, 2065344, 412613, 501472, 495975, 407630, 123827, 123827, 1172635844
277, 2063686, 489089, 420156, 415191, 483878, 127686, 127686, 99303499
279, 2062187, 487064, 418611, 413548, 481570, 130697, 130697, 311038249
280, 2062171, 449547, 472372, 466941, 444275, 114518, 114518, 2405946470
282, 2063353, 447821, 481639, 476419, 442720, 107377, 107377, 4119562969
281, 2068421, 509249, 404490, 399688, 504210, 125392, 125392, 3457825053
283, 2064859, 458705, 459615, 454597, 453706, 119118, 119118, 3163043035
284, 2063221, 444450, 463036, 457871, 439262, 129301, 129301, 2299974370
285, 2060013, 422111, 485943, 480731, 416874, 127177, 127177, 3548560986
286, 2061491, 409177, 511817, 506327, 404050, 115060, 115060, 391055797
288, 2062737, 444342, 474723, 469716, 439020, 117468, 117468, 2373715772
287, 2064404, 534513, 389629, 384708, 529094, 113230, 113230, 4115985500
289, 2061952, 464544, 464455, 459217, 459386, 107175, 107175, 1641765388
290, 2064848, 430594, 493468, 488290, 425670, 113413, 113413, 3966289239
291, 2061235, 542128, 372255, 367203, 536669, 121490, 121490, 2203914466
292, 2064127, 453015, 453613, 448644, 447733, 130561, 130561, 1972833266
295, 2064766, 443262, 467438, 462181, 438261, 126812, 126812, 3579087266
296, 2066223, 410650, 516658, 511307, 405796, 110906, 110906, 2358239054
294, 2062972, 471809, 444508, 439426, 466429, 120400, 120400, 2916283080
293, 2063107, 505810, 396255, 391091, 500319, 134816, 134816, 2522679947
297, 2064078, 483208, 424695, 419642, 478061, 129236, 129236, 3018497349
298, 2061477, 465849, 454959, 449641, 460664, 115182, 115182, 3399792717
300, 2062383, 502270, 409627, 404582, 496814, 124545, 124545, 1240856545
299, 2063514, 407066, 512606, 507327, 402057, 117229, 117229, 1410669751
302, 2061284, 435947, 457240, 451900, 430863, 142667, 142667, 1474152435
301, 2064448, 467016, 461806, 456453, 461735, 108719, 108719, 373485167
304, 2061665, 462145, 462405, 457265, 456864, 111493, 111493, 3761874470
303, 2060440, 445906, 477303, 471954, 440851, 112213, 112213, 4174170805
305, 2061172, 356030, 572620, 566987, 351167, 107184, 107184, 187175670
308, 2062204, 458227, 478903, 473410, 453038, 99313, 99313, 1503201736
307, 2065096, 487069, 440779, 435837, 481841, 109785, 109785, 3490642816
309, 2062256, 415456, 471029, 465807, 410344, 149810, 149810, 289562684
306, 2062967, 437349, 468436, 463175, 432429, 130789, 130789, 2896594498
310, 2062329, 476906, 435449, 430138, 471726, 124055, 124055, 322656751
311, 2067142, 463536, 451260, 446239, 458525, 123791, 123791, 2052727632
312, 2062254, 429191, 461551, 456362, 424198, 145476, 145476, 2142148778
316, 2063597, 477753, 436659, 431640, 472435, 122555, 122555, 3245112946
314, 2064920, 435745, 476433, 471313, 430773, 125328, 125328, 2032944895
313, 2062333, 501805, 409339, 404322, 496371, 125248, 125248, 3408511046
315, 2063998, 480651, 426821, 421649, 475373, 129752, 129752, 781403117
317, 2065281, 492338, 437328, 432246, 487029, 108170, 108170, 2261456278
319, 2066623, 448839, 457454, 452358, 443694, 132139, 132139, 3161024827
318, 2065002, 455521, 464660, 459632, 450473, 117358, 117358, 3938701536
320, 2063309, 509550, 412630, 407599, 504438, 114546, 114546, 3423200291
321, 2063127, 435998, 498186, 492770, 430853, 102660, 102660, 428509520
322, 2062794, 533922, 378844, 373773, 528521, 123867, 123867, 747824321
323, 2064963, 439957, 478386, 473305, 434729, 119293, 119293, 430405117
324, 2060451, 426163, 488917, 483500, 421187, 120342, 120342, 1832168961
325, 2064892, 429599, 487980, 482707, 424494, 120056, 120056, 10450152
328, 2066444, 414966, 503293, 498229, 410014, 119971, 119971, 239186520
327, 2062504, 449212, 434961, 429763, 443956, 152306, 152306, 907082022
326, 2063800, 434928, 477535, 472174, 429789, 124687, 124687, 2127402799
330, 2063491, 430906, 479076, 473667, 425792, 127025, 127025, 226390620
329, 2060630, 472892, 431849, 426758, 467841, 130645, 130645, 805358666
331, 2064490, 445913, 466592, 461352, 440755, 124939, 124939, 4070195634
332, 2060054, 457259, 454644, 449258, 451903, 123495, 123495, 4025919452
333, 2064831, 419409, 484332, 479025, 414465, 133800, 133800, 2054492534
336, 2063612, 459697, 472130, 466739, 454532, 105257, 105257, 1551089131
334, 2062011, 432271, 493672, 488397, 427309, 110181, 110181, 1821722362
335, 2066966, 456317, 466148, 461240, 451381, 115940, 115940, 3162049020
337, 2065578, 476279, 464148, 459055, 471212, 97442, 97442, 4171986105
341, 2063940, 385414, 521870, 516462, 380456, 129869, 129869, 1653204638
340, 2063212, 453545, 467730, 462702, 448571, 115332, 115332, 2184585326
339, 2063701, 454873, 449472, 444471, 449567, 132659, 132659, 955681467
338, 2065495, 457241, 428573, 423595, 452196, 151945, 151945, 3091048082
343, 2062588, 382697, 537120, 531784, 377779, 116604, 116604, 450417127
344, 2062647, 477854, 445796, 440447, 472592, 112979, 112979, 1461430245
342, 2064499, 504703, 431490, 426460, 499428, 101209, 101209, 3219530881
346, 2065086, 430794, 470281, 465132, 425705, 136587, 136587, 1857437459
345, 2063076, 437767, 478003, 472721, 432367, 121109, 121109, 1319889221
347, 2065159, 424181, 496339, 491485, 418966, 117094, 117094, 1090454555
348, 2064059, 444417, 452540, 447523, 439339, 140120, 140120, 1667523989
350, 2062221, 423276, 494019, 488403, 418291, 119116, 119116, 3711215996
349, 2066086, 468118, 457063, 452145, 463044, 112858, 112858, 2328389370
351, 2062302, 430690, 487233, 482163, 425488, 118364, 118364, 767534776
352, 2064683, 479687, 436150, 430943, 474439, 121732, 121732, 206951630
353, 2060389, 464179, 441693, 436437, 459002, 129539, 129539, 1435337406
354, 2064814, 439058, 473163, 467904, 433897, 125396, 125396, 4233381721
355, 2062627, 469443, 444108, 439035, 464379, 122831, 122831, 487124144
356, 2061403, 469912, 439309, 433955, 464411, 126908, 126908, 3383824370
357, 2065074, 440378, 476919, 471796, 435321, 120330, 120330, 283151944
358, 2059006, 487067, 431225, 425799, 481897, 116509, 116509, 2631743387
359, 2065586, 457457, 467406, 462350, 452413, 112980, 112980, 1765775597
360, 2063545, 470237, 445409, 440290, 464927, 121341, 121341, 2014209963
361, 2062754, 431089, 500485, 495011, 425989, 105090, 105090, 3973980432
363, 2064568, 415265, 494927, 489425, 410429, 127261, 127261, 1752943455
365, 2064176, 455263, 464319, 459097, 450195, 117651, 117651, 3152351696
362, 2068331, 505168, 423300, 418232, 499845, 110893, 110893, 2152111933
364, 2061622, 453870, 461225, 456000, 448931, 120798, 120798, 4062816594
368, 2062768, 433277, 497652, 492272, 428221, 105673, 105673, 4204049850
367, 2062555, 464045, 464814, 459546, 458886, 107632, 107632, 576299339
366, 2061423, 410336, 497665, 492347, 405171, 127952, 127952, 121024787
369, 2063529, 416609, 503447, 498146, 411495, 116916, 116916, 2883424985
370, 2061874, 414748, 486709, 481184, 409609, 134812, 134812, 4266342903
371, 2064120, 485948, 419333, 414341, 480538, 131980, 131980, 2970114151
372, 2063156, 397289, 537634, 532357, 392370, 101753, 101753, 2385786106
373, 2066038, 450778, 477821, 472801, 445546, 109546, 109546, 2761075822
375, 2062097, 454928, 454494, 449334, 449615, 126863, 126863, 2749094010
374, 2064827, 499211, 424754, 419704, 494118, 113520, 113520, 350350818
377, 2065774, 378109, 531971, 526575, 373371, 127874, 127874, 3211489669
376, 2066358, 498888, 418007, 413131, 493636, 121348, 121348, 1842550708
379, 2063564, 468425, 446978, 441766, 462993, 121701, 121701, 403709157
378, 2064442, 472461, 445365, 440254, 467452, 119455, 119455, 1319533772
380, 2063656, 439034, 478832, 473580, 434046, 119082, 119082, 519413532
381, 2066062, 506047, 420530, 415101, 500914, 111735, 111735, 1485020632
382, 2063467, 403168, 499146, 493589, 398392, 134586, 134586, 4222964498
384, 2064293, 417456, 506900, 501527, 412352, 113029, 113029, 2548768219
383, 2062366, 483724, 436573, 431380, 478399, 116145, 116145, 1926040376
385, 2066642, 480638, 427122, 422049, 475433, 130700, 130700, 1415489374
386, 2064409, 448603, 458935, 454068, 443357, 129723, 129723, 1041783242
387, 2063180, 501278, 416258, 411394, 495976, 119137, 119137, 20380859
388, 2064657, 536712, 393117, 388401, 531207, 107610, 107610, 856540965
389, 2064085, 559040, 364378, 359679, 553516, 113736, 113736, 1197968168
390, 2069132, 486185, 422136, 417352, 481121, 131169, 131169, 762414980
392, 2064075, 401039, 505201, 500007, 396176, 130826, 130826, 1555696550
391, 2066983, 501935, 410568, 405515, 496819, 126073, 126073, 784999289
393, 2065421, 452127, 472700, 467439, 446871, 113142, 113142, 2932588195
394, 2059348, 493493, 417851, 412837, 488019, 123574, 123574, 2742555160
395, 2064280, 482922, 416612, 411451, 477553, 137871, 137871, 2976126115
396, 2065176, 409650, 512260, 507074, 404762, 115715, 115715, 2914914261
398, 2063408, 464173, 448391, 443163, 459021, 124330, 124330, 2399707899
399, 2062650, 458765, 469516, 464368, 453577, 108212, 108212, 771459684
397, 2062985, 428344, 454503, 449239, 423381, 153759, 153759, 3249711732
400, 2062819, 455616, 471803, 466598, 450532, 109135, 109135, 2938510482
401, 2063308, 489039, 434627, 429533, 483711, 113199, 113199, 3198401024
403, 2062294, 436488, 477914, 472431, 431393, 122034, 122034, 4070516536
404, 2063228, 424639, 476196, 470864, 419743, 135893, 135893, 1604961523
402, 2063213, 517818, 401005, 396147, 512449, 117897, 117897, 2305096845
405, 2064242, 448218, 466642, 461507, 443065, 122405, 122405, 425052073
406, 2063483, 427094, 485021, 480007, 422083, 124639, 124639, 374679490
407, 2063947, 444065, 472555, 467201, 438860, 120633, 120633, 671022712
408, 2065940, 453062, 471920, 466871, 448029, 113029, 113029, 2200633654
409, 2067126, 445654, 471712, 466661, 440685, 121207, 121207, 1630829297
411, 2062576, 456390, 470035, 464508, 451161, 110241, 110241, 3761614283
410, 2062897, 530023, 389218, 384333, 524549, 117387, 117387, 4156041157
412, 2063080, 457142, 444772, 439804, 452096, 134633, 134633, 1947278825
413, 2063087, 479820, 444923, 439940, 474532, 111936, 111936, 2614325431
415, 2063084, 487817, 426022, 420685, 482640, 122960, 122960, 1682074227
414, 2064007, 428653, 484748, 479540, 423566, 123750, 123750, 2061960965
416, 2060227, 467942, 449714, 444381, 462752, 117719, 117719, 528835572
417, 2065234, 483056, 432229, 427211, 477638, 122550, 122550, 113935737
418, 2065975, 478602, 456921, 451904, 473336, 102606, 102606, 761986883
419, 2066679, 499556, 418211, 413390, 494208, 120657, 120657, 388902760
420, 2064899, 502652, 405343, 400437, 497301, 129583, 129583, 4052969344
422, 2062162, 429727, 492833, 487376, 424488, 113869, 113869, 2990610074
421, 2059153, 506867, 409852, 404610, 501294, 118265, 118265, 4160775403
423, 2064175, 490116, 448098, 442757, 484874, 99165, 99165, 2106653120
424, 2066006, 447041, 459810, 454735, 441812, 131304, 131304, 971412732
425, 2063186, 477058, 421823, 416929, 471610, 137883, 137883, 505808879
426, 2062035, 456683, 442935, 437933, 451616, 136434, 136434, 3159975812
427, 2063141, 496462, 407786, 402662, 491421, 132405, 132405, 2121522667
428, 2063996, 416749, 499854, 494459, 411752, 120591, 120591, 2688103371
429, 2061368, 501426, 413216, 408049, 495871, 121403, 121403, 412089319
430, 2062562, 438557, 484874, 479763, 433374, 112997, 112997, 1250511830
431, 2064485, 427186, 498534, 493347, 422142, 111638, 111638, 1933131387
432, 2064747, 505728, 422061, 416985, 500571, 109701, 109701, 399666796
434, 2066119, 387172, 536050, 530856, 382309, 114866, 114866, 1068802394
433, 2066390, 440420, 456977, 452151, 435346, 140748, 140748, 1234499571
435, 2063248, 409982, 478682, 473465, 404723, 148198, 148198, 1127522874
436, 2063696, 445081, 466834, 461753, 440036, 124996, 124996, 4082604886
437, 2061284, 440765, 460352, 455091, 435530, 134773, 134773, 3399193245
439, 2060529, 430020, 477890, 472604, 424875, 127570, 127570, 3632783497
438, 2063829, 493701, 437070, 432119, 488529, 106205, 106205, 159539929
440, 2064535, 465535, 443162, 438328, 460536, 128487, 128487, 1852843467
441, 2062600, 467314, 450280, 444906, 462236, 118932, 118932, 831467224
443, 2063959, 445797, 481042, 475922, 440774, 110212, 110212, 728153721
442, 2064227, 430733, 490353, 485301, 425678, 116081, 116081, 1794008255
444, 2062766, 452126, 472074, 467047, 446831, 112344, 112344, 3230300549
445, 2063328, 454833, 460127, 454850, 449658, 121930, 121930, 3026687834
446, 2062373, 421899, 505231, 499663, 416814, 109383, 109383, 3595422897
447, 2061832, 455560, 446560, 441288, 450366, 134029, 134029, 1626660348
451, 2063812, 497848, 422572, 417512, 492576, 116652, 116652, 2542080935
449, 2062248, 474343, 445513, 440476, 469118, 116399, 116399, 1037877971
448, 2065087, 485020, 435387, 430492, 479854, 117167, 117167, 1913675166
450, 2061485, 502122, 422114, 416830, 496749, 111835, 111835, 4031299960
452, 2066260, 465165, 467049, 462133, 460063, 105925, 105925, 3340510249
453, 2063240, 450671, 452271, 447153, 445541, 133802, 133802, 299510551
454, 2062920, 488651, 429406, 424424, 483549, 118445, 118445, 675294908
455, 2064204, 433089, 496339, 490964, 428082, 107865, 107865, 1738840267
456, 2064887, 427521, 500565, 495286, 422705, 109405, 109405, 256631582
457, 2061077, 520634, 411625, 406387, 514963, 103734, 103734, 3146123790
459, 2061375, 427041, 488578, 483156, 421992, 120304, 120304, 2208493639
458, 2062120, 461872, 439169, 433870, 456633, 135288, 135288, 2195202134
462, 2062543, 470324, 432422, 427215, 464906, 133838, 133838, 3898335029
460, 2065398, 431026, 485439, 480157, 426010, 121383, 121383, 1162133451
461, 2065049, 436386, 462814, 457995, 431088, 138383, 138383, 3108649518
463, 2064052, 481260, 434210, 429171, 476083, 121664, 121664, 1206275767
464, 2064115, 485328, 440355, 435157, 480069, 111603, 111603, 598046946
465, 2062885, 450261, 465744, 460718, 445076, 120543, 120543, 1698797784
466, 2060509, 420141, 498475, 493117, 415066, 116855, 116855, 1444248050
467, 2059778, 442134, 463025, 457729, 436800, 130045, 130045, 3054756142
468, 2063927, 441172, 466875, 461627, 436185, 129034, 129034, 1113937323
469, 2059743, 484555, 433949, 428725, 479094, 116710, 116710, 35955482
470, 2063934, 491987, 437962, 432688, 486603, 107347, 107347, 356981672
471, 2063410, 466590, 455526, 450204, 461276, 114907, 114907, 899695536
475, 2062633, 404427, 504331, 498885, 399374, 127808, 127808, 2245594199
476, 2065616, 460266, 462485, 457302, 455273, 115145, 115145, 1393477763
474, 2067405, 486570, 409214, 404330, 481657, 142817, 142817, 877736211
473, 2064256, 491513, 412663, 407609, 486407, 133032, 133032, 3299648282
472, 2066812, 507119, 413433, 408546, 501950, 117882, 117882, 357081514
477, 2065044, 445646, 468481, 463393, 440278, 123623, 123623, 933685895
478, 2061556, 484066, 441356, 435986, 478810, 110669, 110669, 592916033
479, 2062371, 502523, 398312, 393506, 496910, 135560, 135560, 2846950588
480, 2061275, 483212, 451950, 446928, 477953, 100616, 100616, 2172727164
481, 2062216, 499832, 418818, 413387, 494615, 117782, 117782, 2442044154
483, 2061778, 501960, 419328, 414207, 496881, 114701, 114701, 4200710839
482, 2065580, 495353, 417524, 412746, 490037, 124960, 124960, 1975655510
484, 2062430, 421559, 490607, 485337, 416563, 124182, 124182, 2382718792
486, 2067346, 440394, 457826, 452625, 435269, 140616, 140616, 2686783208
487, 2060160, 478177, 432540, 427311, 472854, 124639, 124639, 3775137391
485, 2064665, 445886, 471979, 466690, 440692, 119709, 119709, 2426161262
488, 2065001, 497841, 432319, 427417, 492520, 107452, 107452, 3010742544
490, 2060260, 438507, 469886, 464413, 433276, 127089, 127089, 2156115189
489, 2062700, 470515, 448677, 443394, 465350, 117382, 117382, 3038451146
492, 2063133, 443250, 468540, 463254, 438021, 125034, 125034, 2360759384
491, 2062657, 469040, 461958, 456879, 463720, 105530, 105530, 1848389995
493, 2062533, 385023, 539220, 533685, 379993, 112306, 112306, 1935977293
494, 2064923, 445872, 478112, 473085, 440812, 113521, 113521, 2222803451
495, 2064276, 481802, 449773, 444673, 476464, 105782, 105782, 4018692099
496, 2061125, 458443, 464396, 459148, 453218, 112960, 112960, 3085715890
498, 2061467, 443708, 470483, 465128, 438284, 121932, 121932, 3570907210
497, 2063075, 467596, 460810, 455624, 462519, 108263, 108263, 2930620679
499, 2064743, 441942, 458081, 452969, 436629, 137561, 137561, 311711550
500, 2062257, 444337, 474277, 469038, 439067, 117769, 117769, 223209726
501, 2062498, 508589, 416773, 411786, 503318, 111016, 111016, 1032096225
502, 2063065, 531209, 380935, 375901, 525628, 124696, 124696, 1150170524
504, 2059880, 434102, 466631, 461271, 428940, 134468, 134468, 1817763335
503, 2061695, 464632, 456449, 451125, 459429, 115030, 115030, 3410525678
505, 2062979, 475132, 417397, 412463, 469997, 143995, 143995, 730417351
506, 2062005, 432689, 490124, 484875, 427621, 113348, 113348, 2743664468
507, 2062851, 507963, 412976, 407930, 502476, 115753, 115753, 1131016591
508, 2063043, 489574, 442705, 437432, 484222, 104555, 104555, 1656294695
509, 2060265, 462141, 446364, 440965, 456985, 126905, 126905, 3227161867
511, 2059875, 391209, 516798, 511316, 386216, 127168, 127168, 1182430128
510, 2067839, 462874, 453567, 448596, 457774, 122514, 122514, 1226451520
512, 2064149, 461439, 459041, 453914, 456151, 116802, 116802, 3314090045
513, 2064287, 502484, 412303, 407460, 497210, 122415, 122415, 2775031984
514, 2064299, 450828, 475300, 469867, 445800, 111252, 111252, 4218415629
515, 2064668, 455565, 466877, 461731, 450479, 115008, 115008, 3907277666
516, 2065691, 436444, 496428, 490941, 431426, 105226, 105226, 2491847091
517, 2063840, 453173, 461119, 456015, 448433, 122550, 122550, 2372833866
518, 2061618, 482157, 411389, 406296, 476966, 142405, 142405, 4272171978
519, 2065756, 516419, 410028, 405022, 511307, 111490, 111490, 2077821340
520, 2063446, 501001, 413630, 408634, 495919, 122131, 122131, 3845516184
521, 2064814, 372808, 553382, 547974, 368008, 111321, 111321, 3671512938
522, 2062674, 468334, 443367, 438208, 463271, 124747, 124747, 1638534929
523, 2062366, 472996, 445090, 440047, 467605, 118314, 118314, 1262333874
524, 2062554, 527989, 389819, 384821, 522703, 118611, 118611, 1669582098
525, 2062852, 430690, 486374, 480893, 425527, 119684, 119684, 3473834879
526, 2063390, 462179, 461182, 456122, 457137, 113385, 113385, 2297663912
527, 2059471, 494678, 407856, 402721, 489058, 132579, 132579, 1921019486
528, 2060053, 444183, 468025, 462646, 439005, 123097, 123097, 965256153
530, 2065891, 470827, 432721, 427508, 465627, 134604, 134604, 3254705151
529, 2063853, 486215, 437523, 432598, 480991, 113263, 113263, 4282172463
531, 2061651, 450948, 457683, 452308, 445910, 127401, 127401, 459234385
532, 2062673, 513613, 414040, 409083, 508081, 108928, 108928, 1232085939
534, 2063492, 461771, 460530, 455264, 456733, 114597, 114597, 1255108547
533, 2066218, 426084, 499471, 494496, 421167, 112500, 112500, 567434431
535, 2064701, 422334, 483270, 478026, 417385, 131843, 131843, 4069902034
536, 2066744, 447338, 454019, 449059, 442322, 137003, 137003, 3224914898
537, 2060126, 422320, 482483, 477190, 417355, 130389, 130389, 3067958581
539, 2064708, 455290, 458257, 453042, 450191, 123964, 123964, 1643226154
538, 2064545, 427010, 481183, 475907, 421997, 129224, 129224, 1715389484
540, 2064686, 455071, 465847, 460789, 450057, 116461, 116461, 1642433101
541, 2066086, 481757, 431418, 426368, 476557, 124993, 124993, 2651984467
544, 2065211, 429100, 492363, 487078, 424110, 116280, 116280, 737691871
542, 2064640, 449599, 467579, 462507, 444727, 120114, 120114, 2390327882
543, 2064270, 486046, 431938, 427037, 480811, 119219, 119219, 273198587
545, 2065411, 403818, 517196, 511920, 398829, 116824, 116824, 1426823050
546, 2062483, 478296, 445275, 440135, 472957, 112910, 112910, 3391321272
547, 2063549, 482601, 448833, 443754, 477371, 105495, 105495, 824790807
548, 2063576, 454791, 451835, 446711, 449577, 130331, 130331, 1161945809
549, 2064461, 428954, 484699, 479153, 424039, 123808, 123808, 3955478520
550, 2065480, 465541, 432903, 427977, 460353, 139353, 139353, 4161518372
551, 2061689, 498011, 415324, 410110, 492542, 122851, 122851, 2698549349
552, 2061087, 431535, 500097, 494879, 426368, 104104, 104104, 2000989260
553, 2061983, 507359, 411264, 406153, 501853, 117677, 117677, 3333868991
554, 2063109, 464315, 449550, 444436, 459064, 122872, 122872, 1277501390
556, 2064279, 457386, 464164, 459015, 452138, 115788, 115788, 2147724511
555, 2060114, 501556, 423528, 418233, 496207, 110295, 110295, 2193313135
558, 2067265, 419078, 484658, 479490, 414053, 134993, 134993, 2758317288
557, 2062406, 463234, 432436, 427356, 458136, 140622, 140622, 2095086330
559, 2065586, 462372, 454623, 449580, 457153, 120929, 120929, 3482795060
560, 2065633, 471022, 457167, 452072, 466042, 109665, 109665, 3363307597
561, 2062226, 460209, 448537, 443310, 454998, 127586, 127586, 568790370
562, 2061072, 439173, 479160, 473469, 433742, 117764, 117764, 2773545812
563, 2066302, 460964, 460429, 455279, 455858, 116886, 116886, 4240524149
564, 2060903, 498450, 405472, 400245, 492994, 131871, 131871, 1374259800
566, 2063936, 442502, 465038, 460008, 437388, 129500, 129500, 1921016715
565, 2063742, 501203, 428254, 423248, 496251, 107393, 107393, 3847174379
567, 2062299, 461583, 441184, 436130, 456506, 133448, 133448, 120215038
568, 2062230, 439165, 445152, 439942, 434101, 151935, 151935, 832350480
569, 2062912, 477817, 448906, 443794, 472461, 109967, 109967, 1668151809
570, 2062523, 455935, 452292, 447451, 450729, 128058, 128058, 2625629512
571, 2060652, 438550, 468926, 463772, 433330, 128037, 128037, 1167984194
572, 2065760, 483572, 441476, 436574, 478566, 112786, 112786, 4239342721
574, 2062512, 438574, 472463, 467076, 433583, 125408, 125408, 3411111739
575, 2059643, 382573, 528874, 523219, 377533, 123722, 123722, 3201641939
573, 2062228, 447660, 455750, 450605, 442443, 132885, 132885, 2327245958
576, 2062935, 459153, 457637, 452619, 453954, 119786, 119786, 1133086138
577, 2063148, 389470, 546057, 540428, 384437, 101378, 101378, 108590135
578, 2061898, 451238, 453032, 447877, 446235, 131758, 131758, 3770276988
579, 2062626, 467181, 450194, 445018, 462067, 119083, 119083, 1645286735
582, 2061958, 454650, 433738, 428950, 449332, 147644, 147644, 1157558281
580, 2063605, 450227, 455198, 450023, 445225, 131466, 131466, 4264836646
581, 2066541, 450691, 473782, 468637, 445523, 113954, 113954, 2367084994
583, 2066680, 484788, 434940, 430147, 479619, 118593, 118593, 2444674108
584, 2060829, 496908, 424500, 419217, 491740, 114232, 114232, 2669029077
585, 2066794, 486574, 430374, 425577, 481617, 121326, 121326, 3359375156
586, 2064357, 407176, 516138, 510817, 402406, 113910, 113910, 3546360588
587, 2067751, 426132, 507696, 502373, 421136, 105207, 105207, 354766579
588, 2061028, 416087, 504557, 499110, 410906, 115184, 115184, 2233930755
589, 2063331, 457281, 461590, 456393, 452077, 117995, 117995, 842430686
590, 2063988, 477004, 447987, 443022, 471771, 112102, 112102, 1698824996
592, 2065675, 413432, 516782, 511828, 408087, 107773, 107773, 2299480023
591, 2062680, 481870, 436500, 431286, 476486, 118269, 118269, 3114474616
595, 2064682, 445919, 463899, 458777, 440687, 127700, 127700, 1696436957
593, 2063364, 510689, 413261, 408295, 505389, 112865, 112865, 3609958336
596, 2063829, 454607, 464949, 459827, 449198, 117624, 117624, 3356055387
594, 2061969, 424667, 484367, 479031, 419446, 127229, 127229, 1972374821
597, 2062416, 346851, 555743, 550080, 342182, 133780, 133780, 4246925593
598, 2066327, 429936, 489992, 484590, 425157, 118326, 118326, 3984325995
599, 2062260, 495888, 424599, 419212, 490393, 116084, 116084, 58811782
600, 2064850, 446519, 463747, 458600, 441344, 127320, 127320, 3601280701
601, 2064204, 419711, 508286, 503075, 414520, 109306, 109306, 4032211219
602, 2064799, 416413, 522580, 517555, 411279, 98486, 98486, 1854488517
603, 2062370, 411707, 512405, 507011, 406859, 112194, 112194, 2428241498
604, 2062387, 468224, 454685, 449301, 463085, 113546, 113546, 1977685693
605, 2061986, 475792, 456852, 451587, 470743, 103506, 103506, 116879901
609, 2058930, 420063, 494981, 489473, 414969, 119722, 119722, 3773106903
606, 2064065, 477418, 414305, 409278, 472162, 145451, 145451, 1566258195
608, 2060510, 453572, 456573, 451268, 448205, 125446, 125446, 2093673891
607, 2062965, 439648, 480639, 475498, 434458, 116361, 116361, 916551254
610, 2066082, 442343, 478079, 473010, 437296, 117677, 117677, 828344375
611, 2061835, 487052, 423902, 418916, 481965, 125000, 125000, 3046260562
612, 2061902, 464443, 442977, 437682, 459150, 128825, 128825, 1100943446
613, 2065907, 512877, 407910, 403129, 507623, 117184, 117184, 1745984797
614, 2062806, 454129, 460773, 455675, 448949, 121640, 121640, 381225415
615, 2059376, 475669, 452675, 447353, 470151, 106764, 106764, 1411796724
617, 2062213, 454860, 429629, 424510, 449752, 151731, 151731, 2233259812
616, 2065175, 423198, 488286, 483001, 418196, 126247, 126247, 1190581799
618, 2063537, 507054, 413829, 408724, 501760, 116085, 116085, 2654223481
620, 2068166, 477566, 440607, 435576, 472513, 120952, 120952, 1577394950
619, 2065637, 494118, 418021, 413064, 489108, 125663, 125663, 135769272
622, 2062691, 493122, 432507, 427460, 487646, 110978, 110978, 1052504746
621, 2065052, 481084, 439995, 434918, 475847, 116604, 116604, 2946511995
623, 2064582, 472758, 443814, 438719, 467605, 120843, 120843, 1402550701
624, 2062540, 359413, 554737, 549326, 354620, 122222, 122222, 2156750459
626, 2061480, 462022, 445438, 440056, 456820, 128572, 128572, 705617160
625, 2060999, 456133, 452920, 447824, 450950, 126586, 126586, 3187217252
627, 2064355, 490959, 446599, 441403, 485592, 99901, 99901, 3174929899
628, 2063538, 437652, 457429, 452456, 432503, 141749, 141749, 1795981613
631, 2064352, 486322, 434056, 429024, 481108, 116921, 116921, 2908897294
632, 2062540, 452546, 464366, 459063, 447503, 119531, 119531, 2138323969
629, 2061555, 545663, 387550, 382760, 540316, 102633, 102633, 3578911357
630, 2064880, 431971, 491523, 486397, 427225, 113882, 113882, 1489786825
633, 2062481, 482501, 432824, 427841, 477221, 121047, 121047, 3560255698
634, 2064377, 446722, 457938, 452837, 441376, 132752, 132752, 1046492178
635, 2060601, 449958, 481971, 476482, 444610, 103790, 103790, 3801447351
636, 2065841, 401606, 494917, 489688, 396710, 141460, 141460, 316245434
638, 2063598, 404145, 502545, 497240, 399144, 130262, 130262, 1588392795
637, 2064772, 472942, 447807, 442885, 467658, 116740, 116740, 65708819
640, 2065142, 407943, 522401, 516995, 402797, 107503, 107503, 3754878242
639, 2064619, 443415, 472711, 467536, 438227, 121365, 121365, 2435247209
642, 2061206, 510855, 404470, 399351, 505570, 120480, 120480, 100385337
641, 2066122, 480949, 452643, 447868, 475818, 104422, 104422, 3612601303
643, 2066117, 437617, 478671, 473514, 432417, 121949, 121949, 4033445565
644, 2063894, 423405, 503033, 497811, 418195, 110725, 110725, 1767744762
645, 2063470, 459291, 446340, 441149, 454136, 131277, 131277, 3697702674
646, 2065434, 422949, 500166, 495007, 418116, 114598, 114598, 2574284651
647, 2063266, 435613, 471613, 466451, 430669, 129460, 129460, 1057196292
648, 2064678, 481823, 444784, 439619, 476904, 110774, 110774, 3247358256
649, 2066518, 421436, 487979, 482967, 416548, 128794, 128794, 3007252885
652, 2062482, 458719, 474415, 469043, 453285, 103510, 103510, 2304204908
650, 2062721, 479360, 431167, 426149, 474037, 126004, 126004, 1384753115
651, 2063396, 390784, 529741, 524609, 385928, 116167, 116167, 600049043
653, 2069162, 437100, 476785, 471877, 432230, 125585, 125585, 983908316
655, 2065662, 434343, 496999, 491821, 429317, 106591, 106591, 4274575137
656, 2064851, 482282, 433094, 428058, 477225, 122096, 122096, 3491325324
654, 2060680, 478981, 436772, 431570, 473633, 119862, 119862, 2697730298
658, 2065080, 449687, 453893, 448688, 444724, 134044, 134044, 4034474944
657, 2064861, 483491, 429176, 424195, 478175, 124912, 124912, 3930320063
659, 2064150, 544783, 374079, 369201, 539115, 118486, 118486, 4113909695
661, 2060245, 433390, 494142, 488919, 428046, 107874, 107874, 23589972
660, 2063998, 489817, 414032, 409105, 484630, 133207, 133207, 518805047
663, 2062121, 468302, 458726, 453595, 463342, 109078, 109078, 3313957894
664, 2062231, 459123, 451614, 446375, 453951, 125584, 125584, 2776600598
662, 2064573, 431257, 494841, 489638, 426387, 111225, 111225, 3223144169
666, 2062966, 461012, 448572, 443341, 455681, 127180, 127180, 4183277238
665, 2065917, 427588, 504713, 499340, 422738, 105769, 105769, 1981074481
667, 2063534, 473131, 454038, 448700, 467689, 109988, 109988, 348032711
668, 2061785, 451559, 472394, 467114, 446446, 112136, 112136, 2644937271
669, 2062003, 464950, 446181, 441296, 459804, 124886, 124886, 2057537568
670, 2064465, 504528, 409600, 404357, 499390, 123295, 123295, 2962669463
671, 2063144, 454389, 449536, 444580, 449255, 132692, 132692, 3065680908
672, 2063755, 452599, 461960, 456751, 447507, 122469, 122469, 1984493801
673, 2064655, 431845, 482863, 477648, 426881, 122709, 122709, 935971885
674, 2063434, 453272, 461396, 456196, 448226, 122172, 122172, 2135748587
676, 2062553, 478385, 422157, 417152, 473311, 135774, 135774, 2199203524
675, 2063799, 519375, 398221, 393220, 513735, 119624, 119624, 3910210050
677, 2066863, 450679, 469164, 464086, 445232, 118851, 118851, 1476356732
678, 2065289, 440866, 469382, 464263, 435932, 127423, 127423, 1885288788
680, 2068755, 462259, 446190, 441380, 457280, 130823, 130823, 2148882098
679, 2064472, 462042, 456330, 451194, 456888, 119009, 119009, 2279685115
681, 2061218, 477787, 441898, 436722, 472443, 116184, 116184, 319785171
682, 2063167, 496687, 429681, 424702, 491591, 110253, 110253, 911855786
683, 2062087, 468968, 454423, 449331, 463691, 112837, 112837, 3992452956
684, 2063687, 461930, 461104, 455834, 456913, 113953, 113953, 1982063952
685, 2063482, 442362, 469104, 464022, 437362, 125316, 125316, 2641170176
688, 2063129, 459411, 453630, 448107, 454187, 123897, 123897, 1904054912
687, 2061996, 460377, 464259, 459107, 455355, 111449, 111449, 2036420962
686, 2063377, 478246, 451578, 446715, 473014, 106912, 106912, 1024955688
690, 2064091, 438750, 462280, 457130, 433603, 136164, 136164, 3576729570
691, 2061846, 433973, 497805, 492131, 428735, 104601, 104601, 1617792421
689, 2066108, 541990, 349032, 344195, 536535, 147178, 147178, 2178935178
692, 2064693, 482744, 421542, 416214, 477435, 133379, 133379, 2253844560
693, 2065249, 497295, 442864, 437786, 491706, 97799, 97799, 3519802166
694, 2061895, 376363, 550561, 545077, 371336, 109279, 109279, 2478158625
695, 2063588, 465301, 461871, 456721, 460149, 109773, 109773, 1759060589
696, 2063699, 426869, 507099, 501651, 421748, 103166, 103166, 1274633261
697, 2067799, 472513, 435351, 430453, 467502, 130990, 130990, 1056608628
698, 2062741, 444413, 480312, 475045, 439315, 111828, 111828, 4074771190
700, 2064709, 399348, 514874, 509629, 394472, 123193, 123193, 739575143
699, 2061543, 419442, 505945, 500472, 414166, 110759, 110759, 1631146914
702, 2061421, 453786, 474070, 468702, 448719, 108072, 108072, 3327412926
701, 2064416, 489999, 429187, 424306, 484996, 117964, 117964, 2567697181
706, 2065050, 447230, 455382, 450051, 442181, 135103, 135103, 1861364758
705, 2062431, 434345, 471578, 466372, 429264, 130436, 130436, 3052609849
703, 2064092, 469480, 431743, 426857, 464130, 135941, 135941, 115351233
704, 2063881, 487669, 429548, 424612, 482334, 119859, 119859, 160469050
707, 2062251, 454947, 473295, 467946, 449545, 108259, 108259, 1874188403
708, 2061743, 424512, 483575, 478429, 419445, 127891, 127891, 2850247766
711, 2061846, 443039, 483555, 478060, 437782, 109705, 109705, 1836102791
709, 2064084, 480171, 451835, 446692, 474826, 105280, 105280, 2274477700
710, 2066310, 443529, 465266, 460165, 438432, 129459, 129459, 874389598
712, 2059968, 426731, 493618, 488452, 421443, 114862, 114862, 1896221054
713, 2066679, 440707, 467130, 461887, 435625, 130665, 130665, 3710597749
715, 2066333, 382480, 534820, 529364, 377605, 121032, 121032, 670949056
714, 2065240, 475259, 425674, 420448, 470379, 136740, 136740, 2513115285
716, 2063725, 454292, 443778, 438617, 449212, 138913, 138913, 2803185629
718, 2063653, 474807, 442881, 437924, 469603, 119219, 119219, 4138752540
717, 2064751, 445332, 472760, 467773, 440350, 119268, 119268, 2649434454
719, 2064474, 452017, 462620, 457202, 446771, 122932, 122932, 337901293
720, 2060810, 421036, 497239, 491935, 415948, 117326, 117326, 1860011296
723, 2064081, 430784, 464531, 459529, 425819, 141709, 141709, 4136252999
724, 2064775, 440832, 486770, 481445, 435722, 110003, 110003, 2299589184
722, 2064678, 439711, 464202, 459062, 434539, 133582, 133582, 3307770523
721, 2066774, 532833, 398621, 393696, 527624, 107000, 107000, 808119386
725, 2065531, 481035, 423538, 418316, 475740, 133451, 133451, 2669729185
726, 2060848, 438231, 483790, 478594, 432875, 113679, 113679, 1147662115
727, 2063065, 444778, 471226, 465848, 439723, 120745, 120745, 144246245
729, 2064454, 398573, 500650, 495258, 393767, 138103, 138103, 2968733752
728, 2062758, 494521, 409725, 404727, 489531, 132127, 132127, 1556047874
730, 2060634, 444891, 468495, 463333, 439623, 122146, 122146, 1732597808
731, 2063036, 411651, 508213, 503034, 406810, 116664, 116664, 3149783189
732, 2063036, 418651, 501355, 496122, 413448, 116730, 116730, 3501630843
734, 2062218, 459113, 448333, 443107, 454049, 128808, 128808, 3011706973
736, 2062392, 401158, 520718, 515307, 396071, 114569, 114569, 670414177
737, 2063479, 376425, 538997, 533481, 371346, 121615, 121615, 2170178180
735, 2068453, 476101, 444587, 439662, 471065, 118519, 118519, 3814609022
733, 2062057, 489806, 402587, 397584, 484660, 143710, 143710, 3317643574
739, 2063588, 493420, 435696, 430693, 487969, 107905, 107905, 4084272937
738, 2063073, 432940, 485319, 480035, 427729, 118525, 118525, 3051515563
740, 2064207, 475605, 423064, 417933, 470467, 138569, 138569, 3102382579
742, 2062964, 384130, 550292, 544873, 379165, 102252, 102252, 3225985963
741, 2063071, 409145, 487506, 482133, 403939, 140174, 140174, 3822071805
743, 2065019, 462133, 443319, 438132, 456945, 132245, 132245, 3843515432
745, 2064650, 439100, 471111, 465961, 433980, 127249, 127249, 1198489653
744, 2064747, 366868, 532216, 526720, 362063, 138440, 138440, 2856631727
747, 2062390, 417260, 517302, 511797, 412233, 101899, 101899, 113117324
746, 2061547, 461160, 426639, 421784, 455980, 147992, 147992, 136801138
748, 2063994, 458532, 450960, 445877, 453217, 127704, 127704, 97033946
749, 2060628, 481192, 429745, 424424, 476053, 124607, 124607, 271372492
750, 2064306, 476851, 451962, 446725, 471540, 108614, 108614, 1860193089
751, 2061734, 474780, 448909, 443561, 469424, 112530, 112530, 2975067658
752, 2060053, 438811, 472146, 466975, 433633, 124244, 124244, 201155764
753, 2063848, 469544, 467080, 461582, 464608, 100517, 100517, 1034589909
754, 2064835, 437573, 451040, 445935, 432875, 148706, 148706, 3873615931
755, 2064569, 414050, 513808, 508250, 409021, 109720, 109720, 2667728185
757, 2061727, 457738, 441522, 436286, 452429, 136876, 136876, 3740304230
756, 2064766, 486032, 427768, 422864, 480616, 123743, 123743, 3160221310
758, 2064865, 477085, 435733, 430801, 471886, 124680, 124680, 3777922067
760, 2063023, 470237, 436149, 431018, 464913, 130353, 130353, 1764744383
759, 2064577, 542685, 388372, 383669, 537183, 106334, 106334, 1196717306
762, 2060455, 382851, 506143, 500656, 377783, 146511, 146511, 3803136275
763, 2061585, 485531, 442681, 437439, 480374, 107780, 107780, 358569792
761, 2062021, 468106, 438566, 433396, 462949, 129502, 129502, 496552402
764, 2064263, 430497, 482522, 477221, 425567, 124228, 124228, 868550086
765, 2062001, 473114, 441938, 436537, 467642, 121385, 121385, 439836441
766, 2064054, 423853, 490590, 485439, 418970, 122601, 122601, 2249825843
767, 2061508, 469291, 450636, 445703, 464030, 115924, 115924, 3233922031
768, 2063391, 468672, 460358, 455371, 463558, 107716, 107716, 3026343817
773, 2060955, 410329, 507608, 502177, 405353, 117744, 117744, 2401486282
769, 2062188, 524275, 392538, 387538, 518693, 119572, 119572, 2715032910
770, 2065097, 448006, 472801, 467525, 442995, 116885, 116885, 768110560
772, 2063464, 541675, 386904, 381905, 536534, 108223, 108223, 2489348779
771, 2061859, 410249, 497004, 491883, 405217, 128753, 128753, 3069393087
775, 2066497, 399099, 499731, 494570, 393885, 139606, 139606, 3991169390
776, 2062464, 419757, 479521, 473967, 415023, 137098, 137098, 2069246477
774, 2059884, 483786, 431932, 426756, 478338, 119536, 119536, 816863584
777, 2062174, 434333, 457496, 452228, 429091, 144513, 144513, 530926822
778, 2066024, 395731, 502644, 497501, 390898, 139625, 139625, 3921321503
779, 2063768, 428897, 468574, 463390, 423719, 139594, 139594, 465566685
780, 2065975, 420504, 486751, 481691, 415589, 130720, 130720, 3694201203
782, 2064275, 442636, 482187, 476868, 437670, 112457, 112457, 4026653872
781, 2062644, 482381, 423222, 418140, 476999, 130951, 130951, 2609003964
784, 2067561, 486942, 445863, 440655, 481775, 106163, 106163, 3536688116
786, 2064197, 437463, 493661, 488297, 432302, 106237, 106237, 4027276863
783, 2066872, 504264, 378161, 373137, 498928, 156191, 156191, 2667752512
785, 2063176, 502894, 383949, 379172, 497729, 149716, 149716, 2735505763
787, 2063622, 437361, 470488, 465371, 432260, 129071, 129071, 2554915385
788, 2067170, 396713, 532754, 527379, 391810, 109257, 109257, 3121138249
789, 2062831, 457100, 454120, 448966, 451851, 125397, 125397, 3125087966
790, 2064915, 485025, 432008, 426934, 479914, 120517, 120517, 1421175568
791, 2065537, 372173, 533412, 527833, 367477, 132321, 132321, 378964909
792, 2062815, 460166, 453315, 448072, 455154, 123054, 123054, 2892985016
793, 2064016, 526020, 389343, 384345, 520648, 121830, 121830, 3165083278
794, 2064204, 378296, 544984, 539694, 373408, 113911, 113911, 2941164633
795, 2063363, 449782, 441089, 436124, 444838, 145765, 145765, 953192997
798, 2065112, 445933, 483978, 478781, 440910, 107755, 107755, 3109561545
797, 2066864, 514930, 409717, 404871, 509794, 113776, 113776, 1257199583
796, 2064710, 487796, 431153, 426359, 482472, 118465, 118465, 1143512571
799, 2059817, 501559, 410232, 404983, 496123, 123460, 123460, 641547069
800, 2061392, 446626, 455752, 450508, 441614, 133446, 133446, 3514241108
801, 2066901, 516330, 374343, 369330, 511290, 147804, 147804, 2971239261
802, 2064683, 441933, 480869, 475901, 436844, 114568, 114568, 2888992053
803, 2065024, 473127, 439459, 434445, 467929, 125032, 125032, 3528320987
804, 2064852, 453408, 457705, 452358, 448393, 126494, 126494, 2602647986
805, 2064314, 455890, 468099, 462897, 450784, 113322, 113322, 4188266136
806, 2061375, 490731, 414633, 409325, 485558, 130564, 130564, 1409945316
808, 2062977, 475841, 456112, 451029, 470403, 104796, 104796, 828456852
807, 2063057, 467713, 445102, 440072, 462564, 123803, 123803, 1069452357
809, 2060715, 429550, 468686, 463482, 424253, 137372, 137372, 3482848194
812, 2064628, 455591, 449691, 444738, 450588, 132010, 132010, 846390123
811, 2065259, 473974, 448817, 443781, 468879, 114904, 114904, 1106513539
810, 2060567, 452450, 416226, 410953, 447244, 166847, 166847, 1396800879
813, 2064366, 500545, 413040, 408190, 495159, 123716, 123716, 2212660031
814, 2064844, 430901, 468421, 463116, 425956, 138225, 138225, 730821374
816, 2062340, 447289, 468501, 463331, 442099, 120560, 120560, 1463193152
815, 2066375, 434981, 476625, 471381, 430066, 126661, 126661, 1274715280
817, 2063896, 504207, 415239, 410076, 498778, 117798, 117798, 4141377012
821, 2062809, 484250, 422543, 417380, 479096, 129770, 129770, 3700946069
822, 2057869, 465458, 443239, 437882, 460184, 125553, 125553, 3832379262
818, 2064962, 421181, 472408, 467056, 416135, 144091, 144091, 2426775427
819, 2063007, 478546, 427414, 422230, 473329, 130744, 130744, 4232739682
820, 2067078, 404805, 495318, 490239, 400078, 138319, 138319, 1410500366
823, 2062168, 426466, 478722, 473517, 421407, 131028, 131028, 2046265098
824, 2060718, 420165, 508313, 503083, 415185, 106986, 106986, 3943726389
825, 2061621, 520053, 383815, 378942, 514801, 132005, 132005, 3720436399
826, 2061295, 496089, 420446, 415407, 490835, 119259, 119259, 2984414653
828, 2062168, 422958, 481675, 476431, 417814, 131645, 131645, 4245060522
827, 2062624, 465074, 460254, 455168, 459980, 111074, 111074, 817663220
830, 2062951, 504295, 411201, 406037, 498868, 121275, 121275, 2689841900
831, 2067702, 413588, 504306, 499318, 408586, 120952, 120952, 487279703
829, 2064783, 455296, 475391, 470420, 450230, 106723, 106723, 908350460
832, 2062544, 480921, 420181, 415048, 475688, 135353, 135353, 3047624733
834, 2062285, 448580, 471065, 465544, 443502, 116797, 116797, 4030508894
833, 2060271, 427182, 471209, 465778, 422306, 136898, 136898, 1214583761
835, 2058867, 434674, 465611, 460015, 429461, 134553, 134553, 644343389
836, 2063476, 513848, 415758, 410643, 508519, 107354, 107354, 2306026161
837, 2062080, 480152, 446298, 441102, 474762, 109883, 109883, 404745002
838, 2064558, 466673, 459277, 453938, 461634, 111518, 111518, 2741530419
839, 2061271, 428534, 482860, 477337, 423354, 124593, 124593, 3653110177
840, 2062317, 462729, 468790, 463679, 457287, 104916, 104916, 3049117709
841, 2062702, 426597, 494304, 489047, 421630, 115562, 115562, 1515978664
842, 2062615, 463713, 439946, 434794, 458690, 132736, 132736, 4065272934
843, 2062847, 451339, 477646, 472693, 446007, 107581, 107581, 4279354730
845, 2064240, 500489, 408045, 402930, 495094, 128841, 128841, 2674104214
846, 2062153, 416934, 504075, 498509, 411807, 115414, 115414, 2950479839
844, 2064729, 462545, 470149, 464989, 457426, 104810, 104810, 1635158622
847, 2066886, 487916, 454370, 449358, 482572, 96335, 96335, 3080286125
848, 2059939, 488671, 426965, 421895, 483456, 119476, 119476, 1796235447
849, 2064334, 503153, 401584, 396617, 497868, 132556, 132556, 2291597744
850, 2062648, 441244, 468128, 463037, 435947, 127146, 127146, 2082072299
851, 2060724, 442236, 484419, 479142, 437051, 108938, 108938, 2742357150
852, 2063957, 430438, 490171, 484832, 425474, 116521, 116521, 1450918225
855, 2059804, 476585, 452531, 447302, 471118, 106134, 106134, 3746784545
854, 2064618, 479320, 444237, 439189, 474004, 113934, 113934, 1107096122
853, 2065117, 493757, 418908, 413619, 488715, 125059, 125059, 754886951
856, 2062277, 455054, 443123, 438034, 449808, 138129, 138129, 3958655410
858, 2062342, 521283, 405749, 400719, 515785, 109403, 109403, 807510926
857, 2062298, 461100, 472259, 466918, 455993, 103014, 103014, 4038013862
859, 2064278, 479741, 445300, 440165, 474454, 112309, 112309, 172039988
860, 2066126, 389555, 526590, 521515, 384510, 121978, 121978, 4212761247
861, 2062310, 481562, 438260, 432950, 476286, 116626, 116626, 1479846784
863, 2063042, 488707, 441504, 436295, 483556, 106490, 106490, 3959475793
862, 2063284, 470353, 444124, 439037, 465144, 122313, 122313, 3193471117
864, 2064724, 473008, 445547, 440312, 467897, 118980, 118980, 3995089490
865, 2062849, 467996, 434707, 429494, 462654, 133999, 133999, 2514725668
867, 2063184, 448931, 446583, 441191, 443825, 141327, 141327, 1047642025
866, 2063333, 520399, 396386, 391486, 514944, 120059, 120059, 913203001
868, 2065911, 395090, 536211, 530951, 390045, 106807, 106807, 2230296347
870, 2059256, 446295, 441719, 436428, 441196, 146809, 146809, 893025469
871, 2062910, 388238, 516375, 510947, 383182, 132084, 132084, 3624970796
869, 2064688, 398779, 513942, 508865, 393880, 124611, 124611, 4196291351
872, 2063141, 476578, 444233, 438915, 471225, 116095, 116095, 3558753955
873, 2063129, 476527, 427652, 422494, 471336, 132560, 132560, 2965309917
874, 2059715, 442403, 479185, 473720, 437043, 113682, 113682, 610533211
875, 2064469, 425941, 485146, 479837, 420905, 126320, 126320, 3126371522
876, 2065276, 444388, 478208, 472843, 439593, 115122, 115122, 4056735283
880, 2064071, 449270, 476911, 471859, 444393, 110819, 110819, 165894892
877, 2063069, 487603, 421153, 415880, 482437, 127998, 127998, 861538306
879, 2064742, 455128, 436434, 431431, 449697, 146026, 146026, 813148145
878, 2063871, 486657, 423156, 418203, 481373, 127241, 127241, 4149542280
882, 2065710, 467754, 451170, 446336, 462850, 118800, 118800, 3821266117
883, 2066582, 515757, 403740, 398762, 510643, 118840, 118840, 1652153323
881, 2063755, 415427, 475569, 470385, 410708, 145833, 145833, 1808034551
884, 2061781, 386397, 523180, 517753, 381325, 126563, 126563, 3254921359
886, 2064719, 385001, 511608, 506237, 380137, 140868, 140868, 803996231
885, 2062964, 415021, 493703, 488407, 409895, 127969, 127969, 3439757093
887, 2065503, 478721, 441813, 436742, 473555, 117336, 117336, 4245420443
889, 2063868, 399769, 529176, 523666, 394783, 108237, 108237, 193919281
888, 2059707, 445250, 455625, 450401, 439835, 134298, 134298, 3614692414
890, 2062965, 410644, 502810, 497650, 405497, 123182, 123182, 1078013241
892, 2064640, 443991, 468922, 463781, 438928, 124509, 124509, 1223885491
891, 2063178, 469413, 442529, 437340, 464214, 124841, 124841, 2575610589
893, 2062220, 484864, 415023, 409791, 479820, 136361, 136361, 769440712
894, 2062594, 451453, 468624, 463481, 446190, 116423, 116423, 3624599092
895, 2063114, 506833, 402121, 397135, 501195, 127915, 127915, 2185998823
896, 2064610, 476080, 444617, 439449, 470972, 116746, 116746, 3517644536
898, 2065038, 453655, 470657, 465458, 448564, 113352, 113352, 2363976757
899, 2063483, 425967, 501963, 496587, 421140, 108913, 108913, 3318929903
897, 2063285, 483334, 427884, 422692, 477937, 125719, 125719, 2060956171
900, 2059743, 471933, 452322, 446988, 466448, 111026, 111026, 3248933688
903, 2061556, 374317, 528730, 523239, 369210, 133030, 133030, 3772752103
902, 2065050, 484224, 430021, 425033, 479148, 123312, 123312, 2061531300
901, 2060640, 468019, 451843, 446643, 462857, 115639, 115639, 3581801955
904, 2061259, 436108, 479856, 474742, 431107, 119723, 119723, 2217168772
905, 2060999, 499316, 430949, 425927, 493987, 105410, 105410, 2753024908
907, 2066769, 435109, 502106, 496707, 430031, 101408, 101408, 865395799
906, 2064658, 535946, 389206, 384429, 530515, 112281, 112281, 867695321
908, 2059447, 404962, 500974, 495585, 399860, 129033, 129033, 3956299113
910, 2063968, 521766, 396518, 391594, 516444, 118823, 118823, 4177925503
909, 2064046, 471122, 420853, 415919, 465808, 145172, 145172, 3546140665
911, 2066099, 467702, 432425, 427649, 462335, 137994, 137994, 2926940937
912, 2064414, 449292, 475435, 470482, 444025, 112590, 112590, 2598742873
915, 2064303, 448585, 475148, 469887, 443371, 113656, 113656, 1145624899
914, 2062235, 449230, 460977, 455729, 443889, 126205, 126205, 4111593473
913, 2064723, 527693, 383229, 378434, 522179, 126594, 126594, 1336783487
916, 2060960, 523623, 381824, 377027, 518032, 130227, 130227, 2128226699
918, 2062409, 428574, 483212, 477838, 423273, 124756, 124756, 4216080967
919, 2063997, 452552, 457191, 451855, 447381, 127509, 127509, 471340740
917, 2063383, 492990, 421273, 416282, 487656, 122591, 122591, 1090614860
920, 2062541, 424069, 512360, 507178, 418896, 100019, 100019, 164980771
921, 2066985, 467577, 458312, 453201, 462451, 112722, 112722, 1486186976
922, 2062241, 429804, 489536, 484200, 424549, 117076, 117076, 2255701000
924, 2060895, 434188, 487876, 482410, 428629, 113896, 113896, 1471298796
923, 2063015, 434899, 489612, 484086, 429584, 112417, 112417, 3703126344
925, 2065002, 507539, 414418, 409476, 502315, 115627, 115627, 3331033034
927, 2065109, 392330, 533983, 528558, 387382, 111428, 111428, 2737877951
926, 2063739, 514909, 396766, 391997, 509399, 125334, 125334, 4092698927
928, 2062352, 491768, 428255, 423065, 486694, 116285, 116285, 2316177447
929, 2065245, 438132, 475381, 470320, 432814, 124299, 124299, 2378958101
930, 2061201, 398942, 510045, 504752, 393834, 126814, 126814, 3922610748
931, 2060717, 484744, 447469, 442302, 479562, 103320, 103320, 4009774077
932, 2063467, 481010, 436908, 431853, 475700, 118998, 118998, 3693058680
933, 2063812, 500728, 413582, 408346, 495316, 122920, 122920, 234976200
936, 2062511, 429506, 497525, 492160, 424420, 109450, 109450, 872727212
934, 2065576, 412492, 488671, 483531, 407734, 136574, 136574, 1457282868
935, 2067254, 418601, 511988, 506846, 413603, 108108, 108108, 2390907519
937, 2063943, 444520, 482308, 477271, 439402, 110221, 110221, 3950161057
939, 2065362, 483070, 444040, 438923, 477683, 110823, 110823, 238696003
940, 2061349, 412137, 494576, 489149, 406833, 129327, 129327, 3806186946
938, 2066403, 502477, 417694, 412559, 497343, 118165, 118165, 3674587186
941, 2061466, 437970, 466777, 461417, 432842, 131230, 131230, 427170634
943, 2060706, 434067, 467096, 461569, 428856, 134559, 134559, 2546767260
942, 2063650, 446728, 474926, 469691, 441493, 115406, 115406, 1204553221
944, 2063416, 502657, 407703, 402506, 497388, 126581, 126581, 1717709812
945, 2062198, 524988, 389084, 383799, 519831, 122248, 122248, 3705124073
946, 2062383, 482439, 442596, 437486, 477342, 111260, 111260, 4070249020
948, 2060254, 439358, 469817, 464514, 434205, 126180, 126180, 468592597
947, 2065186, 459451, 460032, 454796, 454461, 118223, 118223, 3185618074
949, 2063419, 491755, 430716, 425922, 486412, 114307, 114307, 2451149445
950, 2059298, 399045, 503410, 498309, 393840, 132347, 132347, 1160426719
951, 2064546, 498289, 412423, 407361, 492877, 126798, 126798, 2575484786
952, 2063365, 496925, 431421, 426185, 491594, 108620, 108620, 34479676
953, 2064851, 453373, 470951, 465787, 448206, 113267, 113267, 1835823180
954, 2061477, 426344, 489503, 484212, 421232, 120093, 120093, 1258642008
955, 2061884, 450852, 458562, 453112, 445578, 126890, 126890, 1038429035
956, 2064645, 456675, 476235, 471104, 451603, 104514, 104514, 881018682
957, 2066567, 492382, 419728, 414786, 487391, 126140, 126140, 99689189
958, 2061822, 471845, 422379, 417113, 466509, 141988, 141988, 3644289004
960, 2063244, 435890, 476154, 470938, 430744, 124759, 124759, 4223219438
959, 2061939, 443005, 462712, 457618, 437958, 130323, 130323, 3644924191
962, 2062743, 432089, 489936, 484699, 426777, 114621, 114621, 3720153670
961, 2064613, 486830, 424599, 419646, 481454, 126042, 126042, 779174742
963, 2063186, 441044, 470893, 465723, 435940, 124793, 124793, 1175392001
964, 2062313, 495899, 418565, 413539, 490310, 122000, 122000, 1782982248
966, 2063440, 369907, 549976, 544220, 365021, 117158, 117158, 988811444
965, 2063415, 438064, 484012, 478916, 432755, 114834, 114834, 3122676368
967, 2064508, 478345, 442056, 436894, 473201, 117006, 117006, 945437437
968, 2063294, 461722, 449129, 443917, 456698, 125914, 125914, 2517215329
971, 2062268, 461020, 450733, 445322, 455881, 124656, 124656, 1416378608
969, 2064328, 472796, 438259, 433178, 467663, 126216, 126216, 29769768
970, 2062185, 380521, 536945, 531682, 375727, 118655, 118655, 635028306
972, 2062505, 444539, 464154, 458904, 439598, 127655, 127655, 3329389991
973, 2065004, 489100, 416650, 411649, 484061, 131772, 131772, 2003052703
974, 2060196, 386419, 527380, 521997, 381266, 121567, 121567, 3136198894
975, 2059811, 401859, 505767, 500306, 396793, 127543, 127543, 2566087548
976, 2061818, 444827, 476587, 471208, 439594, 114801, 114801, 2112590492
978, 2063177, 433634, 484229, 479179, 428615, 118760, 118760, 1001415226
977, 2061071, 476381, 441499, 436262, 471047, 117941, 117941, 230677589
980, 2063615, 424950, 487165, 482006, 419814, 124840, 124840, 124513629
979, 2065579, 508128, 430185, 425258, 502962, 99523, 99523, 4186321919
982, 2060388, 507376, 413611, 408518, 502057, 114413, 114413, 3166485701
983, 2064061, 470277, 436601, 431434, 465135, 130307, 130307, 2480946021
981, 2063341, 408575, 507386, 501924, 403626, 120915, 120915, 1881874719
984, 2063170, 424802, 489150, 483997, 419729, 122746, 122746, 1443727278
985, 2061885, 494258, 419298, 414142, 488689, 122749, 122749, 3541924896
987, 2063715, 446007, 471275, 466247, 440792, 119697, 119697, 111826646
986, 2063241, 502029, 423908, 418750, 496678, 110938, 110938, 3057770842
989, 2066213, 453324, 459241, 454018, 448132, 125749, 125749, 1996459988
988, 2061321, 432862, 504266, 498585, 427644, 98982, 98982, 2255408757
991, 2062070, 418086, 497134, 491893, 412769, 121094, 121094, 654902554
990, 2062038, 426298, 489116, 483658, 421112, 120927, 120927, 1075984204
992, 2061076, 505425, 409613, 404726, 500110, 120601, 120601, 2845141399
995, 2065115, 404669, 507079, 501809, 399910, 125824, 125824, 3702675147
993, 2061984, 447961, 473514, 468450, 442675, 114692, 114692, 4130091916
994, 2062088, 467907, 449533, 444340, 462480, 118914, 118914, 2876300730
996, 2062882, 415236, 500256, 494904, 410028, 121229, 121229, 182660281
997, 2063940, 469213, 450920, 445730, 463769, 117154, 117154, 1185011537
999, 2064690, 452316, 479460, 474344, 447112, 105729, 105729, 3378184394
998, 2060040, 453671, 446339, 441203, 448459, 135184, 135184, 405056095
