sample_id, N_LCC, N_A_1_LCC, N_B_1_LCC, N_A_0_LCC, N_B_0_LCC, N_A_*_LCC, N_B_*_LCC, seed
8, 921559, 141922, 270452, 266155, 137830, 52600, 52600, 3498530838
3, 918570, 213123, 189366, 185055, 208804, 61111, 61111, 165894374
4, 916404, 153164, 251562, 246501, 149035, 58071, 58071, 3444700648
7, 918091, 165553, 237267, 232691, 161386, 60597, 60597, 691164463
11, 919266, 190680, 212215, 207635, 186314, 61211, 61211, 565836654
9, 920325, 209364, 195958, 191850, 204881, 59136, 59136, 1977113817
5, 922678, 166163, 234871, 230384, 162364, 64448, 64448, 4220526358
13, 917036, 215129, 188290, 183850, 210465, 59651, 59651, 2402598542
0, 922889, 187076, 222058, 217874, 183113, 56384, 56384, 3083834426
14, 923901, 148452, 264623, 260535, 144643, 52824, 52824, 4169881210
10, 922324, 235442, 169139, 165131, 230944, 60834, 60834, 209599920
2, 921430, 217668, 190230, 186066, 213046, 57210, 57210, 895127600
15, 924091, 203854, 205988, 202198, 199445, 56303, 56303, 2250101240
1, 927443, 184562, 227573, 223961, 180591, 55378, 55378, 2788316062
12, 917936, 245458, 160798, 156839, 241135, 56853, 56853, 404808305
6, 919639, 246241, 153829, 150009, 241586, 63987, 63987, 1576040251
16, 921873, 153200, 250161, 245932, 149184, 61698, 61698, 1618395383
17, 924606, 164046, 244854, 240530, 159828, 57674, 57674, 2679854440
20, 921575, 293400, 115343, 111545, 288685, 56301, 56301, 3445171747
22, 921690, 146092, 258817, 254631, 142354, 59898, 59898, 871616901
19, 919717, 202167, 197766, 193477, 197749, 64279, 64279, 386710460
25, 923954, 194369, 215629, 211364, 190240, 56176, 56176, 2997148063
27, 919263, 171697, 234675, 230129, 167768, 57497, 57497, 4185019557
18, 920168, 150540, 228128, 224026, 146546, 85464, 85464, 540303608
30, 918826, 199076, 202161, 198171, 194850, 62284, 62284, 580918222
24, 917772, 216888, 181417, 177414, 212363, 64845, 64845, 1723690997
23, 921676, 211147, 192428, 188338, 206981, 61391, 61391, 1795516106
29, 921518, 143814, 258890, 254251, 139895, 62334, 62334, 2278923116
26, 925554, 211126, 199551, 195852, 207041, 55992, 55992, 2583964164
28, 920120, 197786, 199307, 195344, 193413, 67135, 67135, 676155298
21, 919224, 269921, 131793, 127698, 265196, 62308, 62308, 2367754747
31, 917145, 213443, 186636, 182278, 209282, 62753, 62753, 829542039
32, 923287, 192559, 206456, 201904, 188326, 67021, 67021, 482746541
34, 923954, 161909, 244626, 239935, 157954, 59765, 59765, 1206883066
35, 921889, 163054, 239045, 234662, 158962, 63083, 63083, 398527569
37, 918732, 163405, 237887, 233206, 159116, 62559, 62559, 1954858800
33, 920970, 210307, 199449, 195143, 206381, 54845, 54845, 3102321855
38, 919906, 282125, 126806, 122676, 277051, 55624, 55624, 1114280587
36, 921512, 212905, 198071, 193899, 208737, 53950, 53950, 3720700146
41, 920008, 159476, 243546, 239294, 155634, 61029, 61029, 905048835
44, 921709, 197471, 202518, 198409, 193121, 65095, 65095, 3606769083
42, 922413, 173408, 234388, 229842, 169481, 57647, 57647, 2967393188
43, 919550, 162131, 241853, 237337, 158061, 60084, 60084, 3635515247
45, 918172, 240039, 164952, 160877, 235694, 58305, 58305, 2449075082
46, 920751, 239163, 169885, 165826, 234565, 55656, 55656, 457885125
39, 922682, 188591, 219038, 214867, 184756, 57715, 57715, 2165524256
40, 923083, 185046, 221168, 216954, 181175, 59370, 59370, 1904200842
47, 920400, 213905, 194921, 190531, 209613, 55715, 55715, 1922764697
50, 919363, 253093, 148249, 144001, 248478, 62771, 62771, 1785090896
49, 921800, 228331, 170917, 167249, 224025, 65639, 65639, 1653410773
54, 920578, 213324, 192372, 187780, 209132, 58985, 58985, 3701010775
53, 919419, 204044, 194845, 190461, 199811, 65129, 65129, 1919226227
51, 921410, 176132, 232367, 228024, 171757, 56565, 56565, 1294625064
48, 924762, 170570, 238927, 235028, 166989, 56624, 56624, 2320425576
52, 921513, 184328, 221760, 217396, 180079, 58975, 58975, 1393393206
55, 920088, 178108, 222898, 218689, 173879, 63257, 63257, 4282039254
57, 922091, 181292, 215587, 211271, 177327, 68307, 68307, 640789905
56, 919945, 239751, 164811, 160495, 235386, 59751, 59751, 3076270533
58, 921008, 239532, 163365, 159184, 234869, 62029, 62029, 597494777
60, 919376, 200758, 209007, 204605, 196364, 54321, 54321, 3714076424
61, 920826, 201818, 199439, 195467, 197396, 63353, 63353, 429805468
59, 919101, 245497, 150849, 146884, 241299, 67286, 67286, 182934607
63, 919674, 149255, 258200, 253498, 145229, 56746, 56746, 1537222107
62, 922297, 218244, 177036, 173045, 214140, 69916, 69916, 3017426770
64, 917178, 214701, 184718, 180466, 210331, 63481, 63481, 4242320140
65, 921213, 248724, 150496, 146534, 244295, 65582, 65582, 1543666812
67, 920469, 247158, 153204, 148749, 242530, 64414, 64414, 3004901036
66, 920011, 181223, 220018, 215282, 177390, 63049, 63049, 1182329769
68, 923243, 220739, 183351, 178949, 216250, 61977, 61977, 2843248115
69, 922879, 196460, 215101, 210772, 192698, 53924, 53924, 1972334494
71, 925885, 152433, 256693, 252339, 148598, 57911, 57911, 3215329871
72, 923705, 196483, 206467, 202688, 192447, 62810, 62810, 3369109328
73, 918201, 232520, 172406, 167765, 228154, 58678, 58678, 3412579718
70, 919275, 223412, 185431, 181304, 218988, 55070, 55070, 1931001416
77, 921609, 202091, 204969, 200955, 197914, 57840, 57840, 1696217844
74, 920361, 207017, 197204, 193224, 202796, 60060, 60060, 361331054
75, 921096, 234825, 171631, 167949, 230385, 58153, 58153, 2781228086
76, 921845, 247056, 157417, 153731, 242771, 60435, 60435, 1039950702
79, 919322, 212645, 186585, 182467, 207917, 64854, 64854, 3166993894
78, 919289, 222627, 179477, 175467, 218446, 61636, 61636, 2293647209
80, 920548, 160942, 248765, 244534, 156611, 54848, 54848, 929455908
81, 922438, 241403, 161112, 157457, 236752, 62857, 62857, 2411086537
82, 920432, 185743, 217286, 212685, 181756, 61481, 61481, 1996949865
84, 919958, 242626, 163565, 159469, 237814, 58242, 58242, 416593815
83, 922712, 227094, 177047, 173084, 222869, 61309, 61309, 3915117156
85, 920115, 222144, 183172, 178964, 217873, 58981, 58981, 1484356475
88, 923797, 166762, 239242, 235082, 162951, 59880, 59880, 4057101404
86, 921743, 174851, 223443, 219427, 170756, 66633, 66633, 2080275942
90, 918739, 245686, 158169, 153699, 241169, 60008, 60008, 961935582
91, 920427, 220035, 184539, 180337, 215264, 60126, 60126, 2593070263
87, 920911, 199699, 205037, 201173, 195442, 59780, 59780, 378034308
89, 916782, 245951, 156907, 152745, 241319, 59930, 59930, 105469657
93, 916727, 218305, 188270, 184126, 213556, 56235, 56235, 1853010638
92, 925189, 223142, 182254, 178082, 218899, 61406, 61406, 1675339519
94, 923008, 165676, 241235, 237308, 161563, 58613, 58613, 2351616927
95, 918765, 237946, 167145, 162942, 233290, 58721, 58721, 2914257211
97, 917372, 141564, 266672, 261727, 137721, 54844, 54844, 1043769216
96, 920760, 206138, 198709, 194314, 201661, 59969, 59969, 2703750664
98, 919596, 216987, 188908, 184571, 212396, 58367, 58367, 2297802647
99, 920623, 138465, 267088, 262752, 134364, 58977, 58977, 3954135454
100, 916314, 180956, 224001, 219521, 176422, 57707, 57707, 934047565
101, 918755, 281061, 127251, 123185, 276322, 55468, 55468, 3994152653
103, 918955, 105384, 303310, 298187, 101674, 55200, 55200, 2635855443
105, 921161, 253281, 144765, 140860, 248705, 66775, 66775, 1680425872
106, 921592, 224497, 185363, 181087, 220599, 55023, 55023, 1006894659
102, 916378, 289609, 116137, 112168, 285092, 56686, 56686, 1291738296
108, 923006, 173753, 235347, 231167, 169693, 56523, 56523, 3577211844
104, 927108, 225006, 151537, 147836, 220915, 90907, 90907, 73636973
109, 922093, 176196, 230847, 226530, 172014, 58253, 58253, 1904097743
110, 925074, 231335, 175382, 171715, 226986, 59828, 59828, 388222891
107, 918722, 215845, 184949, 180651, 211223, 63027, 63027, 2458097506
112, 925035, 148392, 260012, 255734, 144821, 58038, 58038, 2206405584
111, 922209, 136895, 246872, 242562, 132982, 81449, 81449, 2422298156
114, 921086, 184879, 219080, 214700, 180559, 60934, 60934, 2030022123
117, 920007, 218934, 187298, 182899, 214364, 58256, 58256, 4209298237
115, 923889, 212599, 191484, 187276, 208292, 62119, 62119, 1305263160
113, 918782, 270629, 135575, 131786, 266294, 57249, 57249, 3546419546
118, 924347, 237166, 171313, 167281, 232745, 57921, 57921, 990954731
116, 919767, 170453, 231778, 227463, 166511, 61781, 61781, 4193697498
119, 919370, 239303, 170302, 166201, 234994, 54285, 54285, 16327427
124, 919969, 150788, 254375, 249910, 146394, 59251, 59251, 3711915596
123, 922660, 142663, 269121, 264643, 138817, 53708, 53708, 4082300849
120, 921944, 252399, 157116, 153218, 247743, 55734, 55734, 1298200890
121, 922342, 194889, 214258, 210174, 190731, 56145, 56145, 1542176685
122, 920384, 178788, 230068, 225817, 174755, 55478, 55478, 3003255666
125, 918745, 174477, 220646, 216101, 170261, 68630, 68630, 3553426267
128, 922889, 163962, 246998, 242447, 160174, 54654, 54654, 2983319214
126, 923496, 265455, 146417, 142321, 261021, 54141, 54141, 893984382
129, 917142, 119382, 286274, 281899, 115469, 57059, 57059, 3087663292
130, 920528, 152034, 257256, 252318, 148020, 55450, 55450, 1130922497
132, 918083, 187022, 216453, 212294, 182328, 59993, 59993, 2457648374
127, 922584, 215003, 183342, 179117, 210774, 67174, 67174, 2901967272
131, 922971, 248075, 162291, 158519, 243472, 55307, 55307, 3800404650
133, 923624, 184703, 206837, 202779, 180857, 74224, 74224, 1818977465
136, 919294, 232276, 173462, 169311, 227701, 58272, 58272, 4091109455
135, 919983, 226292, 182836, 178731, 221776, 55174, 55174, 3064996147
138, 921876, 182320, 229147, 224546, 177679, 54092, 54092, 3767703066
137, 914161, 174708, 218059, 213497, 170595, 68651, 68651, 563668472
139, 920963, 187780, 217620, 213667, 183640, 59128, 59128, 3438104877
140, 920683, 240113, 164040, 160079, 235801, 60325, 60325, 465530518
141, 918934, 155218, 252680, 247833, 151211, 55996, 55996, 2698883168
134, 918093, 194205, 205364, 201261, 190095, 63584, 63584, 3843882271
142, 923931, 252715, 155765, 151892, 248205, 57677, 57677, 1733310511
144, 915587, 250715, 153675, 149413, 246182, 57801, 57801, 2707753074
147, 917434, 172652, 229066, 224756, 168800, 61080, 61080, 1347635306
145, 919853, 216337, 188817, 184828, 212011, 58930, 58930, 453771593
146, 919623, 226634, 172124, 168153, 221870, 65421, 65421, 3970795731
143, 920056, 217664, 183378, 179239, 213229, 63273, 63273, 3824876851
148, 923038, 193531, 213200, 209139, 189216, 58976, 58976, 2641696446
151, 920942, 184250, 213953, 209743, 179754, 66621, 66621, 508709800
149, 919973, 164312, 244468, 239843, 160460, 55445, 55445, 1038115772
150, 918923, 226835, 180545, 176340, 222675, 56264, 56264, 4125101572
152, 919244, 145796, 260556, 255816, 141920, 57578, 57578, 804631414
153, 917396, 168598, 233977, 229749, 164424, 60324, 60324, 4133328909
154, 922192, 213785, 195080, 190669, 209636, 56511, 56511, 1972513289
157, 917927, 216211, 188456, 183947, 211825, 58744, 58744, 117773420
155, 919643, 242609, 154175, 150239, 237920, 67350, 67350, 3972062101
158, 926346, 279397, 133531, 129833, 275135, 54225, 54225, 1586982412
159, 921180, 218856, 184333, 180004, 214451, 61768, 61768, 1227050074
156, 922258, 223899, 158103, 154709, 219585, 82981, 82981, 2200682003
160, 920777, 166690, 239412, 235242, 162735, 58349, 58349, 2879604020
161, 923882, 172713, 235465, 231177, 168525, 58001, 58001, 741313156
163, 918566, 195311, 210067, 205792, 190878, 58259, 58259, 2020939260
168, 917873, 242592, 163768, 159371, 237792, 57175, 57175, 2030670830
162, 924244, 267680, 142812, 139266, 263252, 55617, 55617, 3371502408
166, 919351, 202128, 203904, 199772, 197837, 57855, 57855, 1893840979
165, 922354, 153814, 250990, 246114, 150114, 60661, 60661, 445398918
167, 918889, 151868, 238459, 234005, 147639, 73459, 73459, 4292135346
169, 920023, 219001, 185096, 180920, 214870, 60068, 60068, 1831342808
164, 921516, 189073, 220135, 216076, 184602, 55815, 55815, 1484262446
170, 920180, 206559, 200356, 196117, 202510, 57319, 57319, 2472836839
172, 920824, 223830, 187093, 182865, 219666, 53685, 53685, 1658007
173, 917737, 158264, 242924, 238268, 154337, 61972, 61972, 596289777
171, 926363, 190581, 220222, 216389, 186183, 56494, 56494, 4116300368
174, 923211, 147635, 256290, 252010, 143732, 61772, 61772, 1111791016
175, 922343, 186728, 220635, 216081, 182431, 58234, 58234, 1739212582
177, 917603, 270794, 136502, 132430, 265987, 55945, 55945, 2183896048
176, 924019, 212454, 174559, 170492, 208394, 79060, 79060, 1184615333
179, 922062, 213004, 192949, 188860, 208489, 59380, 59380, 3475949939
178, 920692, 207616, 200565, 196473, 203674, 56182, 56182, 1903538183
182, 918220, 185016, 219286, 215129, 180489, 59150, 59150, 2346727092
181, 920150, 207598, 194798, 190536, 203366, 61926, 61926, 1892963739
180, 923206, 235465, 169348, 165458, 231501, 60717, 60717, 1811475667
183, 923627, 260599, 150076, 146446, 256104, 55201, 55201, 3161467922
185, 919934, 168798, 237776, 233505, 164815, 57520, 57520, 3396981487
184, 921204, 136106, 273759, 269334, 132385, 54810, 54810, 1259863345
186, 923639, 122050, 283637, 279048, 118166, 60369, 60369, 676650528
187, 922324, 137881, 271390, 266612, 133991, 56225, 56225, 1068947779
189, 918989, 125799, 273935, 269157, 121508, 64295, 64295, 802180587
188, 918503, 194174, 209260, 205022, 189829, 60109, 60109, 3620904475
191, 920818, 190172, 214276, 209720, 186136, 60257, 60257, 1700686259
192, 920605, 169997, 238586, 233553, 165535, 56467, 56467, 711534972
193, 922729, 236351, 177092, 172696, 232248, 52171, 52171, 2852612387
190, 922963, 181350, 226297, 222212, 177126, 57989, 57989, 1731778380
194, 922748, 226752, 184875, 180671, 222132, 54159, 54159, 1985402920
199, 920182, 154943, 253723, 249061, 151337, 55559, 55559, 2709238769
198, 922254, 251638, 154993, 150928, 247209, 58743, 58743, 209027747
197, 923521, 205333, 202509, 198215, 201188, 58138, 58138, 1105116587
196, 920594, 240434, 168113, 163837, 235992, 56109, 56109, 1889456578
200, 923074, 170751, 242016, 237478, 166873, 52978, 52978, 3942147413
195, 923457, 252853, 155004, 150946, 248432, 58111, 58111, 966553146
203, 918545, 189808, 213584, 209387, 185554, 60106, 60106, 321465731
201, 917842, 121291, 285245, 280843, 117397, 56533, 56533, 200983143
202, 923029, 139678, 270408, 265979, 136090, 55437, 55437, 783889745
205, 922532, 157139, 250890, 246268, 153075, 57580, 57580, 2145728050
204, 918686, 223290, 183599, 179559, 219018, 56610, 56610, 1696758964
206, 920186, 251823, 151486, 147667, 247022, 61094, 61094, 2029580275
207, 923291, 188282, 220862, 216409, 184174, 56782, 56782, 858277316
211, 921093, 115178, 294616, 289896, 111521, 54941, 54941, 2405105537
209, 919866, 157933, 253404, 248708, 153763, 53029, 53029, 2697443425
208, 922052, 235824, 174212, 170149, 231107, 55380, 55380, 3644887402
210, 921500, 198917, 211568, 207539, 194654, 54411, 54411, 941151221
212, 919201, 190828, 199663, 195591, 186417, 73351, 73351, 2385283933
213, 924560, 239808, 170143, 166019, 235816, 56387, 56387, 2348433529
214, 915864, 210850, 187336, 182969, 206423, 64143, 64143, 2813409057
216, 924248, 189945, 216685, 212597, 185777, 59622, 59622, 3064665521
217, 920034, 176920, 217873, 213297, 172836, 69554, 69554, 2323063880
218, 920614, 141464, 266589, 261983, 137726, 56426, 56426, 3464458779
215, 919519, 229141, 174004, 169700, 224558, 61058, 61058, 3752150931
220, 917554, 124995, 281559, 276798, 121094, 56554, 56554, 3670041158
219, 920734, 247546, 154610, 150565, 242839, 62587, 62587, 1675663459
222, 917501, 173017, 232063, 227489, 168892, 58020, 58020, 2239164999
223, 918162, 226022, 172145, 167804, 221011, 65590, 65590, 4026467397
221, 919361, 250318, 148645, 144961, 245791, 64823, 64823, 3376576839
229, 918960, 130970, 269897, 264334, 127087, 63336, 63336, 3998070276
225, 920540, 208449, 198233, 194071, 204219, 57784, 57784, 202728640
226, 920328, 258641, 147465, 143472, 254378, 58186, 58186, 991650527
224, 923374, 247883, 157137, 153348, 243376, 60815, 60815, 2317708131
233, 919244, 205135, 199966, 195796, 200933, 58707, 58707, 4226354569
230, 922328, 215975, 185391, 180871, 211501, 64295, 64295, 402740476
227, 922773, 210972, 189877, 186011, 207077, 64418, 64418, 843179194
232, 918399, 193879, 206709, 202556, 189549, 62853, 62853, 1854569025
228, 924085, 224564, 178469, 174448, 220358, 63123, 63123, 456453534
231, 919631, 286167, 121098, 117170, 281584, 56806, 56806, 3748554460
234, 919105, 228307, 164311, 160115, 223890, 71241, 71241, 1034889824
236, 924990, 223179, 183196, 179091, 219028, 60248, 60248, 586868270
235, 921141, 217529, 164123, 160335, 213400, 82877, 82877, 1445899042
238, 920614, 247930, 150736, 146770, 243926, 65626, 65626, 1543106778
237, 921222, 204542, 195144, 191039, 200359, 65069, 65069, 2474349148
239, 920635, 272273, 127769, 123897, 267684, 64506, 64506, 789744256
241, 919198, 141678, 248970, 244648, 137776, 73063, 73063, 2409057312
240, 921860, 253660, 153580, 149842, 249388, 57695, 57695, 2730944709
242, 921913, 225972, 180921, 176731, 221779, 58255, 58255, 4107106590
243, 921031, 248037, 158827, 154891, 243038, 58119, 58119, 1273103829
246, 919855, 204489, 192169, 187660, 199645, 67946, 67946, 3046794685
244, 921698, 244694, 157415, 153464, 240087, 63019, 63019, 2839366588
245, 925737, 176741, 234400, 230489, 172763, 55672, 55672, 2029841286
247, 921406, 261525, 149774, 145629, 257062, 53708, 53708, 3134974249
248, 918438, 208966, 178794, 174778, 204252, 75824, 75824, 3735739083
249, 921504, 162777, 231321, 227175, 158563, 70834, 70834, 1602242591
251, 923422, 209519, 200637, 196576, 205384, 55653, 55653, 1918883474
252, 920012, 183460, 223663, 219447, 179080, 57181, 57181, 80863953
250, 923100, 265201, 140957, 137040, 260838, 59532, 59532, 1070822225
254, 921159, 284481, 123689, 119862, 279923, 56602, 56602, 1096622804
253, 920513, 122938, 282359, 277712, 119070, 59217, 59217, 2482987802
255, 916876, 210767, 195676, 191376, 206695, 56181, 56181, 449827938
257, 921513, 201623, 205972, 201748, 197234, 57468, 57468, 4239247295
258, 921088, 238113, 166425, 162722, 233356, 60236, 60236, 4167619668
259, 919787, 220762, 173045, 169255, 216239, 70243, 70243, 1606569009
256, 920217, 251712, 156809, 152777, 247111, 55904, 55904, 3041477374
262, 918805, 168721, 235314, 231007, 164177, 59793, 59793, 1466392908
261, 923430, 123531, 279134, 274591, 119982, 63096, 63096, 1408174492
264, 921143, 185002, 219864, 215625, 180432, 60110, 60110, 490111670
260, 921714, 160926, 243254, 239456, 156906, 60586, 60586, 2002441987
265, 923214, 165082, 236989, 232916, 161135, 63546, 63546, 1342766862
267, 921251, 160399, 248801, 244123, 156482, 55723, 55723, 2276926958
263, 917567, 250716, 148988, 144729, 246882, 63126, 63126, 2684518655
266, 925609, 207807, 199683, 195592, 203589, 59469, 59469, 1862497794
268, 922159, 213960, 190564, 186528, 209381, 60863, 60863, 3117717911
270, 923146, 211173, 193751, 189615, 206811, 60898, 60898, 167012557
269, 919100, 269543, 139251, 135568, 264732, 55003, 55003, 2733312040
271, 919758, 181828, 222994, 218330, 177740, 59433, 59433, 214349130
272, 920362, 203529, 203764, 199384, 199337, 57174, 57174, 628198417
273, 921873, 204075, 195963, 191949, 199888, 64999, 64999, 1862859658
274, 924823, 198396, 212442, 208352, 194193, 55720, 55720, 1636390816
275, 920856, 240575, 167213, 163261, 235703, 57052, 57052, 4242741989
276, 920627, 204271, 200670, 196563, 199863, 59630, 59630, 1925576852
279, 921713, 184013, 220923, 216497, 179566, 60357, 60357, 307991717
277, 918787, 288226, 112515, 108640, 283950, 62728, 62728, 43355944
280, 921510, 258204, 141440, 137291, 253707, 65434, 65434, 1559967792
278, 923555, 294331, 114502, 111008, 289706, 57004, 57004, 2508837272
281, 920801, 194746, 189398, 185532, 191073, 80026, 80026, 3201411445
283, 920463, 191885, 217093, 212472, 187737, 55638, 55638, 2420851524
285, 919291, 227125, 179063, 174736, 222839, 57764, 57764, 1936895382
286, 917950, 138353, 270290, 265301, 134278, 54864, 54864, 1393860620
282, 918640, 215114, 180635, 176705, 210626, 67780, 67780, 3846091252
287, 927523, 156783, 250231, 245402, 153029, 61039, 61039, 2534322930
284, 922127, 258316, 152567, 148402, 253828, 54507, 54507, 1924735254
288, 919973, 288385, 122447, 118589, 284164, 53194, 53194, 3777213931
292, 917187, 177290, 228069, 223260, 172936, 57816, 57816, 3380260549
289, 923976, 238918, 164884, 160861, 234729, 62292, 62292, 4074811968
290, 922249, 204268, 199713, 195605, 199933, 61365, 61365, 439643371
291, 921230, 244359, 160875, 156800, 239828, 59684, 59684, 718584674
293, 922511, 191712, 214629, 210117, 187569, 59242, 59242, 54476784
294, 921558, 138347, 252669, 248510, 134396, 73818, 73818, 4273580997
295, 918147, 224631, 179262, 175017, 220245, 59496, 59496, 3066748933
298, 920005, 187333, 217349, 213168, 182995, 59580, 59580, 1923213585
296, 921958, 179798, 227555, 223192, 175725, 57844, 57844, 259123330
299, 924199, 215562, 190568, 186669, 211234, 60083, 60083, 2340483451
300, 919230, 144457, 262209, 257589, 140393, 57291, 57291, 3231622396
302, 917682, 157201, 251845, 247092, 153072, 54236, 54236, 4128618984
297, 923988, 230093, 178341, 173863, 225959, 57866, 57866, 2018667086
301, 920486, 220401, 177120, 173154, 216067, 66872, 66872, 2616525747
303, 919464, 188558, 210711, 206484, 184091, 64810, 64810, 3762492469
304, 922286, 212659, 191337, 187271, 207769, 61625, 61625, 2849829290
305, 920847, 231515, 168732, 164970, 226632, 64499, 64499, 3521545095
306, 921450, 119974, 287243, 282472, 116217, 57772, 57772, 1220079798
309, 922298, 182673, 220611, 216710, 178224, 62040, 62040, 386138534
307, 924841, 184920, 221665, 217111, 180957, 60094, 60094, 819216569
308, 921718, 179665, 228791, 224767, 175475, 56510, 56510, 1904000875
310, 917572, 147684, 243796, 239430, 143602, 71530, 71530, 547235507
312, 920106, 134132, 274005, 269022, 130311, 56318, 56318, 3717059256
313, 918773, 174469, 234949, 230078, 170043, 54617, 54617, 4163220214
311, 922195, 104429, 302274, 297807, 100867, 58409, 58409, 2987489246
316, 918316, 192437, 200740, 196459, 188046, 70317, 70317, 3979599453
315, 924013, 232905, 179164, 175192, 228710, 54021, 54021, 799745167
314, 922400, 224587, 188146, 184066, 220193, 52704, 52704, 1451240469
317, 920806, 147100, 261428, 257007, 143257, 56007, 56007, 3445926522
319, 919192, 198776, 203073, 198686, 194721, 61968, 61968, 4068693182
318, 921683, 197486, 208569, 204155, 193421, 59026, 59026, 2865508257
320, 921933, 221864, 182556, 178017, 217536, 60980, 60980, 3593693545
321, 920693, 232956, 169340, 165452, 228229, 62358, 62358, 400162367
325, 920026, 175252, 224309, 220015, 171038, 64706, 64706, 628932643
324, 924252, 180849, 216599, 212119, 176871, 68907, 68907, 3182259666
322, 919985, 220767, 179265, 175089, 216388, 64238, 64238, 71027688
326, 918853, 274788, 131268, 127028, 270027, 57871, 57871, 2435080868
329, 921877, 118260, 289707, 284941, 114323, 57323, 57323, 3897776185
323, 928342, 197496, 211032, 206639, 193123, 60026, 60026, 1914186502
328, 922446, 254427, 154853, 150785, 250169, 56106, 56106, 1659251660
327, 924513, 218770, 188257, 184476, 214720, 59145, 59145, 2340156457
332, 921425, 103972, 305279, 300391, 100325, 55729, 55729, 2870145779
330, 924885, 249344, 156693, 152846, 244882, 60560, 60560, 3084040761
333, 921281, 157979, 240986, 236744, 153856, 65858, 65858, 154766071
335, 923789, 153800, 249461, 244918, 149972, 62819, 62819, 2315285060
331, 923602, 219072, 190676, 186821, 214625, 56204, 56204, 2796036366
334, 920783, 240451, 165230, 161453, 235965, 58842, 58842, 332271267
337, 923503, 197530, 202663, 198454, 193610, 65623, 65623, 1431414268
336, 921824, 216723, 187559, 183663, 212381, 60749, 60749, 4208001268
340, 922005, 165126, 243826, 239599, 160892, 56281, 56281, 66693294
343, 917789, 249383, 148828, 144752, 244712, 65057, 65057, 2571957461
339, 920082, 214914, 180993, 176887, 210166, 68561, 68561, 415619807
342, 919189, 188125, 216533, 212345, 183730, 59228, 59228, 3211375619
338, 921833, 169710, 227514, 223566, 165321, 67861, 67861, 4270728726
341, 916672, 267412, 136371, 132379, 262892, 58809, 58809, 611878253
344, 921856, 215478, 193819, 189911, 211022, 55813, 55813, 2026770585
345, 920312, 260161, 135496, 131181, 255456, 69009, 69009, 2453035319
346, 922602, 239383, 161846, 158017, 235582, 63887, 63887, 655762930
347, 919723, 227034, 175614, 171590, 222769, 61358, 61358, 1918559898
349, 920720, 219625, 186022, 182040, 215367, 58833, 58833, 3830324351
348, 917280, 155196, 247242, 242944, 150836, 60531, 60531, 2952313360
350, 917130, 201585, 199465, 195049, 197595, 61718, 61718, 1447710353
351, 917856, 185073, 220431, 215873, 180821, 57829, 57829, 3153644662
352, 919134, 222302, 181381, 177067, 218094, 60145, 60145, 3749435443
353, 921168, 213956, 194364, 190085, 209729, 56517, 56517, 704562123
359, 920369, 211949, 189452, 184789, 207317, 63431, 63431, 2128870333
354, 917798, 246598, 150021, 145795, 242278, 66553, 66553, 868607861
358, 919175, 177933, 223656, 219394, 173896, 62148, 62148, 1920617154
356, 919717, 242643, 162789, 158750, 238393, 58571, 58571, 1990736713
355, 926000, 243808, 154404, 150748, 239548, 68746, 68746, 388421714
360, 920360, 265482, 142937, 138649, 260798, 56247, 56247, 47366264
357, 923448, 235520, 165997, 162254, 231505, 64086, 64086, 723424187
362, 919447, 138726, 259498, 255027, 134730, 65733, 65733, 666300151
361, 924086, 229259, 176662, 172693, 225034, 60219, 60219, 2362443712
364, 920966, 217726, 189037, 184746, 213445, 58006, 58006, 297397557
363, 920307, 187149, 200552, 196054, 183068, 76742, 76742, 3026026614
366, 921440, 226417, 183998, 180004, 222201, 54410, 54410, 3989550046
368, 920720, 158134, 254140, 249527, 153853, 52533, 52533, 3897271025
365, 921216, 260486, 148362, 144667, 256211, 55745, 55745, 341246628
367, 917358, 242798, 164953, 160928, 238295, 55192, 55192, 794836020
371, 919500, 171942, 233928, 229816, 167666, 58074, 58074, 375568089
369, 920565, 240629, 167572, 163507, 236253, 56302, 56302, 1583609295
370, 919395, 236714, 169882, 165888, 232049, 57431, 57431, 2338116270
373, 919239, 175705, 227832, 223682, 171674, 60173, 60173, 3172412926
372, 919383, 199952, 204414, 200314, 196211, 59246, 59246, 3850635852
375, 921505, 177009, 231072, 226537, 173091, 56898, 56898, 1728387389
374, 924079, 203840, 202934, 198921, 199220, 59582, 59582, 1192060930
376, 920492, 233656, 165392, 161500, 229088, 65428, 65428, 3558709720
377, 922285, 167024, 238093, 233606, 162850, 60356, 60356, 1913555058
379, 921927, 182989, 226573, 222219, 178894, 55626, 55626, 4187652047
378, 924420, 221081, 187109, 183004, 216872, 58177, 58177, 63282796
380, 922366, 231349, 174689, 170552, 227078, 59349, 59349, 2864503345
381, 921900, 257790, 150860, 146817, 253439, 56497, 56497, 582464361
383, 919960, 141772, 266698, 261351, 137683, 56228, 56228, 1206394793
384, 919402, 177734, 226514, 222414, 173400, 59670, 59670, 734304436
385, 921393, 167085, 241191, 236654, 162883, 56790, 56790, 518070595
382, 920043, 218916, 177885, 173874, 214828, 67270, 67270, 569425475
387, 921755, 248383, 155458, 151535, 243335, 61522, 61522, 1854769545
386, 921462, 186358, 214610, 210277, 182347, 63935, 63935, 1450406205
392, 918906, 180362, 221188, 216390, 176232, 62367, 62367, 3992533170
390, 919397, 174415, 220391, 215745, 170556, 69145, 69145, 2258527959
388, 919192, 239119, 165609, 161765, 234395, 59152, 59152, 3250309647
391, 918191, 192837, 213168, 208886, 188326, 57487, 57487, 3473004009
389, 922140, 196331, 210621, 206562, 192232, 58197, 58197, 1023147106
393, 917447, 225390, 181418, 177007, 220736, 56448, 56448, 2828131385
395, 924119, 199967, 212216, 208041, 195833, 54031, 54031, 3602805861
394, 922791, 284605, 123186, 119852, 279588, 57780, 57780, 2320329514
397, 923691, 233803, 169746, 165793, 229229, 62560, 62560, 979304550
396, 917690, 146058, 259131, 254656, 142145, 57850, 57850, 2253744495
399, 921138, 273683, 135037, 130892, 269656, 55935, 55935, 1460558982
398, 920209, 177089, 226478, 222352, 172966, 60662, 60662, 356948757
400, 917204, 196602, 199328, 195132, 192042, 67050, 67050, 913475342
403, 920133, 174700, 227853, 223535, 170479, 61783, 61783, 2640717286
402, 923991, 259644, 148626, 145065, 254548, 58054, 58054, 1681052434
401, 920494, 239498, 161109, 156827, 235104, 63978, 63978, 3784808725
406, 921371, 162521, 247078, 242697, 158351, 55362, 55362, 1439419837
405, 920047, 195325, 213599, 209099, 191232, 55396, 55396, 2108904939
404, 920086, 178155, 223292, 218909, 173620, 63055, 63055, 3041493705
407, 921168, 190838, 213574, 209253, 186419, 60542, 60542, 2145667664
409, 924543, 174293, 232645, 228365, 170312, 59464, 59464, 552996522
408, 921649, 180133, 224880, 220839, 176231, 59783, 59783, 3697069093
410, 922573, 188805, 214188, 209559, 184821, 62600, 62600, 542188171
411, 917709, 179993, 219866, 215487, 175993, 63185, 63185, 701344318
413, 920621, 270513, 133201, 129372, 266015, 60760, 60760, 1073079973
414, 922046, 185390, 223060, 218809, 181073, 56857, 56857, 337878314
415, 921617, 164645, 243278, 238602, 160948, 57072, 57072, 762601701
412, 917415, 220798, 138072, 134111, 216108, 104163, 104163, 3199433462
417, 924387, 249473, 155542, 151471, 244993, 61454, 61454, 504781061
416, 922773, 252234, 155950, 152189, 247954, 57223, 57223, 1130251694
418, 921993, 227748, 179722, 175652, 223235, 57818, 57818, 586340897
420, 921931, 168328, 234252, 229841, 164356, 62577, 62577, 1990414770
419, 920217, 226782, 157151, 153310, 221924, 80525, 80525, 2970927344
421, 920536, 247223, 160339, 156393, 242709, 56936, 56936, 2015442337
423, 920072, 137784, 266280, 261955, 133977, 60038, 60038, 3001381464
422, 918434, 215640, 189977, 186161, 211344, 57656, 57656, 537368358
424, 920486, 222327, 183892, 179564, 217591, 58556, 58556, 4057309986
425, 921400, 217910, 180190, 176318, 213220, 66881, 66881, 1848325244
426, 919243, 183615, 218831, 214358, 179637, 61401, 61401, 1198191519
427, 923527, 190325, 214956, 210363, 186275, 60804, 60804, 266518372
428, 921492, 263349, 140726, 136822, 258629, 60983, 60983, 4168948397
429, 922781, 251188, 154218, 150051, 247030, 60147, 60147, 647700776
430, 915081, 168333, 229778, 225179, 164121, 63835, 63835, 957096653
431, 920753, 130526, 265162, 260630, 126781, 68827, 68827, 214087941
433, 920581, 269570, 138464, 134334, 264909, 56652, 56652, 1679549348
434, 921396, 218901, 190211, 185768, 214688, 55914, 55914, 404779243
432, 920981, 257032, 153400, 149725, 252740, 54042, 54042, 2998708316
435, 919001, 165682, 237815, 233395, 161525, 60292, 60292, 2052887962
438, 919865, 153644, 252896, 247823, 149666, 57918, 57918, 3556997728
437, 921465, 288345, 121811, 118121, 283788, 54700, 54700, 438956485
439, 921278, 206810, 198218, 193964, 202474, 59906, 59906, 104093147
441, 917834, 241515, 157418, 153236, 236915, 64375, 64375, 3134366924
436, 922840, 205708, 184090, 180013, 201815, 75607, 75607, 2226010638
442, 919935, 213972, 192212, 188016, 210057, 57839, 57839, 2934305952
443, 920034, 252028, 156882, 153063, 247597, 55232, 55232, 2159271483
440, 918863, 227369, 175519, 171576, 222631, 60884, 60884, 2824804572
445, 924151, 180168, 227511, 223451, 175985, 58518, 58518, 2098319314
444, 922923, 234644, 171385, 167358, 230592, 59472, 59472, 949616368
447, 920726, 194549, 210983, 206735, 190487, 58986, 58986, 1537751038
446, 920148, 294981, 111038, 107143, 290590, 58198, 58198, 4264250806
448, 915698, 219462, 185359, 181170, 214999, 57354, 57354, 3028147807
452, 922665, 218467, 186885, 182917, 214206, 60095, 60095, 316013039
453, 922813, 223929, 183669, 179671, 219362, 58091, 58091, 272432871
454, 916693, 223623, 176290, 172105, 219107, 62784, 62784, 976023992
451, 920359, 254217, 149556, 145530, 249914, 60571, 60571, 3202963538
449, 918116, 186937, 205560, 201197, 182886, 70768, 70768, 2779056125
450, 921485, 215044, 194306, 190337, 210586, 55606, 55606, 2071433259
456, 921900, 131865, 276159, 272052, 128136, 56844, 56844, 2686312428
457, 920591, 179983, 226092, 221915, 176049, 58276, 58276, 671866568
455, 920717, 171859, 232195, 228194, 168137, 60166, 60166, 1870689349
458, 920128, 261670, 138108, 134097, 256909, 64672, 64672, 2719739028
459, 921752, 217194, 191837, 187589, 212900, 56116, 56116, 2662711585
460, 922009, 175194, 227662, 223448, 171073, 62316, 62316, 2826347569
462, 922993, 181296, 228929, 224598, 177276, 55447, 55447, 1678150044
463, 921017, 205343, 204468, 200185, 201067, 54977, 54977, 3576350522
461, 923423, 234570, 165326, 161375, 229804, 66174, 66174, 1331208994
464, 917707, 179140, 224773, 220376, 174940, 59239, 59239, 1835408596
468, 917682, 173660, 229991, 225386, 169383, 59631, 59631, 1108303301
466, 922416, 185085, 208966, 204812, 180641, 71456, 71456, 1617545043
472, 921273, 141425, 264715, 260139, 137780, 58607, 58607, 1617323898
465, 923493, 240918, 165202, 161321, 236522, 59765, 59765, 3431047278
469, 917644, 197630, 202612, 198459, 193441, 62751, 62751, 2972167503
467, 923278, 207337, 196965, 192570, 203482, 61462, 61462, 1561297622
470, 919547, 264745, 141804, 138140, 260320, 57269, 57269, 1453649818
473, 923118, 194389, 212380, 208658, 190127, 58782, 58782, 1641463844
474, 919635, 133965, 266738, 262197, 129845, 63445, 63445, 3561263695
475, 917502, 158693, 243585, 238971, 154571, 60841, 60841, 864389910
476, 919534, 133034, 266895, 262226, 129189, 64095, 64095, 1531932984
471, 919720, 211871, 197705, 193728, 207378, 54519, 54519, 1987690328
479, 920126, 176813, 228196, 223268, 172877, 59486, 59486, 2441306696
477, 921182, 196723, 194462, 190153, 192612, 73616, 73616, 27283118
480, 923788, 146237, 257140, 252596, 142587, 62614, 62614, 615271309
478, 925145, 256208, 150277, 146792, 252038, 59915, 59915, 2827617232
483, 920519, 221735, 181058, 177010, 216852, 61932, 61932, 2997865545
485, 921452, 226179, 178491, 174426, 221708, 60324, 60324, 3311557123
481, 923084, 213290, 193426, 189389, 209431, 58774, 58774, 3131273567
487, 920255, 193858, 210417, 205972, 189604, 60202, 60202, 3084184130
488, 925368, 252525, 162205, 158339, 248419, 51940, 51940, 1943534071
482, 922577, 194200, 214980, 210732, 189571, 56547, 56547, 3657235807
486, 918876, 249186, 160196, 156207, 244371, 54458, 54458, 2651662102
484, 922115, 234577, 176832, 173130, 229902, 53837, 53837, 2027104589
489, 916513, 214321, 188763, 184469, 209720, 59620, 59620, 1293913383
490, 921755, 254972, 150548, 146688, 250889, 59329, 59329, 216411816
492, 921788, 172263, 237658, 233454, 168323, 55045, 55045, 699908043
491, 920569, 228755, 165779, 161981, 224328, 69863, 69863, 3793881970
493, 919400, 270788, 140036, 136131, 266143, 53151, 53151, 252403884
494, 920597, 219852, 188615, 184534, 215400, 56098, 56098, 3967794963
495, 921272, 234000, 170128, 166080, 229206, 60929, 60929, 1709066749
496, 926347, 184323, 221305, 217189, 180404, 61563, 61563, 2625659300
497, 917120, 197050, 207600, 203138, 192954, 58189, 58189, 2278406415
498, 921956, 145396, 265448, 260804, 141378, 54465, 54465, 2067010618
499, 919323, 202946, 205436, 201198, 198577, 55583, 55583, 4194380827
503, 921113, 249186, 153588, 149672, 244613, 62027, 62027, 894008070
501, 922066, 223903, 182078, 177812, 219403, 59435, 59435, 1027198022
502, 916690, 217446, 187075, 183064, 212987, 58059, 58059, 211126800
504, 921067, 195468, 209048, 204758, 191445, 60174, 60174, 211332875
500, 918107, 291664, 115739, 112030, 287026, 55824, 55824, 2557904757
506, 920612, 195051, 213002, 208956, 190957, 56323, 56323, 3699860464
505, 924971, 177096, 219131, 215153, 173125, 70233, 70233, 2261943598
507, 923565, 199383, 211731, 207625, 195070, 54878, 54878, 1945864655
508, 925153, 148170, 261701, 257367, 144585, 56665, 56665, 1888469425
511, 920119, 191691, 208567, 204162, 187449, 64125, 64125, 3537775823
509, 921883, 185446, 218167, 213753, 181051, 61733, 61733, 3115566396
510, 921017, 193227, 213187, 209088, 189293, 58111, 58111, 1053140462
514, 919402, 168906, 237386, 232797, 164671, 57821, 57821, 700314787
512, 921232, 214382, 192425, 188098, 209943, 58192, 58192, 2373413395
515, 921265, 153418, 255368, 250759, 149414, 56153, 56153, 691803558
513, 919572, 224091, 158262, 153803, 219496, 81960, 81960, 3544256073
517, 921650, 202086, 204855, 200434, 197539, 58368, 58368, 2264875998
518, 921034, 183805, 222821, 218420, 179606, 58191, 58191, 3694964098
516, 925731, 198567, 215328, 211325, 194461, 53025, 53025, 1348599473
519, 919278, 234253, 174904, 171063, 229948, 54555, 54555, 2662347886
520, 919349, 189240, 211886, 207291, 184844, 63044, 63044, 2134894526
522, 922893, 182599, 221809, 217318, 178409, 61379, 61379, 2469347142
521, 918358, 232446, 171387, 167429, 227902, 59597, 59597, 4034387916
524, 918827, 230393, 177060, 172895, 226135, 56172, 56172, 1105919170
523, 921325, 213116, 192683, 188497, 208849, 59090, 59090, 1213700422
525, 916993, 162719, 244921, 240088, 158413, 55426, 55426, 1128574484
526, 918414, 154037, 248696, 244527, 149808, 60673, 60673, 2656502931
528, 920667, 198249, 207967, 203581, 194162, 58354, 58354, 3582428195
529, 919143, 226815, 181168, 176808, 222260, 56046, 56046, 1608166874
527, 917495, 220352, 174538, 170205, 216076, 68162, 68162, 2148266902
531, 918107, 93853, 318961, 313685, 90260, 50674, 50674, 196820425
530, 926923, 165725, 241810, 237348, 162038, 60001, 60001, 1523872719
532, 921330, 186912, 205579, 201037, 182834, 72484, 72484, 553961082
533, 923285, 129768, 276593, 271999, 126075, 59425, 59425, 3382494900
534, 922027, 214165, 186438, 182506, 209756, 64581, 64581, 3941369096
536, 922543, 214128, 186214, 181940, 210335, 64963, 64963, 2842559899
538, 919316, 188673, 209591, 205395, 184319, 65669, 65669, 4175128073
537, 920349, 228467, 168530, 164878, 223914, 67280, 67280, 4284962805
535, 925113, 263959, 149496, 145763, 259637, 53129, 53129, 1014046604
539, 922671, 218959, 182477, 178494, 214425, 64158, 64158, 2032111260
540, 923101, 224089, 182643, 178708, 219895, 58883, 58883, 968718867
542, 919712, 182772, 222191, 217714, 178563, 59236, 59236, 3238956469
541, 921314, 303730, 106284, 102946, 298808, 54773, 54773, 2463130524
547, 916904, 147235, 256976, 252174, 143105, 58707, 58707, 1340615991
543, 922344, 246060, 161803, 157684, 241857, 57470, 57470, 709248857
545, 919373, 253480, 152638, 148283, 249196, 57888, 57888, 1680419337
548, 924125, 99037, 311954, 307345, 95621, 55084, 55084, 1050546770
544, 916187, 233910, 167330, 162851, 229860, 61118, 61118, 2943901362
549, 918871, 143204, 262613, 257879, 139207, 57984, 57984, 642155658
546, 922442, 247824, 163723, 159718, 243641, 53768, 53768, 2004561798
551, 917589, 194094, 204924, 200507, 189898, 64083, 64083, 1336388726
550, 922405, 224816, 184847, 180840, 220184, 55859, 55859, 3684434323
553, 919493, 206219, 195117, 190645, 201734, 62889, 62889, 2612507707
552, 918715, 201529, 194821, 190530, 197171, 67332, 67332, 28278886
555, 923006, 193038, 214826, 210334, 189134, 57837, 57837, 738013365
554, 923185, 193813, 213642, 209530, 189526, 58337, 58337, 1634610738
558, 920097, 208930, 196575, 192305, 204867, 58710, 58710, 427375193
556, 920341, 177202, 225767, 221991, 173053, 61164, 61164, 3312428096
557, 921903, 169838, 235760, 231505, 165886, 59457, 59457, 2853149847
559, 922504, 183365, 216139, 211581, 179095, 66162, 66162, 2533418610
561, 918565, 183040, 218947, 214661, 178737, 61590, 61590, 84695494
564, 917753, 191390, 218267, 214018, 186984, 53547, 53547, 928993903
562, 923631, 223164, 186347, 182246, 218890, 56492, 56492, 702623050
565, 919595, 243415, 157723, 153550, 238511, 63198, 63198, 1943634389
560, 918885, 224779, 173108, 169013, 220521, 65732, 65732, 3712500703
563, 920232, 211294, 196148, 191948, 206832, 57005, 57005, 2713711166
566, 918856, 160317, 244054, 239369, 156120, 59498, 59498, 44083966
567, 920401, 179144, 221162, 216702, 175159, 64117, 64117, 3838020536
568, 921900, 209350, 198914, 194832, 204858, 56973, 56973, 3079937578
574, 921152, 171028, 234268, 229937, 167023, 59448, 59448, 1577781981
570, 918734, 174957, 228876, 224722, 170789, 59695, 59695, 653481628
576, 920882, 175377, 231631, 227301, 171395, 57589, 57589, 2705151898
569, 919134, 203102, 200021, 195721, 198714, 60788, 60788, 4169833897
573, 920455, 201675, 198486, 194338, 197464, 64246, 64246, 1621461116
575, 917690, 184366, 218889, 214144, 180271, 60010, 60010, 1773586849
572, 919932, 225047, 179509, 175424, 220918, 59517, 59517, 3909635911
578, 920901, 137173, 265793, 261242, 133551, 61571, 61571, 3622657762
571, 925669, 240888, 168852, 164947, 236804, 57089, 57089, 4288826175
577, 922114, 240860, 165752, 161785, 236335, 58691, 58691, 1398363878
579, 921333, 131141, 279001, 274314, 127421, 54728, 54728, 2978170174
581, 916244, 159313, 244541, 239900, 155252, 58619, 58619, 3571665308
580, 920308, 135757, 273484, 269187, 131716, 55082, 55082, 1163005894
582, 922204, 258866, 146301, 142427, 254322, 60144, 60144, 1349213863
583, 922053, 236230, 172101, 168051, 231989, 56841, 56841, 1389870498
584, 920297, 231551, 174686, 170398, 227348, 58157, 58157, 3919842669
585, 921982, 240695, 163329, 159421, 235575, 61481, 61481, 1061736769
589, 920266, 193290, 210971, 206335, 189448, 60111, 60111, 1244419025
586, 921421, 221498, 185793, 181843, 217171, 57558, 57558, 2637239516
588, 918761, 150082, 250113, 245757, 145743, 63533, 63533, 3423478490
590, 918637, 215163, 176762, 172391, 210665, 71828, 71828, 1457221683
591, 917390, 159614, 243233, 238560, 155553, 60215, 60215, 2424063220
594, 921168, 126923, 283220, 278172, 123385, 54734, 54734, 3152079545
593, 917722, 219202, 183393, 178745, 214658, 60862, 60862, 2478399774
587, 926555, 255367, 153467, 149387, 251336, 58499, 58499, 3422307363
592, 919268, 254679, 154274, 150196, 250319, 54900, 54900, 2217522677
596, 923321, 210435, 196221, 192094, 206075, 59248, 59248, 1919267563
597, 918819, 230986, 176403, 172318, 226388, 56362, 56362, 1905868566
595, 920731, 234069, 154741, 150650, 229649, 75811, 75811, 1254310928
599, 920638, 190282, 207673, 203190, 185763, 66865, 66865, 229182525
598, 918730, 188507, 203611, 199251, 184511, 71425, 71425, 3262977268
600, 921670, 161531, 244342, 240387, 157348, 59031, 59031, 293598931
603, 922370, 234607, 171591, 167567, 229551, 59527, 59527, 224678403
602, 921611, 263742, 144694, 141024, 259219, 56466, 56466, 771970962
601, 926685, 247162, 163659, 159995, 242761, 56554, 56554, 205593304
604, 921784, 232949, 173235, 169123, 228683, 58897, 58897, 1429887964
608, 919368, 122155, 276035, 271089, 118243, 65923, 65923, 4244368986
607, 919920, 193395, 207035, 202825, 189261, 63702, 63702, 1739306352
605, 924196, 191859, 219278, 215139, 187320, 55300, 55300, 1282892419
606, 923161, 198429, 207167, 203084, 194037, 60222, 60222, 3977401987
611, 924662, 207969, 202899, 198787, 203801, 55603, 55603, 2368991386
609, 923192, 282802, 102015, 98727, 277662, 80993, 80993, 1264809159
610, 924991, 265567, 138317, 134708, 260937, 62731, 62731, 3181065717
612, 924600, 176580, 234500, 230579, 172341, 55300, 55300, 600846369
613, 921956, 137997, 268940, 264893, 134402, 57862, 57862, 3835819162
614, 917533, 248198, 159843, 155719, 243943, 54915, 54915, 2542846857
616, 919428, 190434, 214306, 209986, 186146, 59278, 59278, 108766878
615, 920918, 165703, 240003, 235860, 161296, 59028, 59028, 1654411986
617, 919702, 192000, 213796, 209535, 187653, 58359, 58359, 878047950
618, 917501, 203781, 205400, 201197, 199599, 53762, 53762, 3021574261
620, 918603, 134991, 272994, 268676, 130996, 55473, 55473, 1679054096
619, 922944, 203111, 202704, 198136, 199149, 59922, 59922, 4029304759
622, 921316, 130713, 276255, 271470, 126914, 57982, 57982, 3980726632
623, 923483, 246255, 164038, 160345, 241495, 55675, 55675, 1216507155
621, 924199, 208206, 202179, 198075, 203849, 55945, 55945, 3690357300
628, 919227, 156496, 250689, 246190, 152508, 56672, 56672, 3604607457
625, 922050, 232031, 170360, 166375, 227700, 62792, 62792, 1786175334
624, 914784, 198818, 206047, 201294, 194361, 57132, 57132, 1515506256
626, 923013, 261235, 150192, 146397, 256379, 54405, 54405, 915321981
627, 919839, 177060, 220036, 215407, 172772, 67282, 67282, 1387647417
631, 919412, 163680, 242866, 238063, 159503, 57650, 57650, 685124180
629, 922184, 183362, 228203, 223892, 179129, 53799, 53799, 2787838277
630, 920739, 203746, 197458, 193534, 199489, 63256, 63256, 4032426239
632, 919782, 150775, 253072, 248642, 146695, 60299, 60299, 3568370899
635, 919341, 162658, 245663, 240646, 158542, 55916, 55916, 1287892758
633, 919444, 245860, 165111, 161318, 240833, 53161, 53161, 1404003799
637, 921376, 170869, 236722, 232211, 166904, 57335, 57335, 2241731954
634, 917862, 275202, 133386, 129402, 270508, 54682, 54682, 230276298
636, 920220, 261007, 143439, 139565, 256457, 59876, 59876, 2864025139
638, 924328, 152429, 255501, 251280, 148392, 58363, 58363, 4153469722
639, 928897, 251419, 152349, 148732, 247093, 64652, 64652, 387157208
643, 920262, 237844, 165934, 161938, 233156, 60695, 60695, 1086989450
641, 920879, 168181, 230546, 226487, 163911, 65877, 65877, 3678139078
646, 920889, 222403, 189872, 185364, 218034, 52608, 52608, 2787349235
640, 915914, 201029, 204539, 199680, 197038, 56814, 56814, 2072464701
645, 920616, 252011, 156303, 152252, 247316, 56367, 56367, 586986420
644, 922197, 201416, 206440, 202242, 197337, 57381, 57381, 1125020863
642, 917254, 219795, 190028, 185694, 215009, 53364, 53364, 2474300023
647, 919870, 239565, 165090, 160854, 235017, 59672, 59672, 2720263767
648, 919139, 172963, 233043, 228416, 168605, 58056, 58056, 1581331303
649, 916250, 209762, 191294, 187198, 205338, 61329, 61329, 1161670839
651, 921873, 200757, 210707, 206575, 196820, 53507, 53507, 3055660466
652, 916684, 159494, 244465, 239646, 155201, 58939, 58939, 814382709
650, 923433, 290394, 118001, 114085, 286227, 57363, 57363, 668493511
653, 923045, 217569, 186513, 182559, 213368, 61518, 61518, 758819423
654, 921384, 252171, 154423, 150372, 247716, 58351, 58351, 2551813213
655, 923309, 222746, 183882, 179950, 218445, 59143, 59143, 2675337751
659, 917410, 171474, 230357, 225879, 167330, 61185, 61185, 721449832
657, 917866, 188158, 219702, 214839, 183691, 55738, 55738, 1089204119
656, 920114, 226024, 175760, 171660, 221520, 62575, 62575, 3084382352
664, 921450, 172911, 237059, 232306, 168508, 55333, 55333, 3045194098
660, 920888, 194896, 206086, 201653, 190595, 63829, 63829, 3630279287
662, 919463, 269338, 136802, 133123, 264424, 57888, 57888, 3461313325
663, 920980, 188759, 219815, 215144, 184724, 56269, 56269, 683574487
658, 924042, 217418, 190074, 186241, 213279, 58515, 58515, 4189278464
661, 922918, 224364, 183554, 179488, 220376, 57568, 57568, 3235364414
665, 922326, 207358, 185909, 181737, 203546, 71888, 71888, 3933901506
666, 921488, 155941, 250610, 246049, 151976, 58456, 58456, 52229901
669, 921231, 195601, 211264, 206414, 191352, 58300, 58300, 1722461916
667, 926675, 207784, 205658, 201651, 203598, 53992, 53992, 3355874660
672, 918432, 193451, 204621, 200056, 189464, 65420, 65420, 4209422935
670, 916058, 188494, 210762, 206511, 184005, 63143, 63143, 2576356458
668, 921931, 172151, 229058, 224941, 168341, 63720, 63720, 2242914648
674, 916341, 190014, 204655, 200268, 185566, 67919, 67919, 3361863463
671, 921659, 131274, 270252, 266057, 127374, 63351, 63351, 112973915
673, 919982, 244892, 162061, 158284, 240715, 57015, 57015, 244052892
675, 922468, 181188, 223673, 219248, 177109, 60625, 60625, 119289621
676, 921017, 156331, 255074, 250668, 152358, 53293, 53293, 2533240836
677, 920747, 159880, 234401, 229566, 156034, 70433, 70433, 4252498302
678, 919858, 254889, 154318, 150384, 250289, 54989, 54989, 1427895647
679, 918527, 176794, 223697, 219645, 172731, 62830, 62830, 3356209015
680, 919080, 203507, 198649, 194198, 199118, 61804, 61804, 1899521419
682, 915941, 189112, 211953, 207154, 184518, 61602, 61602, 2282403168
681, 921761, 183022, 225707, 221519, 179051, 56231, 56231, 845515064
683, 918873, 144528, 260191, 255435, 140695, 59012, 59012, 4259705618
684, 923837, 298821, 111619, 108005, 293918, 55737, 55737, 1556503520
685, 921716, 235295, 166612, 162127, 231024, 63329, 63329, 2103484806
686, 920440, 212831, 192846, 188284, 208603, 58938, 58938, 3743142231
689, 921773, 211513, 191677, 186994, 207217, 62186, 62186, 2038557443
688, 917762, 167148, 231714, 227009, 163079, 64406, 64406, 2169052908
690, 920158, 206299, 197393, 192964, 201668, 60917, 60917, 3510021198
694, 926071, 153268, 254534, 249732, 149507, 59515, 59515, 3833565448
687, 922137, 174739, 234537, 230152, 170721, 55994, 55994, 2528647969
692, 921614, 190029, 219867, 215700, 185984, 55017, 55017, 925154762
691, 919829, 208667, 200138, 196087, 204663, 55137, 55137, 28783172
693, 922778, 237438, 173925, 170088, 233043, 54142, 54142, 2122774571
695, 918853, 250591, 155118, 151304, 246258, 57791, 57791, 111717849
698, 924573, 236956, 167008, 163181, 232690, 62369, 62369, 3601330257
697, 921199, 222191, 176514, 172385, 217993, 66058, 66058, 2155563733
700, 918943, 223168, 180077, 175559, 218793, 60673, 60673, 2873842776
699, 917302, 224646, 174673, 170506, 220361, 63558, 63558, 329468507
696, 921240, 147713, 261171, 256412, 144112, 55916, 55916, 368916368
702, 922396, 176786, 228901, 224898, 172301, 59755, 59755, 2671368524
704, 921667, 191900, 217140, 212723, 187800, 56052, 56052, 2014808944
705, 919681, 190523, 211640, 207521, 186127, 61935, 61935, 3553448047
703, 922140, 172947, 221087, 216839, 168903, 71182, 71182, 469897085
701, 919914, 195654, 209556, 204950, 191496, 59129, 59129, 3071935785
707, 920148, 185586, 221077, 216138, 181559, 57894, 57894, 3141046285
708, 922475, 177598, 232044, 227260, 173479, 56047, 56047, 250788597
709, 923186, 232663, 172692, 168982, 228471, 60189, 60189, 134751203
710, 920851, 223984, 181029, 177125, 219729, 59492, 59492, 3711062933
706, 925607, 164934, 239565, 235735, 161171, 62101, 62101, 2995114502
713, 918192, 216887, 189925, 185697, 212515, 56584, 56584, 511683450
714, 916472, 181018, 222573, 218146, 176555, 59090, 59090, 4225196733
711, 920236, 147329, 257557, 253304, 143464, 59291, 59291, 1631854355
712, 923448, 251455, 162037, 158653, 247079, 52112, 52112, 2366137358
717, 919461, 217718, 188161, 183926, 213322, 58167, 58167, 3084333622
716, 923013, 253652, 150519, 146662, 249042, 61569, 61569, 2692416593
715, 922723, 210878, 179290, 175317, 206656, 75291, 75291, 1739863405
720, 918495, 229904, 176109, 171924, 225300, 57629, 57629, 11756878
718, 920739, 206373, 192388, 188403, 202005, 65785, 65785, 1741773101
723, 920150, 164276, 243636, 239149, 160055, 56517, 56517, 3129416938
719, 920742, 256039, 154084, 150333, 251318, 54484, 54484, 2334593360
721, 917400, 200481, 206433, 201664, 196394, 56214, 56214, 3276536499
722, 919353, 210402, 190858, 186757, 205892, 62722, 62722, 3720357548
724, 921896, 145652, 265293, 260676, 142033, 54121, 54121, 412500702
725, 923077, 193895, 213569, 209181, 189704, 58364, 58364, 3707199600
727, 918394, 164214, 235782, 231323, 160059, 63508, 63508, 1543269751
726, 920207, 222078, 175625, 171611, 217923, 66485, 66485, 3114221193
729, 920981, 198555, 206993, 202648, 194453, 59166, 59166, 930253838
728, 922198, 232711, 179082, 174723, 228212, 53735, 53735, 1066875166
730, 919493, 239488, 167814, 163750, 235131, 56655, 56655, 4137482228
732, 914337, 178661, 214526, 210008, 174244, 68449, 68449, 787942404
731, 925296, 240009, 169362, 165771, 235924, 57115, 57115, 3366274668
735, 919687, 160185, 240232, 235631, 156045, 63797, 63797, 1833680584
734, 921218, 174738, 226533, 222022, 170439, 63743, 63743, 4100624612
733, 920552, 234832, 168826, 164567, 230917, 60705, 60705, 885497880
740, 920355, 234910, 170583, 166408, 230056, 59199, 59199, 2001603121
739, 920982, 222587, 181321, 177254, 218072, 60874, 60874, 2278336136
737, 924736, 235281, 175443, 171106, 231140, 55883, 55883, 2438899486
738, 916680, 183472, 219331, 214715, 179424, 59869, 59869, 1168697068
736, 922385, 256519, 152920, 149069, 251513, 56182, 56182, 419812377
742, 920663, 216676, 188844, 184532, 212049, 59281, 59281, 1208941112
743, 921680, 144374, 260265, 255950, 140345, 60373, 60373, 3490301912
741, 921411, 254060, 154626, 150310, 249969, 56223, 56223, 545502401
744, 920922, 240600, 165907, 161769, 236480, 58083, 58083, 3605079971
745, 917290, 247176, 160638, 156666, 242878, 54966, 54966, 3050168569
746, 919667, 236991, 171744, 167857, 232465, 55305, 55305, 2206005676
748, 919163, 229835, 173749, 169373, 225240, 60483, 60483, 2212806254
747, 923280, 183706, 227904, 223813, 179871, 53993, 53993, 1673872928
749, 920216, 195065, 209172, 205070, 190937, 59986, 59986, 1593861802
750, 921560, 250291, 154077, 150026, 245626, 60770, 60770, 3313089005
752, 919463, 219746, 178660, 174404, 215111, 65771, 65771, 3499024220
753, 916707, 216494, 181752, 177476, 211859, 64563, 64563, 3940796621
751, 916733, 229473, 169701, 165467, 225014, 63539, 63539, 85260169
757, 922177, 158681, 250654, 246108, 154500, 56117, 56117, 750251417
755, 920631, 195639, 210324, 206073, 191577, 58509, 58509, 3979447214
754, 921821, 241139, 165008, 161200, 236614, 58930, 58930, 3612996106
756, 919799, 238190, 167363, 163038, 233860, 58674, 58674, 196276615
759, 917918, 207585, 193697, 189112, 203576, 61974, 61974, 3755441828
758, 925410, 228585, 183426, 179417, 223968, 55007, 55007, 4095063144
760, 920372, 185812, 221051, 216969, 181542, 57499, 57499, 2205360394
761, 920647, 218205, 179746, 175758, 213976, 66481, 66481, 2544216600
763, 924368, 127588, 280472, 275698, 123910, 58350, 58350, 1857887146
762, 919605, 203956, 199595, 195244, 199552, 60629, 60629, 3612764849
764, 921330, 180093, 229293, 224856, 176100, 55494, 55494, 3925773289
766, 917908, 189689, 209720, 205049, 185130, 64160, 64160, 1635584696
769, 919982, 173013, 231173, 226450, 168858, 60244, 60244, 575184584
767, 916808, 130836, 276728, 272109, 126677, 55229, 55229, 1392747020
772, 919878, 261590, 145513, 141376, 256875, 57262, 57262, 198611606
774, 918150, 183178, 225829, 221099, 179106, 54469, 54469, 793921801
765, 922060, 214462, 190944, 187009, 209937, 59854, 59854, 480890991
768, 924460, 166773, 234986, 230791, 162958, 64476, 64476, 1298710473
770, 923904, 276816, 134717, 130651, 272132, 54794, 54794, 1427196825
773, 923650, 219963, 187162, 183205, 215950, 58685, 58685, 680938308
775, 916538, 287463, 117830, 113841, 282514, 57445, 57445, 665946822
771, 918249, 233269, 172123, 168041, 229000, 57908, 57908, 3606965940
776, 917856, 221896, 178800, 174650, 217226, 62642, 62642, 1239846597
777, 917234, 226997, 178294, 174083, 222156, 57852, 57852, 246151322
778, 921896, 120983, 286178, 281362, 117267, 58053, 58053, 812729527
780, 919883, 160242, 242423, 237951, 156063, 61602, 61602, 3399946966
779, 917506, 213683, 189089, 184979, 209657, 60049, 60049, 3654525439
781, 922470, 194275, 211129, 206522, 190094, 60225, 60225, 169971844
782, 919498, 128088, 281982, 277362, 124132, 53967, 53967, 3270720300
783, 922242, 279974, 128233, 124302, 275427, 57153, 57153, 4205121443
784, 921545, 201008, 204613, 200154, 196624, 59573, 59573, 2205085609
789, 917659, 208164, 195603, 191513, 203597, 59391, 59391, 2635619093
787, 923282, 249868, 156235, 152206, 245461, 59756, 59756, 2717953803
785, 920032, 238882, 166460, 162604, 234016, 59035, 59035, 712277206
788, 918722, 205641, 196103, 192074, 200934, 61985, 61985, 62516955
786, 922695, 207852, 199896, 195736, 203751, 57730, 57730, 2389864925
790, 922952, 245562, 151825, 148019, 241204, 68171, 68171, 2879090406
792, 920556, 189016, 215424, 210798, 185030, 60144, 60144, 2208805528
791, 921716, 259185, 143292, 138974, 254725, 62770, 62770, 3298430453
795, 919755, 191356, 212444, 207654, 187031, 60635, 60635, 2116063534
794, 922832, 116568, 295852, 291253, 112829, 53165, 53165, 857223861
796, 922525, 241736, 158606, 154801, 237384, 64999, 64999, 1256526288
793, 918436, 198337, 195708, 191348, 193797, 69623, 69623, 1403041793
797, 923510, 215405, 193055, 188946, 211220, 57442, 57442, 1910136909
798, 920547, 221841, 185744, 181540, 217148, 57137, 57137, 4240481705
801, 920919, 201906, 207944, 203750, 197119, 55100, 55100, 638706943
800, 922508, 185055, 211932, 207559, 180840, 68561, 68561, 1143133289
805, 916131, 207818, 196772, 192407, 203766, 57684, 57684, 1508436859
799, 922183, 227611, 181476, 177390, 223508, 56099, 56099, 3048641730
804, 917661, 148354, 250750, 245651, 144356, 64275, 64275, 1912747675
802, 922177, 226730, 181406, 177428, 222521, 57046, 57046, 1401729060
803, 917439, 173100, 230317, 225831, 168693, 59749, 59749, 2844392825
807, 919499, 167657, 241976, 237485, 163395, 54493, 54493, 2548594937
808, 919691, 133120, 275096, 270279, 129120, 56038, 56038, 3069159489
806, 919413, 219813, 183892, 179831, 215711, 60083, 60083, 2427419860
810, 919007, 227136, 176560, 172274, 222487, 60275, 60275, 3120648373
811, 923653, 132255, 275793, 270744, 128553, 58154, 58154, 1601578381
812, 921925, 212732, 194806, 190910, 208393, 57542, 57542, 4222636894
813, 922591, 204752, 203092, 199067, 200348, 57666, 57666, 3039906513
814, 916991, 241959, 164800, 160816, 237058, 56179, 56179, 1021450755
809, 922775, 263166, 146678, 142671, 258982, 55639, 55639, 2518998731
817, 917414, 147849, 260210, 255874, 143685, 54898, 54898, 3293047824
819, 920617, 119837, 285602, 281093, 115781, 59152, 59152, 4196947202
815, 924426, 244609, 167285, 163350, 240040, 54571, 54571, 1740204089
816, 921696, 211258, 199988, 195626, 206888, 53968, 53968, 2850722007
818, 921598, 216116, 191847, 187815, 212168, 56826, 56826, 2087387474
822, 927206, 182928, 220429, 216333, 179126, 64195, 64195, 2094812415
820, 921701, 247163, 160393, 156508, 243071, 57283, 57283, 2637519516
824, 919379, 248351, 151513, 147368, 243785, 64181, 64181, 542120871
823, 920024, 177073, 229104, 224677, 173038, 58066, 58066, 2833951326
825, 919055, 169379, 235614, 231470, 165066, 58763, 58763, 4199241803
821, 920603, 228719, 178819, 175103, 224500, 56731, 56731, 3554474871
826, 920827, 207188, 202288, 197815, 203390, 55073, 55073, 2293803685
828, 922546, 254613, 154310, 150243, 249972, 56704, 56704, 60737872
830, 916622, 145265, 254368, 250067, 141090, 62916, 62916, 1653774283
827, 922594, 160556, 244001, 239738, 156467, 60916, 60916, 2425976909
829, 923108, 218590, 182522, 178334, 214066, 64798, 64798, 1885078181
831, 918226, 201308, 185759, 181536, 196993, 76315, 76315, 1699133364
836, 915806, 217459, 182549, 177824, 212862, 62556, 62556, 2681837095
832, 920144, 190457, 214253, 209717, 186267, 59725, 59725, 674184147
833, 920200, 143717, 255892, 251088, 139369, 65067, 65067, 4078117359
835, 921956, 215305, 193119, 188793, 210919, 56910, 56910, 1424157622
834, 922941, 179749, 218551, 214439, 175974, 67114, 67114, 1422460983
837, 922548, 157629, 238615, 234257, 153547, 69250, 69250, 3034152892
839, 923278, 128204, 282505, 277558, 124493, 55259, 55259, 650421780
838, 919989, 186115, 221036, 216960, 181576, 57151, 57151, 674031377
841, 920844, 153909, 248290, 243545, 150194, 62453, 62453, 415404949
840, 921268, 153423, 248782, 244097, 149496, 62735, 62735, 268827674
842, 919322, 149495, 241859, 237604, 145566, 72399, 72399, 827799842
845, 917310, 208546, 197265, 193182, 203741, 57288, 57288, 1601836636
844, 923229, 272816, 138909, 134829, 268423, 54126, 54126, 1996013611
846, 920560, 214538, 186163, 181212, 210345, 64151, 64151, 2083384799
843, 919345, 271010, 136891, 133364, 266180, 55950, 55950, 3543202793
847, 920856, 197742, 211694, 207550, 193292, 55289, 55289, 1503671019
848, 920436, 195197, 214521, 210584, 191208, 54463, 54463, 1496603733
849, 920822, 229444, 177037, 173020, 224891, 58215, 58215, 3762365034
853, 921506, 285102, 122808, 118852, 280578, 57083, 57083, 571626608
851, 925196, 269413, 140745, 136912, 264778, 56674, 56674, 361286087
852, 918084, 168945, 234073, 229444, 164738, 60442, 60442, 1423959438
854, 923385, 136177, 262401, 257626, 132349, 67416, 67416, 3590077430
850, 920702, 180604, 224245, 220078, 176655, 59560, 59560, 1404460975
855, 922565, 247644, 158692, 154414, 243031, 59392, 59392, 1159172208
856, 919503, 192528, 209672, 205588, 187703, 62006, 62006, 1366360291
857, 922802, 295066, 114291, 110553, 290080, 56406, 56406, 2735027153
858, 922132, 180802, 224110, 219864, 176880, 60238, 60238, 2954081621
860, 921589, 204402, 195526, 191558, 200215, 64944, 64944, 508615408
862, 919779, 158477, 245651, 240592, 154697, 60181, 60181, 3749896756
859, 923933, 182774, 227185, 222757, 178917, 56150, 56150, 2066369682
863, 920056, 170071, 237136, 232981, 165650, 57109, 57109, 3148263232
861, 919315, 246796, 151642, 147018, 242533, 65663, 65663, 927124449
864, 923151, 266352, 140890, 136830, 262001, 58539, 58539, 2235868511
865, 918652, 155514, 248661, 244266, 151519, 59346, 59346, 1690547649
869, 918489, 140227, 265852, 260974, 136302, 57567, 57567, 1136379499
867, 922443, 240660, 163874, 160013, 235752, 61072, 61072, 1164643355
871, 919712, 209708, 200057, 195768, 205479, 54350, 54350, 1457599087
870, 918746, 261280, 144068, 140072, 257120, 58103, 58103, 918161371
872, 921268, 222538, 183019, 178928, 218695, 59044, 59044, 1348375239
866, 921138, 243508, 148616, 144828, 239332, 72427, 72427, 702335393
874, 922546, 236901, 173763, 169949, 232501, 54716, 54716, 2388053990
868, 927032, 230035, 179500, 175588, 225993, 57958, 57958, 3408652625
873, 917280, 228294, 163505, 159385, 223482, 71307, 71307, 3447785630
877, 919267, 282579, 122140, 118041, 277343, 59582, 59582, 3439282266
875, 921053, 253123, 154030, 149950, 248564, 57693, 57693, 4155022307
878, 918693, 149180, 258581, 253910, 145078, 55972, 55972, 3937641221
876, 916338, 170287, 236809, 232082, 166202, 55479, 55479, 1337132658
879, 924409, 246000, 167562, 163673, 242034, 52570, 52570, 1362335677
880, 918655, 180893, 223692, 219312, 176724, 59017, 59017, 2630729281
882, 917080, 239821, 169095, 164830, 235026, 54154, 54154, 4149588277
881, 921799, 173750, 222693, 218435, 169673, 68624, 68624, 3814395237
883, 924178, 261597, 149677, 145775, 256999, 55065, 55065, 2483698716
884, 922071, 199441, 211437, 207344, 194999, 54425, 54425, 2067709814
885, 919720, 135625, 264596, 260527, 131584, 63694, 63694, 165931007
888, 918822, 193662, 217173, 212672, 189229, 53043, 53043, 688483281
886, 917857, 169470, 231363, 226788, 165104, 62566, 62566, 1651924273
889, 921166, 245699, 160460, 156507, 241208, 58646, 58646, 3395101463
887, 924738, 228103, 173002, 169130, 223849, 65327, 65327, 2581737589
893, 921231, 240425, 167304, 163431, 235581, 57245, 57245, 3123417463
892, 921487, 279839, 131151, 127325, 274674, 54249, 54249, 919823833
891, 921696, 146325, 264924, 260675, 142328, 53722, 53722, 1157621487
895, 925955, 179300, 226938, 222886, 175185, 60823, 60823, 1278284677
890, 923142, 275505, 133157, 129653, 270821, 57003, 57003, 2318909632
898, 921039, 218272, 186922, 182474, 214159, 59606, 59606, 1172922151
896, 917675, 136978, 268079, 263368, 133068, 58091, 58091, 3466833221
894, 921375, 236731, 155835, 151992, 232451, 72183, 72183, 2250895061
897, 920432, 178402, 224556, 220150, 174162, 61581, 61581, 1757655830
899, 917068, 250706, 155893, 151928, 245639, 56451, 56451, 994314620
901, 924185, 222299, 182178, 178195, 218135, 61689, 61689, 1972049308
900, 918616, 174711, 211516, 207440, 170835, 77057, 77057, 3863782645
903, 924161, 204381, 204953, 200525, 200388, 56957, 56957, 2437941895
904, 921543, 155941, 254005, 249379, 151878, 55170, 55170, 2277488163
902, 920380, 263390, 140153, 136378, 258517, 60971, 60971, 2764604512
905, 923179, 223872, 185454, 181242, 219685, 56463, 56463, 1001644252
906, 919284, 191712, 216440, 212096, 187478, 55779, 55779, 471226106
907, 922150, 213858, 194415, 190237, 209732, 56954, 56954, 818816643
909, 916804, 207177, 198211, 193861, 202449, 57553, 57553, 3645735367
908, 917976, 244230, 151341, 147022, 239325, 68029, 68029, 1008443188
911, 920668, 253310, 155015, 151213, 248614, 56258, 56258, 2299637661
910, 923336, 151019, 255984, 251269, 147036, 59014, 59014, 2830752713
915, 920698, 150781, 256685, 252376, 146794, 57031, 57031, 3742532004
912, 916177, 281556, 123284, 119312, 276509, 57758, 57758, 577906884
913, 922766, 126588, 270845, 266739, 122822, 67886, 67886, 3624466410
914, 922537, 213354, 185776, 181777, 209404, 66113, 66113, 2486356672
916, 921609, 144119, 266547, 262092, 140123, 54364, 54364, 2128838126
918, 918065, 255964, 151706, 147469, 251500, 55713, 55713, 1455979657
917, 921842, 224698, 182251, 178343, 220282, 58134, 58134, 2957850936
921, 920694, 115017, 295248, 290357, 111248, 54412, 54412, 1254294506
919, 923706, 244459, 157163, 152944, 240148, 64496, 64496, 1206654754
920, 921446, 189754, 219495, 215483, 185628, 55543, 55543, 353926302
923, 922475, 106959, 298805, 293269, 103304, 60069, 60069, 4052293526
922, 919608, 269519, 137940, 134023, 264676, 56725, 56725, 1681106040
925, 921519, 178120, 221485, 216858, 173804, 65626, 65626, 355270636
924, 917858, 229555, 171466, 167343, 224998, 62248, 62248, 1794735779
926, 921599, 273455, 132909, 129229, 268770, 58618, 58618, 454746554
930, 922935, 222936, 184498, 180443, 218736, 58161, 58161, 1538025214
928, 920997, 157176, 243370, 238894, 153193, 64182, 64182, 1906146993
929, 921158, 253954, 150084, 145772, 249632, 60858, 60858, 1290883521
927, 922648, 225701, 177980, 173961, 221638, 61684, 61684, 1876119708
935, 917667, 178291, 219132, 214605, 173891, 65874, 65874, 606375914
931, 925036, 230483, 171754, 167712, 226475, 64306, 64306, 316827637
932, 920300, 189194, 215698, 211542, 185182, 59342, 59342, 3828684302
934, 920236, 205856, 202770, 198639, 201903, 55534, 55534, 3938079996
937, 925157, 176697, 230746, 226511, 172247, 59478, 59478, 20370355
936, 918528, 170181, 225071, 220110, 165942, 68612, 68612, 3150785208
940, 918185, 176063, 228916, 224001, 172017, 58594, 58594, 4008997829
939, 921866, 228868, 182983, 179373, 224578, 53032, 53032, 874223928
933, 921861, 282395, 122948, 119436, 277672, 59705, 59705, 3860683485
938, 919878, 242700, 159758, 155824, 237876, 61860, 61860, 3329473643
941, 923873, 226638, 182885, 178997, 222221, 56566, 56566, 2194977315
942, 918578, 211284, 192157, 188094, 206831, 60106, 60106, 2759352957
944, 922855, 231286, 177379, 173156, 226960, 57037, 57037, 1440993233
945, 921434, 197586, 199892, 195663, 193409, 67442, 67442, 985574710
949, 916934, 184863, 218980, 214501, 180448, 59071, 59071, 2798627475
943, 921434, 221254, 183403, 179281, 217006, 60245, 60245, 1058262098
946, 922885, 149164, 244230, 239787, 145212, 72246, 72246, 707228594
947, 921637, 222094, 183558, 179548, 217641, 59398, 59398, 2689135089
950, 917331, 193007, 211346, 206795, 188753, 58715, 58715, 2796428026
948, 924080, 259145, 147027, 142943, 254917, 60024, 60024, 4067125590
952, 921551, 181763, 218486, 214176, 177598, 64764, 64764, 2065896392
953, 921472, 232191, 162840, 158452, 227875, 70057, 70057, 61827868
951, 921951, 206026, 205297, 200718, 201894, 54008, 54008, 1533983598
954, 918605, 186229, 219098, 214970, 181978, 58165, 58165, 1433862398
955, 923652, 196805, 203777, 199812, 193120, 65069, 65069, 760450945
957, 919159, 211921, 192065, 187581, 207506, 60043, 60043, 2799963569
956, 920462, 265109, 132888, 128704, 260569, 66596, 66596, 4172820591
959, 917520, 198823, 205481, 200813, 194659, 58872, 58872, 1487886695
958, 920447, 152507, 252532, 248215, 148423, 59385, 59385, 1847338697
962, 919643, 137712, 267138, 262601, 133846, 59173, 59173, 727690367
961, 922293, 143009, 252460, 247618, 138976, 70115, 70115, 1053060633
966, 918475, 203737, 203259, 198995, 199412, 56536, 56536, 354216886
960, 923987, 193277, 209745, 205396, 188881, 63344, 63344, 2537792775
965, 921038, 167770, 228345, 223831, 164034, 68529, 68529, 3156615103
963, 920923, 243644, 161764, 157818, 239477, 59110, 59110, 2564510889
964, 923325, 192607, 208808, 205067, 187975, 64434, 64434, 2181929978
967, 921008, 223581, 182823, 178283, 219291, 58515, 58515, 4142804835
968, 925353, 194402, 213213, 209058, 190426, 59127, 59127, 3363016650
969, 922259, 246145, 159661, 155605, 241832, 59508, 59508, 1162015577
971, 921597, 231321, 177966, 173739, 226693, 55939, 55939, 3415144379
970, 923832, 248675, 159479, 155683, 244381, 57807, 57807, 3929234195
972, 916758, 213693, 187791, 183370, 209336, 61284, 61284, 1883369735
975, 917881, 203448, 197483, 193046, 199190, 62357, 62357, 3000776888
974, 921465, 195133, 216206, 211917, 190787, 53711, 53711, 812364425
973, 921824, 106583, 304876, 299847, 102740, 53889, 53889, 866077594
977, 921550, 156688, 247380, 242994, 152580, 60954, 60954, 2772904035
979, 919245, 202818, 202062, 197664, 198363, 59169, 59169, 739465255
976, 919674, 200017, 182433, 178079, 195819, 81663, 81663, 2279761449
982, 917699, 209497, 191086, 186858, 205158, 62550, 62550, 2360171486
980, 924342, 146020, 265239, 260653, 142192, 55119, 55119, 2230970725
978, 923736, 194363, 201053, 196737, 189947, 70818, 70818, 2186586605
984, 920849, 170504, 231145, 226559, 166501, 63070, 63070, 630686387
981, 919113, 233173, 165348, 161616, 228506, 65235, 65235, 1512646786
983, 921143, 248168, 158946, 154544, 243919, 57783, 57783, 3289897647
985, 921471, 243754, 163194, 159335, 239132, 58028, 58028, 110460520
988, 920049, 250363, 154438, 150378, 245864, 59503, 59503, 3362806325
987, 920717, 177821, 229185, 224838, 173655, 57609, 57609, 3964489623
989, 918089, 139942, 251640, 246875, 136114, 71759, 71759, 4180562008
986, 921582, 169871, 237914, 233792, 166141, 56932, 56932, 585489905
991, 922143, 184950, 221333, 217035, 180723, 59051, 59051, 3895632022
990, 923004, 210065, 195150, 191084, 205595, 60555, 60555, 737914968
992, 923285, 217626, 189901, 185770, 213228, 58380, 58380, 1648911993
993, 920569, 245938, 157604, 153593, 241126, 61154, 61154, 2411765243
995, 920998, 137009, 261834, 257301, 132924, 65965, 65965, 4025047045
996, 920180, 167898, 238448, 233984, 163714, 58068, 58068, 1495232440
994, 920635, 152050, 239877, 235602, 148066, 72520, 72520, 1280327888
997, 924394, 152604, 257775, 253225, 148794, 55998, 55998, 1561677053
998, 921300, 148708, 255601, 250971, 144514, 60753, 60753, 4058817269
999, 922091, 162738, 244263, 239993, 158339, 58379, 58379, 3638861817
